public/uploads/wind/vent_json/20200604/wind_field_24.json
{"header": {"parameterUnit": "m.s-1", "parameterNumber": 2, "dx": 0.051, "dy": 0.036, "parameterNumberName": "eastward_wind", "la1": 45.3082, "parameterCategory": 2,"nx": 177, "ny": 123, "refTime": "2018-09-30 00:00:00", "lo1":1.38177}, "data":
[rows 29 to 57 of 123, columns 65 to 129 of 177]
3.06791,3.2415,3.27275,3.08984,2.80919,2.38837,2.29138,2.30276,2.66477,3.13908,2.801,2.40989,2.62019,2.79957,2.62947,2.52232,2.64751,2.65238,2.30894,2.05313,1.88623,2.45159,4.22911,4.8432,4.53994,5.35979,5.23989,4.59041,5.37689,5.63264,4.31911,3.93004,5.16904,5.6612,5.75242,5.16617,4.20028,4.99965,4.93784,4.42661,5.06894,5.36736,5.56651,5.48247,5.68144,5.31133,4.80424,5.66511,5.89813,5.98916,5.30431,4.44527,5.33413,5.53157,4.43273,4.25142,5.07402,4.81245,3.19897,2.63808,3.63565,4.08884,3.81071,3.20232,2.59676
2.58653,2.85019,3.1545,2.97688,2.80149,2.68582,2.5282,2.6368,2.66136,2.40951,2.36271,2.80228,2.73952,2.44525,2.17987,2.34285,3.59504,4.00889,3.32615,2.81166,2.4037,2.14227,2.24828,2.50333,2.64446,2.67576,3.38043,4.95924,5.89845,5.20058,4.85083,5.73898,5.80873,4.5338,4.21014,5.19176,5.53394,5.31503,4.90049,5.15487,4.932,4.50244,5.43851,6.00819,6.00648,5.96893,6.11779,6.04698,6.20616,6.49557,5.43463,4.85613,5.61989,5.83649,5.71796,5.03656,3.56848,2.42327,1.96222,1.42509,1.7842,4.03078,4.8542,3.61935,2.59583
2.87616,2.89321,2.93646,2.78309,2.3605,2.28472,2.56098,2.52185,2.29706,2.36937,2.24366,1.92566,1.79272,1.91897,1.80712,2.12289,3.35701,3.5724,3.12244,2.73049,3.04415,4.28865,4.81156,5.0332,4.6719,3.49814,2.82759,2.84567,2.95338,3.48565,4.97187,5.2477,4.67307,5.41086,5.21328,4.40961,5.19098,4.98386,4.17644,4.9377,5.1269,5.06599,5.92502,6.25842,6.41936,5.65596,4.62495,5.42849,5.46479,4.84473,5.73601,5.71494,4.88682,5.3745,5.25049,3.99841,3.00643,2.59409,2.59625,2.64023,2.84827,2.50749,1.81912,1.68637,1.92574
2.28561,2.33187,2.39654,2.51437,2.61011,2.47174,2.45226,2.55096,2.59822,2.6704,2.39438,2.13941,2.24408,2.19665,1.98149,1.98844,1.77313,2.27511,3.5648,4.07231,4.44991,4.3363,3.611,3.18135,3.03381,3.01433,2.85177,2.73435,2.54231,2.46698,2.5139,3.13885,4.78046,5.04337,4.40784,5.14839,5.00032,4.24817,5.15614,5.13004,4.67929,5.3129,5.5304,5.45035,5.45978,5.66457,5.85566,5.83733,5.7869,5.86058,5.8258,5.86267,5.03338,4.25941,5.34619,4.85106,3.75811,4.56327,4.56853,3.59369,2.84879,2.66145,3.50953,3.73391,3.37022
2.3792,2.35584,2.58946,2.79041,2.55623,2.29854,2.30648,2.23553,2.16728,2.1997,2.16267,2.08178,2.12668,2.11589,2.17252,2.01342,2.2326,3.33739,3.31952,3.20749,4.06895,4.47701,4.68457,4.79952,5.10102,4.6366,4.08224,4.93111,5.00579,3.79177,3.62335,5.04623,5.14428,4.3535,4.96317,4.58642,3.97725,4.72344,5.10023,5.49322,5.64166,4.46227,4.07949,5.20697,6.01288,6.13864,5.79726,5.77314,5.46091,4.92314,5.79353,5.66962,4.79731,5.50718,5.53406,4.97503,5.38948,4.9608,3.53367,3.01213,3.9221,4.25356,3.73672,4.05971,3.56849
2.05137,2.28782,2.57457,2.65042,2.45002,2.37807,2.38389,2.18853,2.30437,2.70673,2.56825,2.13124,1.86282,1.73096,1.77451,1.85973,1.96926,1.67648,2.19685,3.57898,3.81917,3.24325,3.34809,4.3807,4.32467,3.95814,4.83151,4.97685,3.92836,3.78161,5.08285,5.14711,4.43977,5.37585,5.22287,4.30919,5.19606,5.30639,4.84021,5.90157,6.36202,5.80538,5.76995,5.78763,5.53427,5.10661,4.90359,5.00336,5.61438,6.3199,6.28972,6.34868,5.68226,5.03708,5.82265,5.62672,4.66648,4.96697,4.87448,3.58554,3.09663,4.18916,4.32362,2.89811,2.14192
2.45939,2.47612,2.49528,2.82716,2.791,2.54427,2.70437,2.56047,2.20225,2.05275,1.94138,1.8834,1.74848,1.53772,1.30442,1.34331,1.43567,1.92998,3.06977,3.03527,2.73596,3.51359,3.70754,2.85112,3.06394,4.28154,4.96157,5.19195,5.12675,5.41296,5.24111,3.93656,3.83892,5.27914,5.33116,4.5672,5.27924,5.19505,4.54733,5.43234,5.34188,4.62742,5.11032,5.37953,5.27151,5.11385,5.16261,5.17091,5.58224,7.07464,6.67809,5.05788,5.50173,5.64306,5.02475,5.72959,5.47077,4.35412,4.65128,4.78655,3.93028,3.08902,2.19298,2.12224,3.45745
2.2102,2.51009,2.55801,2.56683,2.94179,2.75593,2.29091,2.28721,2.29187,2.11554,1.9372,1.84883,1.66714,1.22164,0.758725,0.697204,1.17776,1.66944,1.62874,1.65991,1.94227,1.86733,1.86153,2.25414,2.2686,2.98958,4.69707,4.81031,4.48307,5.45469,5.2151,4.53391,5.51839,5.37655,4.66639,5.37339,5.60002,5.62748,5.0175,4.40532,5.73433,5.63177,4.64583,5.0108,5.40765,5.59671,5.78508,6.55222,7.22642,7.30506,5.99171,4.70815,5.61703,5.70991,5.19977,5.79956,5.93265,4.84773,4.08054,4.69629,4.63321,3.18329,2.3532,2.04163,2.36825
2.39492,2.06776,2.26018,2.52348,2.51225,2.47819,2.42255,2.34827,2.29589,2.12612,1.92501,1.7907,1.32748,0.795802,0.640885,1.00095,1.77165,2.33506,2.4825,3.02463,4.01574,3.98928,4.0744,4.30412,4.14112,4.85303,4.54901,4.16984,5.44345,5.34581,4.60573,5.45098,5.22238,4.63778,5.43683,5.64096,5.81359,5.39082,4.61307,5.66605,5.74108,5.11603,5.5885,5.7757,5.86571,6.12276,7.05483,7.57156,6.52494,5.83391,6.35011,6.48527,5.94619,6.0648,5.8298,4.88649,4.78899,5.35323,5.00658,3.87877,2.97296,2.54902,2.1785,2.35176,3.5176
2.07366,2.08434,2.09695,2.33347,2.60449,2.5505,2.36877,2.31954,2.29767,2.18721,2.08598,1.75291,0.999277,0.731189,1.10359,1.6815,2.2919,2.7837,3.24504,3.3071,3.3698,4.0793,4.31085,4.22499,5.16213,5.11987,4.31821,4.96322,5.13501,5.01275,5.87271,5.31424,4.42239,5.16256,4.95625,4.38766,5.26317,4.99983,4.5538,5.29078,5.51069,5.66394,5.52503,5.98878,6.83707,6.6794,6.88262,6.54851,6.10036,5.5575,5.15422,6.01822,6.12569,5.59726,5.98095,5.67864,4.21309,3.63357,4.71274,4.80593,3.98201,4.30877,4.04913,2.88085,2.75176
2.12195,2.08204,2.06837,2.26762,2.52759,2.58347,2.49713,2.42229,2.3431,2.25177,2.25023,1.95446,1.43267,1.34148,1.56091,1.91823,2.1656,2.82591,3.74243,4.09617,4.24188,4.44959,4.71866,4.46331,3.31119,3.15665,4.52403,4.89583,4.76339,5.7403,5.05831,3.8681,4.52354,4.26422,4.00581,5.25723,5.26072,4.72604,5.68715,5.7009,5.11356,6.11649,6.01512,5.35087,5.91709,6.00775,6.01663,5.58639,5.2583,6.37617,6.18857,5.54194,6.11045,6.07407,5.73276,5.69485,5.55576,5.06471,4.97314,4.64395,3.55293,2.59002,2.53651,3.80343,4.1894
2.1818,2.1372,1.99233,2.0698,2.34705,2.58938,2.66699,2.56932,2.36881,2.19519,2.20465,2.19496,1.95637,1.70703,1.65275,1.77644,2.00578,2.18879,2.66206,2.84024,3.12976,4.22821,4.69536,4.36797,4.12934,4.16451,4.43561,5.40326,6.30239,5.0059,3.41043,4.02669,4.18708,4.2011,5.3819,5.82235,5.8528,6.0103,6.14448,6.21586,6.90978,6.97817,6.23347,6.29263,6.36375,6.42828,6.35808,6.6949,6.30451,5.5532,6.30485,6.57168,6.46832,5.69447,4.81589,5.44232,5.09075,4.23656,4.94003,5.48185,4.78505,3.40929,2.99113,4.01119,4.08965
2.11837,2.0445,1.96158,1.94251,2.04817,2.50179,2.72666,2.39519,2.01254,1.87464,1.98733,2.13934,1.9689,1.53864,1.67329,2.43454,2.5169,2.50283,3.06069,3.33658,3.84192,4.67507,4.38536,3.78318,4.58806,4.60999,3.86859,4.70396,4.74016,3.94496,4.48686,4.1737,3.83309,4.57801,4.7585,4.87013,5.16192,5.82698,5.54587,5.12546,5.75609,5.84954,5.74192,5.42606,5.46951,5.04737,4.79579,5.82451,6.52762,6.75516,6.60327,6.53176,6.2758,5.99,5.35998,4.55763,5.18443,5.25012,4.84667,5.43602,4.86942,3.34258,2.59045,2.77958,3.8999
2.00232,1.98019,1.88409,1.68376,1.86723,2.43443,2.27052,1.64015,1.48269,1.69278,1.86064,2.03635,2.22726,2.11121,1.9985,1.98715,2.42678,3.34698,3.4543,3.21713,3.37848,3.8202,4.30103,4.40144,4.68237,4.04471,3.33843,3.81903,3.42314,4.05491,5.35211,4.9724,4.71676,4.43326,3.458,3.6535,4.6751,5.02989,5.26849,4.51978,3.75513,4.73941,5.58472,5.84912,5.98324,6.31418,6.12435,5.87418,6.8911,6.70269,5.69683,6.24857,5.81009,4.74239,5.59737,5.71518,4.90228,5.59203,5.46578,4.44208,4.55834,4.53659,4.48207,4.05821,3.37453
1.71278,1.78095,1.69836,1.4615,1.89432,2.13991,1.4259,1.1532,1.67186,2.05562,2.08316,1.96847,2.04623,2.32703,2.35083,2.47637,3.22989,3.27298,2.75275,2.82385,2.83374,2.67508,3.11752,4.43948,4.06059,2.9918,4.05501,4.30892,3.68184,4.32934,4.44738,4.62525,5.68715,5.71544,5.12724,4.66634,4.42861,4.91027,5.12873,5.08284,5.5843,6.02116,6.70947,7.27116,6.36429,5.37436,6.02061,6.13475,5.94834,6.61071,6.39177,5.80007,5.52733,5.68722,5.81963,5.99395,5.42728,4.47415,5.09391,4.92192,3.7043,2.82049,2.80947,4.01189,4.13681
1.32193,1.5272,1.40746,1.32273,1.81336,1.58703,1.07187,1.42778,2.00952,2.19132,2.26966,2.23388,2.1189,2.10329,2.22389,2.17219,2.33106,3.14945,2.94542,2.18219,2.37525,2.86725,3.83165,4.65437,3.76129,3.32997,4.13483,4.75039,4.74278,4.17681,4.16096,4.84529,5.6037,5.48295,4.83059,4.59286,4.75739,5.18014,5.31031,5.44762,6.40025,6.78637,6.36352,6.54128,6.69358,5.88209,5.58977,6.32386,6.52569,6.57181,6.0123,5.4039,5.98923,6.33794,5.38173,4.78288,5.31156,5.47485,5.26082,4.92536,4.70774,4.34359,3.3327,2.99497,3.94552
1.06457,1.1525,1.07653,1.19124,1.4164,1.29974,1.41439,1.81239,1.97821,1.82695,2.00199,2.27459,2.0871,1.9749,2.25931,2.35344,2.62013,2.92495,2.81955,3.21309,3.17745,3.09889,4.06817,3.80601,3.51569,4.33756,4.45698,4.69771,4.48844,4.2139,4.68735,4.85299,5.08176,5.62268,5.98432,5.92824,5.85903,5.6392,5.7034,5.43246,5.04821,5.63657,5.65975,4.71231,4.69874,5.90209,6.56133,6.59663,6.45277,6.5535,6.27922,5.75047,5.97126,5.73398,5.68829,5.23582,4.46561,5.11628,5.06075,3.64274,3.20916,4.2696,4.18692,3.48191,4.0502
1.01404,0.806105,0.899819,0.941994,1.03618,1.38311,1.74108,1.84391,1.68655,1.46617,1.65261,1.86165,1.6923,1.89476,2.57509,2.97843,2.55455,2.04187,2.13161,2.31533,2.7695,3.70345,3.77523,3.50622,4.18156,4.67863,4.87986,4.90779,4.93636,5.08204,4.94351,4.75116,4.93445,5.25095,5.39814,5.65661,5.73224,5.6943,5.71746,6.17987,5.69444,4.79502,5.44075,6.00976,6.09191,6.14268,6.26858,6.4276,6.46288,6.39708,6.34932,6.01472,5.95434,5.29644,4.46672,5.115,5.47077,5.28329,4.96704,4.85386,4.53839,3.32742,3.02295,3.98768,4.28857
1.09297,0.727902,0.897629,0.773425,0.755644,1.14356,1.49221,1.34008,1.23402,1.34295,1.38263,1.34575,1.37171,2.05111,2.73581,2.47117,2.18294,2.84163,2.92069,2.71289,2.84655,2.70267,2.45238,2.96253,4.07558,4.71918,5.00166,4.96684,4.85169,5.06036,5.34347,5.35238,5.41016,4.95275,4.58816,5.57872,5.48454,5.08319,5.79213,5.90798,5.57846,5.56894,5.86057,6.14336,6.30072,6.26896,6.53689,6.81433,6.30296,6.4375,5.80811,4.89405,5.56996,5.56297,4.17994,3.95869,5.01318,5.34192,5.03106,4.72919,4.65687,4.21869,3.26736,3.33517,4.09443
1.19403,0.928992,0.958403,0.663786,0.595189,0.952745,1.21187,1.07462,1.04582,1.0764,1.05983,1.17799,1.49461,2.06373,1.8269,1.26324,1.58775,2.21632,2.6205,3.00898,3.26562,3.29675,3.3583,3.2011,2.81326,3.04933,4.0315,4.02843,3.93162,4.85044,5.39394,5.55651,5.44518,5.58339,5.56584,5.20171,5.7167,5.30543,4.61873,5.21587,5.72403,5.83016,5.98763,6.17719,6.21367,6.19645,6.20188,6.27569,6.15166,6.19657,5.64323,4.71598,5.42319,5.28042,4.51803,5.20672,5.20322,3.82809,3.40609,4.42032,4.30585,3.44887,4.04157,4.11158,3.78336
1.25643,1.14882,0.87834,0.476903,0.478168,0.856374,1.23724,1.34129,0.999567,0.775195,0.91854,1.01679,1.35233,1.52615,1.27559,1.63704,2.46078,3.03335,3.37258,3.67692,3.56854,3.54693,4.20827,4.14233,3.69047,3.3529,3.17097,4.19399,4.26509,3.88251,4.65806,4.87234,5.17961,4.82178,4.32301,5.24427,5.47508,5.58124,5.23625,4.79041,5.61742,6.01434,6.08348,5.78616,5.0638,5.18628,6.25583,6.56096,5.96624,6.14247,6.47451,5.39446,4.67322,5.33523,5.56727,5.31063,4.99448,4.91739,4.62277,3.4823,2.8273,2.39125,2.67573,4.0623,4.74561
1.27666,1.12415,0.644695,0.334589,0.577049,0.837933,0.967631,1.12333,1.03223,1.04404,1.07106,0.869241,0.999704,1.56179,2.14107,2.53113,2.73959,2.91204,3.111,3.20191,3.20133,3.16126,3.21562,3.1199,2.88256,2.64466,3.17734,4.34251,4.30946,3.99084,4.18547,4.07578,4.38218,5.17346,5.05842,4.63558,4.43918,4.65261,5.44963,5.81899,5.89341,5.7449,5.0959,5.27834,6.20323,6.50837,6.37033,6.31732,6.2463,5.84432,5.98189,5.58362,4.56525,5.25502,5.00987,4.13026,4.66786,4.88213,4.80572,4.2986,3.38863,2.81511,3.1356,4.20851,4.51281
1.27568,1.00618,0.633534,0.530264,0.58883,0.4932,0.506672,0.766487,1.17637,1.40054,1.02918,0.661118,1.04835,1.92456,2.41139,2.48663,2.30868,2.24093,2.39977,2.66226,2.98663,3.43642,4.24516,3.83758,3.2658,4.26107,4.5169,3.53563,3.51285,4.92451,4.95389,4.31621,4.91165,5.23016,5.1817,5.19642,5.17788,5.36233,5.51664,5.7035,5.91628,6.11149,6.3572,6.5726,6.55538,6.48366,6.38421,6.31593,6.33593,6.29185,6.27854,5.98462,5.89414,5.1583,4.22921,4.74054,4.94241,4.69164,4.38484,4.28003,3.84193,3.35892,3.21224,3.26613,4.15008
1.24317,0.983007,0.871122,0.742575,0.501572,0.4369,0.558567,0.869343,1.21399,1.05782,0.649149,0.658115,1.24794,1.84871,2.28644,2.92947,2.99452,2.84421,3.01287,3.55661,4.66511,4.93416,4.32938,3.78814,4.05118,4.91464,4.81829,4.14058,4.48536,5.52697,5.237,4.74354,5.24547,5.1246,5.26776,4.88265,4.49398,5.46716,5.57133,5.06317,5.57849,6.10563,6.1076,6.37777,6.48548,6.42639,6.22452,6.31031,5.89665,5.21835,6.09136,5.84204,4.72155,5.19673,4.90226,3.97686,4.475,4.26966,3.17907,2.55976,2.86441,3.89732,4.07488,3.34838,3.19726
1.15956,0.945847,0.924959,0.664266,0.622185,0.628599,0.657962,1.17984,1.10639,0.560211,0.555156,0.970415,1.4153,1.86238,2.01016,2.33851,2.77682,2.89246,3.00552,2.95063,3.60148,4.88461,5.08033,4.72516,4.36942,3.57513,3.63559,5.02426,5.22065,4.8454,5.45602,5.12536,3.98177,4.05202,5.04413,4.88733,4.81089,5.39111,5.42577,5.50933,5.65997,5.69586,5.75219,5.73399,5.59182,5.45868,5.43519,5.64124,5.43978,5.338,5.9977,5.918,4.68034,4.0212,4.83933,4.54393,3.61838,3.98529,4.10244,4.09867,3.63219,3.07076,3.77182,4.00519,3.31512
1.00237,0.897794,0.913073,0.618505,0.783827,0.450543,0.556381,1.13813,0.727791,0.67752,0.764037,0.968305,1.21677,1.46956,2.17144,3.24541,3.73969,3.89989,3.66548,3.8535,4.79078,5.1293,5.49222,5.19113,4.63869,5.23846,5.70343,5.60551,5.0427,4.51103,3.60376,2.99691,3.93677,4.27971,3.68091,3.91255,4.04342,4.15037,4.83572,5.04414,4.82237,4.69278,4.68783,4.57643,4.3415,4.29624,4.61264,4.72951,4.97952,4.94482,4.70743,5.43944,5.1306,3.37967,2.96126,4.25766,4.22136,3.45639,3.75235,3.68129,3.31769,3.35324,3.75976,3.64914,3.27075
0.850415,0.884373,0.939162,0.769316,0.71564,0.329739,0.724106,0.697204,0.424837,0.86464,0.583207,0.630428,0.944109,1.76403,2.50926,2.709,2.73205,3.2414,4.40647,4.70526,4.39792,5.0889,5.49549,5.51015,5.85446,5.41068,4.77679,4.91622,4.63679,3.22149,1.77378,1.47734,1.92286,2.91895,4.13122,4.35506,4.11279,3.77675,3.65193,4.0896,3.92262,3.00671,2.80452,3.29456,3.55407,3.81971,4.47247,5.1404,5.66862,5.5892,5.10948,5.13464,4.92425,4.50748,3.63028,2.88552,3.49803,3.24611,2.55281,2.74185,2.856,2.62633,2.62622,3.06708,2.75258
0.765889,0.898034,0.921385,0.855393,0.517668,0.601598,0.812628,0.23847,0.332464,0.329251,0.24257,0.782076,1.21709,1.98852,2.89841,3.77522,4.02236,3.9203,4.28319,4.87796,4.76944,4.89941,5.84042,5.95883,5.88968,5.19827,4.55213,4.84807,3.42743,-0.172018,1.09118,2.04531,3.28396,3.66145,3.47557,3.50525,3.36192,2.74791,2.72523,3.37893,3.46151,3.10343,2.82638,3.03988,3.20901,3.61292,4.77997,5.00243,4.67512,4.42579,3.79958,2.91624,2.67505,3.61613,3.61701,2.25919,1.82655,2.66884,2.47581,1.97901,2.66904,2.90746,2.26747,1.89642,2.31439
0.701548,0.888171,0.907742,0.762925,0.447196,0.620919,0.273711,-0.169133,0.0433807,0.0469987,0.499052,0.82771,1.21734,2.35703,3.13332,3.71346,4.0662,3.94297,4.26764,4.80731,5.13697,4.73546,4.40754,4.82723,4.52747,3.97606,4.44339,3.66096,1.16046,0.496902,1.79255,2.61519,3.20704,4.11881,3.9225,3.27703,3.10963,2.63484,2.05009,2.34426,2.83063,2.60389,2.72578,3.34991,4.12208,4.24588,4.16133,4.74897,4.53743,3.38375,3.06143,3.81105,3.48057,2.7124,2.23569,1.81569,2.27772,1.9008,1.242,1.76112,1.88742,1.63024,2.0099,2.36049,2.59687
