public/uploads/wind/vent_json/20200604/wind_field_24.json
{"header": {"parameterUnit": "m.s-1", "parameterNumber": 2, "dx": 0.051, "dy": 0.036, "parameterNumberName": "eastward_wind", "la1": 45.3082, "parameterCategory": 2,"nx": 177, "ny": 123, "refTime": "2018-09-30 00:00:00", "lo1":1.38177}, "data":
[rows 87 to 115 of 123, columns 65 to 129 of 177]
1.20101,1.34777,1.54949,1.23096,-0.885731,-1.44847,-0.733096,-0.488281,-1.64974,-3.29295,-3.30615,0.34801,2.50509,0.676175,-1.40748,-1.44197,-0.161817,1.83574,2.11499,1.59601,4.33297,6.20523,7.19367,5.28655,0.270934,-1.13344,1.35758,0.879541,2.08671,1.72268,-1.41384,-3.5765,-3.03226,0.938455,4.04608,2.48589,-3.68443,-2.82116,6.03653,8.5103,4.11265,-0.199864,-1.15547,2.17145,5.73123,5.04721,-0.957425,-3.31805,0.799026,1.87981,1.33199,2.28851,4.17282,6.72172,8.17453,5.18864,-0.709338,-0.761965,3.64486,4.80894,2.54122,1.65749,1.35106,1.86612,2.86822
1.17803,0.862701,0.388815,-1.09537,-3.18833,-3.13242,-1.76945,-2.70529,-4.30042,-4.86945,-1.57,3.09995,3.48433,-1.00627,-2.89544,-1.24272,1.58337,3.50664,3.66399,3.53049,4.92999,6.36377,5.96567,3.20267,-0.645154,-1.41261,0.691658,0.870137,0.638738,0.905748,-0.22949,-2.28851,-3.42971,-4.33863,-0.113614,4.08521,1.18237,-1.10499,4.64762,5.65532,1.92795,1.56721,1.88082,3.52875,6.36244,3.7079,-2.14397,-2.57754,1.07568,2.45813,4.6336,5.64638,4.48898,5.07915,7.69006,3.36088,-2.51501,-0.437016,3.3525,4.74317,4.45851,3.97346,3.92294,2.72135,2.99277
0.23645,-0.117024,0.146296,-1.21891,-3.39073,-3.9943,-3.18738,-3.72393,-5.54132,-4.47761,-0.403409,2.28813,0.714354,-2.19602,-2.72245,-0.153423,1.74033,3.1764,2.69702,3.62984,6.19171,6.53279,3.30716,-0.276431,-0.556547,-0.0169194,0.288584,0.697553,1.18921,0.41752,-1.21986,-1.49719,-1.90051,-3.68749,-3.51324,1.84084,3.50028,0.581787,1.60307,2.9332,2.407,5.08354,6.22614,3.95568,1.41316,0.480403,-1.82829,-0.392661,4.23737,5.79549,5.70417,5.8271,3.98325,3.64144,4.71738,1.34324,-2.3299,-1.50382,0.00214109,4.21788,6.86798,6.07537,4.75328,4.69551,1.99321
-0.50935,0.45569,0.369438,-1.87142,-2.87231,-3.02545,-3.17999,-3.43954,-3.83258,-3.03093,-2.57314,-3.32574,-1.57084,-0.602729,-0.422728,0.767406,1.80155,2.39353,1.38801,3.63935,7.24528,7.15615,2.6532,-2.40301,-2.50229,-1.51293,-1.81417,-1.57466,1.20768,2.14479,0.585086,-0.056327,-0.189482,-1.38875,-1.72688,1.42283,1.71095,-0.937392,0.81887,3.22343,5.65546,7.92667,7.0138,0.71887,1.54754,2.81537,0.377003,0.789532,5.07028,6.58223,6.35879,5.07121,3.04915,2.72713,2.4347,-1.43654,-0.691921,0.261683,-0.281737,3.18337,5.24684,3.42177,2.35507,4.17265,3.00517
-0.396856,0.524165,-0.148294,-1.97991,-2.17179,-1.65501,-1.97359,-3.29059,-3.07981,-2.51676,-3.18967,-3.6598,-1.32287,-0.614002,-0.220457,1.01864,2.44594,2.92706,3.06944,4.71363,7.03814,5.81059,1.24037,-2.26933,-3.19055,-3.72584,-4.85039,-4.38081,-0.721922,2.38904,2.31534,1.16476,-0.699873,-1.93425,0.088614,2.99369,0.726825,-2.70174,-0.0208567,4.28734,7.25981,7.85226,3.88996,2.25968,6.65921,8.25401,4.21268,2.64279,4.3497,6.07883,5.37845,3.28464,1.78359,1.70001,0.568833,-1.41122,0.925267,1.57308,0.339051,1.91264,2.98304,1.99119,1.19461,2.5527,2.96011
0.480271,0.426053,-0.720249,-2.23991,-2.29601,-1.77887,-2.72612,-3.90968,-3.3937,-1.52397,-1.49504,-3.33377,-3.38804,-1.57283,-0.167894,1.64881,3.51983,3.93059,4.66465,6.07316,5.85697,3.10503,-0.264183,-2.96858,-3.32372,-3.49178,-4.50161,-4.79677,-2.98982,0.866128,3.89023,2.0197,-3.0385,-3.51561,0.40308,4.10564,2.52763,-1.14109,-0.902472,2.804,6.56326,7.11264,4.00571,6.31361,9.71732,8.85924,5.44534,4.26665,4.0212,3.65328,3.52748,1.98017,2.07827,2.44859,0.541952,-0.882234,0.806507,1.55116,0.698195,0.936828,1.18555,0.857203,1.07511,1.80773,2.18784
-0.499098,0.0258919,0.148288,-1.84584,-2.787,-1.86096,-1.7341,-3.68122,-3.78019,-1.26756,-1.51462,-3.27684,-2.39322,-0.997841,-0.430065,0.420636,2.30288,3.50176,4.8895,5.79273,4.31252,2.47344,0.173677,-1.93267,-3.80862,-3.38455,-3.49875,-3.62567,-2.91054,0.421809,3.7707,0.474167,-3.91535,-2.05585,0.628449,3.43607,3.55029,-0.192102,-1.89612,0.729307,5.64787,7.10188,7.63592,8.18583,7.70301,5.19313,5.47341,6.15769,4.98753,3.7453,3.39993,3.02999,3.30249,3.28669,1.63537,0.363609,0.578387,0.536333,0.419698,0.176423,0.285222,0.782178,1.18417,1.18601,1.01183
-1.7162,-0.485672,0.983989,-0.518247,-1.35646,-1.02806,-0.815381,-1.86688,-1.10559,-2.1611,-3.22147,-1.87193,-0.277436,0.240787,-0.514559,-0.250586,0.422562,1.20369,4.83039,5.235,2.68324,1.04959,1.12382,-0.319708,-3.26467,-4.2665,-3.58532,-2.12613,-0.319119,0.960661,0.172249,-4.11171,-2.56448,0.284769,0.349626,1.35802,2.31408,0.21798,-1.98941,-2.10507,1.23307,5.53448,7.86815,7.01094,6.25366,6.03936,7.60282,9.72649,8.1254,5.94126,4.31741,3.56373,3.30497,3.11006,1.98006,1.66506,1.12155,0.431256,0.148361,0.261303,0.476389,0.833577,1.42008,0.954518,0.0111907
-1.46909,-0.406998,0.0227935,-0.031191,-0.296914,-0.942681,-1.3635,-0.415908,0.903956,0.133275,-1.91401,-3.24638,-2.04842,-0.840952,0.726296,1.06378,1.24379,1.66632,3.93265,3.6573,-0.419674,-1.1593,1.15872,2.16117,0.486953,-3.02246,-3.49422,-0.542986,0.777306,0.342037,-0.948824,-2.91926,-2.44441,-0.958212,-0.973697,-0.416982,0.204995,1.70291,1.1412,-2.60262,-2.64122,2.49277,5.56039,7.28382,7.59037,7.42245,8.31539,10.0745,9.88734,6.10572,2.99855,2.54558,2.81501,3.04657,2.08058,1.3193,0.960924,1.38038,1.00929,0.712444,0.622954,0.390359,-0.511949,-1.43708,-2.1799
-1.71419,-0.700473,-0.429189,-0.520345,-1.11392,-2.91146,-2.39451,-0.0118603,1.19082,0.717329,1.14379,0.360878,-2.5499,-1.71458,-0.380697,-1.10521,0.190181,3.12297,4.69333,2.59385,-2.22876,-3.11707,-0.0425437,2.08819,3.25503,0.167328,-2.63895,-1.12119,-0.373781,0.0756834,0.148784,-2.84633,-4.35466,-2.79589,-1.46531,-0.868831,-0.023957,4.40702,6.2815,-2.08954,-4.37288,1.38955,7.569,9.08899,8.83669,6.42553,6.06829,6.84079,6.41798,4.41021,2.60567,3.16184,3.60098,3.30641,2.44813,2.75484,2.57735,2.35426,1.76977,1.46475,1.13215,-0.178343,-1.79189,-2.5495,-0.791928
-2.12368,-2.18421,-1.5945,-1.51416,-2.152,-2.95441,-2.4659,-1.26052,-0.472434,-0.373271,2.34066,4.53421,2.37852,0.464838,-0.20877,-1.17415,-0.233009,3.43556,5.32483,2.56583,-1.3352,-3.38425,-1.29117,1.78083,5.13713,2.97516,-2.02165,-3.34856,-0.858081,3.10265,2.45137,-1.77768,-2.77183,-1.87503,-2.21468,-3.18055,-1.48126,3.26189,8.30494,0.801103,-3.98507,4.28527,9.17924,10.364,9.47473,8.22714,5.42056,3.84003,4.10882,2.68199,1.62355,2.6046,3.60098,3.61525,2.39378,2.63845,2.47605,2.50005,2.15902,1.66914,1.59125,0.611078,-1.91699,-2.44887,-0.256141
-2.14743,-3.44577,-2.7923,-2.70873,-2.59633,-1.97795,-1.69049,-1.44616,-0.314669,0.751027,1.6826,2.62264,2.6644,1.25981,0.801567,0.751137,0.99256,2.69127,3.41637,1.48271,-1.02081,-2.37742,-1.2439,1.22714,3.21046,1.21893,-1.96483,-2.72924,-0.567581,0.649267,0.185592,-0.573079,-0.237394,-0.450396,-3.52093,-5.78196,-4.37928,2.4064,6.60407,3.68659,0.200185,3.63504,9.85155,9.91007,11.1358,9.87377,6.42018,4.62821,4.64649,3.58291,3.74511,4.32861,4.377,4.13097,3.82886,2.61101,2.28443,2.65834,2.09752,1.65481,1.90535,1.46377,-1.20011,-2.38161,-0.113885
-1.74259,-3.00743,-2.61439,-2.70408,-3.47173,-2.64514,-1.07896,0.3534,0.894674,1.33131,0.899317,0.274984,2.61622,4.0406,1.11098,-0.461546,0.0704416,0.981721,1.05129,0.222556,-0.292458,-0.134047,0.380381,1.49699,3.06773,3.11382,1.62675,0.189465,0.0130841,-0.929491,-1.08533,-0.19563,0.759627,2.35034,0.738143,-5.7168,-4.77339,1.50008,2.18818,2.88305,5.48375,6.49644,7.74856,10.8734,11.3404,8.34211,5.78148,5.5566,4.30068,3.53281,4.09307,4.03975,3.79467,3.8871,3.9229,3.31671,2.28107,2.41096,2.08126,1.57109,1.7243,1.4315,-0.610792,-1.93937,-0.727992
-0.722711,-1.78924,-1.4725,-2.31027,-3.75649,-3.26961,-1.34855,-0.0205731,0.52499,2.71224,3.15815,1.48306,4.33891,4.99897,-0.425571,-2.47838,-1.61089,-0.881578,-0.611094,-1.069,-0.179474,-0.590868,-0.81175,2.48316,5.13502,5.79863,4.51172,1.07395,-1.4468,-1.47843,-0.224985,0.496206,1.98712,5.12115,5.08128,-0.844562,-2.22332,1.11484,0.410534,1.81402,7.12101,6.48344,6.5088,11.6333,10.329,5.97263,4.01195,6.61881,6.08441,4.29934,3.93926,3.10626,3.2643,3.80726,3.97092,3.63045,2.9212,2.69451,2.21564,2.03038,1.47162,0.754032,0.13097,-0.371471,-0.769157
0.485311,-0.531605,-0.501494,-0.649738,-2.41719,-2.91409,-1.7782,-0.588513,1.47575,4.41931,4.62263,3.93956,5.46497,2.67641,-3.34047,-3.15444,-2.62225,-2.82007,-2.33247,-2.31031,-1.1276,-1.44882,-1.91932,3.29166,7.3655,7.6244,6.40887,1.49378,-3.73808,-4.43812,-1.21255,-0.154961,3.18316,6.72716,6.66227,4.23646,1.4704,-0.686993,-1.54909,1.19771,2.23628,2.2466,6.95185,12.1546,9.62622,5.35561,6.2232,9.60093,8.01905,6.01306,3.21591,1.5896,2.16871,3.06433,3.59644,3.31651,2.8582,2.90562,3.13083,2.92084,1.3194,0.295585,1.1338,0.873336,-1.06248
0.592469,-1.43115,-1.2592,-0.0302608,-1.56515,-3.15266,-1.8471,0.291634,3.73563,5.03301,4.00526,4.86011,5.12767,-0.139769,-3.38183,-3.00108,-3.24572,-3.44513,-2.66938,-2.65048,-1.38169,1.2581,2.00145,4.16151,7.01463,7.16019,4.10969,1.98174,-0.674452,-3.49665,-3.97944,-1.85922,2.53764,6.45282,7.78069,8.25362,2.61492,-3.63691,-4.02344,-1.29519,-0.641674,0.694585,5.92184,10.7714,11.1475,8.35588,9.64766,10.1685,7.36742,4.23114,1.4496,2.02953,1.44727,1.88896,1.90588,2.33325,2.58378,3.04827,3.24721,3.22334,1.55289,0.839239,1.94405,1.69191,-0.745274
-0.160773,-2.11341,-2.66617,0.0209042,-0.559951,-1.46572,-0.683182,1.41051,3.57227,3.15138,0.565532,4.18892,4.19916,-1.90048,-2.89773,-2.65931,-3.81458,-3.13545,-1.44332,-2.01653,-1.9613,3.26906,5.06858,5.01383,6.47121,5.07339,1.17322,1.17665,3.7937,3.28094,-0.48854,0.386466,5.86315,8.81281,9.26599,8.43134,1.81012,-2.68338,1.56623,0.789801,-1.80042,-0.248999,4.21031,9.41204,11.4617,10.7169,10.6635,9.07582,7.50386,4.73393,1.58742,1.46778,2.341,1.63329,1.5921,1.97835,2.49627,2.70149,2.75369,2.86926,1.57914,0.932905,1.44185,2.11577,0.556508
1.10643,-1.36586,-1.52848,0.195789,0.29257,0.603134,1.38436,1.53838,0.886997,0.968475,1.39013,3.81975,1.6126,-4.29597,-4.24815,-2.37448,-2.07421,-0.837079,0.247059,-2.07999,-2.21171,2.95017,6.68358,7.12869,5.9011,0.322002,-2.78161,-1.96119,3.56958,5.43015,2.18881,4.38454,8.55418,10.7921,8.37566,3.78337,-3.05248,-0.702497,5.33375,5.12387,-1.10162,-0.757273,3.96997,9.1884,11.2105,11.2215,7.80202,7.74329,7.11574,4.36681,0.652259,1.17445,1.58842,1.76884,1.57459,1.69576,1.68053,2.1433,1.63964,1.1178,0.543786,0.711647,1.17926,1.49936,1.0503
2.27797,-0.47566,-1.16844,0.236537,-0.109019,-0.688399,-0.0644808,-0.602374,-1.49505,-1.54141,0.247833,0.545178,-3.85282,-6.81585,-5.48554,-0.53876,1.76222,1.81814,1.45889,-2.01684,-2.27305,3.83446,7.36123,6.24073,2.97328,-0.721382,-1.63806,-0.970301,1.02865,1.31892,1.64336,6.39324,12.0637,11.394,6.142,-1.99766,-5.48609,1.23487,6.82254,7.52828,4.1342,2.98653,3.22242,6.17474,11.4136,12.5388,7.48856,3.56437,3.43293,1.2318,1.00805,1.07945,0.71684,1.39632,1.80842,1.93238,1.40988,0.667458,0.0283412,-0.105178,-0.0382,0.433574,0.883415,1.04897,1.14327
1.7413,-0.0543318,-1.02873,-1.09669,-2.03689,-2.72988,-1.99157,-1.50686,-1.89432,-2.18886,-2.91178,-4.53556,-5.84972,-6.42065,-4.5725,0.457892,3.91173,2.47654,0.279888,-1.28766,0.320918,5.24125,6.27335,2.88665,0.0905703,0.446725,1.58521,0.988045,0.251945,0.732454,1.20256,7.53345,13.4897,11.6118,1.87318,-4.14379,-5.90044,-0.0528094,5.82357,8.16404,9.32834,9.23419,8.71743,9.02914,11.3036,13.5718,8.99531,4.16135,1.48043,1.03781,0.996126,0.426599,0.435143,1.46363,1.87158,1.73986,0.976111,0.173238,-0.465231,-0.733978,-0.740786,-0.438503,0.320204,1.17115,1.20753
0.241195,-0.0485645,-1.24062,-1.80386,-2.65406,-4.06259,-3.97857,-3.00579,-2.82458,-3.0098,-3.05891,-3.75107,-3.99556,-3.97709,-2.87478,1.47318,4.21092,2.36908,-0.412024,-0.707191,2.65623,4.77921,3.18402,0.100453,-0.761419,-0.364914,0.709489,1.73534,3.08555,3.92378,3.76893,8.08301,13.939,12.8454,4.10619,-1.27502,-2.065,-2.08491,2.13761,6.60887,4.5186,7.81463,11.3369,14.188,15.2109,14.2902,9.22332,6.17059,3.03729,1.48454,0.746168,0.694542,0.721509,1.16572,1.23097,0.803625,0.690531,0.48974,-0.162167,-1.11669,-1.1228,-0.805008,-0.253608,0.932348,1.28428
0.365703,0.39705,-0.909925,-1.59466,-2.30423,-4.15753,-4.73751,-4.6683,-4.52187,-3.84996,-2.50239,-2.12213,-2.26905,-2.87044,-2.56021,1.34383,4.8332,3.1749,-0.347834,0.228642,3.02461,1.90007,-0.829078,-2.10041,-3.11797,-3.12414,-0.92304,0.86607,1.56073,2.80403,2.84759,7.49086,13.0273,14.5655,10.6371,6.42744,2.13991,-1.6611,0.639012,4.24449,3.52971,5.22483,8.48719,14.3799,15.8503,13.6881,6.89661,6.20104,3.94541,0.764923,1.64148,0.552351,-0.0538053,0.541371,0.421937,0.550261,1.54176,1.17206,0.160539,-1.06152,-0.879128,-0.227834,0.0418578,0.694368,1.2424
0.964432,0.698034,-0.414531,-1.6028,-2.59512,-4.47137,-5.15361,-5.81064,-5.39097,-3.88077,-2.47356,-1.4638,-0.593268,-2.19668,-2.58758,2.09057,5.31051,3.22156,-0.764033,0.0397074,1.51807,-0.989338,-3.06528,-2.2845,-5.33211,-5.2382,-0.337749,2.85061,1.6687,1.02064,2.3625,6.20258,12.0528,15.164,13.639,7.80588,2.25342,0.82256,4.03046,3.29746,1.39686,1.27278,6.30949,13.7441,17.298,11.6147,3.14869,2.49418,2.73699,1.60364,1.67065,0.598997,-0.0504595,0.117832,-0.0551733,0.862287,1.52708,1.79937,1.00479,-0.361166,-0.220056,0.11151,-0.131479,0.359925,0.644518
2.19265,2.12984,0.652106,-1.76183,-2.77968,-4.01197,-5.10306,-5.7577,-5.86814,-4.10288,-2.83589,-1.9595,-0.758724,-2.0117,-2.39077,2.04724,4.65693,2.5276,-1.16966,-1.54561,-0.654905,-1.59444,-2.61146,-3.29592,-4.24649,-2.35548,0.157089,0.159805,0.374916,3.66277,7.45447,9.31174,12.39,13.3824,11.185,4.47753,3.7873,2.23147,7.45351,8.58928,0.303611,-1.73872,4.75081,12.2354,16.8858,13.8071,2.49213,-0.608428,0.937816,2.20969,2.17387,1.61422,0.915494,-0.125918,-0.251638,0.477682,0.948095,1.14651,0.617871,0.501816,0.0632882,-0.574498,-0.839104,-0.140427,-0.161418
2.13585,3.56438,2.1423,-2.0963,-2.84347,-2.77589,-3.51926,-4.43253,-5.2004,-4.20421,-3.41028,-2.84556,-2.04821,-2.78873,-2.57792,0.870831,3.7154,2.94265,-1.40369,-3.27623,-2.01011,-1.2707,-1.79662,-2.15107,-0.719302,0.868024,0.983988,-1.68133,-0.504466,3.85412,8.01269,10.0463,10.7758,10.5828,7.60775,7.33932,6.97074,4.39459,5.18507,11.402,6.41823,1.04497,4.51615,9.56588,14.8618,14.2265,5.88695,-0.233539,3.30874,5.08012,3.56117,1.49365,1.15119,-0.0656174,-0.270848,0.0465492,0.312819,-0.0510741,-0.515519,-0.286855,-0.338076,-0.566031,-0.536097,-0.746757,-0.888399
2.04864,3.82778,2.96213,-1.17269,-2.62362,-2.63733,-2.96915,-3.63004,-4.20555,-2.23596,-0.71337,-2.63651,-4.0601,-3.56333,-2.39895,-0.103214,2.82241,3.30513,-0.723343,-3.76374,-3.26081,-2.77141,-3.0676,0.829285,4.24786,1.61387,-1.74913,-3.58921,-2.28188,0.987408,3.62207,5.18049,6.30765,7.20713,8.26298,10.1485,10.3656,7.67936,5.44452,8.96506,6.39106,2.14981,3.68655,6.68676,11.8245,9.4223,5.72752,5.01572,6.30014,5.0247,1.90012,1.06094,0.917085,0.501955,-0.361972,-0.107528,-0.123443,-1.26506,-1.74359,-0.486588,0.28757,-0.0795945,-0.161574,-0.348709,-0.674128
2.32667,3.04069,2.54024,-0.653416,-3.21109,-3.6149,-3.35664,-2.67298,-3.45656,-1.94817,-1.27507,-3.43299,-4.50847,-3.8429,-2.34848,-0.471552,2.03251,3.23193,1.62076,-2.16188,-3.61445,-3.8082,-3.28688,1.30148,3.98077,-1.66758,-4.12481,-1.20534,-1.56335,-1.56857,1.56354,4.50837,6.80942,6.1315,7.11269,9.11048,9.64463,7.69686,4.07195,2.71191,6.88468,8.71085,7.05332,6.23269,8.13016,7.98724,7.27182,7.23352,5.73663,1.42616,0.111214,0.980313,0.709104,-0.418853,-0.735808,0.0319364,-0.521804,-1.49591,-1.35284,-0.176676,0.656893,0.256296,0.0122281,-0.0928634,-0.102048
2.13136,2.1028,1.76185,1.08586,-1.28159,-3.62779,-3.69942,-2.92634,-2.35222,-1.78297,-1.79091,-3.68085,-4.96718,-4.22695,-2.56751,-1.21668,0.901575,2.86487,3.05198,-0.380301,-3.34236,-3.63118,-2.6161,-0.502083,0.965331,-3.72293,-5.58717,-0.518034,0.112675,-1.43497,1.62053,7.10179,7.58917,4.57485,2.64934,6.45411,8.54297,5.99254,2.00168,1.74304,6.89075,12.5731,15.8722,12.1047,5.9318,3.50604,3.30702,2.44916,0.211202,-0.907193,-0.0704358,1.16962,0.796213,0.123669,0.159719,0.616764,-0.417063,-1.18289,-1.00889,-0.461015,0.543591,0.851131,0.50921,1.04773,0.910835
1.26535,2.11968,1.17059,0.862866,0.449403,-1.70564,-3.1091,-3.10374,-2.74123,-2.35453,-2.3204,-3.41761,-4.92761,-4.61626,-2.74006,-1.49998,-0.0212718,3.06798,4.02765,1.10093,-2.92443,-3.83056,-3.30523,-2.17365,-0.688918,-1.82976,-4.72229,0.430375,3.44952,1.52192,2.273,4.79951,5.52194,2.22373,1.07489,3.64618,6.24066,1.37429,-1.70121,1.98123,7.06896,12.9039,17.0476,17.6046,9.23757,0.673133,-1.31713,-1.2074,-2.44883,-0.43982,0.942811,1.71232,1.95989,2.1453,2.02631,1.19501,-0.379953,-0.658513,-0.457691,-0.188104,0.278286,-0.167095,0.186098,1.39117,1.90582
