public/uploads/wind/vent_json/20200604/wind_field_24.json
{"header": {"parameterUnit": "m.s-1", "parameterNumber": 3, "dx":  0.051, "dy": 0.036, "parameterNumberName": "northward_wind", "la1": 45.3082, "parameterCategory": 2,"nx": 177, "ny": 123, "refTime": "2018-10-03 01:00:00", "lo1":1.38177}, "data":
[rows 28 to 55 of 123, columns 0 to 62 of 177]
-0.152047,-1.07024,-1.81829,-1.91815,-2.05819,-1.78113,-2.33688,-2.32945,-0.388659,2.42597,2.22837,-0.239275,-0.339933,1.24598,1.7521,2.30047,3.63524,3.46625,2.52317,1.77247,1.38704,1.15567,-0.0188476,-0.579869,0.242822,-1.11135,-1.31713,0.494581,1.38107,2.14751,2.28729,1.23209,0.206723,0.650273,0.699459,-1.77077,-5.98923,-10.3508,-9.78769,-9.73625,-10.7286,-11.0554,-9.78872,-9.9044,-10.7265,-10.4951,-10.4099,-3.97285,-3.76233,-4.76554,-3.62374,-2.80966,-4.83985,-3.75175,-3.04666,-2.97394,-3.08459,-2.87437,-3.70513,-5.0694,-5.44703,-5.82413,-6.25075
-0.547241,-2.1717,-2.8389,-3.28621,-3.19482,-2.71731,-2.9459,-2.88297,-2.31747,0.516085,1.00475,-0.680317,-0.859879,1.20361,1.30184,-0.706768,-0.468345,1.34049,1.86353,1.41224,0.926552,-0.152341,-0.135507,0.177392,0.680081,0.558965,0.737489,0.50205,0.422365,0.57625,0.201934,0.196285,0.267779,0.412634,-0.510283,-5.97935,-9.68385,-11.0327,-11.3828,-12.0295,-12.2888,-12.0781,-11.7939,-11.3839,-10.6141,-10.0347,-10.0829,-6.35846,-3.28543,-4.47402,-3.019,-2.7672,-4.31055,-3.45632,-3.00305,-2.68416,-2.55345,-2.28977,-3.86899,-3.91241,-5.07473,-4.5475,-5.49062
-2.05239,-3.2155,-3.90134,-4.07087,-4.11036,-3.54579,-2.85223,-2.61093,-2.8776,-1.22413,-0.337987,-1.50782,-1.30816,0.289591,-0.954251,-2.24355,-3.92732,-2.35023,0.103626,1.8041,-0.606569,-3.05406,-2.77262,-1.21905,0.392559,1.50233,0.767266,0.479649,-0.561681,-0.35943,-0.569157,-0.500932,-0.26995,-0.464374,-2.0653,-8.84179,-10.5665,-11.7553,-12.1645,-12.1731,-11.9164,-11.671,-11.208,-10.6304,-10.398,-10.2226,-10.1292,-9.47612,-5.8321,-3.51873,-2.78799,-4.17753,-3.29817,-4.24501,-3.64522,-3.13546,-2.75953,-2.31085,-4.44468,-3.17333,-4.5236,-4.21736,-4.26666
-5.53963,-4.52881,-5.11997,-4.94751,-4.91337,-4.34524,-3.75433,-3.3543,-2.951,-1.89879,-0.769569,-1.77578,-1.2441,-0.451411,-2.22986,-2.7989,-1.46695,-0.157835,1.14252,0.420343,-3.03222,-2.31263,-2.05973,-1.71259,-0.203648,-0.374394,-0.634489,-1.10138,-1.1473,-0.931259,-0.556874,-0.373959,-0.344786,-0.615771,-3.05908,-9.4946,-10.9259,-11.5011,-11.6295,-11.6928,-11.9093,-11.679,-11.2622,-10.8939,-10.4817,-10.2802,-10.1905,-10.1492,-9.20317,-5.73174,-4.96072,-5.34136,-4.66829,-5.6427,-4.0897,-4.69253,-3.98022,-3.25466,-4.76852,-3.42722,-4.29325,-4.87924,-4.17457
-7.96592,-6.18421,-5.43657,-5.55734,-5.50563,-4.68866,-4.1056,-3.63009,-3.0768,-2.18305,-0.623777,-0.845001,-1.25766,-3.03334,-4.02874,-1.94326,1.3416,2.75064,0.44703,-3.18956,-1.64031,2.49896,2.10329,0.922171,0.0593117,-1.09723,-1.24784,-1.60997,-1.38351,-0.534894,0.81502,0.915244,0.0359891,-0.81437,-3.33645,-9.77164,-11.02,-11.3507,-11.5855,-11.7999,-11.5766,-11.2906,-11.0898,-10.7532,-10.4116,-10.2285,-10.3273,-9.887,-9.34345,-8.3327,-7.23772,-5.12371,-5.40018,-5.71349,-4.51446,-5.22512,-5.05326,-4.33047,-5.09954,-4.82547,-4.04453,-4.66021,-5.16337
-7.88391,-5.81308,-5.27535,-4.92195,-5.06919,-4.54316,-3.85318,-3.15181,-3.1273,-3.0196,-1.95407,-2.41012,-3.14025,-3.70294,-3.75899,-0.857926,2.42227,2.60683,-0.663013,-1.98633,0.446544,2.99514,2.73827,0.57479,-0.489799,-1.08095,-1.12763,-0.906054,-0.0489151,0.554624,1.13666,0.532925,-0.0626682,-0.635873,-4.6848,-9.97159,-11.0841,-11.472,-11.592,-11.3095,-11.0087,-10.8046,-10.6441,-10.4757,-10.2948,-10.1143,-10.1241,-9.84137,-8.92731,-8.32786,-7.03287,-5.39327,-4.20558,-4.87829,-5.13312,-4.05345,-5.0891,-5.07742,-4.63775,-5.05361,-4.84083,-3.87097,-4.74564
-5.12608,-3.88972,-4.22426,-4.02344,-4.30045,-4.43553,-4.14166,-4.14492,-4.19,-3.9489,-2.42854,-2.50321,-1.84535,-1.15344,-0.0261202,1.08227,1.5443,1.19266,2.4495,2.75966,1.87383,1.21513,1.2585,-0.0648886,-0.557903,-0.65824,-0.139585,0.626157,0.862137,0.404962,0.403175,0.0609696,0.255569,0.515743,-6.90897,-10.7135,-11.5511,-11.4225,-11.1109,-10.8511,-10.5009,-10.4201,-10.3784,-10.3118,-10.0884,-9.69882,-9.47134,-9.1223,-8.56876,-7.9529,-6.4853,-5.17359,-4.10669,-3.68116,-4.61301,-3.29198,-4.34491,-4.41463,-4.62511,-4.22634,-4.86144,-3.4015,-3.42596
-1.11364,-2.3519,-2.66322,-3.1097,-3.63946,-3.88694,-4.31529,-4.08202,-3.84522,-2.56435,-0.3278,-0.332286,0.746757,3.30632,3.38556,2.39739,1.24522,0.0395071,2.20332,2.86056,1.37496,-1.82975,-1.48283,-1.53881,-0.479857,-0.311328,-0.30151,0.0363873,0.143351,-0.135345,-0.522042,-0.152578,-1.0539,-1.56298,-8.90734,-11.167,-11.4632,-11.0044,-10.6551,-10.3256,-10.18,-10.2665,-10.272,-10.1013,-9.58943,-8.8805,-8.59779,-8.42495,-8.00442,-7.32505,-6.40274,-4.21041,-3.8819,-3.53215,-3.61923,-2.98338,-3.15404,-2.92423,-3.98621,-4.29059,-3.55416,-3.37503,-3.32089
-0.307187,-1.88152,-2.4327,-2.56923,-3.23857,-3.15233,-1.9794,-1.66932,-1.99338,-2.26893,-1.79666,-2.37183,-1.36076,1.40551,2.52586,1.21381,-0.64511,-1.67907,-1.22657,0.221055,-1.34394,-4.48485,-3.78129,-3.29115,-1.59452,-2.43235,-1.7561,-0.834754,-0.815873,-1.02978,-0.36371,-1.08028,-4.35748,-9.03222,-9.18772,-10.5355,-10.8597,-10.5901,-10.3225,-10.1785,-10.3492,-10.5166,-10.37,-9.85347,-9.00942,-8.23925,-8.03987,-7.94979,-7.48017,-6.89462,-6.0275,-4.3148,-2.97745,-3.64243,-3.41036,-2.84668,-2.68346,-2.3679,-2.72418,-3.96684,-2.80962,-3.86201,-3.84524
-0.334533,-1.21643,-2.16927,-2.6807,-3.16564,-3.3133,-3.26399,-3.24211,-3.61696,-4.03584,-4.16345,-4.45269,-4.73414,-4.06671,-2.4688,-2.31994,-3.49963,-3.46769,-3.10879,-3.33415,-3.76322,-3.13171,-0.347625,-0.342107,-1.37551,-3.36185,-2.80768,-1.69651,-1.15295,-1.59363,-2.26309,-5.91295,-8.84915,-8.67025,-9.29013,-9.90544,-10.3639,-10.3176,-10.425,-10.6163,-10.8392,-10.7143,-10.1376,-9.30779,-8.58147,-8.13085,-7.94997,-7.66739,-7.05267,-6.61196,-5.36289,-4.35669,-2.32021,-2.73866,-2.90475,-2.94466,-2.8021,-2.14582,-2.7976,-3.07691,-2.44058,-3.52447,-3.9794
-0.600882,-1.30256,-2.03219,-2.32576,-2.98253,-3.42703,-3.98035,-4.52346,-4.20618,-3.79201,-3.29797,-3.31747,-3.74101,-4.23231,-3.31415,-3.40337,-4.52827,-5.14311,-4.53007,-4.16402,-2.63223,0.895998,1.43346,1.32859,0.271719,-0.612566,-0.483946,-1.32581,-0.462884,-1.23856,-2.96396,-5.64452,-6.1648,-8.50052,-9.955,-10.3566,-10.2489,-10.1256,-10.3917,-10.6218,-10.5259,-9.88024,-9.0582,-8.49449,-8.35846,-8.22787,-7.87148,-7.48825,-6.90708,-5.93034,-4.82392,-3.46779,-2.42837,-1.75387,-2.08715,-2.49545,-2.63961,-1.90096,-2.42941,-2.70007,-2.28416,-2.02731,-3.30859
-2.50665,-3.04823,-2.91314,-2.97613,-2.99026,-1.90383,-1.82263,-2.92812,-3.67605,-4.30821,-4.53928,-4.01332,-3.51027,-2.98537,-2.68417,-3.78764,-5.40402,-5.32341,-3.72301,-1.91015,-1.68917,-2.18869,-2.17462,-1.51032,0.0673795,-0.0156022,-1.13943,-2.5729,-1.6601,-1.59354,-3.56044,-2.74589,-5.55014,-7.27019,-9.6556,-10.4561,-10.1117,-9.7391,-9.67186,-9.53448,-9.09702,-8.29886,-7.80479,-7.97145,-8.26749,-8.1152,-7.64328,-7.25403,-6.91076,-5.47264,-4.13916,-3.10361,-2.92884,-1.12981,-1.4212,-1.04526,-1.68967,-1.4021,-0.75876,-1.93431,-1.52244,-1.32397,-1.91516
-4.95569,-4.55049,-4.80127,-4.57335,-4.3745,-1.82414,0.236185,-0.171012,-1.45477,-3.41313,-5.41459,-5.87975,-5.03938,-4.43524,-4.39194,-4.28145,-3.68842,-2.1205,0.481957,1.56484,0.639473,-2.7935,-4.38295,-4.58235,-4.05892,-4.22157,-5.13189,-7.36548,-5.98048,-6.25221,-7.11794,-5.84036,-5.06524,-8.49063,-9.09205,-9.29401,-9.26419,-8.95961,-8.82431,-8.40803,-7.8251,-7.32119,-7.49642,-8.11175,-8.25292,-7.91107,-7.42904,-7.06127,-6.94878,-5.90106,-3.73695,-3.06863,-3.15536,-1.14871,-0.107926,0.431906,-0.145787,-0.139408,0.0252091,-0.527569,-0.488215,-0.941098,-1.19024
-6.14734,-5.90956,-5.66121,-5.50513,-5.22469,-3.9243,-0.553438,1.83682,2.05625,1.29591,-0.460201,-3.65274,-3.50558,-3.3068,-3.57325,-3.76136,-3.56721,-2.26627,-1.5791,0.0613183,3.22207,2.54599,-2.30616,-3.90086,-4.34347,-5.7806,-7.7507,-9.52462,-9.4692,-7.96219,-7.29855,-7.41973,-8.05282,-8.71138,-8.21856,-7.91479,-8.04061,-8.35149,-8.6395,-8.3085,-7.85406,-7.78098,-8.30585,-8.67607,-8.43289,-7.97888,-7.57283,-7.27713,-7.18891,-6.72248,-4.97035,-3.29447,-3.23989,-1.87779,0.481031,0.928852,0.776846,0.544348,0.267158,0.335986,0.0252096,-0.360013,-0.783728
-6.7494,-6.06221,-6.02444,-6.02139,-5.53614,-5.47602,-1.67949,1.33465,2.68946,3.52225,3.80969,2.70612,1.13339,1.20088,0.972043,-0.0990947,-3.31583,-5.22869,-4.67843,-3.01139,0.453671,3.70548,3.89124,3.62648,0.862857,-4.19534,-7.8807,-9.67196,-9.94053,-9.30102,-7.51834,-6.98171,-7.84175,-8.18393,-7.51765,-7.17038,-7.49959,-8.26103,-8.84193,-8.82976,-8.73071,-8.92036,-9.22581,-9.11508,-8.69382,-8.29081,-8.06941,-7.97849,-7.69364,-7.38812,-6.48545,-4.65682,-3.07343,-2.02103,0.481679,1.3286,1.3282,1.05568,0.990053,0.832229,0.546618,0.18789,-0.149439
-5.98607,-6.86809,-6.2652,-6.23052,-6.04747,-6.26248,-6.69533,-4.17131,-0.146358,1.57185,4.68853,6.09713,5.89457,4.87652,4.49746,4.4062,0.721771,-2.26162,-2.46437,-1.95764,-1.94665,-0.383709,3.07203,3.54899,2.67542,-1.4313,-4.53148,-5.55737,-6.05118,-6.49598,-6.35205,-6.31141,-5.69418,-6.68446,-7.05141,-7.24164,-7.57886,-8.1938,-8.80754,-9.10767,-9.31899,-9.44526,-9.36834,-9.0371,-8.6765,-8.50128,-8.47341,-8.478,-8.14539,-7.64831,-7.06287,-6.07545,-3.93461,-1.51903,0.69357,1.55391,1.74292,1.67575,1.45093,1.2217,0.937046,0.56933,0.236908
-5.25455,-5.80022,-6.08351,-6.23341,-6.23086,-6.84678,-8.3216,-8.21282,-5.81874,-2.15755,1.13087,3.01664,4.82215,5.63666,5.56021,5.76072,5.14969,4.51858,3.28692,1.88416,1.06729,0.00970645,-0.835944,-0.696597,0.526489,-0.215105,-0.480713,-0.150863,-1.40829,-3.095,-4.81821,-4.4636,-5.06918,-6.14762,-6.94601,-7.43111,-7.80633,-8.213,-8.6689,-9.04748,-9.27721,-9.23899,-8.99377,-8.69064,-8.50583,-8.52329,-8.54568,-8.45495,-8.21102,-7.67428,-7.33341,-6.75913,-6.00904,-1.99349,0.29855,1.16192,1.70645,1.76665,1.45092,1.13115,0.88116,0.497301,0.23849
-5.53759,-5.14322,-5.02561,-5.13716,-4.96933,-5.4162,-6.98864,-7.09402,-5.9639,-3.90564,-1.31968,-1.52388,-0.181683,1.82967,2.85034,4.20708,5.30169,5.84184,3.62987,1.4342,0.561364,1.35761,1.85008,1.49683,0.572476,-0.370687,0.442415,2.57751,2.38639,-2.11766,-2.51351,-3.75211,-4.99566,-6.54623,-6.99744,-7.47758,-7.99575,-8.38798,-8.60635,-8.86518,-8.90506,-8.83599,-8.70502,-8.59546,-8.575,-8.60362,-8.539,-8.35878,-8.05391,-7.7436,-7.33786,-7.06813,-6.95811,-4.39171,-1.6882,0.251625,1.23296,1.49779,1.13224,0.731521,0.536543,0.185079,-0.136943
-4.54354,-3.34146,-3.03713,-2.57646,-2.7267,-3.1326,-3.968,-4.03691,-4.2065,-2.82407,-0.974719,-3.75828,-5.85549,-5.3155,-3.25719,-0.408607,2.58092,4.59296,4.21255,1.49327,-0.394432,-0.323139,2.15836,2.37545,0.764661,0.636118,-0.545428,0.55527,2.40131,-1.60243,-1.15824,-2.14131,-4.21412,-6.23186,-6.87018,-7.26898,-7.78389,-8.15437,-8.37243,-8.49482,-8.48659,-8.54261,-8.67666,-8.8101,-8.83862,-8.77118,-8.60445,-8.33446,-7.93999,-7.48726,-7.16378,-6.94088,-6.73972,-6.47767,-5.02722,-2.81085,-0.35922,0.86375,0.741404,0.416106,0.28578,-0.0314365,-0.401724
-2.749,-1.98331,-0.880806,-0.538934,-0.136938,-0.0400861,-0.359762,-0.719358,-2.0135,-3.02436,-1.94611,-4.83175,-7.54517,-7.00467,-5.22272,-4.10566,-2.43718,2.17965,4.02533,3.44167,1.59312,-0.35049,0.994611,0.213126,-2.10544,-0.588062,-3.37848,-3.36826,0.620088,-0.651912,-0.964812,-2.21017,-3.36797,-5.06707,-6.19233,-6.77029,-7.227,-7.5955,-8.03177,-8.20895,-8.34465,-8.51618,-8.82226,-9.01266,-8.96363,-8.74501,-8.45903,-8.02704,-7.47336,-6.93221,-6.64033,-6.59708,-6.53327,-6.50095,-6.32878,-5.69613,-3.65496,-0.647021,0.376153,0.263376,0.226768,0.0184704,-0.284027
-0.851407,-0.380431,0.561576,1.20667,1.92778,2.43309,2.91855,2.22896,0.87446,0.0350312,-0.746609,-2.91275,-3.6426,-3.30951,-5.14264,-7.92795,-9.57963,-8.21295,-6.40147,-5.7355,-5.29487,-4.85391,-5.91548,-5.62236,-5.94153,-5.23716,-5.73184,-5.30877,-1.78228,-0.925131,-2.02147,-1.94611,-1.99304,-4.51916,-5.9489,-6.62432,-7.03642,-7.51027,-8.04049,-8.38906,-8.6098,-8.76242,-8.96815,-8.97973,-8.75873,-8.40384,-7.9509,-7.25764,-6.61713,-6.26562,-6.0796,-6.08729,-6.19674,-6.20912,-6.15686,-5.87901,-5.99865,-3.04403,-0.326492,0.0819884,0.165853,0.0667358,-0.140591
1.31745,1.27907,1.93461,2.08026,1.76988,2.53678,3.00846,2.25245,2.5708,3.08915,1.5088,0.217992,0.555023,-2.21009,-5.67481,-7.40686,-7.76351,-7.64142,-7.60783,-7.41838,-7.37446,-7.3987,-8.30073,-7.84262,-6.85772,-5.81393,-5.12073,-4.76883,-4.27458,-1.82571,-1.94528,-1.41485,-1.42646,-4.98774,-6.55549,-7.21553,-7.56492,-8.02405,-8.40243,-8.68303,-8.8204,-8.86776,-8.85842,-8.67846,-8.32457,-7.87281,-7.20948,-6.37223,-5.79628,-5.60173,-5.56571,-5.61077,-5.70218,-5.83549,-6.07306,-5.87171,-6.09491,-5.13298,-1.37587,-0.215595,0.00662277,-0.00319446,-0.162591
2.82611,2.31513,2.50983,2.21101,1.61822,2.03708,2.13866,1.82285,2.43453,1.74849,0.084949,0.736034,1.51352,-1.09339,-3.17911,-4.64748,-4.55694,-4.42516,-4.33652,-4.50279,-5.10808,-5.74423,-6.08953,-5.13811,-4.36546,-3.44527,-3.09066,-2.55472,-2.33972,-2.13078,-2.49847,-1.76885,-3.41447,-6.36056,-7.41784,-7.81423,-8.0083,-8.24197,-8.39168,-8.47168,-8.51136,-8.49862,-8.44217,-8.21161,-7.8241,-7.23446,-6.41907,-5.65407,-5.20875,-5.10367,-5.08465,-5.17446,-5.35225,-5.53484,-5.81205,-5.96441,-5.97202,-6.19465,-2.47429,-0.534688,-0.210231,-0.179553,-0.295598
3.17746,2.8781,2.54528,2.30167,2.08643,2.23552,2.23726,2.11981,1.83242,0.197782,-1.31986,-0.067395,0.201457,-0.848365,-1.62047,-2.11592,-2.86848,-3.90888,-4.36741,-4.49462,-4.55577,-4.7733,-5.17724,-4.60008,-5.03278,-3.71849,-1.40987,0.426423,0.461527,-0.769931,-2.39506,-2.24414,-5.7642,-7.37266,-7.6614,-7.63533,-7.63679,-7.69514,-7.76741,-7.86643,-7.95822,-7.96409,-7.89674,-7.68573,-7.25553,-6.55033,-5.76521,-5.20558,-4.93422,-4.85509,-4.86864,-4.94941,-5.10966,-5.32813,-5.65114,-5.89013,-5.89218,-6.48337,-3.47451,-0.763716,-0.343011,-0.328923,-0.400679
1.64607,1.55006,2.17795,2.26913,2.44252,2.21306,2.12335,1.85338,1.40862,-0.281025,-1.68079,-1.49066,-1.38603,-2.4828,-3.18281,-3.63422,-4.14885,-4.00364,-4.04144,-3.53368,-3.72818,-4.76645,-5.20502,-4.75825,-5.71954,-6.32206,-6.00289,-3.19612,1.73255,-2.83695,-2.37819,-4.05706,-7.06237,-7.65731,-7.43766,-7.10569,-6.95822,-6.96393,-7.11769,-7.37131,-7.52047,-7.46636,-7.32569,-7.11922,-6.64347,-5.95093,-5.36874,-5.08063,-4.98563,-4.95766,-5.008,-5.09692,-5.20501,-5.32433,-5.49788,-5.86747,-5.88184,-6.37323,-4.77286,-1.17587,-0.35286,-0.364659,-0.416385
0.00764927,0.308803,1.25826,2.03684,2.26289,1.75479,1.43761,0.936578,0.458486,-0.647246,-1.47908,-1.19298,-0.769383,-2.29437,-3.62584,-4.79336,-6.19913,-6.70214,-5.88947,-5.85429,-5.3792,-6.50984,-7.22741,-6.5203,-7.30074,-9.04668,-10.1773,-8.96829,-5.28499,-3.66178,-4.26664,-6.67899,-7.63551,-7.6397,-7.3867,-7.00426,-6.77851,-6.78824,-6.99989,-7.25895,-7.30305,-7.11496,-6.95484,-6.73271,-6.25317,-5.67879,-5.38449,-5.35183,-5.42927,-5.52377,-5.63338,-5.6527,-5.62292,-5.60946,-5.61415,-5.85795,-5.92077,-6.09931,-6.12451,-1.87715,-0.294644,-0.299576,-0.372271
-0.371845,-0.131877,0.823719,1.57104,1.95226,1.57704,1.21077,0.701463,-0.00520472,-0.349156,-0.503274,-0.351453,-0.187631,-0.203401,-2.0805,-3.88756,-5.488,-6.11951,-6.79301,-7.21545,-7.10476,-7.34923,-7.25821,-7.47721,-7.17377,-8.98412,-10.1358,-10.4044,-9.43399,-8.3227,-6.84143,-7.11885,-6.84353,-7.04199,-7.19509,-7.11451,-7.04181,-7.1306,-7.30967,-7.41439,-7.31378,-7.11191,-6.98283,-6.75946,-6.3277,-5.98407,-5.99283,-6.1498,-6.35162,-6.55708,-6.68802,-6.59488,-6.348,-6.07473,-5.87496,-5.91841,-5.94639,-5.85372,-6.39342,-2.471,-0.198934,-0.147308,-0.3163
-0.207951,-0.043501,0.696304,1.23106,1.49493,1.44628,1.36144,0.846485,0.344058,0.25766,0.190741,-0.169425,-0.767052,1.05775,0.55951,-1.04251,-2.34984,-3.75252,-4.60892,-6.50411,-7.45485,-7.14004,-7.05722,-6.79989,-5.82473,-5.79479,-6.01354,-7.28289,-7.92973,-6.85346,-6.46878,-5.92186,-5.78074,-5.98347,-6.30031,-6.63889,-6.97552,-7.25401,-7.37677,-7.34755,-7.23554,-7.1569,-7.0955,-6.90983,-6.6328,-6.59069,-6.81175,-7.00171,-7.25569,-7.49863,-7.6224,-7.50174,-7.16907,-6.7153,-6.29904,-6.10328,-5.89693,-5.75362,-6.18888,-2.5588,-0.00352051,0.0808398,-0.223183
