public/uploads/wind/vent_json/20200604/wind_field_24.json
{"header": {"parameterUnit": "m.s-1", "parameterNumber": 3, "dx":  0.051, "dy": 0.036, "parameterNumberName": "northward_wind", "la1": 45.3082, "parameterCategory": 2,"nx": 177, "ny": 123, "refTime": "2018-10-03 01:00:00", "lo1":1.38177}, "data":
[rows 56 to 83 of 123, columns 63 to 125 of 177]
-0.465597,-0.816397,-1.06603,-1.20966,-1.382,-1.50582,-1.57518,-1.80279,-1.30706,-1.80112,-2.12675,-2.23146,-2.46246,-4.19819,-3.07296,-3.84193,-3.31753,-3.91517,-3.59742,-2.68777,-2.54953,-2.20789,-1.09182,-0.480029,-0.707576,-0.0796329,0.0626248,0.494468,0.704094,0.493881,0.170135,-0.175458,-0.872806,-0.135925,-0.153331,0.197516,0.407813,0.869326,0.558966,-0.178773,0.235355,-0.823941,-1.25576,-1.7571,-2.01026,-2.11319,-2.39586,-2.11943,-2.2303,-2.09168,-1.46922,-1.27477,-0.448396,-0.489173,0.331772,0.757341,0.855105,0.754849,0.452595,0.0964704,-0.352405,-0.51714,-1.2761
-0.287199,-0.637416,-0.901159,-1.12292,-1.34925,-1.5165,-1.75702,-1.72462,-1.69754,-2.00877,-2.28627,-2.36509,-2.19584,-3.78602,-2.62635,-4.26441,-3.3465,-3.42277,-3.56631,-2.02522,-1.85448,-1.08863,-0.833666,-0.344259,-0.341889,0.0777911,0.204896,0.351439,0.318863,-0.205222,-0.729078,0.177488,-0.407555,0.402567,0.250771,0.137471,0.511776,1.4833,0.650707,-0.969176,-0.336094,-0.61675,-1.33707,-1.08251,-1.48134,-1.67927,-2.32197,-2.32341,-1.80253,-1.99468,-1.29894,-0.86795,0.0903055,-0.0525222,0.636783,1.01374,1.00541,0.703016,0.368072,-0.17548,-0.386541,-0.642962,-1.27567
-0.205297,-0.529436,-0.812752,-1.09243,-1.31819,-1.55453,-1.70178,-1.64644,-2.09342,-2.19494,-2.80153,-2.16878,-1.80345,-2.47508,-2.57675,-3.88703,-3.48168,-2.92942,-3.028,-0.860995,-1.07941,-0.0444733,-0.0728464,-0.140951,0.161407,0.240164,-0.426548,-0.443833,-0.481039,-0.137034,0.0165292,0.708906,0.664653,0.869578,0.145475,0.71859,1.1986,1.607,1.43507,0.0495154,0.311405,-0.728442,-0.488388,-0.650368,-0.109738,-2.11813,-1.96343,-2.88319,-2.05714,-1.78028,-1.02995,-0.612775,0.311631,0.670937,1.32211,1.367,1.3051,0.704802,0.272938,-0.372912,-0.202358,-0.799576,-1.6439
-0.22019,-0.509971,-0.8082,-1.13007,-1.38543,-1.64657,-1.56838,-1.73614,-2.11745,-2.24694,-2.65525,-1.96148,-1.95584,-2.15645,-2.42334,-2.86529,-3.17202,-2.83592,-1.9482,-0.299538,0.173405,0.424203,0.114134,-0.0796685,0.0693912,0.426288,-0.628327,-1.14864,-0.536566,0.283467,0.578078,0.432651,0.349896,0.245041,-0.0957942,0.806612,2.11436,2.29661,2.27237,2.14355,0.91047,-0.806874,0.0457066,-1.24382,-0.258287,-2.43854,-2.64887,-3.1697,-2.83667,-1.68045,-0.931917,-0.0474273,0.496115,0.963309,1.40382,1.24193,1.18564,0.629996,0.470391,0.182092,-0.0111318,-0.644204,-1.6712
-0.261672,-0.55374,-0.868553,-1.19474,-1.47278,-1.58791,-1.49591,-1.87892,-2.09995,-2.13108,-2.40903,-2.35215,-2.0793,-2.53849,-1.97654,-2.04086,-2.14378,-1.73261,-0.824829,-0.0710139,1.02815,0.606349,-0.709182,-1.71128,-2.87902,-2.565,-0.267092,-0.182465,-0.187572,-1.47481,-2.41165,-3.05837,-4.04998,-3.66384,-2.655,-1.54641,0.497647,1.36062,1.39539,1.77315,0.615089,-0.904343,-0.969394,-1.96363,-1.40274,-2.91585,-3.59448,-3.50447,-3.22512,-1.26617,-0.179746,0.599574,0.914434,0.857841,0.753331,0.497983,0.577985,0.414073,0.454651,0.533154,0.0505458,-0.898729,-1.25285
-0.385108,-0.690554,-0.997879,-1.32052,-1.56574,-1.45482,-1.53961,-2.01003,-2.09251,-2.17764,-2.57589,-3.40783,-2.00245,-3.43415,-1.82929,-2.29524,-1.90621,-1.61902,-2.99621,-2.36711,-0.586188,0.186288,-0.487777,-3.00781,-4.9943,-4.73577,-1.5967,0.576347,-1.14165,-1.3166,-2.48927,-3.52531,-4.23612,-4.9548,-4.30781,-3.28482,-2.24371,-1.89086,-1.43831,-0.387578,-0.317119,-1.27202,-1.58609,-2.20712,-2.26212,-3.61728,-3.77255,-3.96757,-2.38783,-0.315403,0.399086,0.151614,0.291801,0.172445,-0.138222,-0.101087,0.206491,-0.219434,0.172022,0.184035,-0.350189,-1.02704,-1.61272
-0.590598,-0.897466,-1.20791,-1.56144,-1.70866,-1.53967,-1.81307,-2.26798,-2.21417,-2.37161,-2.71964,-4.13442,-2.45494,-3.40443,-2.24797,-3.63118,-4.00457,-3.33491,-3.86143,-3.85395,-2.21981,-1.40418,-2.31153,-4.07255,-4.39125,-2.38972,-2.44558,-0.991955,0.84816,0.19763,-0.978287,-2.52236,-3.78738,-4.98135,-4.94777,-3.26422,-2.42118,-2.2611,-1.95459,-0.427723,-0.636256,-1.13703,-0.984572,-1.885,-2.29013,-3.26007,-3.5397,-4.20089,-1.26278,0.328026,0.361593,0.0547934,-0.0537073,0.0160983,0.454301,0.234152,0.426131,0.839928,0.578228,-0.545995,-1.15328,-1.25727,-1.8158
-0.867564,-1.21153,-1.58363,-1.93882,-1.96951,-1.98598,-2.19937,-2.49819,-2.2829,-2.41074,-3.28977,-3.9752,-3.26639,-1.99415,-0.834148,-1.26601,-2.1094,-1.04953,-1.93086,-4.66795,-6.25664,-5.38836,-5.33627,-5.16164,-4.00083,-2.80658,-2.6592,-3.51696,-1.67808,-0.0451774,0.195873,-1.64433,-3.18351,-3.47379,-4.16175,-4.40353,-3.39607,-2.0495,-1.26178,0.929875,0.617025,-0.04408,-0.426864,-1.20616,-1.69047,-2.76094,-2.95739,-3.90762,-0.624649,0.990885,0.622187,0.460635,0.370545,0.447827,0.776334,1.16383,1.1978,0.980732,-0.143809,-1.00042,-1.34983,-2.16033,-1.89553
-1.3103,-1.66189,-2.03391,-2.3695,-2.44951,-2.58643,-2.60183,-2.61754,-2.39126,-2.69378,-3.96896,-3.96313,-3.36984,-1.72457,-0.103721,0.51055,-0.963892,-1.21649,-2.01787,-5.32699,-7.25739,-7.18936,-7.01585,-5.76684,-4.89827,-4.48474,-4.0767,-4.35852,-4.95791,-3.80407,-2.1856,-0.54837,0.674326,1.86614,-0.175705,-3.15151,-4.42937,-3.37235,-2.07706,-0.0140101,0.414444,0.39359,-0.0837391,-0.945965,-1.53932,-2.31545,-2.46479,-3.01542,-0.75266,0.612377,0.290991,-0.0032653,0.074856,0.222761,0.517046,0.563191,0.0246603,-0.104697,-0.865898,-1.24808,-1.40976,-2.65633,-3.12119
-1.9623,-2.16256,-2.26986,-2.05194,-2.9756,-2.95063,-3.27308,-2.51076,-2.68612,-2.92343,-3.38787,-3.59617,-2.76016,-2.07677,-1.71009,-2.56747,-3.04844,-3.83264,-3.19525,-2.25163,-2.88035,-2.02407,-2.29419,-2.74731,-2.11892,-2.19653,-3.34758,-3.81972,-3.97512,-4.55844,-3.8083,-0.904013,2.49907,3.16718,3.02508,0.724919,-1.60812,-2.48768,-2.23432,-1.06727,-0.26425,0.0133669,-0.734446,-1.3518,-1.81368,-1.93793,-2.05919,-2.71909,-1.46843,0.0532121,0.398121,0.440591,-0.123361,-0.0228368,-0.218576,-0.536528,-0.401727,-0.756502,-1.03256,-1.47856,-2.38856,-2.60446,-3.41753
-2.64454,-2.47566,-1.97051,-2.68109,-3.06831,-2.84812,-3.03952,-2.97913,-3.08842,-2.90467,-2.74607,-2.7307,-3.07977,-3.32446,-3.92094,-4.64179,-4.42378,-4.16671,-2.96885,-0.0148726,2.53787,2.84786,2.67056,2.22674,1.44035,0.794424,-0.11738,-1.52428,-1.78624,-2.02577,-2.58006,-1.85879,0.336957,1.02236,3.00201,3.209,1.33831,-0.680915,-2.19379,-1.29551,-0.693044,-0.455166,-1.93418,-1.99253,-1.90541,-1.55005,-1.42211,-2.66539,-2.0773,-0.242814,0.139339,0.370579,0.51895,-0.744679,-1.20499,-0.857636,-0.328599,-1.40016,-1.42418,-1.88032,-2.89861,-3.20062,-2.93503
-2.44745,-2.09096,-2.49795,-2.48558,-2.07575,-1.99979,-2.73068,-2.00236,-2.01887,-1.81881,-1.49157,-0.962244,-1.62457,-1.98639,-2.87426,-3.57963,-3.31589,-2.50839,-1.49541,-0.387113,2.24446,2.0558,1.30341,2.5539,1.81981,0.256455,0.513712,0.65262,0.207424,-0.455464,-1.65987,-2.24362,-1.28021,0.880614,2.8488,3.66163,3.53164,2.70477,1.29497,0.224227,-0.808696,-0.679917,-1.70296,-1.72565,-1.35828,-0.852256,-1.07708,-1.94959,-2.2148,0.128557,0.455401,0.0860815,0.0328362,-0.863503,-0.398698,-0.683067,-1.51971,-1.05408,-1.5989,-2.34628,-2.4954,-3.32539,-3.86837
-2.8994,-2.82497,-2.68685,-1.80854,-1.68623,-1.70144,-1.6878,-1.38527,-1.76934,-1.68737,-1.14342,-1.47311,-1.60129,-0.994704,-0.067323,0.160759,0.19459,0.524897,0.158184,1.15297,3.1305,2.7162,1.57768,1.24464,-0.239068,-1.38947,-1.30923,-0.227533,0.4412,0.912079,0.00747498,-0.854779,-0.759977,0.345004,1.9302,2.40246,2.70559,3.61321,3.03456,-0.026766,-0.820066,-0.468929,-1.45063,-1.81659,-1.63538,-0.700126,-0.890205,-1.38744,-2.26976,-0.381497,0.667234,-0.169612,-1.15656,-0.800162,-0.0982035,-0.353618,-1.82675,-1.29059,-1.96503,-2.14179,-2.74961,-2.79359,-4.08656
-2.6215,-2.56853,-2.57696,-2.17942,-2.33245,-1.50182,-1.54885,-1.89375,-2.03474,-1.04987,-0.98835,-1.49966,-1.59191,-0.19067,0.967518,1.59992,1.67269,1.47918,-1.03679,0.824891,2.95319,1.93154,1.84441,-0.0619832,-0.430971,0.342709,0.360383,-0.896045,-0.879709,0.510801,1.35294,0.844215,-0.0934977,-0.243498,0.757937,1.35441,0.963968,2.22907,0.00222642,-1.76088,-1.64838,-0.644961,0.0595664,-0.13101,-0.724901,-0.591694,-0.48164,-1.1668,-2.22112,-2.38568,-1.21559,-0.990442,-1.03969,-1.07137,-0.684681,-1.22743,-1.72477,-1.75293,-2.05757,-2.0404,-2.80953,-2.93768,-3.02942
-2.45168,-2.47237,-2.20658,-2.7149,-3.01781,-2.75165,-1.99544,-1.92098,-2.2444,-1.89633,-1.22719,-0.641758,-1.01206,-0.41185,-0.253483,0.887727,-0.880657,-2.1306,-5.1141,-4.94157,-3.10777,-2.0404,-2.25351,-3.5083,-3.12046,0.125108,0.807321,-2.58379,-4.48917,-3.66298,-1.1977,-0.500198,-0.989478,-1.70292,-0.0932538,1.10239,1.3195,1.08887,-1.04565,-2.1719,-2.25898,-0.964541,0.98768,1.01977,-0.0594678,-0.0448183,-0.588159,-0.977015,-1.66252,-2.2435,-2.61424,-1.34517,-0.633516,-0.865476,-1.1265,-1.68979,-1.57387,-1.66704,-1.92926,-2.4342,-2.34502,-3.3287,-2.70531
-2.17184,-2.45349,-2.57269,-2.7055,-3.03277,-3.10949,-2.41051,-2.71503,-2.62544,-2.33592,-1.42908,-1.58909,-1.41142,-1.39067,-1.57567,-1.50711,-2.9524,-3.88306,-4.12541,-4.416,-4.05665,-3.45924,-3.40699,-4.00286,-4.38719,-3.27514,-2.53034,-3.67163,-4.30016,-4.72698,-4.21148,-2.5728,-3.3663,-4.60072,-4.67351,-3.58465,-1.96491,1.21376,0.566744,-0.59645,-0.447197,-0.800778,0.694391,0.896852,-0.166719,-0.844059,-1.06562,-1.82442,-1.32122,-1.24659,-2.85041,-2.22963,-0.69541,-1.13952,-1.58349,-1.66841,-1.77525,-1.77348,-1.88392,-2.56579,-2.66827,-3.25655,-3.01524
-2.35121,-2.54478,-2.93918,-3.03574,-3.16939,-2.68841,-1.73705,-1.15253,-1.04511,-1.456,-1.27716,-1.17312,-1.83432,-3.52505,-4.24835,-3.82514,-1.97761,-0.859451,0.859173,1.36059,-0.00586,-1.08523,-0.857389,-0.947884,-1.65717,-3.15251,-4.15425,-3.98188,-3.11323,-2.84495,-3.42572,-4.51567,-5.36956,-5.58232,-5.54064,-6.19221,-5.89709,-5.07712,0.714483,1.06878,-0.156632,-1.18632,-1.01,-0.593816,-0.35005,-1.00284,-1.7302,-1.91161,-1.84222,-1.88942,-2.36542,-2.37288,-1.4862,-1.65659,-1.5134,-1.19649,-1.23361,-1.82394,-1.9412,-2.28104,-2.81882,-2.89067,-3.11495
-2.39987,-2.76274,-2.63579,-2.32563,-2.13342,-1.74796,-1.24532,-1.18065,-1.19514,-1.75273,-1.04221,-1.52996,-2.49252,-3.4232,-3.99322,-2.97442,0.806454,2.23284,3.0832,2.59795,1.1589,0.141534,-0.064405,0.74053,-0.445053,-2.53015,-3.61256,-3.71827,-3.96431,-4.16326,-4.89619,-6.82571,-7.12013,-6.97269,-6.249,-5.93468,-7.00521,-8.28021,-7.6101,-1.17965,-0.735392,-1.08813,-1.68551,-1.64096,-0.949473,-1.07539,-1.81842,-1.18774,-1.00455,-0.973857,-2.16096,-2.08671,-2.31459,-1.46367,-0.753516,-0.651806,-0.730136,-1.12692,-1.43572,-1.93653,-2.2631,-2.44471,-2.47646
-1.4981,-2.01732,-1.5127,-1.33444,-1.76391,-2.69278,-3.27233,-3.16655,-3.25018,-3.81111,-3.56102,-2.87186,-3.36763,-2.33573,-0.663718,-0.247323,0.808359,1.38227,0.90283,0.210619,1.01223,0.556601,-0.47345,-0.0925329,-1.58108,-2.94542,-2.72742,-2.30775,-3.85496,-5.6504,-7.11221,-7.31946,-6.89655,-6.38676,-6.43601,-6.49572,-6.7547,-8.00092,-9.84338,-8.83412,-4.29769,-1.93483,-0.370508,-1.68461,-2.52722,-2.39366,-1.46671,-1.2029,-1.55107,-1.86792,-2.06108,-2.03086,-2.07333,-1.20957,-1.02324,-1.21104,-1.06786,-0.951239,-1.10897,-1.56192,-1.63287,-1.45453,-1.23041
-1.40922,-2.64663,-1.81221,-2.46055,-3.59512,-4.63706,-4.64144,-4.28793,-2.54259,-1.32101,-0.303092,-0.0573063,0.860015,1.72319,1.44944,0.45518,0.986936,1.06498,0.0673282,-1.15094,0.551311,0.793344,1.33616,0.392914,-0.754053,-0.945022,-1.74764,-1.79473,-2.42224,-3.4613,-4.47732,-6.21565,-6.95872,-4.73894,-3.88767,-4.38768,-4.42336,-4.76053,-7.35802,-7.79117,-8.20723,-6.54043,-4.12359,-4.16209,-4.55654,-3.43957,-2.65614,-2.62001,-1.95241,-1.84456,-3.29568,-2.93579,-1.57529,-1.2919,-0.8347,-0.177784,-0.448113,-0.63265,-0.850374,-1.4851,-1.00661,-0.650684,-0.403424
-1.65138,-3.06418,-3.35308,-3.83688,-3.58927,-3.0906,-2.82041,-2.56529,-2.00754,0.214948,0.0626929,1.86997,1.09077,0.38993,-1.22173,-3.1775,-1.6234,0.0244309,-0.0525897,-1.89806,-1.77029,-0.0626147,1.19432,0.876145,-0.037413,-0.810152,-2.00166,-3.32467,-3.31251,-2.12989,-1.08885,-3.54505,-5.38532,-4.11668,0.459018,-0.556654,-2.50659,-4.09428,-3.85534,-3.53091,-5.39328,-8.05432,-8.06613,-7.06398,-5.64362,-3.44576,-3.38677,-4.5495,-3.47963,-2.4712,-3.21918,-2.92571,-2.9588,-2.88091,-1.99283,0.430373,0.337879,-0.752416,-1.2574,-1.56383,-1.01303,-0.679265,-0.0402195
-2.6048,-1.29558,-1.17977,-1.22877,-0.44291,0.520237,0.779369,-0.565663,-2.25657,-4.15766,-5.39435,-4.49913,-4.7143,-5.12329,-5.95919,-6.95966,-6.88778,-5.53385,-4.75893,-4.23446,-3.79499,-1.68926,0.00737759,-0.494553,-1.97035,-2.66877,-3.0261,-3.63111,-3.83609,-3.55411,-0.1717,0.976875,-2.64705,-3.96414,0.0872916,0.187463,-5.17062,-4.82711,-1.50286,-0.591581,-1.90422,-4.04262,-5.69961,-5.86486,-5.15711,-4.6533,-5.11916,-5.21565,-4.09371,-2.95795,-2.59923,-2.56393,-2.11594,-2.06415,-2.26657,-1.12917,0.482175,-0.75433,-1.44798,-1.1737,-1.08886,-0.912531,-0.461792
-1.43354,-1.13865,-0.244086,-0.122319,0.5303,0.783926,0.524965,-0.609364,-2.12717,-3.91349,-4.50864,-4.0634,-3.93612,-4.22599,-5.47842,-5.68165,-5.27951,-4.04001,-3.05642,-2.9429,-3.34214,-3.85834,-1.22961,-1.60851,-2.43537,-3.26317,-3.25191,-3.60544,-3.56884,-3.01566,-0.82726,-0.535519,-5.10674,-7.78457,-6.2979,-2.91674,-3.20481,-5.76899,-5.83697,-4.88232,-3.21044,-1.73713,-0.319048,-0.265872,-0.75489,-2.6507,-2.02603,0.491496,1.28914,0.792699,-0.793607,-2.17875,-2.14113,-1.52722,-2.19788,-2.62886,-2.32219,-2.17313,-1.88085,-1.78038,-1.50705,-0.854585,-0.874541
-1.80092,-3.1137,-1.8066,-1.12366,-0.31684,-0.631109,-0.286988,-1.1403,0.0611992,1.87901,1.92574,2.63736,3.19953,2.6365,3.10036,2.78985,2.35535,2.11617,1.05549,-0.670681,-2.26314,-3.09362,-2.56762,-1.36341,0.0636036,0.202863,-0.509087,-2.12525,-3.52735,-4.02705,-4.86659,-6.55783,-8.51896,-8.5926,-8.0538,-5.31417,-1.13011,-3.97751,-7.29922,-7.24681,-5.45322,-2.17087,1.49485,2.59999,2.61381,2.85568,3.55035,3.57747,2.23882,-0.603981,-2.06293,-3.1605,-3.37501,-3.1736,-3.0648,-0.25348,-0.708524,-1.27729,-1.92317,-1.49962,-2.10838,-2.42333,-2.11667
-2.27377,-2.79971,-3.04256,-1.41031,-1.30283,-2.2733,-1.43205,-0.875501,-0.467414,0.638108,0.234132,1.26413,2.30638,3.79137,3.51925,4.33727,3.49118,0.765518,-0.0542403,-3.04539,-3.85154,-2.26987,-1.24307,-1.2881,0.278013,1.96885,0.569397,-1.24134,-2.36704,-4.43441,-6.6461,-7.42798,-6.4292,-4.83774,-3.35834,-5.0556,-5.14866,-1.82025,-1.74268,-2.88044,-3.11655,-2.53858,-0.387733,0.317257,0.557342,2.66911,1.4724,-0.648841,-2.09515,-3.07679,-3.02451,-2.71299,-3.66788,-3.99922,-3.17716,-0.75372,0.481963,-2.32798,-3.38662,-1.36608,-1.12212,-3.02874,-3.12421
-3.72881,-2.6436,-1.43744,-1.21232,-1.36149,-2.31883,-2.65874,-1.42297,-1.88998,-4.43267,-5.07525,-3.51103,-0.817869,-0.193081,-0.858605,-0.24184,-0.314877,-3.84152,-2.88925,-5.09417,-5.33368,-3.93794,-2.45118,-1.80485,0.38375,0.617929,-2.75877,-4.00003,-3.31824,-2.8088,-2.52588,-2.50007,-1.64276,-0.843482,-0.727954,-2.2065,-3.30482,-1.59676,0.668742,1.79203,2.06657,1.91486,0.815807,-0.138184,0.0853632,0.54894,0.785182,-0.314857,-0.568898,0.905053,-0.699365,-1.5623,-0.326968,-3.15008,-4.18388,-4.5682,-3.44712,-3.83414,-4.16668,-1.3159,-0.997616,-2.14108,-2.53961
-4.67556,-3.434,-1.62881,-1.59418,-1.69567,-2.02803,-3.04364,-2.02381,-3.68911,-5.09167,-6.01741,-6.35596,-5.45995,-5.31698,-6.01024,-7.49016,-8.72166,-8.59998,-6.7996,-4.35995,-2.75982,-2.51633,-3.1906,-2.80985,0.60815,-0.879471,-4.25722,-4.86208,-4.72883,-3.04554,0.93656,2.42034,2.27834,0.594011,-1.12807,-0.920413,-0.580139,-1.30901,1.01536,1.88118,2.45531,2.7089,1.11141,0.245331,0.045492,-1.09031,0.277157,-0.944602,-1.69653,-0.162957,-1.25392,-2.03594,0.797099,-0.978643,-4.26514,-4.3857,-2.86604,0.1536,-3.60422,-4.64839,-3.91666,-0.20912,0.175613
-4.53148,-4.02009,-3.58618,-3.10868,-2.03613,-1.83601,-2.50173,-2.11356,-1.08077,-0.791445,-1.86582,-4.35346,-5.59116,-7.26663,-8.63916,-8.86576,-7.19959,-6.09156,-5.18201,-3.19912,-0.643935,0.349082,1.89626,1.58728,1.26243,-0.955448,-1.6101,-0.933993,-0.205056,0.171135,1.22865,2.53047,1.97442,0.0259603,-0.948831,-2.68297,-3.65651,-3.5443,-1.68142,-0.743197,-1.36597,-0.764056,-0.100756,-2.94497,-4.08996,-5.24104,-4.14067,-4.4819,-3.467,-2.29085,-3.75153,-4.22487,-0.985834,-1.53024,-3.7436,-3.31247,-2.28108,0.172506,-1.87095,-4.82371,-3.50345,-0.612365,-2.05
