public/uploads/wind/vent_json/20200601/wind_field_19.json
{"header": {"parameterUnit": "m.s-1", "parameterNumber": 3, "dx":  0.051, "dy": 0.036, "parameterNumberName": "northward_wind", "la1": 45.3082, "parameterCategory": 2,"nx": 177, "ny": 123, "refTime": "2018-10-03 01:00:00", "lo1":1.38177}, "data":
[rows 0 to 27 of 123, columns 64 to 127 of 177]
1.99,1.74517,1.35233,1.01569,0.939521,0.923914,0.840333,0.781808,0.754651,0.663202,0.465989,0.747781,0.836483,0.64749,0.0997392,0.154869,0.191679,0.0715303,0.1032,0.109098,0.563892,0.699101,0.730716,0.477089,0.525355,0.675042,0.545424,0.666921,0.885796,1.11354,1.24268,1.06865,0.973786,0.80075,0.435025,-0.0357579,-0.360585,-0.557462,-0.734615,-0.776592,-0.645841,-0.849147,-0.855026,-0.874592,-1.121,-1.14611,-1.2906,-1.36276,-1.29088,-1.36395,-1.56448,-1.44472,-1.33024,-1.633,-1.89601,-2.17457,-2.27386,-2.1923,-2.33072,-2.40782,-2.3828,-2.27152,-1.99164,-1.90289
2.63982,2.39811,2.00322,1.57663,1.52082,1.73102,1.51097,1.37882,1.37146,1.14339,0.968303,1.10771,1.14841,0.95323,0.374034,0.361626,0.3664,0.19341,0.106886,-0.0263566,0.332456,0.439142,0.506346,0.293204,0.374685,0.557505,0.430737,0.594425,0.727201,0.685719,0.766128,0.398394,0.3286,0.141355,-0.259712,-0.695001,-1.03026,-1.19222,-1.3349,-1.19562,-1.21867,-1.58982,-1.64262,-1.74102,-1.91819,-1.83133,-2.15772,-2.40948,-2.08902,-2.0837,-2.50122,-2.05431,-1.8946,-2.35416,-2.61576,-3.07402,-2.91974,-2.57154,-2.93104,-3.24787,-3.29007,-3.09994,-2.5107,-2.36662
2.63872,2.55928,2.38478,2.12689,1.94626,2.20495,1.857,1.71263,1.75025,1.4684,1.43422,1.27019,1.10775,1.00482,0.809349,0.645037,0.554293,0.451622,0.320715,0.191625,0.163517,0.154013,0.20881,0.273515,0.33344,0.453866,0.58922,0.81884,0.647958,0.292854,0.107828,-0.248861,-0.378901,-0.661736,-0.926884,-1.22992,-1.35123,-1.3945,-1.41489,-1.17347,-1.31329,-1.77464,-1.87877,-1.99733,-2.17665,-2.01103,-2.14791,-2.8586,-2.24769,-2.05857,-2.65742,-2.22259,-2.18195,-2.81392,-2.7185,-3.38834,-2.89235,-2.59237,-3.14685,-3.39066,-3.34739,-3.28105,-2.58384,-2.34925
2.53766,2.45937,2.40391,2.33489,1.99594,2.20935,1.94383,1.71168,1.90337,1.58344,1.31465,1.40018,1.25688,1.03561,0.8198,0.714876,0.642408,0.549843,0.33425,0.136253,-0.0593017,-0.0980764,-0.108352,0.460101,0.597811,0.661894,0.299554,0.388644,0.199143,0.249779,-0.0289143,-0.433681,-0.3472,-0.741629,-0.741602,-1.22266,-1.06267,-0.800031,-0.712379,-0.961292,-0.783299,-1.4804,-1.82034,-1.49076,-2.4607,-2.1878,-1.6893,-2.83507,-2.05814,-1.42857,-2.54875,-2.25654,-1.7929,-2.96712,-2.37418,-3.21919,-2.5784,-2.2369,-3.12395,-2.87646,-2.38685,-3.01201,-2.55574,-2.03503
1.96433,2.14853,1.98385,2.17706,1.76301,2.01348,1.71773,1.51461,1.73818,1.51243,1.20086,1.15321,0.967175,0.69482,0.466874,0.317597,0.315976,0.333172,0.310516,0.317255,0.22444,0.436663,0.500275,0.694167,0.580882,0.640793,0.644773,1.06779,0.509081,-0.311162,-0.645202,-0.164403,0.230788,-0.113953,-0.23287,-0.587845,-0.372611,-0.0869025,-0.287584,-0.687719,-0.380327,-0.888373,-1.52798,-1.48478,-2.21853,-1.78498,-1.37929,-1.72036,-1.34293,-1.09314,-2.57545,-2.24354,-1.86369,-2.25332,-2.18289,-2.49981,-2.30881,-2.3684,-2.43654,-2.77252,-2.15258,-2.52846,-2.38881,-1.70852
1.47525,2.03115,1.65529,2.04244,1.59928,1.98639,1.65741,1.47177,1.44013,1.41618,1.36887,1.22738,1.01013,0.689803,0.291567,-0.00609679,0.0193031,0.0883179,0.347634,0.522638,0.411197,0.427999,0.306521,-0.071601,-0.0963052,0.168363,0.46685,0.286569,-0.66992,-1.18094,-0.657957,-0.201024,-0.426613,-0.631302,-0.753918,-0.550168,-0.118277,-0.0844593,-0.516481,-0.500246,-0.725601,-1.38444,-1.7867,-1.8607,-1.62749,-1.43886,-1.49459,-1.28076,-1.51481,-1.92841,-2.1914,-2.59438,-2.41747,-1.86965,-2.66629,-2.42921,-2.20272,-3.01697,-2.36162,-2.99171,-2.98167,-2.42438,-2.62297,-1.98611
1.5568,1.72069,1.38256,1.87895,1.55776,1.71002,1.56331,1.30314,1.06727,1.05568,1.2067,1.28591,1.30713,1.26726,1.142,0.816076,0.778379,0.841936,0.886022,0.748083,0.43992,0.0271926,-0.341609,-0.25608,0.257993,0.647347,0.587977,0.177206,0.0792468,0.334392,0.199145,-0.497538,-0.878829,-0.901084,-0.641894,-0.181233,-0.175764,-0.521715,-0.62441,-0.785937,-1.4288,-1.79709,-1.72547,-1.64109,-1.68464,-1.89244,-2.00864,-1.78143,-2.51469,-2.36488,-1.75544,-2.60929,-2.31433,-2.03264,-2.63662,-2.45261,-2.1795,-2.93659,-3.1431,-2.7392,-2.89621,-2.71137,-2.71952,-2.19776
1.74622,1.43129,1.30127,1.74291,1.46025,1.37969,1.26967,1.27571,1.14341,0.935754,0.818139,0.729388,0.635387,0.776069,1.2429,1.20892,1.22978,1.57006,1.59171,1.24425,1.01021,0.835778,0.722694,0.976844,1.27856,1.22706,0.945704,0.784394,0.684343,0.0290059,-0.774584,-0.671252,-0.181963,0.093735,0.244227,0.0165533,-0.576905,-0.793769,-0.928972,-1.34154,-1.53004,-1.33127,-1.32975,-1.65248,-1.89694,-1.90101,-2.2292,-1.86865,-2.46734,-2.44767,-2.10516,-1.85963,-2.4364,-2.34032,-2.10063,-2.60028,-2.44059,-2.49938,-2.95046,-2.9393,-2.48621,-2.61363,-2.52613,-2.3816
1.72326,1.22891,1.53843,1.67681,1.35163,1.59361,1.2679,1.16289,1.37656,1.39326,1.05428,0.670809,0.382793,0.19276,0.341235,0.640041,0.822107,1.03727,1.27517,1.30316,1.21505,1.25627,1.36143,1.34785,1.23029,1.04897,0.814929,0.497002,0.0880278,-0.255062,-0.0348616,0.394056,0.477518,0.328261,0.0574988,-0.334079,-0.523591,-0.786361,-1.20935,-1.27119,-1.01912,-1.01354,-1.25562,-1.53561,-1.66662,-1.61604,-1.74897,-2.35886,-2.16095,-2.53672,-2.72745,-2.09368,-2.81888,-3.10745,-2.3049,-3.02511,-2.87232,-2.75891,-2.47786,-2.78517,-2.68744,-2.14721,-2.33281,-2.20667
1.26741,1.17774,1.27182,1.16534,1.05503,1.4208,1.40169,1.0646,0.880882,1.09995,1.30397,1.17651,1.01536,0.742221,0.372579,0.399371,0.595984,0.475172,0.420815,0.656465,0.832666,0.917526,0.904696,0.74548,1.09024,1.51219,1.46853,1.20425,1.02214,0.886529,0.693304,0.287231,-0.039262,-0.107267,-0.0032447,0.0323319,-0.3685,-0.964443,-1.11673,-0.924117,-0.73272,-0.969241,-1.12534,-1.38824,-1.329,-2.23134,-1.98264,-2.69544,-2.78805,-2.5599,-2.86696,-3.03388,-2.57013,-2.92752,-2.85224,-2.53744,-2.8095,-2.85874,-2.71992,-2.2881,-2.50957,-2.34405,-1.9063,-1.85101
0.907418,1.38127,1.18098,0.891726,0.942527,0.899019,1.04169,1.2495,0.935662,0.626565,0.869266,1.30395,1.32599,1.01439,0.515427,0.420359,0.379134,0.371468,0.283221,0.373144,0.736189,1.15398,1.21636,1.0321,1.31355,1.22936,0.669682,0.291424,0.303038,0.362388,0.153225,-0.203084,-0.227663,-0.0085517,0.076675,-0.289498,-0.77378,-0.879849,-0.767782,-0.794109,-0.840526,-1.0253,-1.09893,-1.43381,-1.38145,-2.57498,-2.70585,-2.44539,-2.76314,-2.84265,-2.50125,-2.85335,-2.18943,-1.88311,-2.99564,-2.43164,-2.19496,-2.61651,-2.84293,-2.66253,-2.15485,-2.41616,-2.10868,-2.34508
1.12009,1.2573,1.22506,1.14035,1.33152,0.938421,0.884805,1.02949,1.22829,1.03873,0.721722,0.953841,1.31851,1.07632,0.512547,0.676474,0.478786,0.377772,0.355952,0.53811,1.19145,1.8928,2.29244,2.26533,1.85431,1.08046,0.868913,1.12372,1.22065,1.08551,1.06204,0.985412,0.691505,0.140913,-0.473854,-0.763808,-0.577068,-0.498347,-0.748758,-1.03954,-1.15279,-0.941606,-1.44971,-1.85685,-1.97748,-2.13381,-2.72516,-2.34215,-2.05873,-2.56235,-2.50844,-2.07428,-2.39026,-1.78657,-2.65175,-2.71708,-1.96671,-2.53094,-2.77481,-2.76344,-2.63073,-2.14294,-2.41672,-2.6483
1.27185,1.14603,0.943297,1.33834,1.47677,1.27047,1.33725,0.952671,0.92465,1.07085,1.04365,1.04839,1.6085,1.61732,1.27046,1.28344,1.31889,1.12227,0.740007,0.796699,1.47739,1.77366,1.71494,1.81978,1.9467,1.92997,1.97924,1.64689,0.840992,0.323288,0.576581,0.875898,0.55499,-0.135282,-0.619274,-0.532439,-0.333881,-0.653876,-1.15112,-1.41555,-1.43826,-1.31236,-1.95997,-2.18998,-2.31277,-1.96773,-2.38707,-2.184,-1.85364,-2.05172,-2.60819,-1.94528,-2.63871,-1.97447,-2.35768,-2.56331,-2.53144,-2.25794,-2.59586,-2.51895,-2.66319,-2.52681,-1.97631,-2.77529
1.54356,1.24356,1.2111,1.29058,1.16598,1.40665,1.50945,1.25131,1.1122,0.938987,1.0259,1.05979,1.53099,1.94716,1.88574,1.4921,1.44079,1.48083,1.47916,1.47512,1.50662,1.23911,0.734176,0.579229,0.930396,1.23165,1.04103,0.442566,-0.115594,-0.406538,-0.28239,0.257315,0.583787,0.366473,0.0212757,-0.0793001,-0.280587,-0.757716,-1.05187,-1.19147,-1.28133,-1.47542,-1.57311,-1.47796,-1.73613,-1.66773,-1.91335,-2.23354,-2.09527,-2.27783,-2.74849,-2.32153,-2.20491,-1.66412,-2.37112,-2.64636,-2.70246,-2.58017,-2.0808,-2.74636,-2.11112,-2.8075,-2.02092,-2.68795
1.99027,1.71215,1.94831,1.62804,1.30472,1.41916,1.43044,1.55261,1.75529,1.45084,1.07762,0.943171,0.885918,1.06683,1.59231,1.28573,0.901106,0.947997,1.51335,1.69004,1.33213,1.11115,1.02528,0.813699,0.575503,0.406591,0.323216,0.456603,0.745935,0.662527,0.0552186,-0.375057,-0.217271,-0.114872,-0.251105,-0.382527,-0.563454,-0.773492,-0.797084,-0.730798,-0.793643,-0.568028,-1.01765,-1.06487,-1.08191,-1.60726,-1.72759,-2.26659,-2.56265,-2.36822,-2.58827,-2.47173,-2.23077,-1.77686,-2.4125,-2.61157,-2.60872,-2.76355,-2.34308,-2.84867,-1.91229,-2.85062,-2.59146,-2.01864
1.99176,2.4437,2.36529,1.9946,1.9989,1.80234,1.53249,1.68091,2.02523,2.06929,1.75353,1.73024,1.14709,0.596103,1.10255,1.09013,0.949832,0.695123,1.164,1.54656,1.42566,1.41284,1.59448,1.58868,1.26576,0.924832,0.783551,0.862698,1.03966,1.07154,0.67733,0.0229644,-0.367602,-0.55398,-0.803601,-1.01583,-1.09327,-1.11669,-1.08667,-0.869246,-0.627718,0.0416851,-1.34183,-1.53741,-1.25993,-1.97297,-2.23957,-1.98734,-2.33995,-2.37271,-2.09029,-2.47278,-2.90098,-2.36834,-2.58621,-2.52516,-2.62819,-2.60305,-2.73456,-2.72072,-2.08957,-2.68407,-2.94773,-2.27882
2.25048,2.84922,2.36982,2.25296,2.48846,2.15192,2.10813,1.76528,1.81421,2.25059,2.46245,2.65479,2.29503,1.98009,1.73978,1.48522,1.54366,1.07817,1.32942,1.75527,2.00165,2.01463,2.01591,2.00514,1.92503,1.71132,1.45897,1.25573,1.08157,0.878405,0.721619,0.63487,0.433897,0.2387,0.0847167,-0.0765167,-0.207563,-0.333481,-0.501894,-0.530523,-0.645668,-0.620398,-1.69097,-1.68271,-1.50982,-1.71151,-2.15281,-2.22526,-1.98412,-2.45108,-2.48093,-2.51136,-2.76227,-2.88647,-2.33484,-2.76417,-2.5305,-2.66443,-2.74247,-2.94774,-2.74179,-2.43406,-2.83831,-3.10238
3.1126,2.8629,2.69574,2.74885,2.67406,1.9984,2.46939,1.96928,1.5943,1.84307,2.2095,2.46102,2.57962,2.65065,2.39916,2.30623,2.33095,2.09553,2.12833,2.29437,2.53029,2.38281,2.0775,1.91502,1.93756,1.9616,1.88151,1.64549,1.33903,1.12717,0.963266,0.724366,0.507763,0.34804,0.322323,0.326181,0.262026,0.0343918,-0.13245,-0.384737,-0.797203,-1.10062,-1.19095,-1.23916,-1.32621,-1.48965,-1.64589,-2.24903,-2.30329,-2.17285,-2.61331,-2.64637,-2.22655,-2.95158,-2.04687,-2.95317,-2.45028,-2.6434,-2.77553,-3.16619,-2.97311,-2.72297,-2.44207,-2.89196
3.51589,2.97748,3.24357,3.01882,2.93468,2.09083,2.29792,2.08757,1.67081,1.47837,1.55754,1.68416,1.81307,1.77087,1.57978,1.88417,2.35252,2.75992,2.68072,2.6415,2.52136,2.15672,1.78821,1.60691,1.57474,1.62295,1.6384,1.65558,1.54971,1.21657,0.787846,0.430426,0.205364,-0.0164971,-0.184244,-0.27805,-0.309376,-0.0409566,-0.364804,-0.544181,-0.625781,-0.512065,-0.885241,-0.976216,-1.17533,-1.44728,-1.36594,-1.90925,-2.34705,-1.88774,-2.1363,-2.62338,-1.86378,-2.92857,-2.21712,-3.17867,-2.30246,-3.08784,-2.52462,-3.19094,-2.86369,-3.15546,-2.78405,-2.30017
3.42846,3.44996,3.01263,3.25396,3.12568,2.3667,2.24206,2.45574,2.02526,1.50011,1.50211,1.52513,1.67199,1.39894,1.0441,1.14901,1.75028,2.32065,2.36208,2.36396,2.20998,1.97248,1.87217,1.85138,1.81158,1.69963,1.55589,1.37241,1.16702,0.965394,0.78048,0.624953,0.390852,0.284553,0.0920403,0.0735155,-0.102234,0.120498,-0.690237,-0.787297,-0.707014,-0.487398,-1.30937,-1.25758,-1.2076,-1.56058,-1.33067,-1.93641,-2.19448,-1.62464,-2.15863,-2.12689,-2.00941,-2.77094,-2.579,-3.01901,-2.59605,-3.14307,-2.70166,-3.12523,-3.29636,-3.38862,-3.31134,-2.4874
3.54203,3.39568,2.81576,3.36904,2.71192,2.60005,2.31118,2.58451,2.52649,1.90383,1.79775,1.85431,2.30927,1.81346,1.41137,1.35168,1.66673,1.93493,1.98861,2.00593,2.1401,2.30699,2.47742,2.58526,2.53914,2.33437,2.01522,1.4356,0.878382,0.758033,1.0386,1.39396,1.48515,1.24766,1.12261,0.452546,0.103078,0.0469884,-0.331268,-0.377148,-0.421349,-0.582292,-1.09038,-1.15355,-1.10433,-1.66267,-1.61503,-1.56871,-2.10146,-1.50364,-2.18808,-1.67031,-2.53589,-2.27016,-2.9371,-2.40393,-3.13443,-2.51573,-3.2415,-2.65142,-3.35294,-3.38737,-3.39319,-3.0411
3.37596,3.01871,3.3156,3.0773,2.54874,2.99182,2.28387,2.37089,2.74617,2.25362,1.99199,2.13433,2.52641,2.14623,1.81895,1.83237,2.14652,2.31405,2.19444,2.00641,2.14359,2.49205,2.71332,2.77192,2.78262,2.71381,2.39742,1.86923,1.3322,0.913618,0.753882,0.563709,0.523691,0.215275,0.816062,-0.222841,-0.297176,-0.0698881,0.193671,-0.148818,-0.250328,-0.35839,-0.571566,-0.650399,-0.968252,-1.21615,-1.24327,-1.24641,-1.83924,-1.61005,-2.06044,-1.95072,-2.53034,-2.12671,-2.69521,-2.37101,-2.88504,-2.50767,-3.01646,-2.61628,-3.06842,-3.32891,-3.1977,-3.25143
3.11153,3.26881,3.25852,2.88909,3.1543,2.94119,2.46636,2.56019,2.32784,2.13605,1.99731,2.17852,2.42751,2.4255,2.28737,2.17522,2.4139,2.56703,2.44481,2.23986,2.19334,2.31555,2.3867,2.35293,2.32172,2.35326,2.33387,2.22032,2.00554,1.63778,1.09598,0.432712,0.0579591,-0.292817,-0.0853798,-0.711993,-0.6497,-0.635296,-0.515043,-1.01593,-0.962121,-0.811981,-0.935352,-0.918035,-1.40369,-1.47383,-1.2747,-1.74352,-1.63247,-1.93177,-1.79541,-2.28993,-1.92453,-2.22599,-1.97356,-2.64059,-2.16481,-2.85991,-2.34856,-3.07635,-2.6195,-3.2332,-2.97958,-3.25868
3.38344,3.25556,2.89148,3.17751,3.24621,2.779,3.00387,2.66114,1.93703,1.98163,1.86787,1.83016,2.3234,2.65425,2.51758,2.22457,2.33903,2.53538,2.55826,2.52456,2.43118,2.2779,2.17521,2.11547,1.96087,1.8209,1.87882,2.00874,1.99619,1.74663,1.34728,1.06404,0.828998,0.518447,0.183096,-0.0934163,-0.223541,-0.429582,-0.634605,-0.770995,-0.861164,-0.812211,-0.658075,-0.919343,-0.972839,-1.30637,-1.21148,-1.16452,-1.19327,-1.57222,-1.48548,-1.88075,-1.68675,-2.0468,-1.84013,-2.37024,-2.11479,-2.65835,-2.4153,-2.98694,-2.70317,-3.3641,-3.34639,-3.42227
3.26289,2.88814,3.12245,3.11817,2.86438,3.19099,3.03309,2.76244,2.00385,2.01928,1.93675,1.5107,1.87763,2.61203,2.54182,2.09104,2.20128,2.59485,2.80973,2.8213,2.6038,2.36742,2.243,2.14788,1.95239,1.7134,1.49232,1.3493,1.25733,1.11215,1.00832,0.846572,0.67837,0.465149,0.320924,0.226985,0.133217,0.084761,-0.139615,-0.450387,-0.84422,-0.833889,-0.467932,-0.972611,-0.71658,-1.2472,-1.18401,-1.00795,-1.44435,-1.55214,-1.76084,-1.78842,-1.92107,-1.90118,-2.14023,-1.75805,-2.36372,-1.99248,-2.76308,-2.38175,-3.13637,-3.36886,-3.50958,-3.44998
2.87844,3.10501,3.08612,2.80067,3.14239,3.17105,2.94104,2.92591,2.0936,2.03738,2.21487,1.78419,1.38276,2.00707,2.59482,2.33623,2.07913,2.41659,2.74697,2.72168,2.4613,2.25516,2.25969,2.20508,1.9939,1.71666,1.51735,1.31073,1.09975,1.00857,0.871772,0.727566,0.648736,0.564658,0.354389,0.157271,0.0397503,-0.0466393,-0.0683054,-0.693624,-0.922671,-0.825994,-0.876202,-1.08358,-0.970634,-1.44424,-1.26212,-1.32096,-1.57844,-1.64649,-1.73005,-1.72777,-1.75701,-1.81204,-2.05077,-1.6777,-2.42047,-1.77958,-2.8417,-2.22278,-3.26119,-3.12883,-3.46227,-3.54805
3.17446,3.11373,2.83765,3.20405,3.2107,2.94995,3.28447,2.94651,2.02899,2.35172,2.39469,2.33908,1.58711,1.25724,1.99922,2.60215,2.46138,2.12731,2.14032,2.19587,2.10765,2.09821,2.16715,2.25671,2.11992,1.91472,1.78836,1.83345,1.89907,1.98638,1.77439,1.52209,1.24016,1.04489,0.867055,0.379327,0.114349,-0.0344191,-0.151157,-0.534575,-0.530972,-0.416574,-0.690054,-0.771334,-0.600195,-0.944246,-0.781921,-0.871083,-1.17449,-1.33063,-1.52716,-1.6183,-1.67834,-1.95473,-1.91737,-2.18721,-2.34651,-2.20672,-2.69582,-2.61177,-3.07925,-3.40455,-3.6221,-3.69859
3.21867,2.91696,3.21983,3.34288,3.00513,3.23583,3.21096,3.19817,2.03028,2.84395,2.49893,2.47593,2.53259,1.6036,1.28752,2.03195,2.79897,2.26767,1.80275,1.80118,1.86067,1.89311,1.99461,2.14043,2.37562,2.403,1.98074,2.05329,2.02724,2.06341,2.08779,2.02324,1.83922,1.42692,1.47305,0.75552,0.372514,0.279587,0.100326,-0.112006,-0.176825,-0.282905,-0.395432,-0.590598,-0.472667,-0.640222,-0.63702,-0.852669,-1.1445,-1.31187,-1.51814,-1.60283,-1.71357,-1.8531,-1.92261,-2.14304,-2.16698,-2.42883,-2.53825,-2.74155,-2.92823,-3.27295,-3.61696,-3.69521
