public/uploads/wind/vent_json/20200601/wind_field_19.json
{"header": {"parameterUnit": "m.s-1", "parameterNumber": 2, "dx": 0.051, "dy": 0.036, "parameterNumberName": "eastward_wind", "la1": 45.3082, "parameterCategory": 2,"nx": 177, "ny": 123, "refTime": "2018-09-30 00:00:00", "lo1":1.38177}, "data":
[rows 58 to 86 of 123, columns 0 to 64 of 177]
4.63026,4.86602,3.72071,3.95669,3.6766,4.18457,5.29256,5.2078,4.4069,3.30196,4.71399,5.05345,4.07774,2.95237,1.84092,3.11965,4.59109,6.30863,6.7732,5.50342,4.06557,4.31672,5.20046,5.0882,3.04176,2.52012,3.35426,3.74961,1.53085,0.686072,1.09508,0.547077,1.02608,1.24105,1.44885,1.676,1.84794,1.84771,1.80279,1.71525,1.17639,0.712102,0.869287,0.991956,0.840639,0.956147,1.10386,0.69354,0.235887,0.158429,0.203692,0.173446,0.185353,0.252599,0.320283,0.367,0.337924,0.194563,0.0128178,-0.00160893,0.191535,0.440734,0.669326,0.722285,0.468301
4.85709,4.44159,4.12135,3.56619,4.03493,3.68973,4.14094,4.40157,3.03911,4.01593,4.79651,5.21937,4.35445,2.65285,1.70952,2.49374,4.09968,5.82415,6.89192,6.34361,3.93112,2.72889,3.48602,3.66497,3.1527,2.43242,2.20947,2.82976,1.55325,0.408649,0.539119,0.850923,1.08258,1.2857,1.51221,1.77048,2.00915,1.93988,1.62682,1.33248,1.18436,1.0199,0.92448,1.03859,1.16555,1.08616,0.854635,0.606811,0.411092,0.353281,0.354517,0.327985,0.321452,0.386324,0.547472,0.682514,0.669018,0.510056,0.266635,0.116755,0.198829,0.484707,0.722566,1.04236,0.869851
3.72672,3.85383,4.04701,3.47002,3.80384,3.84371,3.78657,3.66786,3.37966,3.85844,5.06963,5.29733,4.54155,2.7316,0.741801,1.07679,2.83088,5.04527,6.72571,6.63607,4.71231,2.5131,2.9533,2.92572,2.78768,1.71577,0.73511,2.1401,2.0758,0.811551,0.199868,1.41022,1.33582,1.55995,1.7069,2.00401,2.12974,1.98944,1.69919,1.52012,1.43267,1.22041,1.08665,1.16343,1.28218,1.13642,0.886769,0.827251,0.691405,0.539,0.500629,0.499858,0.512664,0.543777,0.694825,0.906594,0.963731,0.828213,0.56167,0.329075,0.269881,0.509124,0.790074,1.12928,1.2428
4.1224,4.19762,3.45487,3.24048,3.152,2.66882,2.93437,3.2018,3.44955,4.29106,4.84722,4.65423,3.91555,3.6619,3.36396,0.854772,1.04101,4.07222,6.20213,6.45696,6.23978,5.2673,3.53563,2.61073,2.25155,1.47316,0.210331,1.20028,2.12713,1.0357,0.31321,1.22122,1.75517,1.45914,1.92692,2.20081,2.3569,2.18924,1.88828,1.78627,1.69705,1.34264,1.19486,1.35477,1.49025,1.35256,1.11313,1.10981,1.00926,0.774276,0.646474,0.640041,0.703535,0.74966,0.845973,1.03612,1.15554,1.0982,0.863331,0.602841,0.421131,0.526826,0.832391,1.17315,1.45429
4.30172,4.16461,3.22281,2.86875,2.48369,2.18969,2.6508,3.07506,3.36332,4.24127,4.46065,3.90822,3.66534,4.87106,5.28753,3.26544,2.37776,3.88561,5.00202,5.54379,5.87551,4.60013,2.94948,1.73736,1.81634,1.40067,0.274262,0.337591,0.878112,0.354472,0.48372,0.856285,1.47441,1.42633,1.58656,2.3026,2.53154,2.37573,1.98736,1.7373,1.85575,1.85301,1.50393,1.51916,1.72239,1.52329,1.29277,1.38095,1.37204,1.10029,0.831225,0.757948,0.847527,0.954621,1.03857,1.15261,1.25295,1.26531,1.11377,0.901842,0.694745,0.629205,0.856871,1.20017,1.55625
4.22036,4.24925,3.08763,2.90926,2.93961,2.76247,2.84659,2.98496,3.39489,4.27041,4.3707,3.86534,4.19886,5.42065,5.44371,3.32873,2.02071,3.56225,4.57087,5.70919,5.37608,3.34745,1.34103,1.14885,0.738133,0.448764,0.648079,0.572304,0.681518,0.608111,0.70699,1.04158,1.20352,1.28088,1.53301,2.03701,2.65029,2.44818,2.01185,1.64789,1.85666,2.27851,2.00243,1.65428,1.77533,1.66421,1.40706,1.52088,1.67362,1.46043,1.09055,0.919191,0.98654,1.13409,1.2297,1.28482,1.32473,1.36628,1.3144,1.18762,1.02647,0.879968,0.947761,1.26566,1.62798
3.94966,3.98844,3.04543,3.02302,3.07872,3.0433,3.09201,3.20732,3.74217,4.55685,4.19289,3.44067,4.231,4.85201,4.55778,3.61573,1.89836,2.48843,3.64032,4.41785,4.72228,3.37395,1.10852,0.36315,-0.247688,0.00349171,1.0022,1.53083,1.54397,1.30663,1.34739,0.858182,1.42625,1.56923,1.5164,1.69129,1.93581,2.30501,2.05207,1.92978,1.98705,2.17248,2.18112,1.99993,2.00433,1.85671,1.53674,1.60482,1.82999,1.73618,1.41791,1.21017,1.19934,1.28689,1.37256,1.41157,1.40363,1.43052,1.45325,1.41946,1.33394,1.1962,1.13857,1.35027,1.67486
4.06481,3.98225,3.20313,2.88238,3.10637,3.05188,3.11427,3.44282,4.26257,4.44651,3.45194,2.91688,3.17931,3.33023,3.43772,3.37137,1.3439,1.29452,2.81307,3.98638,4.37516,3.84382,2.19829,0.520655,-0.334787,0.433149,1.55624,1.98163,1.94681,1.97381,2.30543,1.52167,1.73514,2.43709,1.63058,1.13614,1.56958,1.41853,1.67606,1.7612,1.87445,2.11291,1.94027,1.95911,2.23087,2.21428,1.83347,1.74925,1.89337,1.86747,1.71464,1.5977,1.52482,1.48217,1.47838,1.50302,1.50334,1.51344,1.59626,1.67793,1.6283,1.51334,1.42769,1.53618,1.77475
3.671,3.40422,3.00199,2.89479,2.92708,2.96897,3.04464,3.41128,3.79475,3.26913,2.40016,2.02018,2.26292,2.85921,3.62367,4.22914,3.90141,4.01964,3.24852,3.43752,3.2209,3.39964,2.3622,2.1021,2.10293,2.15455,1.49277,1.24272,1.95822,2.19415,2.50342,1.60091,1.63499,1.36265,1.47959,0.898391,1.30516,1.11562,1.62637,1.65481,1.79349,1.79918,1.72835,2.20899,2.39168,2.40775,2.08634,1.91636,1.93534,1.92504,1.95228,1.97837,1.8854,1.72035,1.60573,1.59559,1.61723,1.65324,1.73931,1.8164,1.81363,1.82692,1.83387,1.65769,1.87952
3.63323,3.3782,2.86472,2.76838,2.83707,2.76105,2.95849,3.03581,2.48955,1.5429,1.34934,1.72169,2.33927,3.00163,4.00359,4.2147,4.35469,4.63147,4.59654,3.97724,2.5515,2.34496,2.19853,3.07133,2.28547,2.51575,1.3532,1.61095,2.37271,3.08648,3.08917,3.1426,2.01201,1.32743,1.07144,1.1673,1.17934,0.986206,1.60358,1.59837,1.77575,1.38049,2.11475,2.58333,2.9392,2.81949,2.27348,2.02813,2.04441,2.03318,2.07411,2.18875,2.17059,1.98672,1.78745,1.72835,1.80146,1.8077,1.84537,1.91827,1.88803,1.84734,1.75673,2.01384,1.62728
3.40217,3.13511,2.84368,2.60471,2.62977,2.46596,2.29342,1.6541,0.521046,0.181407,1.03283,2.06477,2.61869,3.27856,3.91262,4.11632,3.7462,3.95864,4.82976,4.84957,4.27896,4.55699,4.98447,4.07239,2.95327,1.97276,1.39292,1.80288,3.34257,3.52697,3.66375,3.26045,1.5907,1.08029,0.954297,1.34644,1.30848,1.90247,1.8538,2.93264,2.37895,1.45074,0.981307,3.00731,2.686,3.29671,2.73785,2.03884,1.99934,2.18131,2.26297,2.30694,2.32078,2.21364,2.04506,1.95302,2.00422,2.17081,2.06401,1.97979,1.86616,1.78203,1.94668,1.61228,1.70907
3.81646,3.51807,2.7767,2.49691,2.29369,1.6994,1.31859,0.780022,-0.572419,-1.00621,0.353906,1.87414,2.49609,2.95527,3.66482,4.07838,3.77882,3.82409,5.15308,5.73364,4.84334,5.29134,6.64009,6.72315,5.95883,4.95362,4.72741,3.24704,2.34352,2.6774,2.63276,1.39452,1.0924,1.33301,2.36694,2.91837,2.74937,2.32366,1.89433,2.22772,1.79375,1.47884,1.27596,1.89387,3.46489,3.75348,2.1467,2.12447,2.00333,2.27347,2.42449,2.39396,2.35559,2.35653,2.29441,2.28312,2.07226,2.1579,1.58116,2.00664,1.9459,1.57273,1.6141,1.29561,1.79714
3.50305,3.18558,2.73053,2.24539,1.94071,1.4681,1.23681,0.785049,-0.710398,-1.12693,-0.168816,1.0294,2.09066,2.97351,3.90145,4.71139,4.72474,4.56467,5.69174,6.06799,4.19586,4.00963,5.73794,6.41752,5.033,3.95116,5.54874,5.91357,3.94317,2.06607,-0.141631,0.234482,1.11746,1.55915,2.41025,2.92031,2.71715,1.56759,1.24348,1.17001,1.18968,1.01529,1.44025,3.02627,3.87181,3.27213,1.77137,2.05843,2.21387,2.33695,2.51552,2.29222,2.6906,2.06149,2.33219,2.28765,1.86728,0.965192,1.60941,1.63222,2.0021,1.7838,1.24026,1.64017,1.95802
3.31714,2.99405,2.35541,2.11626,1.73936,1.31184,1.28732,1.47249,0.738276,0.0683826,-0.363433,0.0442617,1.37083,3.45178,4.56389,5.36276,4.96484,3.59037,3.71538,4.1964,2.91936,3.44096,5.0266,6.66429,6.60775,4.71616,2.85554,4.05992,4.73667,0.987262,-1.25188,1.00235,2.57273,2.06592,2.12983,2.68095,3.01269,3.31716,2.59233,0.379751,-0.259245,0.831058,2.26533,3.89911,3.42778,2.14525,1.4812,1.84955,2.43629,2.72443,2.76689,2.3585,3.22163,2.18358,2.33065,2.86961,1.44398,1.33974,1.20646,1.3191,1.50682,2.04982,1.89051,1.75438,1.72952
3.45333,2.91036,1.86205,1.84306,1.61922,1.71044,1.82235,1.64719,1.53189,1.06633,0.551392,0.38093,1.09372,3.1975,4.50126,4.84635,3.62819,2.06458,1.51417,3.07428,3.89908,3.54017,4.20007,5.52695,7.10188,6.96352,4.35379,2.31605,1.30817,-0.688483,-1.41868,1.09683,3.42515,2.48398,2.08144,2.43197,3.73022,4.139,2.92539,0.209264,-1.21425,-0.000688298,3.65094,5.34746,4.05699,1.36888,1.09844,1.15046,2.68813,3.46887,2.41987,3.58005,2.95568,2.84477,2.90098,2.15901,1.67717,1.3987,1.12646,1.19888,1.30474,1.67349,1.57956,1.6581,1.43766
3.46056,3.03166,1.74478,1.66764,1.77777,1.91615,1.93397,1.88059,1.72926,1.53546,1.76404,2.10956,1.95639,2.95346,3.36163,2.84851,1.76399,1.61994,2.27443,3.89605,4.5634,4.24349,3.68748,3.87677,4.799,6.75365,7.24013,5.21793,2.74381,0.845896,0.951851,1.75563,2.17318,1.9156,2.85863,3.28209,3.91373,4.00348,2.45901,0.137527,-1.28121,-0.0585991,3.11183,4.99409,2.77416,2.08252,0.848327,0.835762,2.20242,2.98244,2.82073,1.96401,2.25424,1.59099,2.65528,1.75325,1.45261,1.2005,1.20356,1.27511,1.48566,1.67001,1.95305,1.65289,1.46505
3.8356,3.18374,1.77097,1.71262,1.95424,2.23002,1.87454,1.83499,2.38557,2.76211,3.04232,3.29855,2.45939,1.70061,2.21821,1.10039,0.937015,1.49583,2.40725,3.19389,3.78954,4.42215,5.09649,4.43766,3.22602,3.52162,5.80825,7.1457,6.86745,5.49854,3.56399,1.42211,0.623554,0.509726,2.10819,3.20165,3.19323,3.29986,2.00854,0.089688,-0.172953,0.31741,3.30271,5.0713,3.80709,2.07362,1.79576,1.78121,2.29173,2.95144,2.07625,2.13443,1.66521,1.93394,1.60861,1.24413,1.13371,1.14209,1.36967,1.72575,1.78937,1.56022,1.48721,1.59269,1.72032
3.67934,3.38299,1.93967,1.94125,2.13449,2.21356,2.28089,2.67513,2.88975,2.54572,2.31008,2.53559,1.63602,1.05937,1.3033,0.144997,-0.505393,1.43125,3.08152,2.76916,2.29703,3.24267,5.01312,5.78127,4.84896,3.70877,4.36239,6.32482,7.75406,7.6893,5.82796,3.37033,1.56128,-0.234647,2.2621,4.80028,3.1357,0.981699,1.00958,-0.194769,0.443827,0.602237,2.05909,4.0824,3.62254,2.62835,1.94957,2.01293,2.5549,3.1444,2.57578,2.03323,2.20267,1.81932,0.925527,0.472396,0.939247,1.64868,2.53341,2.42428,1.92436,1.46925,1.75947,1.92148,1.12098
2.06338,1.50988,1.91195,2.18782,2.16333,2.56347,2.85223,2.86767,2.34349,1.30579,1.53236,2.25284,2.681,1.79416,-0.0627658,-1.14048,-0.24059,1.68381,2.69099,2.60179,2.31853,2.40558,3.6862,5.47857,6.45499,5.73724,5.42129,6.53423,7.49018,7.61682,6.40826,4.56839,2.90812,0.430929,2.7191,5.61524,3.63744,-0.215189,-0.669537,0.539096,2.3888,1.69814,1.07794,3.40102,4.5985,4.0572,2.27538,1.81971,2.80722,3.51949,2.56888,1.60373,1.68697,2.15595,1.62293,0.125469,0.382496,1.8411,3.27502,2.93879,1.71746,1.36887,1.88847,0.950085,0.587417
1.92096,1.40855,2.02141,2.26295,2.33555,2.70323,2.64702,1.9085,1.34235,1.32889,2.41807,3.40866,3.37856,1.98056,-0.177699,-0.815295,-0.0208658,1.61158,2.36254,2.77453,2.89623,1.86904,2.06164,4.25822,5.39102,6.50479,5.88786,7.34124,6.17162,6.8706,7.96699,6.53474,2.20574,-0.439185,2.46863,4.78342,3.44679,1.08631,0.298133,1.89908,3.54004,2.86114,1.23613,3.60042,5.06917,4.61599,2.21579,1.92471,3.593,4.1978,1.58689,-0.11254,0.864501,2.10802,1.70116,0.227612,0.269167,1.74008,3.31611,3.15421,1.65848,1.02126,1.16205,0.948049,0.573895
2.20308,2.46247,2.26236,2.21787,2.40146,2.41916,2.22211,1.48732,1.45589,2.24378,3.25409,3.52282,3.02688,1.29554,-0.427062,-0.574099,0.848633,1.27613,1.719,3.01026,2.3048,1.17269,1.65034,3.74174,4.66089,5.38555,6.54454,7.5764,6.61897,5.77849,6.96512,6.86974,3.79961,2.0135,3.47287,4.23295,3.29528,2.49431,3.30072,4.82036,5.68786,4.29124,2.22182,3.00281,4.48479,3.31251,2.70311,3.09888,3.77179,3.41666,0.35934,-0.575105,0.578562,1.13724,1.30532,0.769553,0.589826,1.60804,3.41289,2.92987,1.82811,1.37536,2.05015,1.70963,1.40036
2.60275,2.68347,2.18952,2.22572,2.3722,2.2495,1.99795,1.76025,1.8547,2.17177,2.59556,2.60194,2.06216,1.23206,-0.134327,-0.487376,0.398309,0.373397,1.02212,2.10151,2.46288,3.3711,4.87802,4.45321,3.84328,5.10295,6.77296,7.69401,5.99998,4.09665,4.73348,5.88092,4.70351,3.57311,4.32902,4.49451,3.25911,2.9615,4.73071,5.44619,5.44796,5.34394,4.16248,2.03241,1.42566,1.47091,3.25921,4.67822,4.44168,1.97999,-0.369411,-0.267931,0.0351356,0.444709,0.129294,0.0939112,1.00243,2.12761,3.27853,2.5954,1.50422,1.32602,2.03479,2.37453,1.6016
2.35185,2.45433,2.22643,2.30644,2.36186,2.42688,1.93128,1.94584,2.45966,3.1067,2.88597,2.68486,2.66837,2.73732,2.15112,0.618992,0.322266,1.13137,1.78897,2.21311,3.40979,5.05336,5.10831,3.76348,3.31726,4.13735,5.9669,6.0388,4.37202,3.61457,4.55221,5.14548,4.56071,3.78871,4.78152,5.48661,3.96659,4.05661,5.15581,5.45007,4.48274,4.70851,5.28721,2.60284,-0.786424,0.0615448,3.52056,5.56866,5.05151,2.67304,-0.710265,-0.765611,-0.22539,0.389454,0.182497,0.538363,1.31734,2.15794,2.9005,2.09838,2.03201,1.82918,2.21829,1.30934,1.55865
2.26367,2.51616,2.17925,2.14406,2.22596,2.35313,2.20234,1.70164,1.81128,2.67898,3.27183,2.63252,2.20464,2.96353,2.29289,1.44367,1.33113,2.17526,2.61618,3.97864,4.43843,6.10544,4.68449,2.28708,2.35567,4.48166,4.29998,3.08909,3.64135,5.26509,5.29432,4.28108,3.66358,3.71203,4.29789,5.16321,4.80714,3.98479,4.22583,4.58417,4.35,4.47284,5.22038,3.3786,-0.0494215,0.445041,3.44981,4.80718,4.55328,1.71198,-0.61418,-1.09243,0.266555,1.09951,0.225453,0.342562,1.21099,1.975,2.19465,2.35372,2.32393,1.55094,0.994296,1.15608,1.86237
2.73399,2.6627,2.02313,2.0767,2.21665,2.17956,2.072,2.00854,1.5572,1.72639,1.79766,1.5444,1.73239,2.6629,1.80271,1.00775,0.728606,1.58107,3.49378,4.59352,5.20065,5.01851,3.896,3.38065,4.88342,5.06126,2.63859,1.23402,3.57521,5.27802,5.46637,4.60966,4.79955,4.83571,4.58372,4.63072,5.42297,4.11711,3.89033,3.13404,4.62837,4.89678,5.18539,3.42948,0.0919699,-0.105432,2.76038,3.23745,1.77074,0.985186,0.119872,0.0216844,0.723348,1.32527,1.38513,1.07289,1.23838,1.21326,0.944301,1.21673,0.983657,0.0795879,0.543106,2.30704,2.58449
3.43598,3.28638,1.81146,1.81564,2.07612,1.87157,1.88507,2.08686,2.16827,1.99004,1.53524,1.42763,1.78665,1.6561,0.467361,-0.414337,0.133304,1.18977,2.57218,3.13396,3.28884,1.96165,2.93214,4.34801,4.88828,3.0328,-0.810127,-0.645425,2.78382,3.66158,3.14568,3.15067,4.25545,4.65543,3.88986,3.44751,3.80414,4.35816,4.68802,4.54575,3.78946,2.98271,3.13312,1.18251,-1.97681,-1.27248,2.67416,3.59652,3.33678,1.73107,0.81857,0.667888,1.10043,1.38569,1.42179,1.48004,1.67737,1.12463,0.525608,0.556013,0.322551,-0.198335,0.9642,3.29734,3.05594
3.36152,2.75828,1.4811,1.68164,1.84371,1.50759,1.41615,1.986,2.30511,1.92833,1.21243,1.10244,1.65254,1.8019,1.08866,0.0443426,0.589139,1.51276,2.28185,1.88965,1.98038,2.52549,3.73387,4.37906,2.90418,0.576226,-0.748968,-0.00584937,2.71312,1.85784,0.830954,1.76413,3.3224,3.1358,3.07937,2.47914,1.27818,2.08391,3.67544,4.99924,3.63489,0.630567,0.188109,-0.578624,-3.04097,-1.07921,2.52198,3.47291,3.67067,3.59407,1.4129,0.765665,1.29149,1.33134,0.890832,1.3461,2.05608,1.81275,0.771565,0.42112,1.37186,1.651,2.35228,3.29952,2.45173
3.71644,3.32202,1.32693,1.43086,1.30766,1.23442,1.26549,1.9014,2.09807,1.56568,0.895321,1.03478,1.88603,2.09377,0.845557,-0.0831644,0.884335,2.40318,2.9456,2.79166,2.63319,2.7694,3.34168,3.79226,3.12905,0.762079,-0.255665,1.14315,3.55768,1.59006,-0.0254373,1.10778,2.4352,3.05458,3.66816,3.13963,0.570843,-0.791157,0.281715,3.28478,6.30531,4.92786,0.743466,-1.17481,-2.08285,1.30939,3.59414,3.28786,3.28796,3.20867,1.95647,1.23821,1.1713,0.847724,0.185448,0.571714,1.75811,2.80688,1.86276,1.72772,2.73378,3.02793,2.86312,2.6622,2.30689
3.09936,1.91022,0.866018,0.773708,0.611439,0.599704,1.16865,1.92088,2.20994,1.26104,0.695788,1.08764,2.32706,2.30542,0.460296,-0.997074,0.215477,2.79447,2.81024,1.87084,1.75305,2.12235,3.26924,4.2451,4.74821,3.88921,2.3901,2.55715,1.92439,-0.0183031,-1.03365,0.224301,1.73176,2.78482,3.4946,3.25435,0.874016,-1.79324,-2.15168,0.0124695,5.5773,9.00473,4.53117,-2.63778,-2.66094,3.11925,4.91487,3.74309,3.11999,2.30232,2.79443,1.87579,1.27168,-0.272701,-1.24247,-0.227381,2.04737,3.54869,3.49637,3.22788,4.04286,3.83957,2.81627,2.33863,1.92011
