public/uploads/wind/vent_json/20200601/wind_field_19.json
{"header": {"parameterUnit": "m.s-1", "parameterNumber": 3, "dx":  0.051, "dy": 0.036, "parameterNumberName": "northward_wind", "la1": 45.3082, "parameterCategory": 2,"nx": 177, "ny": 123, "refTime": "2018-10-03 01:00:00", "lo1":1.38177}, "data":
[rows 0 to 27 of 123, columns 0 to 63 of 177]
3.01112,2.93255,2.95546,3.06164,3.20072,3.27384,3.41407,3.47071,3.44762,3.46611,3.42375,3.28646,3.23573,3.15811,3.21459,3.00432,2.87983,2.96683,2.83213,2.75477,2.66366,2.50623,2.23271,2.05836,1.80428,1.61805,1.53841,1.59984,1.57264,1.67796,1.91111,1.93721,1.87854,1.93159,1.66551,1.49883,1.13099,1.05608,1.12437,1.54959,1.66714,1.7259,1.77226,1.77025,1.80477,1.81398,1.96049,2.29688,2.85003,3.1612,3.26814,3.16241,3.17215,3.18995,3.41115,3.38457,3.12051,2.63323,2.37364,2.34976,2.36763,2.23029,2.1761,2.03784
3.01068,2.8686,2.85018,2.95376,3.09716,2.90844,2.81818,2.76311,2.72268,2.91008,2.92963,2.84261,2.66663,2.58919,2.77779,2.7676,2.54509,2.64385,2.31659,2.13037,2.01159,1.90595,1.73872,1.7241,1.68673,1.69303,1.87132,2.06357,2.08489,2.01698,1.97583,1.84995,1.75976,1.89673,1.63249,1.67802,1.37762,1.31713,1.32122,1.62116,1.65259,1.71489,1.78503,1.76335,1.98563,2.03579,2.32901,2.54639,2.58803,2.72054,2.87277,3.09536,3.16915,3.11697,3.04615,2.95004,2.88598,2.87883,2.82218,2.84849,2.82426,2.59027,2.49314,2.62553
2.9004,2.81889,2.70282,2.57827,2.81161,2.40829,2.15953,2.02374,1.9762,2.32354,2.22519,2.39704,2.20494,1.9936,2.05096,2.3782,2.28729,2.24281,1.84139,1.61737,1.44518,1.31489,1.26497,1.29812,1.4438,1.6019,2.11258,2.21794,2.33017,2.28657,2.0329,1.91662,1.845,2.06828,1.82315,1.93131,1.60312,1.56927,1.44345,1.53684,1.73102,1.67398,1.62321,1.56838,1.87628,1.983,2.19976,2.38587,2.14937,2.11144,2.33253,2.66927,2.77402,2.73039,2.3421,2.19627,2.39661,2.65092,2.72254,2.7514,2.64614,2.39279,2.28466,2.68641
2.48588,2.69846,2.5027,2.39828,2.1961,2.21719,1.71568,1.87793,1.48948,2.08816,2.07601,1.77939,2.17514,1.88103,1.59744,1.98866,2.12799,2.17717,1.94839,1.51587,1.56044,1.31471,1.19615,1.14823,1.58163,1.53374,2.15196,2.37107,2.31662,2.49551,2.24831,2.04631,1.93365,2.27679,1.91675,1.90768,1.48136,1.85185,1.56921,1.56705,1.79049,1.85118,1.5664,1.60942,1.886,2.06529,2.11924,2.27896,1.85943,1.89474,2.21167,2.52057,2.48283,2.49805,2.22206,1.67045,2.22425,2.49313,2.49382,2.56567,2.18723,2.17657,1.92983,2.43155
1.70698,1.95237,1.90459,2.04048,1.6621,2.08809,1.65839,2.01006,1.50598,1.57955,2.07179,1.51274,2.02645,1.82597,1.35401,1.9076,2.13072,1.93606,2.17747,1.66177,2.09062,1.7919,1.65047,1.42293,2.2307,2.00074,2.37087,2.57592,2.29351,2.77662,2.52328,2.59126,2.21436,2.70593,2.24414,1.92521,1.92642,1.9819,1.91242,2.07407,1.81718,1.85655,1.76543,1.86209,1.8189,1.67138,1.87925,1.80505,1.71576,1.9946,2.13632,2.209,2.20035,1.85098,2.24519,1.60904,1.77327,1.83715,2.15346,2.06623,1.9088,2.27516,1.67907,2.03398
1.01967,1.18459,1.30969,1.50714,1.57397,1.71903,1.66434,1.81633,1.57223,1.44809,1.92369,1.98032,1.8927,1.73125,1.52845,1.84545,2.24233,1.86432,2.06816,1.84982,2.22293,2.13671,2.157,2.10788,2.56644,2.64016,2.88418,2.48151,2.46013,2.87327,2.64783,2.91711,2.41307,2.50334,2.52437,2.06676,2.59035,2.25092,2.44967,2.30717,2.03071,1.60322,1.93694,1.84178,1.55002,1.36684,1.7284,1.36799,1.76819,2.01842,2.02677,1.89833,2.03029,1.53187,2.04715,1.60488,1.56738,1.12362,2.03851,1.53833,2.07352,2.12939,1.74591,2.06721
0.84528,1.01661,0.97061,1.27955,1.35328,1.38369,1.48212,1.63983,1.6171,1.96352,1.98553,1.95476,1.95561,1.76355,1.67194,1.61064,1.93244,1.80011,1.75848,1.88562,1.96676,2.24319,2.21683,2.21875,2.37244,2.68477,2.4934,2.11905,2.40924,2.24278,2.49179,2.45865,2.10329,2.04421,2.53547,2.15337,2.43148,2.54115,2.40571,1.79128,2.14993,1.61123,1.72511,1.48538,1.45762,1.74308,1.66044,1.45432,1.71704,1.87343,1.91333,1.90536,1.86295,1.91481,1.80793,1.53251,1.89824,1.38139,1.81002,1.60044,1.77385,1.7031,1.91437,1.87575
1.20734,1.29432,1.1313,1.34508,1.44269,1.51077,1.8194,1.98514,2.18143,2.12949,1.87577,1.37074,1.62515,1.33102,1.41466,1.44206,1.44278,1.65276,1.55892,1.69999,1.8291,2.44387,2.17123,2.07261,2.26714,2.15521,1.78268,1.91965,2.09663,1.73051,1.99469,1.98039,1.73732,2.2718,2.4156,1.87497,2.27669,2.26924,1.81028,1.49695,1.74571,1.58043,1.39307,1.42274,1.77696,1.77983,1.62907,1.6404,1.46678,1.76211,1.83758,1.91036,1.86755,1.86366,1.64288,1.86648,1.82978,1.61659,1.6011,1.95084,1.36306,1.77043,1.87107,1.57262
1.57615,1.61438,1.47967,1.52454,1.67898,1.82715,2.27161,2.43666,2.35411,2.0211,1.62511,1.19582,1.14445,1.06519,1.52831,1.55418,1.49358,2.08779,1.88412,2.03701,1.89503,2.46148,2.00177,2.09045,2.14771,1.64894,1.67401,1.7897,1.85226,1.82508,1.78828,1.75782,1.84065,2.05775,1.81874,1.59966,2.07557,1.73878,1.48819,1.4776,1.64836,1.56994,1.63885,1.9775,2.01558,1.80113,1.93771,1.6606,1.54824,1.79735,1.85148,1.85854,2.01946,1.69786,1.91684,1.87563,1.72093,1.36412,1.85153,1.88543,1.33086,1.63984,1.37828,1.64862
2.50154,1.47391,1.33361,1.35655,1.23549,1.61181,2.17032,2.22428,2.02733,1.82048,1.66364,1.70734,1.70785,1.88837,1.94188,2.05539,1.86333,2.36199,2.23248,2.42491,2.14305,2.40831,1.79747,1.94134,1.97195,1.74709,1.59987,1.75598,1.95123,1.98453,1.99777,1.56189,1.7717,1.49137,1.12173,1.69924,1.72001,1.4863,1.64131,1.52046,2.0177,1.76428,2.09573,2.25006,1.9739,2.02208,2.09538,1.52312,1.75727,1.88223,1.82992,1.85402,1.93437,1.9441,1.99896,1.77845,2.00667,1.33757,1.96408,1.62674,1.19794,1.11184,1.0297,1.33028
1.33993,1.46561,1.3575,1.29026,0.633228,0.779497,1.35486,1.32498,1.44807,1.53484,2.06117,2.46564,2.83655,2.8918,2.26256,2.42766,2.27021,2.52547,2.26213,2.31232,2.4045,2.23074,1.92192,2.07823,1.84538,1.84831,1.82877,1.95526,2.02926,1.87921,1.70352,1.33428,1.28283,1.10293,1.02747,1.61899,1.5286,1.43427,1.78034,1.56245,2.07831,1.63277,1.99053,1.5685,1.87085,1.64628,1.82166,1.3359,1.62608,1.75432,1.7375,1.81436,1.82699,1.83757,1.87287,2.06641,2.03659,1.73157,1.99422,1.5605,1.40063,1.09177,0.905344,1.15518
0.0945091,0.595755,0.711118,0.690621,0.433637,0.411147,0.345653,0.538206,1.38787,1.74304,2.41504,2.8611,2.93458,3.09539,2.69133,2.51307,2.72713,2.54059,2.34388,2.48259,2.43585,2.12026,2.25434,2.2725,2.10937,2.03421,2.25209,2.0813,1.55893,1.52727,1.05288,1.05235,0.911487,0.934566,1.28661,1.46104,1.36368,1.46862,1.6138,1.3156,1.74698,1.39831,1.61065,1.22499,1.633,1.22746,1.37657,1.34198,1.65202,1.74162,1.79339,1.78803,1.97757,1.5821,2.0785,2.38924,1.87466,2.11489,2.18119,1.60643,1.86641,1.49054,1.00551,1.41602
-0.264996,0.443242,0.624193,0.69783,0.962636,0.389061,-0.607064,-0.161828,1.40521,1.51887,2.09837,2.72487,2.70655,3.00587,3.09688,2.98578,3.02689,2.68162,2.78046,2.56306,2.17999,2.39496,2.31934,2.09956,2.46846,2.37271,2.12307,1.67081,0.810659,1.08658,0.774708,0.910488,0.785496,1.18928,1.40992,1.32423,1.3187,1.56328,1.41174,1.34052,1.43478,1.56794,1.38936,1.58259,1.54947,1.45944,1.30768,1.83417,1.8202,1.8967,1.93663,1.9841,1.94019,1.83536,1.99616,2.38232,1.96267,2.27237,2.37919,1.73747,2.08246,1.80365,1.22497,1.53429
0.0358651,0.362917,0.70358,0.560228,1.21043,0.520435,-0.828934,-0.724253,0.231621,0.981649,1.65241,2.0506,2.75018,3.1122,3.20062,3.57489,3.18798,3.24473,3.11702,2.66002,2.02773,2.73105,2.30151,2.18508,2.53291,2.24797,1.51092,0.897765,0.584186,0.889963,0.929023,1.00409,1.11907,1.50854,1.38262,1.29474,1.50588,1.51489,1.42905,1.60958,1.62509,1.73311,1.42977,1.84507,1.59508,1.81913,1.55955,2.19154,1.84723,1.96188,2.08826,2.03603,1.84729,2.2245,1.79906,2.25027,1.92699,2.43347,2.40705,2.11765,2.38753,2.02444,1.78763,1.96029
0.322069,0.556646,0.533867,0.549304,1.00325,0.229262,-0.762383,-1.09775,-0.84055,-0.424242,0.00705368,1.46657,2.34615,3.04528,3.2668,3.5521,3.52501,3.23183,3.12114,2.96447,2.2347,2.84295,2.63322,2.59866,2.28657,1.64794,1.16985,0.6696,1.01791,1.22478,1.26727,1.39067,1.60968,1.70274,1.44213,1.54711,1.69347,1.5063,1.64535,1.77702,1.77792,1.62612,1.71157,2.02098,1.71484,1.88954,1.857,2.22381,1.76065,2.15359,2.14323,2.01564,2.22221,2.21412,1.92343,2.35339,1.88993,2.47879,2.19263,2.6115,2.59466,2.06526,2.43229,2.32971
0.215724,0.278224,0.506821,0.390796,0.170007,-0.162074,-0.380932,-0.111377,0.588565,0.00748933,-0.765513,-0.854997,0.83912,1.99325,2.58357,3.18762,3.83612,3.27945,3.06506,2.84386,2.59153,2.89397,2.78206,2.61687,1.95098,1.33805,1.46841,1.33105,1.75236,1.84599,1.80816,1.98564,1.88531,1.80533,1.74556,1.78909,1.7626,1.76986,1.88815,1.87465,1.72383,1.85305,1.9795,2.08775,2.18795,1.88344,2.2324,2.11478,1.87699,2.32805,1.93391,2.20133,2.2601,2.07056,2.27211,2.32967,2.14713,2.62573,2.14856,2.52877,2.42227,2.05906,2.49773,2.24728
-0.30859,-0.346643,-0.23528,0.000968818,-0.0407315,-0.302937,-0.144325,0.705777,1.32204,0.862695,-0.0328576,-0.726004,-1.3813,-0.7908,0.956316,2.11979,3.04644,3.13625,2.83661,2.9782,2.92969,3.05968,2.6166,2.3277,1.86724,1.67963,1.86036,2.12201,2.34353,2.48668,2.51708,2.46738,2.17254,1.99936,2.03443,1.95763,1.93177,1.99043,2.0078,1.81255,1.91649,2.15139,2.16187,1.97615,2.48101,2.02093,2.16641,2.15873,2.35585,2.29435,1.8101,2.26482,2.04818,2.25427,2.25777,2.16097,2.49774,2.52139,2.53015,2.25812,2.34879,2.20899,2.91395,2.34089
-0.923779,-0.892758,-0.545339,-0.151585,0.0546028,-0.0676933,0.0873565,0.426157,0.730391,0.78828,1.16244,1.06788,-0.192511,-1.40416,-1.5883,0.453987,1.42028,1.95906,2.31446,3.00996,2.85131,2.80926,2.6312,2.21067,2.09362,2.27033,2.47735,2.7979,2.92116,3.09995,2.9575,2.67565,2.31774,2.25459,2.22522,2.1663,2.13768,2.12351,1.91162,1.71632,2.23338,1.94956,2.30322,1.99708,2.11088,2.27029,1.96685,2.41824,2.48682,2.13004,2.09769,2.43875,2.46912,2.42172,2.19757,2.46016,2.45446,2.31909,2.95434,2.57046,2.39594,2.45079,3.43258,2.88642
-1.33435,-1.18677,-0.85513,-0.0106752,0.532307,0.404266,-0.0596693,-0.17932,0.0122521,0.385272,0.949609,1.31261,1.38028,0.927014,-0.823201,-2.21224,-1.91468,-0.512043,1.10853,1.83014,1.96614,2.3835,2.67461,2.3349,2.44313,2.72196,2.98926,3.14243,3.21662,3.0006,2.65336,2.47592,2.30806,2.33402,2.31442,2.28261,2.23522,2.25813,1.8517,1.56932,2.28837,1.73782,2.13159,2.11374,1.73217,2.33344,1.88371,2.38106,2.17862,2.12545,2.54901,2.42005,2.70038,2.51271,2.7124,2.68516,2.3806,2.72966,2.85307,2.59158,2.65908,2.64424,3.40771,3.65295
-1.33737,-1.06819,-0.389178,0.426077,0.928026,0.640818,-0.288315,-0.728537,-0.464025,-0.923452,0.0672363,0.991397,1.42574,1.63029,0.752838,-1.11426,-2.24293,-2.60067,-2.17514,-1.10114,0.359514,1.47773,2.32158,2.88963,2.99765,3.24593,3.00476,2.89377,2.79915,2.37966,2.12478,1.93649,2.07154,2.1154,2.13948,2.15612,2.11807,2.05766,1.80192,1.54104,2.0113,1.61599,1.8018,2.18197,1.77227,2.19608,1.93803,2.34707,2.21853,2.45155,2.67781,2.44608,2.76157,2.8953,2.8825,2.70321,2.9464,2.86923,2.78042,2.62122,3.17853,2.58485,3.44448,3.61724
-1.33181,-1.01412,-0.20943,0.533112,1.03779,0.554774,0.00675356,-0.780054,-1.1419,-2.16702,-0.694351,0.0524269,0.465011,0.932581,0.244561,0.781579,1.43814,0.466243,-1.50578,-2.13967,-1.68264,-0.326861,1.86889,2.50191,2.90684,3.00838,2.49917,1.60939,1.89942,1.9495,1.94104,1.67293,1.91451,2.01387,1.98849,1.90887,1.83371,1.55847,1.60259,1.65858,1.90115,1.42908,1.85025,2.0146,1.9371,2.27598,2.36431,2.40886,2.48428,2.55235,2.62024,2.69443,2.93682,2.88968,2.74698,3.0673,3.09,2.82197,3.12464,3.17797,3.43778,2.72528,3.05726,3.11514
-1.49125,-1.24136,-0.207154,0.449628,0.73137,1.31316,1.57854,0.747408,-1.42293,-2.60742,-1.3967,-0.800911,-0.526783,-0.359905,-0.870254,-0.522615,0.601871,1.49254,2.10373,1.68523,0.0559319,-1.12711,0.157936,0.747315,0.817146,0.990315,1.44812,1.2568,1.88726,2.13106,2.11218,1.94042,1.93963,1.91434,1.84326,1.71787,1.59227,1.39266,1.45228,1.5705,1.68869,1.45967,1.91779,1.81526,2.11939,2.30196,2.44512,2.21841,2.32518,2.54122,2.38849,2.62265,2.83426,2.57555,2.9406,2.98036,2.76627,3.17039,3.07087,3.25585,3.43157,2.91637,2.8275,3.43384
-2.08524,-1.46564,-0.478263,0.289937,0.781395,1.8452,2.48687,2.22705,-0.219357,-1.3398,-2.3069,-1.45735,-1.38324,-1.7598,-2.30873,-2.80274,-2.77978,-2.09165,0.118648,1.47842,0.577969,0.141457,-0.0413491,-1.13216,-1.21673,-1.72272,-0.58773,0.828327,1.81867,2.28067,2.23736,2.10272,1.97577,1.80372,1.6014,1.43085,1.32344,1.30227,1.32164,1.40341,1.369,1.64642,1.82804,1.95858,2.11337,1.9432,2.15567,1.98574,2.26038,2.33094,2.20994,2.56902,2.81233,2.85101,2.83215,2.66322,2.99865,3.08997,2.82981,3.26598,3.14972,2.95408,3.44568,3.54488
-2.07771,-1.57801,-0.649188,0.0386678,0.933892,1.8091,2.08979,2.16981,1.22682,0.171316,-1.25359,-1.16038,-0.654324,-1.70175,-3.25043,-4.10233,-4.88013,-4.48233,-2.46719,-1.01161,-0.562777,-0.690089,0.639038,1.48481,0.508057,0.593452,0.820568,0.282591,0.317133,0.866907,1.11755,1.2663,1.55837,1.48416,1.31516,1.18547,1.12611,1.11483,1.18068,1.17159,1.37516,1.58259,1.6143,1.68789,1.92132,1.84664,1.87142,1.97665,2.10739,2.02771,2.34888,2.49377,2.79897,2.68747,2.57282,2.863,3.06649,2.83299,3.16019,3.12711,2.90429,3.28379,3.43395,3.15528
-1.44028,-1.53212,-0.70493,0.0485032,0.573466,1.31495,1.75122,1.68177,1.11393,-0.864961,-1.82623,-0.501086,0.603078,0.619565,-1.49742,-2.17623,-1.18075,-0.572881,-2.39262,-3.18502,-2.80131,-2.58406,-0.23137,2.16665,2.75595,3.27086,1.94214,-1.91846,-1.61931,-0.23626,0.121916,0.477323,0.754892,0.850944,1.03196,1.05579,1.04838,1.03538,1.14384,1.09472,1.34675,1.3213,1.42413,1.281,1.85081,1.75753,2.01833,2.00967,1.81569,2.03428,2.22424,2.39057,2.60687,2.31607,2.62383,3.05566,2.56406,3.10708,3.21945,3.0017,3.20281,3.34811,3.03251,3.30568
-0.67597,-0.790762,-0.224311,0.0258965,0.0672352,0.385938,0.983909,0.712982,-0.491655,-1.86003,-1.47042,0.120934,0.903988,1.76812,2.01498,2.87786,2.89956,0.837699,-2.36267,-3.60562,-2.90912,-2.31866,-0.775498,0.221392,0.463038,0.390001,-1.35804,-3.31728,-2.80449,-1.42097,-0.17388,0.0407744,0.334475,0.645141,0.931362,1.00091,1.11925,1.15976,1.19979,1.21618,1.31097,1.27222,1.39015,1.32153,1.66982,1.47838,2.06177,1.97251,2.05331,2.06256,2.11831,2.27954,2.18749,2.45332,2.65068,2.91691,2.53134,3.29816,2.6849,3.10862,3.52855,2.82846,3.34049,3.28573
0.505626,-0.216606,-0.0890832,-0.166532,0.0305731,0.394859,0.765607,0.950351,1.00303,0.314212,0.0147697,1.06369,1.46747,2.49032,3.84129,4.1305,1.18491,-3.33452,-4.31451,-3.36344,-2.58998,-2.26708,-1.24976,-0.909394,-0.484358,-0.757073,-1.69565,-0.902548,-1.43284,-2.13357,-2.07002,-1.43959,-0.377131,-0.103557,0.388427,0.76327,0.990932,1.15095,1.10314,1.22843,1.28087,1.29289,1.24619,1.40947,1.36294,1.49992,1.73754,1.96895,2.05617,2.15558,2.21192,2.07229,2.17452,2.45936,2.54081,2.75033,2.90439,3.22161,2.73662,2.96987,3.3432,2.78823,3.45157,3.04694
0.726036,-0.322637,-0.543099,-0.79453,-0.886612,-0.293936,0.140237,0.545165,1.71463,2.36429,1.49622,1.26294,1.96024,1.93413,3.37127,3.21154,0.869543,-1.50848,-1.74487,-1.76402,-1.69007,-1.78614,-1.96419,-0.560663,-0.0579827,-0.358632,-0.112616,0.384429,0.817465,-0.385806,-1.36703,-1.47101,-1.72927,-1.61418,-1.01785,-0.254922,0.198488,0.586843,0.679411,0.976738,0.947316,1.09401,1.15249,1.28921,1.24358,1.48322,1.73521,1.79178,1.79341,2.07597,1.94266,2.11012,2.39246,2.45048,2.36942,2.55754,2.95016,2.6468,3.08624,3.14288,3.06319,3.24446,3.20562,3.32292
