public/uploads/wind/vent_json/20200601/wind_field_19.json
{"header": {"parameterUnit": "m.s-1", "parameterNumber": 2, "dx": 0.051, "dy": 0.036, "parameterNumberName": "eastward_wind", "la1": 45.3082, "parameterCategory": 2,"nx": 177, "ny": 123, "refTime": "2018-09-30 00:00:00", "lo1":1.38177}, "data":
[rows 87 to 115 of 123, columns 0 to 64 of 177]
1.87726,1.30967,0.186133,-0.142167,-0.227399,0.0186874,0.585124,2.20469,2.83498,1.2176,0.155651,1.24465,2.07979,2.35759,1.07885,-0.21403,0.816732,3.24629,2.72859,1.01399,0.850384,1.43903,2.49253,3.70803,4.59541,4.24514,3.60218,3.69167,3.48737,1.80097,-0.373512,-1.00314,-0.579174,1.38253,2.77144,1.93169,0.996457,-0.696523,-2.6909,-1.21981,4.11879,9.12635,8.04637,0.737988,-0.90194,2.75731,4.11683,3.0815,1.59687,2.06173,3.20617,1.13567,-0.178624,-1.34582,-2.62812,-0.682073,2.63501,3.47992,2.83078,3.43036,3.90051,4.16117,3.19377,2.09655,0.955306
1.16189,0.58875,-0.166874,-0.252275,0.0177324,0.297055,0.855145,2.61324,3.77655,1.3379,0.0220147,0.888932,2.22887,2.28637,0.279803,-0.146141,0.859518,1.41517,0.85592,0.108833,0.3371,1.12436,1.78522,3.19024,4.07818,4.73806,4.44812,4.46575,4.72668,3.11716,2.25371,0.798932,-1.0802,0.924297,2.17293,1.2337,1.9892,1.61503,-0.486513,-0.475127,3.57271,8.1725,9.66205,6.6464,2.79544,1.74552,2.11085,1.01506,0.878544,3.02685,2.528,0.434098,-0.227406,-0.377152,-1.59078,-0.498107,2.51076,3.12968,3.18185,2.848,2.78498,2.7291,2.2218,1.4307,1.16234
2.75364,1.84446,-0.231615,-0.179863,0.0165709,0.627221,1.09195,2.65594,2.49051,0.963053,-0.0389806,0.114021,0.806796,1.82538,0.699155,0.105098,0.426322,0.560617,0.0841965,-0.00616198,0.929991,1.21274,1.04402,2.50582,3.73828,4.34297,4.53455,5.171,5.70223,4.04504,3.03692,2.50992,0.121411,-0.268262,0.458219,0.679409,1.82221,2.76831,2.2815,0.866441,3.18825,6.60278,8.36698,7.65127,5.62315,1.64442,-1.3992,-0.966719,1.99097,3.87428,2.08269,0.570586,0.517633,0.5758,-0.443747,-0.486113,1.51186,2.85007,3.77076,2.05528,1.28878,2.1677,2.4924,1.37886,0.713716
0.941561,0.34672,-0.442226,-0.243893,0.202032,1.02672,1.95943,2.22315,1.91179,1.33475,1.15888,-0.0261668,-0.0334674,1.13149,1.23918,0.691811,0.195998,-0.223635,-0.0605677,0.699188,0.349979,-0.291686,0.185803,2.13656,3.69232,3.6229,3.24837,4.32059,5.64097,4.90016,3.62003,2.79437,0.958239,-1.06747,-1.28372,0.124081,1.54418,2.67859,3.4838,4.36647,5.19272,5.7846,5.93637,5.85571,6.00884,4.03723,-0.797539,-1.80005,2.20157,3.36213,1.50042,1.18882,1.90093,0.696451,-0.31149,-0.682789,-0.169017,2.39205,3.25399,1.39558,1.39815,3.17932,3.58652,2.30318,0.637103
0.740096,0.110253,-0.439713,-0.0755001,0.486354,1.31829,2.04059,1.94885,1.23725,1.86665,2.87865,1.12845,0.373513,0.822747,1.95007,2.70861,1.04864,-0.565957,0.457445,2.27561,2.26198,1.76781,2.18992,3.35115,3.85492,3.08587,3.15611,4.09052,5.1109,4.77989,4.11396,2.71642,0.873687,-0.768395,-0.492333,0.743022,1.85772,2.88105,3.64128,4.49651,6.34381,6.26791,4.68977,3.05157,4.36302,6.42188,4.18104,0.0467175,0.338065,1.01118,1.88995,3.11258,2.34939,0.830369,0.684385,0.37407,0.123587,1.15629,1.06086,1.43929,3.01865,3.46299,2.82051,1.5447,0.716101
1.01796,0.534279,-0.0544868,0.304351,0.747142,1.44882,1.82524,1.72275,0.907854,2.9296,3.22624,0.659418,-0.319795,0.449685,2.30882,3.1847,2.55788,0.672325,1.85606,3.2446,3.56028,3.20949,3.34258,3.25345,3.10506,2.67128,1.76203,3.0423,4.04383,4.52574,4.734,3.85678,0.63096,-0.920244,-0.453227,0.407689,1.2452,1.83466,3.52816,4.59215,6.23873,7.34296,4.20787,0.0456424,1.85322,5.92173,7.01817,3.2991,0.348313,0.677809,1.58788,2.57298,1.19677,0.674116,0.633277,0.491377,0.321657,-0.280823,0.471192,1.30347,3.21092,3.4493,2.94005,1.20338,0.781021
1.75939,1.37945,0.526655,0.811716,1.06861,1.4006,1.72338,1.59916,2.00776,3.26157,2.98641,0.780118,0.236629,1.70673,2.84802,3.87247,3.30361,2.33972,2.68837,4.13276,4.42705,4.18786,3.21785,2.70917,3.14481,2.57063,3.19683,4.01542,4.51811,5.17295,4.61593,2.94628,0.641595,0.810677,1.0757,0.68295,0.713723,0.876254,3.15868,4.61658,5.61302,6.10513,2.58736,-2.58743,-0.338972,3.66905,5.8294,5.59194,3.38799,1.08838,0.0650701,0.83153,1.5451,1.07752,1.15486,0.605408,0.454977,-0.0165949,-0.418813,0.524893,2.51249,3.47153,3.3788,1.54524,0.318177
1.7538,1.25063,0.852993,1.03586,0.976013,1.53056,1.38962,2.43098,2.52364,3.22151,2.04009,0.859257,0.618203,2.26838,3.50152,4.17477,4.51282,2.06704,2.50942,4.15031,4.5049,3.75361,2.33216,1.50167,1.50077,3.74486,4.44248,4.9768,5.40838,4.90107,3.21259,2.12051,2.33802,3.11626,3.15838,0.705545,0.328841,1.62205,2.37868,3.51283,4.51467,4.39716,2.70339,1.39619,1.07019,1.87074,3.83523,6.13223,6.28132,2.68604,-0.68887,1.43977,3.6614,2.12477,1.46262,0.762831,1.16337,0.403718,-2.67332,-1.11873,2.58974,4.31475,3.65952,0.432403,-1.01128
1.04336,0.778931,1.16135,1.35081,1.60925,1.8502,1.96353,2.32422,3.09373,3.27686,3.30358,0.848203,1.04819,1.45327,1.75302,2.96396,3.76095,3.0371,2.94226,3.18269,3.23621,3.2551,2.71513,1.20099,1.93476,3.46764,4.67377,5.28752,4.33764,3.74113,3.48261,3.47215,3.84618,3.58335,3.34051,1.05605,0.69143,1.71364,2.003,3.29196,4.17448,3.34433,2.64656,3.09673,3.38124,3.90658,5.23222,7.29984,6.66266,3.23482,0.977433,3.57592,4.19771,1.97621,1.19118,0.647856,0.716693,-0.0226429,-3.02975,-2.2888,3.04634,4.8498,3.65295,0.343711,-0.907114
1.75121,1.7771,1.42664,1.50073,1.73014,1.92359,2.11232,2.65678,3.34297,3.78992,3.50314,1.41585,0.76602,2.24056,2.58041,2.28079,2.00563,2.26025,3.06219,3.111,2.14797,1.67433,2.33,2.04981,2.86794,3.7468,4.02618,3.30726,2.77656,3.08446,3.00123,3.66584,2.77192,1.93194,0.483237,-0.646714,-0.0193856,1.44169,1.85774,3.2884,3.47337,1.82725,1.56792,3.12854,5.23724,7.0599,7.3434,6.0521,4.25994,3.02306,3.30964,3.43999,2.29497,1.65202,1.62733,0.61031,-0.528593,-1.12115,-2.92159,-2.09102,2.66284,4.55572,3.57893,1.01388,-1.16562
2.18229,1.79202,1.62893,1.68163,1.88284,2.00529,2.18536,2.5771,3.60066,4.05239,3.95901,3.17245,1.68753,1.86405,2.96029,3.51122,3.09634,3.12732,4.12531,3.93245,2.80499,2.0073,2.44554,3.67363,4.00323,3.59734,3.58531,3.6801,3.35178,2.13731,1.55117,1.26227,1.88117,0.768099,-1.04919,-1.92547,-0.370549,1.0023,1.05852,2.09361,1.81893,0.523187,1.69981,4.14155,6.24644,8.05928,7.01789,3.10648,1.20215,2.58074,3.45838,2.69561,1.85393,2.2566,2.37217,1.20796,-0.550853,-1.73906,-2.83155,-1.67538,2.47421,4.10726,3.27562,1.60514,-0.216928
1.95912,1.87369,1.713,1.79671,1.70198,2.02251,2.13373,2.73846,2.88646,2.57786,3.09492,3.08456,2.44435,1.57995,1.72817,2.6642,3.08017,3.80466,4.39262,3.738,1.03141,0.867265,2.74723,3.69503,4.07112,3.9422,3.05598,1.92089,1.44015,1.00047,0.445387,1.78148,3.05584,4.06797,1.26921,-0.535957,-1.01377,-0.674939,-0.210143,0.848738,0.883691,-0.207858,0.453713,2.59917,4.06442,6.34445,6.63805,1.8085,0.217548,1.66854,2.75915,3.03109,2.84892,2.39304,1.91952,1.45905,0.439658,-1.03182,-1.93697,-0.339306,2.3676,3.49047,2.95179,2.62856,0.129236
2.11132,1.20958,1.67387,1.65151,1.58593,1.97512,2.52787,2.86506,2.9194,1.9867,1.91407,2.06003,1.8893,0.364899,0.652733,3.38101,3.22941,2.76564,2.06318,0.288402,-0.258089,0.13488,1.79911,3.07369,3.46042,1.88834,0.781196,0.10031,-0.352398,0.1332,0.501487,1.6937,3.42686,4.49417,3.75157,2.06607,-0.759989,-1.61049,-0.123079,1.22549,1.18261,0.499864,0.723545,0.801616,0.848521,3.80514,6.44351,5.06578,1.0004,-0.206185,0.715024,2.24587,2.05091,0.947823,0.973173,1.62225,2.18733,1.19959,-0.149124,-0.113686,0.717973,2.15298,3.08687,3.12582,0.681054
1.8233,1.2814,2.02174,1.98146,2.43745,2.16089,2.56604,2.01721,2.86374,3.87087,3.23461,1.8481,1.15054,0.527507,1.9919,3.41028,1.44541,0.25374,0.655342,0.0294015,0.184187,1.85375,2.65346,2.89436,1.77426,-0.127434,0.123866,0.534746,0.199424,0.220758,0.880536,1.82048,3.69078,5.55955,5.17808,2.49181,-0.894361,-2.08545,-0.810205,1.1025,1.89919,2.07176,3.09216,3.52695,0.907911,1.28284,4.68692,6.02278,3.72152,-0.0678858,-1.39252,0.32028,1.85357,1.80117,1.91388,2.89951,3.38067,2.84426,0.62716,-0.764909,-0.150641,2.80074,4.41873,4.59044,0.978496
2.24038,2.13407,2.25273,2.17972,2.53295,2.94687,2.91554,2.41261,2.51994,3.3015,4.03849,2.08412,0.105242,0.346961,2.02646,2.40128,-0.62258,-1.03969,-0.194807,-0.649752,0.600171,2.27727,3.57044,2.22132,0.562883,-0.105439,0.299541,0.554794,0.181879,0.461737,1.75239,3.15725,4.38672,5.55995,6.21739,3.15132,-0.324915,-1.9476,-1.70328,-0.619065,0.897781,2.34179,4.40911,5.3886,3.70325,2.1466,3.85661,4.73723,3.40872,0.682476,-0.921918,0.261605,3.20575,4.17566,3.71695,3.33237,3.28083,2.42056,-0.00648653,-1.60313,-0.0527358,3.40277,5.40164,5.2272,1.95317
2.86466,2.76713,2.44192,2.33573,2.51167,3.2322,3.3161,3.5221,3.06816,2.38829,1.92613,1.1919,1.1843,1.09888,1.85595,0.818406,-0.748836,-1.30411,-1.14705,-0.471063,0.842747,1.99835,0.523459,-0.842596,-2.10946,-1.24257,-1.23691,-0.920056,-0.251403,1.46726,3.36889,4.2781,4.1245,4.95199,5.86752,3.7036,-0.192731,-1.23924,-1.05252,-1.78342,-0.651638,2.29263,5.51068,6.2962,3.56071,0.887169,2.86073,4.02808,1.25178,-0.898742,0.261044,2.80548,4.02312,4.29246,4.0222,3.02065,1.83454,0.908,-1.62219,-2.52526,0.171674,3.62227,5.59637,4.6918,1.70652
3.5395,3.53269,2.82471,2.64821,3.26074,3.33781,3.60691,3.66165,2.98702,1.87209,1.16339,1.30195,1.25806,1.79015,0.695251,-0.103383,-0.780534,-0.00406297,0.335732,0.0505746,0.715851,2.02647,0.385086,-2.34013,-1.33507,-1.26621,-1.08256,-1.44898,0.482813,3.12368,4.54567,3.87711,3.04422,4.51353,5.47377,2.8572,0.17642,0.205479,-0.608972,-2.02676,-0.662039,2.55114,6.10908,7.38511,3.73231,0.225805,2.50767,3.08273,-0.679812,-2.07556,1.159,3.6111,3.8953,3.85189,3.09854,1.43831,0.536567,0.814775,-0.480164,-0.573262,1.92112,4.57791,4.82211,3.07962,1.08462
3.47202,3.69937,2.84172,2.89969,2.83461,3.17682,3.63051,3.44355,2.20042,0.923738,1.01293,1.69418,2.12386,1.34495,1.11975,-0.075268,-1.25143,-0.088542,1.2022,0.945978,1.20484,3.82151,2.61899,-1.4003,-2.5433,-1.89389,-1.63166,-1.08389,0.778241,4.10635,4.73774,2.51527,1.74527,4.66179,5.36928,2.50101,0.0353113,0.62396,-0.28956,-0.877572,0.783782,3.35432,6.37645,8.05598,4.37579,0.934242,2.48046,0.593224,-1.50686,-0.59659,1.76642,3.23414,3.70314,3.53455,2.39818,0.774466,1.05478,1.84161,1.41715,2.50951,4.2741,4.48526,3.62747,3.31132,3.17014
2.25137,2.73139,3.34898,3.6065,3.24591,3.45302,3.37633,3.31486,1.54529,0.406693,0.964178,2.92113,2.68144,0.896553,1.31472,0.779665,-0.798434,-0.477483,0.795291,0.922869,0.924401,3.19466,2.03915,-1.52049,-2.36259,-1.72631,-1.15875,-0.35374,1.41433,4.39085,4.39585,2.71541,2.0204,4.63212,5.67364,3.01646,0.414168,0.546466,-0.388044,-0.403849,2.71814,4.44201,7.12096,7.23249,4.13128,2.37813,1.62775,-0.571676,-0.620683,1.38079,2.8916,3.29785,2.81348,2.97525,2.80886,1.21241,2.05189,3.40863,3.68583,4.38143,4.54081,3.78141,3.22836,4.16808,4.42554
2.48965,3.2155,3.59549,3.39814,3.31332,3.62466,3.55628,2.31215,1.12074,0.988134,2.79241,3.24132,2.58499,0.868213,1.10256,1.72008,0.703281,0.202639,1.13018,2.2642,2.53637,2.88674,1.19331,-0.318801,-1.09588,-3.05383,-1.6377,-0.0750978,1.4232,2.93482,3.59947,3.68037,3.18212,3.69404,4.65069,2.42077,-0.0487833,-0.0207477,-1.07556,-0.361383,3.57139,5.6281,7.31799,5.12442,2.15189,1.70834,-0.132302,-1.00996,1.26898,3.30768,3.06665,1.33485,0.407624,2.51516,4.52477,3.81215,3.56946,3.94186,4.04318,4.09848,4.50402,3.82973,2.6156,2.8668,3.24461
2.83348,3.44182,3.15924,2.82955,3.13169,2.92399,2.99261,1.64281,1.27152,3.06762,4.02436,1.95802,2.20569,1.18425,0.912649,1.43804,1.64547,1.31039,0.635181,1.91663,3.12728,2.95534,1.5353,0.150851,-0.423359,-1.46246,-1.63994,1.51795,2.50318,2.79963,3.06054,3.57378,3.55827,3.0696,3.3972,1.58651,0.2807,-0.420828,-1.10298,0.550971,4.10284,6.29569,7.32119,4.27013,2.22849,-0.319944,-1.78574,0.56542,3.59882,3.16606,0.703161,-0.142208,0.818446,3.79258,5.71352,4.72139,3.54484,2.97035,2.88178,3.73336,4.70526,4.21243,1.98562,0.859013,1.31955
3.17891,3.03049,2.12598,2.51685,1.65384,2.71459,1.86614,1.90251,3.42759,4.21796,1.88946,-0.280178,0.943418,1.40994,0.744771,1.11972,2.20072,2.41765,2.18263,1.99784,2.42967,3.26059,1.91095,-0.0605751,-0.843795,-0.578898,-0.835472,-0.039902,1.35888,1.40947,2.00912,2.6432,2.39329,2.56395,1.90701,1.73702,1.2866,-0.545175,-0.551625,2.96819,4.97882,6.10453,6.84995,2.85186,-0.795909,-2.59413,-0.100026,2.53253,4.23491,2.10817,0.557992,0.915517,1.88316,4.88101,6.59021,4.93014,3.435,2.55651,2.35057,2.96896,3.22339,3.36571,2.45345,1.1446,2.36217
2.82564,2.14469,2.91677,1.78298,2.10771,2.2832,2.61927,3.93022,4.69412,2.50855,-0.785252,-1.02766,0.806453,0.786582,1.27117,1.95345,1.98311,3.33757,2.07258,1.19182,1.16373,0.825098,1.01223,0.672527,0.683035,2.07086,2.04471,0.593902,1.18731,2.28856,2.4496,2.22331,2.21381,1.51845,1.47475,1.91744,0.550736,-0.199741,0.910572,4.35642,5.0817,5.89332,5.79141,3.03195,-3.33174,-2.457,2.43687,4.15235,3.72556,1.95141,1.07759,1.50258,2.0443,4.78896,6.87455,5.58048,3.8577,2.32782,1.34445,2.34198,3.3099,3.28086,2.31239,2.16954,2.78176
3.49864,2.43182,2.45861,2.73191,3.11628,2.95977,3.47635,4.12178,3.70397,1.01681,-0.372945,1.11533,1.94637,1.1717,1.23838,1.96664,1.94402,2.21166,0.740518,0.0158564,-0.493144,-0.64602,-0.374308,0.612802,1.88335,3.4531,3.20147,1.34069,2.8123,3.91799,4.18171,4.21642,2.16082,0.246302,0.0807323,-0.0925857,-0.859251,-0.50918,2.24263,4.91382,5.10685,5.1389,6.10199,1.00525,-3.52498,-0.526145,4.17881,4.05439,3.05001,1.45961,0.742866,1.08395,1.93411,4.56685,6.14143,5.86399,4.39055,1.8313,0.536231,3.50702,4.95432,2.47209,0.239317,1.15278,3.63427
3.66822,3.22868,3.37902,3.30341,3.48431,3.44264,3.62992,3.34822,0.964425,-1.3456,-0.997462,1.29594,0.921018,0.628495,1.16832,1.92182,1.6043,1.34675,0.537047,-1.08937,-1.33913,-0.46566,0.179304,-0.0536906,1.35101,4.43954,5.36633,3.00976,1.55077,3.16873,3.90837,4.80254,4.53324,1.35597,-0.0938064,-1.30038,-1.33769,2.23384,4.8666,5.38848,5.50703,5.44909,4.77458,-1.16835,-3.63616,0.881211,4.40863,3.56782,2.82094,1.25233,-0.510665,-0.612655,0.802417,2.41934,4.44143,4.76061,5.39105,3.61739,2.15588,4.16373,4.85134,2.83192,1.30879,2.0814,3.45696
4.28999,3.74617,3.61993,3.59433,3.50249,3.11929,2.12321,1.4491,0.533401,-0.840619,-0.456891,0.599171,0.471844,0.613491,1.092,1.04562,1.50575,1.06211,0.99764,-0.407313,-0.935534,-0.585282,0.33992,0.145503,0.429363,3.6009,6.89541,5.06968,1.62689,2.38894,3.13585,3.93788,3.85394,0.368906,-1.06076,-1.53709,0.701751,4.06355,5.83939,5.99002,5.58269,4.74881,0.577088,-3.28069,-1.01786,3.5675,4.41777,3.40833,2.73602,0.365171,-1.71073,-2.39551,-0.711092,2.0925,4.27295,4.42038,4.99109,5.2666,4.9361,4.33903,2.84288,3.0462,4.45706,3.65196,3.02291
4.12983,3.90348,3.70147,3.71632,3.36974,2.56264,1.57992,1.19503,-0.0522176,-0.114975,1.14724,3.31092,3.0478,1.89502,0.796184,1.33953,1.49268,1.53003,1.24252,0.508725,-0.538987,0.0342717,1.773,2.21288,1.44209,2.86208,6.63777,8.70379,6.03673,3.28305,2.87188,3.20066,2.86531,0.334757,-0.586148,0.692939,3.10048,4.32904,5.25799,6.42572,5.57333,0.521965,-2.61735,-0.309093,3.14652,4.12367,3.43387,2.32987,0.739629,-0.522614,-1.19612,-2.20162,-0.00987502,2.79632,4.41567,4.35124,4.05585,4.95566,5.99779,4.38195,1.74148,2.2141,4.89222,4.9342,3.97148
4.64311,4.10454,3.61525,2.93659,3.10498,2.67839,1.75761,0.989166,0.573857,0.665259,1.87634,1.99901,1.8799,0.367937,-0.0521156,0.642521,1.351,1.08249,0.92672,1.33022,0.0532101,0.408851,2.21776,3.01973,4.24697,4.01615,6.54351,8.18421,6.89279,4.16766,2.47715,1.74433,1.92814,0.751957,0.661524,2.62856,3.80933,4.51006,5.10564,6.35977,4.16127,-1.03652,-3.17593,-0.372815,2.66445,3.40403,1.92352,2.52393,2.91099,1.96816,-0.474411,-1.01115,0.819598,2.69712,3.60363,3.74277,3.37184,3.8326,5.35065,4.56143,2.17541,3.16031,5.04338,5.86061,5.7332
4.16786,3.90376,3.20244,3.24837,2.02777,2.1946,1.47646,1.03612,1.97294,2.60996,1.06411,0.766698,0.00299557,-0.952327,-1.00253,-0.358906,-0.244937,0.232135,0.84305,0.808205,0.191639,0.29472,2.16312,3.47942,4.81334,6.08857,7.20896,7.318,5.50481,3.02167,1.54293,0.531361,0.72438,1.41156,1.61045,2.54753,3.97871,4.64346,5.69589,5.87029,2.52723,-1.37903,-1.65783,0.493665,2.11875,2.29998,1.19246,1.98751,2.97511,1.41595,-0.599762,-0.310694,1.54958,1.85629,2.20156,2.49237,2.60662,3.42166,4.52901,4.90052,3.86198,3.86067,4.55733,5.23435,5.84325
