public/uploads/wind/vent_json/20200524/wind_field_06.json
{"header": {"parameterUnit": "m.s-1", "parameterNumber": 3, "dx":  0.051, "dy": 0.036, "parameterNumberName": "northward_wind", "la1": 45.3082, "parameterCategory": 2,"nx": 177, "ny": 123, "refTime": "2018-10-03 01:00:00", "lo1":1.38177}, "data":
[rows 0 to 27 of 123, columns 64 to 127 of 177]
-2.54767,-2.52333,-2.3877,-2.35142,-2.40804,-2.66929,-2.69762,-2.596,-2.75396,-2.70937,-2.65732,-2.49808,-2.32736,-2.3387,-2.64044,-2.72215,-2.68508,-2.57269,-2.76891,-2.7422,-2.6733,-2.92955,-2.84966,-2.89796,-2.80537,-2.82546,-3.00946,-3.29657,-3.43627,-3.65651,-3.81552,-3.78082,-3.96458,-4.01715,-3.83515,-3.88008,-4.00908,-3.99954,-4.33288,-4.41944,-4.50885,-4.43505,-4.20944,-4.18597,-4.2214,-4.19688,-4.04862,-3.76401,-3.76433,-3.80338,-3.94343,-3.77241,-3.48183,-3.02754,-2.72639,-2.72868,-2.70364,-2.52948,-2.70842,-2.56759,-2.38353,-1.90736,-1.42998,-1.32483
-2.43757,-2.46912,-2.40258,-2.2654,-2.27395,-2.62219,-2.43571,-2.26265,-2.5285,-2.40184,-2.49512,-2.53584,-2.24305,-2.29739,-2.4498,-2.3451,-2.40745,-2.50986,-2.74174,-2.80716,-2.54462,-2.88602,-2.86222,-2.94268,-2.87286,-2.91551,-3.0706,-3.27507,-3.31654,-3.64595,-3.8637,-3.77166,-3.69095,-3.66699,-3.74909,-3.80745,-4.08051,-4.10752,-4.38834,-4.43393,-4.50463,-4.42815,-4.22666,-4.18869,-4.22285,-4.22358,-4.11987,-3.88732,-3.94679,-3.92532,-3.98696,-3.83358,-3.68613,-3.24147,-2.99479,-3.0902,-2.85214,-2.77463,-3.08168,-2.96051,-2.78256,-2.30767,-1.65651,-1.61113
-2.31434,-2.39777,-2.4419,-2.27996,-2.09961,-2.51049,-2.13694,-1.99196,-2.31405,-2.13922,-2.16911,-2.54217,-2.3729,-2.55056,-2.16762,-1.95164,-2.02817,-2.50485,-2.60767,-2.90225,-2.75197,-2.90162,-3.01392,-2.96974,-3.01617,-3.08161,-3.19294,-3.30495,-3.26277,-3.49061,-3.74194,-3.92096,-3.36022,-3.44966,-3.98602,-4.10045,-4.27681,-4.39838,-4.45423,-4.45539,-4.41503,-4.34723,-4.29455,-4.21211,-4.15506,-4.14418,-4.14831,-4.16304,-4.08882,-3.99692,-3.79518,-3.69967,-3.73359,-3.52814,-3.52393,-3.72862,-3.03085,-3.34721,-3.33823,-3.13242,-2.74283,-2.47997,-1.76173,-1.61053
-2.21136,-2.21799,-2.21348,-2.40255,-1.83607,-2.41091,-1.89576,-1.94518,-2.38833,-2.51817,-2.06807,-2.43857,-2.6429,-2.59846,-1.75956,-2.1243,-1.92224,-2.39953,-2.68014,-2.71916,-2.86221,-2.60203,-2.74148,-2.88699,-2.97481,-3.08782,-3.20854,-3.3375,-3.43928,-3.65874,-3.88511,-3.88922,-3.54675,-4.06317,-4.26166,-4.29497,-4.33768,-4.41514,-4.46079,-4.45752,-4.39152,-4.31869,-4.25409,-4.20011,-4.19031,-4.22005,-4.24665,-4.22221,-4.14338,-4.01825,-3.84029,-3.71854,-3.71849,-3.77403,-3.7203,-3.67942,-3.05126,-3.41843,-3.35482,-3.04869,-2.0876,-2.20052,-1.51935,-1.78723
-1.80719,-1.95575,-1.54956,-2.1715,-1.52454,-2.33231,-1.67941,-2.37724,-2.29592,-2.4998,-2.31359,-2.06496,-2.31629,-2.36102,-1.66294,-2.16796,-2.33472,-2.06226,-2.61384,-2.09335,-2.68808,-2.30509,-2.30245,-2.79707,-2.99211,-3.14252,-3.27734,-3.41294,-3.60997,-3.73633,-3.82289,-3.93913,-3.71489,-4.0729,-4.01142,-4.28352,-4.3874,-4.42304,-4.40579,-4.36155,-4.29235,-4.23552,-4.20579,-4.2028,-4.23413,-4.2822,-4.30284,-4.27051,-4.17577,-4.0278,-3.8269,-3.68464,-3.69178,-3.8139,-3.42094,-2.91769,-3.14839,-3.30301,-2.87366,-2.80725,-1.84555,-1.59013,-1.58442,-2.22097
-1.21869,-1.86155,-1.39673,-2.14096,-1.94048,-2.37679,-2.11365,-2.41357,-2.37773,-1.98631,-2.50319,-1.73694,-1.77992,-2.02069,-2.06475,-1.89169,-2.21612,-2.0215,-2.3871,-2.0511,-2.42946,-2.42842,-2.19942,-2.87856,-3.05571,-3.18125,-3.33104,-3.44861,-3.58846,-3.7418,-3.84013,-3.95146,-3.66742,-3.67976,-3.63369,-4.22266,-4.34535,-4.32508,-4.2937,-4.24738,-4.20569,-4.1868,-4.19065,-4.23227,-4.28746,-4.3459,-4.35205,-4.31121,-4.20635,-4.0431,-3.85135,-3.70931,-3.6517,-3.71481,-3.22608,-2.72632,-2.79415,-2.71496,-2.20521,-2.28825,-2.12224,-1.34617,-2.05221,-2.03266
-1.56773,-2.25416,-1.98075,-2.4641,-2.56627,-2.4321,-2.42018,-1.76175,-2.18446,-1.91046,-2.27825,-1.50199,-1.99547,-1.82391,-2.03787,-2.114,-1.84931,-2.15785,-2.32298,-2.38037,-2.06811,-2.52686,-2.56982,-2.91583,-3.12214,-3.21731,-3.33291,-3.44037,-3.64882,-3.85623,-4.00605,-3.58588,-3.59426,-3.98604,-4.12454,-4.26812,-4.25765,-4.22224,-4.19024,-4.16763,-4.15563,-4.16831,-4.19586,-4.23427,-4.28446,-4.35785,-4.38569,-4.361,-4.24448,-4.06145,-3.84802,-3.68397,-3.60373,-3.63377,-3.33999,-2.87524,-2.30299,-2.45871,-2.14725,-2.10324,-2.30961,-1.79667,-1.81457,-1.4111
-2.15974,-2.28176,-1.84812,-2.28566,-2.2763,-2.00247,-1.93199,-1.35866,-1.66905,-1.83694,-1.45058,-1.43138,-1.90731,-1.92768,-1.69045,-2.00614,-2.05111,-1.80416,-2.08083,-2.29773,-2.1636,-2.4068,-2.6721,-3.01906,-2.96618,-3.26551,-3.37626,-3.55823,-3.77832,-3.92924,-3.84217,-3.2026,-3.54384,-4.08214,-4.17503,-4.12954,-4.13852,-4.12081,-4.0989,-4.0972,-4.11623,-4.14127,-4.16966,-4.20967,-4.26843,-4.35374,-4.39262,-4.36325,-4.23675,-4.0666,-3.85479,-3.68726,-3.60358,-3.54833,-3.42649,-2.72863,-2.18697,-2.68726,-1.82648,-2.05441,-2.42261,-2.27252,-1.80841,-1.41928
-1.52621,-1.45319,-1.02025,-1.59665,-1.85136,-1.34142,-1.89218,-1.47769,-1.66998,-1.79026,-1.13778,-1.60169,-1.61732,-1.83991,-1.7742,-1.50453,-2.14665,-1.92026,-1.75511,-2.27433,-2.5038,-2.50988,-2.66686,-2.8014,-2.70902,-3.0535,-3.44729,-3.69556,-3.86801,-3.73066,-3.34283,-3.13983,-3.78365,-3.98908,-3.97903,-4.01192,-4.04932,-4.03422,-4.04643,-4.06046,-4.08215,-4.09822,-4.12121,-4.17279,-4.24537,-4.32574,-4.3615,-4.31118,-4.20212,-4.05246,-3.86495,-3.71484,-3.59954,-3.52532,-3.36017,-2.58766,-2.16262,-2.40501,-2.02455,-2.10075,-2.34016,-2.19862,-2.34674,-1.6077
-1.19599,-1.60798,-1.2718,-1.7734,-2.13383,-1.48983,-1.9438,-1.86245,-1.6592,-1.79034,-1.80267,-1.54389,-1.96994,-1.64776,-2.10628,-1.74421,-2.03666,-2.37152,-1.99541,-1.85536,-2.30242,-2.56554,-2.61705,-2.58548,-3.0117,-3.04301,-3.56384,-3.7985,-3.65682,-3.33876,-3.08111,-3.30867,-3.8503,-3.86476,-3.91069,-3.96572,-3.99628,-3.98273,-4.01262,-4.02589,-4.02698,-4.02634,-4.05131,-4.12017,-4.2133,-4.28173,-4.29894,-4.22991,-4.15232,-3.99902,-3.85308,-3.75732,-3.68146,-3.56029,-3.12659,-2.46308,-2.14062,-2.28996,-2.45344,-2.55234,-2.29862,-1.73317,-2.02731,-1.78755
-1.58878,-1.98159,-1.63098,-1.89292,-1.92935,-1.37128,-1.10113,-1.4951,-1.60535,-1.48316,-1.78601,-1.3775,-1.94368,-1.85948,-2.11645,-2.11483,-1.87365,-2.15367,-2.45761,-1.72144,-2.23507,-2.74181,-2.35766,-3.03552,-3.47982,-3.41235,-3.657,-3.78883,-3.33853,-3.05363,-3.26779,-3.63421,-3.66453,-3.72125,-3.81556,-3.88752,-3.94011,-3.93838,-3.95941,-3.95265,-3.93267,-3.92416,-3.96162,-4.05061,-4.15777,-4.21722,-4.21377,-4.14504,-4.0824,-3.91939,-3.83981,-3.82074,-3.74158,-3.56211,-3.13436,-2.52136,-2.1295,-2.26572,-1.89017,-2.70582,-2.39068,-1.77063,-1.19609,-1.88912
-1.40733,-1.3126,-1.04681,-0.747572,-1.05731,-1.06015,-0.884667,-0.895855,-1.29012,-1.27451,-1.24034,-0.957326,-1.53086,-1.76485,-1.88144,-1.91829,-1.945,-1.64681,-2.19098,-2.41858,-2.28949,-2.77911,-2.72257,-3.2223,-3.18284,-3.43142,-3.44304,-3.47243,-3.30305,-3.01122,-3.4547,-3.57867,-3.55787,-3.65965,-3.77558,-3.84869,-3.89487,-3.87353,-3.85619,-3.82887,-3.80212,-3.80499,-3.86496,-3.98527,-4.09492,-4.1425,-4.12256,-4.05962,-3.95842,-3.83868,-3.8341,-3.86912,-3.7955,-3.57642,-3.23377,-2.6953,-2.3136,-2.15372,-1.76769,-2.43675,-2.70438,-2.15932,-1.04058,-2.03656
-0.954612,-0.717415,-0.488658,-0.463826,-0.966452,-1.3205,-1.1172,-0.425605,-0.848457,-1.08186,-1.22276,-0.892558,-1.47946,-1.59827,-1.8061,-1.88697,-2.21406,-1.65706,-2.22872,-2.80485,-2.77185,-2.37552,-3.10952,-2.69441,-2.68561,-3.08319,-3.30013,-3.15622,-3.4443,-3.21804,-3.25569,-3.3923,-3.46151,-3.58358,-3.70165,-3.77491,-3.79097,-3.73926,-3.69988,-3.6693,-3.66064,-3.70007,-3.79082,-3.93399,-4.04056,-4.06867,-4.04185,-3.9467,-3.80599,-3.77777,-3.83056,-3.86928,-3.77947,-3.5421,-3.24278,-2.91621,-2.59687,-2.40802,-2.20394,-2.13708,-2.49437,-2.46759,-1.59673,-1.90251
-1.5789,-1.57934,-1.54126,-1.50645,-1.63997,-1.27461,-0.760256,-0.0642837,-0.923243,-1.1073,-1.33935,-1.38828,-1.18826,-1.82984,-1.58949,-2.19847,-2.05325,-2.27803,-2.89446,-2.40717,-3.08293,-2.14681,-2.90563,-2.53054,-2.82447,-3.06164,-3.24641,-3.27405,-3.28894,-3.36591,-3.04329,-3.32137,-3.42818,-3.55164,-3.62875,-3.659,-3.62476,-3.56558,-3.52827,-3.51848,-3.54651,-3.62433,-3.74428,-3.88889,-3.98097,-3.98967,-3.94424,-3.81025,-3.70121,-3.74441,-3.81763,-3.83234,-3.71919,-3.48106,-3.18855,-2.95599,-2.76453,-2.71286,-2.47739,-2.31739,-1.99329,-2.28335,-2.02913,-1.41037
-1.93843,-1.81494,-1.55938,-0.858211,-0.740859,-0.637554,-0.537149,-0.432217,-1.16251,-1.42067,-1.01833,-1.6613,-1.17092,-2.08512,-1.57442,-2.54146,-2.17267,-2.68421,-2.95201,-1.94003,-2.77372,-2.35107,-2.77633,-2.79641,-2.9608,-3.08012,-3.23701,-3.3718,-3.05943,-3.21496,-2.80355,-3.3015,-3.42874,-3.46405,-3.49729,-3.4988,-3.44859,-3.40718,-3.38225,-3.4164,-3.47636,-3.57439,-3.70314,-3.83423,-3.88868,-3.88537,-3.7869,-3.68111,-3.65079,-3.71175,-3.77576,-3.77066,-3.63136,-3.38605,-3.11312,-2.89984,-2.76194,-2.72412,-2.61457,-2.69006,-2.08407,-1.64521,-2.25726,-1.55071
-0.5986,-0.41606,-0.163671,-0.0875204,-0.0876417,-0.887562,-1.21782,-1.14621,-1.21116,-1.43176,-0.804272,-1.4737,-1.85375,-2.35279,-1.87219,-2.42804,-2.61118,-2.23434,-2.6633,-2.21925,-2.74456,-2.74796,-2.84273,-2.88468,-2.97277,-3.16302,-3.2673,-3.29174,-3.04366,-2.78137,-2.57033,-3.27049,-3.4027,-3.3827,-3.37208,-3.34447,-3.31523,-3.306,-3.30402,-3.36209,-3.44121,-3.54408,-3.66037,-3.75275,-3.76641,-3.72781,-3.61282,-3.561,-3.58992,-3.65521,-3.71034,-3.67885,-3.50468,-3.26478,-3.03506,-2.85802,-2.7276,-2.60658,-2.60645,-2.65913,-2.23449,-1.5581,-2.02747,-1.87141
0.33332,-0.103478,-0.532033,-1.06808,-1.04958,-1.20397,-0.809925,-1.06471,-0.743404,-1.13264,-1.38348,-1.49745,-2.22677,-2.49462,-1.9782,-1.71048,-2.49613,-2.28553,-2.81216,-2.82552,-2.90623,-2.9471,-2.99056,-2.95326,-3.11215,-3.21015,-3.24744,-3.24012,-2.93464,-2.47604,-2.70244,-3.22871,-3.25598,-3.32454,-3.26778,-3.20876,-3.18729,-3.22967,-3.26394,-3.33295,-3.41635,-3.52011,-3.61115,-3.65439,-3.63205,-3.53335,-3.45553,-3.43308,-3.49364,-3.58413,-3.62337,-3.55044,-3.36572,-3.1709,-2.99559,-2.83488,-2.67761,-2.55744,-2.51841,-2.46667,-2.126,-1.69513,-1.39243,-1.53711
-0.967382,-1.23993,-1.16419,-1.39318,-0.707256,-0.686029,-0.00276362,-0.617019,-0.948836,-1.14206,-2.21422,-1.75247,-2.06862,-2.21817,-2.18717,-1.71304,-2.44939,-2.68745,-3.00945,-3.069,-3.01844,-3.02426,-3.0852,-3.08937,-3.14597,-3.17062,-3.20544,-3.16463,-2.83315,-2.55267,-2.85108,-3.06054,-3.10302,-3.13566,-3.2127,-3.15859,-3.14654,-3.1899,-3.23183,-3.3117,-3.39827,-3.49161,-3.55547,-3.56104,-3.48885,-3.36718,-3.3026,-3.32144,-3.418,-3.50772,-3.50875,-3.42008,-3.28684,-3.15548,-3.00844,-2.8286,-2.65226,-2.54302,-2.54607,-2.20616,-1.84584,-1.47438,-1.11445,-1.4419
-0.292258,-0.0785939,0.529131,-0.619943,-0.224963,-0.870994,-0.634381,-1.36952,-1.88521,-1.37101,-1.82521,-1.70531,-1.88816,-2.07593,-2.54853,-2.10696,-2.74086,-2.42593,-3.11645,-3.12382,-3.08213,-3.10175,-3.13789,-3.11855,-3.17026,-3.19034,-3.17987,-3.0974,-2.93012,-2.75829,-2.79131,-3.02394,-3.22806,-2.98319,-3.09748,-3.00977,-2.97783,-3.11674,-3.19995,-3.27586,-3.37908,-3.46764,-3.5096,-3.47014,-3.36219,-3.25042,-3.2071,-3.27501,-3.37667,-3.4233,-3.39999,-3.34714,-3.2847,-3.19157,-3.03549,-2.8239,-2.65038,-2.58803,-2.60714,-2.27469,-1.7251,-1.32012,-1.30425,-1.76193
0.9207,0.687381,1.02097,-0.697914,-0.724164,-1.08994,-1.1392,-2.16941,-1.54223,-1.55634,-1.06065,-1.78838,-1.41661,-2.44822,-2.57706,-1.9397,-3.02622,-2.46728,-2.92781,-3.09267,-3.10702,-3.11854,-3.10273,-3.09527,-3.16188,-3.1929,-3.16116,-3.08768,-3.04299,-2.8507,-2.63903,-2.95024,-3.08029,-3.09248,-3.27985,-2.72708,-2.85201,-3.13148,-3.19075,-3.2291,-3.34912,-3.45368,-3.46411,-3.38771,-3.27107,-3.18183,-3.19885,-3.29043,-3.35501,-3.36475,-3.35436,-3.34497,-3.30869,-3.20442,-3.0247,-2.80906,-2.68412,-2.68014,-2.68295,-2.59103,-1.80591,-1.23604,-1.67016,-1.40737
-0.553753,-0.32418,0.550199,-0.728469,-1.30562,-1.46892,-1.74868,-2.17207,-1.24546,-1.87696,-1.81323,-1.9174,-1.27567,-2.78437,-2.53712,-1.98691,-2.78588,-2.7915,-2.39382,-2.89305,-3.08657,-3.0993,-3.05734,-3.08294,-3.16363,-3.18369,-3.1584,-3.1084,-3.09643,-2.79022,-2.42075,-2.36595,-2.26878,-3.01075,-2.91742,-2.8228,-2.8498,-3.05156,-3.11779,-3.1969,-3.32983,-3.41469,-3.38814,-3.29395,-3.19301,-3.16429,-3.23939,-3.32784,-3.36335,-3.3664,-3.37436,-3.36619,-3.29581,-3.14773,-2.95673,-2.79259,-2.76473,-2.79895,-2.77173,-2.6946,-1.82334,-1.31684,-1.48711,-1.01425
-0.646408,-0.308851,-0.125649,-1.52232,-2.39029,-1.79559,-1.8504,-1.85057,-2.19563,-2.02655,-2.6834,-2.27564,-1.93772,-2.60433,-2.74965,-2.28437,-1.99729,-2.82279,-2.46123,-2.98705,-3.10705,-3.09161,-3.06387,-3.08923,-3.15374,-3.17376,-3.16727,-3.12787,-3.14423,-2.72347,-2.29098,-2.03738,-1.95206,-2.55578,-1.8396,-2.60458,-2.69838,-2.98365,-3.10901,-3.23028,-3.31367,-3.32833,-3.26551,-3.16862,-3.11691,-3.16735,-3.27871,-3.36254,-3.39458,-3.40538,-3.4081,-3.3573,-3.22716,-3.03284,-2.86449,-2.80903,-2.88816,-2.93589,-2.86874,-2.68894,-2.04596,-1.60881,-1.29519,-1.11159
0.350009,-0.563211,-1.44487,-1.78871,-1.68617,-1.44286,-1.95689,-1.93897,-2.50247,-2.57028,-2.77622,-2.86962,-2.54087,-2.2775,-2.73085,-2.16964,-2.08395,-2.87101,-2.94483,-3.03493,-3.048,-3.08262,-3.10571,-3.11812,-3.16205,-3.18526,-3.18684,-3.1756,-3.1903,-2.7772,-2.43961,-2.22101,-2.01978,-2.58119,-2.19869,-2.3679,-2.84795,-3.21094,-3.29064,-3.31369,-3.28582,-3.22326,-3.12084,-3.03436,-3.03577,-3.14654,-3.28372,-3.37282,-3.4153,-3.43218,-3.40414,-3.29393,-3.11211,-2.91399,-2.83192,-2.89492,-3.02991,-3.05427,-2.9223,-2.67449,-2.44844,-1.96244,-1.59702,-1.21089
-0.929863,-1.49351,-1.10493,-1.22705,-0.901345,-1.8738,-2.38029,-2.65535,-2.15745,-2.70222,-2.70713,-2.898,-2.54444,-2.45026,-2.34464,-1.86448,-2.7614,-3.01655,-2.98687,-2.96784,-2.98162,-3.05075,-3.10744,-3.16924,-3.21068,-3.20747,-3.2108,-3.20652,-3.28223,-3.09189,-3.11281,-2.3406,-2.44765,-2.90465,-3.18524,-3.04486,-3.07249,-3.3381,-3.30971,-3.28961,-3.25688,-3.15532,-3.01949,-2.93318,-2.96167,-3.10179,-3.25299,-3.34883,-3.39632,-3.3982,-3.31745,-3.17088,-2.97685,-2.86788,-2.91014,-3.03341,-3.1271,-3.08966,-2.91646,-2.69944,-2.61027,-2.35405,-1.7593,-1.29484
-1.31696,-0.810067,-0.0560487,-1.38141,-2.13999,-2.17517,-2.3785,-2.86099,-2.78942,-2.38635,-3.10295,-2.71063,-2.13448,-2.82837,-2.24605,-1.97959,-2.9223,-2.98043,-2.92756,-2.91137,-2.91011,-2.97774,-3.0949,-3.24397,-3.2787,-3.2474,-3.19797,-3.21397,-3.20868,-3.17624,-3.2785,-2.17646,-3.2272,-3.0367,-3.25081,-3.22973,-3.36126,-3.50953,-3.3677,-3.32458,-3.28743,-3.14753,-2.99854,-2.91329,-2.94073,-3.07776,-3.2257,-3.31847,-3.35423,-3.29997,-3.16691,-3.00725,-2.87044,-2.91147,-3.03138,-3.13592,-3.14183,-3.04704,-2.89665,-2.77247,-2.71122,-2.64721,-1.86961,-1.33845
-0.196802,-0.371967,-0.601869,-1.54487,-2.64667,-2.29255,-3.01927,-2.68621,-3.07023,-2.99706,-3.23599,-2.84193,-2.09948,-2.98382,-2.35683,-2.44594,-2.93952,-2.96036,-2.92267,-2.87328,-2.88814,-2.936,-3.15204,-3.27193,-3.29016,-3.23445,-3.16833,-3.24458,-2.91252,-2.69777,-2.42262,-1.98704,-3.0519,-3.38611,-3.36418,-3.12004,-3.49387,-3.63978,-3.56536,-3.48253,-3.37047,-3.19728,-3.05393,-2.97883,-2.99047,-3.11015,-3.24754,-3.31863,-3.31035,-3.17338,-2.99377,-2.84076,-2.82867,-2.9753,-3.10441,-3.15383,-3.10283,-3.00838,-2.91838,-2.87527,-2.85404,-2.79824,-1.93673,-1.39146
-1.1894,-2.06273,-1.83302,-2.40289,-2.49091,-2.84886,-3.18956,-3.04092,-2.57917,-3.14206,-2.93597,-3.22189,-2.49475,-3.13972,-2.5033,-2.8468,-2.97516,-2.92476,-2.90876,-2.93336,-2.93461,-3.14896,-3.27572,-3.40907,-3.31889,-3.25487,-3.21468,-3.33094,-2.88666,-2.51706,-2.19946,-2.05286,-2.89698,-3.7576,-3.82444,-3.8132,-3.53128,-3.67132,-3.63153,-3.5308,-3.41746,-3.27425,-3.15317,-3.10166,-3.11857,-3.22848,-3.33546,-3.35447,-3.24057,-3.03334,-2.82142,-2.7403,-2.85227,-3.01102,-3.10475,-3.12146,-3.07588,-3.03171,-2.99859,-2.98858,-2.93652,-2.83084,-1.99339,-1.45355
-1.12588,-2.06706,-1.86652,-2.70115,-2.91431,-2.74998,-2.9181,-3.40526,-2.52348,-2.82882,-3.30737,-3.5183,-3.03278,-3.26133,-2.78413,-2.87776,-2.9203,-3.04313,-3.09309,-3.13541,-3.10877,-3.08989,-3.37428,-3.23307,-3.29269,-3.26239,-3.36758,-3.48271,-3.25897,-2.78123,-2.5789,-2.1857,-3.67048,-4.03752,-4.03,-4.02858,-3.78363,-3.76103,-3.64457,-3.53578,-3.41769,-3.29377,-3.22394,-3.24832,-3.30973,-3.41734,-3.46846,-3.38303,-3.15891,-2.90274,-2.7444,-2.78039,-2.91473,-3.01928,-3.07401,-3.10326,-3.105,-3.11183,-3.09813,-3.05937,-2.95053,-2.81311,-2.06866,-1.55297
