public/uploads/wind/vent_json/20200524/wind_field_06.json
{"header": {"parameterUnit": "m.s-1", "parameterNumber": 2, "dx": 0.051, "dy": 0.036, "parameterNumberName": "eastward_wind", "la1": 45.3082, "parameterCategory": 2,"nx": 177, "ny": 123, "refTime": "2018-09-30 00:00:00", "lo1":1.38177}, "data":
[rows 28 to 55 of 123, columns 64 to 127 of 177]
2.26697,2.08154,2.31075,2.99618,3.76588,4.00822,4.16909,3.89693,3.71368,4.3981,4.61916,4.36169,4.44413,4.4956,4.65078,4.92244,5.05836,5.12451,5.06178,5.05626,4.67148,4.0527,4.30701,4.64593,4.84628,4.96638,4.40389,3.93198,3.48789,3.07125,2.93352,3.43561,4.28013,4.8526,5.12171,5.50974,5.94546,6.30912,6.64141,7.03795,7.45738,7.74138,7.751,7.48622,7.13281,6.93702,6.98139,7.20947,7.50087,7.68232,7.68844,7.57241,7.43775,7.35153,7.28793,7.22849,7.15611,7.06942,6.95287,6.70187,6.35156,5.7057,4.60857,3.51333
2.19991,2.81482,3.80417,3.69915,3.30394,3.82188,4.19529,4.52412,4.6492,4.55344,4.48284,4.50956,4.60754,4.81702,4.78208,4.22723,3.61031,3.72148,4.38952,4.98158,4.77129,4.19888,4.40762,4.70021,4.77237,4.85827,4.36786,3.83276,3.3782,3.06156,3.13875,3.34385,3.73728,4.72594,5.36529,5.7078,6.14401,6.52718,6.91345,7.3269,7.66828,7.79422,7.6582,7.35161,7.07182,7.00199,7.18188,7.49214,7.74375,7.80799,7.69731,7.53805,7.40971,7.31999,7.2729,7.26701,7.26648,7.25084,7.1483,6.89087,6.48314,5.84229,4.89431,3.8034
2.6429,2.6997,2.85825,3.60498,3.77491,3.57334,4.25412,4.11228,3.59836,4.23927,4.62,4.51989,4.74987,4.75914,4.32239,3.75199,3.46334,3.45154,3.50461,3.99575,4.27038,3.98695,4.41988,4.83792,4.54113,4.58847,4.28891,3.73942,3.38223,3.22645,3.3656,3.58079,4.08351,4.9476,5.52129,5.90625,6.3657,6.8253,7.24726,7.59039,7.78697,7.7476,7.49308,7.18898,7.03741,7.13011,7.40013,7.69413,7.86192,7.83965,7.69281,7.51444,7.36176,7.28892,7.31245,7.38037,7.44497,7.45924,7.33935,7.06609,6.59501,6.10797,5.39855,4.28092
2.84802,3.02059,3.13486,3.1978,3.79539,3.77042,3.70136,4.29966,4.44328,4.33608,4.27354,4.32644,4.17142,4.10041,4.49953,4.40537,3.964,3.7827,3.86959,3.91411,3.71905,3.65866,4.04198,4.71439,4.95067,4.63213,4.20869,3.77217,3.53411,3.5514,3.65632,3.81944,4.50166,5.28968,5.6725,6.10267,6.65301,7.18472,7.59122,7.83838,7.86687,7.67283,7.37777,7.14592,7.09072,7.23935,7.51259,7.76163,7.87427,7.83543,7.68119,7.47084,7.3187,7.32175,7.4468,7.58505,7.6704,7.64364,7.50284,7.21328,6.73861,6.16823,5.41831,4.58926
3.50982,3.18192,3.5428,3.70542,3.13469,3.2371,4.15197,3.92159,3.50424,4.24675,4.74496,4.63384,4.52549,4.59644,4.65417,4.64863,4.63041,4.58151,4.57568,4.5423,4.20657,3.68036,3.83281,4.59126,4.7595,4.54583,4.24805,3.91727,3.60806,3.63484,3.9368,3.72218,4.016,5.19508,5.91407,6.34658,6.97593,7.53842,7.91576,8.05142,7.91907,7.62449,7.34045,7.18713,7.19925,7.34698,7.56255,7.7574,7.8539,7.80484,7.62856,7.43093,7.35628,7.46316,7.65803,7.79959,7.84723,7.79329,7.63317,7.31401,6.82389,6.22815,5.54138,4.84578
3.27226,3.30971,3.22597,3.76038,4.0824,4.04064,3.81175,4.07874,4.12309,3.74314,4.07101,3.82941,3.55655,4.18307,4.50635,4.63368,4.74106,4.40837,3.50204,3.32268,4.18943,4.55899,4.70644,4.8016,4.6359,4.49136,4.29434,4.01213,3.73036,3.74859,3.89486,4.15236,5.02557,5.67322,6.07845,6.67912,7.30912,7.84432,8.17026,8.19842,7.95361,7.61512,7.3706,7.27693,7.30303,7.42026,7.59503,7.75809,7.81438,7.72459,7.55558,7.45434,7.51699,7.67262,7.81899,7.92878,7.97383,7.87504,7.64249,7.30111,6.87117,6.31384,5.70141,5.09688
2.48153,3.39338,3.67012,3.41975,3.77124,3.78724,3.81371,4.08174,4.24071,3.63536,3.11259,3.98607,4.14586,3.97314,4.61567,4.62404,4.52174,4.33178,3.65803,3.19938,3.50529,4.38197,4.73674,4.74006,4.64703,4.40528,4.30577,4.11127,3.91102,3.73239,3.80062,4.61117,5.39255,5.9523,6.50276,7.05129,7.60304,8.06545,8.32045,8.26451,7.95402,7.61683,7.42668,7.37931,7.40274,7.48798,7.63248,7.75306,7.75357,7.64567,7.55739,7.58428,7.68948,7.82377,7.94746,8.00284,7.97045,7.83132,7.60121,7.30227,6.95449,6.44593,5.90388,5.30153
2.90873,2.95132,3.41078,3.39386,3.67189,3.61498,3.29896,3.92067,3.70554,3.19179,3.71055,4.11747,4.38482,4.70288,4.81564,4.95071,4.8372,4.66639,4.27005,3.79698,3.45715,3.75314,4.71986,4.96058,4.55025,4.33494,4.27254,4.19755,4.03614,4.02747,4.35769,4.96395,5.70432,6.37924,6.90698,7.37091,7.82142,8.20647,8.38743,8.24868,7.90478,7.61314,7.49486,7.48177,7.49537,7.56081,7.68322,7.75962,7.71725,7.63723,7.63297,7.70103,7.80389,7.92284,7.9976,7.98265,7.89059,7.74595,7.5848,7.39484,7.12001,6.62403,6.06364,5.4415
2.95164,2.91011,2.42495,2.6136,3.76622,4.2449,3.62774,3.04158,3.52608,3.49436,3.33004,4.03879,4.46141,4.64458,4.50074,4.72479,5.06258,4.73873,4.48083,4.09074,3.71412,3.93713,4.69784,4.90216,4.56549,4.28664,4.22716,4.27406,4.30221,4.37891,4.70362,5.29643,6.06946,6.78685,7.27077,7.62696,7.98482,8.30292,8.392,8.16121,7.81481,7.60984,7.57349,7.57639,7.58124,7.65568,7.76571,7.79403,7.72697,7.65582,7.66275,7.75721,7.89691,8.00336,7.99973,7.89882,7.78824,7.72675,7.70733,7.623,7.34115,6.78683,6.04248,5.43741
1.79945,2.50368,3.0239,3.1447,3.17783,3.14941,3.66646,3.42927,2.92052,3.42192,3.93569,4.17181,4.36639,4.53607,4.62559,4.84435,5.04876,4.87488,4.63717,4.35641,4.1618,4.17465,4.6364,4.80419,4.54074,4.26545,4.25614,4.42744,4.59073,4.74525,5.05798,5.66385,6.4401,7.11555,7.53708,7.81486,8.10265,8.34228,8.31792,8.02239,7.73161,7.63135,7.64767,7.6537,7.67977,7.77819,7.85268,7.81215,7.71156,7.66506,7.72035,7.85598,7.9974,8.04195,7.96481,7.83932,7.78127,7.82487,7.88072,7.82673,7.49855,6.86916,5.87072,4.46749
2.12434,2.04935,2.55435,3.52894,3.93326,3.43519,3.19312,3.24451,3.04344,3.08191,3.63504,4.1226,4.01523,4.015,4.60391,5.04397,5.04561,5.04051,4.86955,4.57546,4.36187,4.39641,4.60847,4.69883,4.54731,4.33174,4.3878,4.49946,4.63311,4.95819,5.28646,5.94531,6.7596,7.32019,7.70035,7.94497,8.15867,8.2881,8.16698,7.88517,7.6983,7.67683,7.70688,7.72894,7.79877,7.88189,7.85312,7.73075,7.64876,7.69095,7.83986,8.00995,8.10762,8.08421,7.98623,7.8927,7.86549,7.92787,7.99191,7.93123,7.509,6.83689,5.80508,4.80661
2.26535,2.71915,2.97557,3.57022,3.13015,2.36459,1.92008,2.09093,3.18131,3.43575,3.0049,3.27766,4.20203,4.34895,4.11034,4.78495,5.185,5.1296,5.05348,4.81647,4.53087,4.41624,4.55328,4.68725,4.62626,4.48183,4.59054,4.75335,4.82181,5.25353,5.90253,6.39962,6.93338,7.44903,7.78737,7.95897,8.08507,8.12825,7.99579,7.79456,7.70009,7.71754,7.75888,7.82311,7.90017,7.86904,7.71076,7.5942,7.65359,7.83794,8.04694,8.2142,8.26429,8.19411,8.06802,7.95962,7.9501,8.02379,8.03399,7.84539,7.32014,6.66039,5.81203,4.22625
1.6768,2.73333,2.98069,2.51926,2.85687,3.11233,2.54879,2.45762,3.07202,3.36918,3.62034,3.69713,3.84999,4.59327,4.99467,5.05326,5.09428,5.18351,5.21461,5.0651,4.77321,4.53363,4.5284,4.66533,4.72398,4.71798,4.81444,5.08149,5.46581,5.84675,6.17604,6.56745,7.06099,7.51237,7.7696,7.86956,7.93376,7.94692,7.85126,7.72714,7.69262,7.74269,7.82799,7.91539,7.90453,7.72057,7.52457,7.54598,7.79539,8.13232,8.37367,8.43393,8.37454,8.25209,8.10358,8.01776,8.02174,8.00689,7.84899,7.53337,6.99356,6.46816,5.7218,4.31412
1.46239,2.04301,2.66182,2.62278,2.45958,3.00809,2.90945,2.35482,2.59345,3.10585,3.2475,3.83434,4.49428,4.19991,4.072,4.79693,5.17063,5.21171,5.33776,5.31083,5.08421,4.78202,4.62653,4.68187,4.81369,4.93294,5.10529,5.37464,5.7083,6.04502,6.35029,6.7009,7.14026,7.52351,7.71076,7.75463,7.76683,7.76271,7.71222,7.65946,7.68354,7.7827,7.90318,7.944,7.79913,7.54878,7.45831,7.69466,8.1277,8.47491,8.5747,8.50674,8.37338,8.19875,8.05817,7.98792,7.95448,7.87023,7.61384,7.20514,6.69453,6.29308,5.68783,4.58597
2.05786,1.80051,1.32596,2.17673,2.79008,2.5094,2.58943,3.2857,3.10328,2.47532,2.64698,2.93224,3.61007,4.74388,5.26577,5.10347,5.10856,5.28823,5.45874,5.53211,5.39501,5.04799,4.72018,4.67407,4.8771,5.13699,5.40225,5.6837,5.96254,6.21006,6.45848,6.81811,7.24851,7.54794,7.63997,7.62135,7.58926,7.57673,7.57816,7.61335,7.70676,7.83547,7.93337,7.89353,7.69411,7.52479,7.60897,7.94894,8.34303,8.57859,8.57565,8.4125,8.21123,8.02925,7.89993,7.85405,7.8346,7.67182,7.28202,6.83466,6.43129,5.94028,5.3975,4.77773
2.42054,1.60886,0.837707,1.38247,2.64026,3.03511,2.94607,3.19279,3.06403,2.95295,3.2804,3.63304,3.93519,4.41903,5.12962,5.44667,5.29259,5.39374,5.59756,5.73429,5.65113,5.29165,4.87348,4.76011,5.00783,5.39135,5.73966,6.00863,6.19211,6.34211,6.59783,7.0008,7.36497,7.51454,7.52733,7.51497,7.46635,7.42318,7.47182,7.59977,7.73622,7.85631,7.90815,7.84367,7.71584,7.67566,7.82116,8.07431,8.30473,8.40683,8.34239,8.1567,7.93057,7.75232,7.68261,7.66793,7.56219,7.24688,6.78303,6.33557,5.73069,4.54989,3.55206,3.05952
2.24199,1.22172,1.10075,1.523,2.19557,3.0985,3.24117,3.12192,3.32514,2.89515,2.82754,3.58228,4.20696,4.89349,5.40653,5.44073,5.49348,5.59511,5.79265,5.94174,5.87975,5.55009,5.09917,4.87999,5.0811,5.5424,5.99366,6.26455,6.35486,6.46624,6.77661,7.17401,7.40626,7.45933,7.50157,7.51163,7.39187,7.29473,7.38671,7.57344,7.72657,7.82993,7.87024,7.85166,7.81451,7.78638,7.80048,7.87298,7.96011,7.98396,7.91783,7.75262,7.54259,7.37629,7.32223,7.2966,7.04781,6.70378,6.26646,4.95083,4.10044,4.77228,4.72457,3.32718
1.82185,1.38192,1.42138,1.82801,2.17711,2.54256,3.25729,3.37482,3.1964,3.39484,3.45114,3.68213,4.25212,4.66293,5.26355,5.63665,5.65632,5.81771,5.99979,6.1021,6.0679,5.82194,5.39069,5.08374,5.21097,5.68498,6.16603,6.40593,6.45151,6.59068,6.93721,7.29287,7.46378,7.5325,7.60643,7.54735,7.32707,7.1986,7.32021,7.54789,7.7007,7.80084,7.8744,7.85612,7.75395,7.62712,7.49546,7.41755,7.40817,7.3952,7.30178,7.14619,6.96324,6.77423,6.79757,6.59738,6.00448,5.86725,5.88489,5.53727,4.65257,3.92361,4.50607,4.27518
1.69262,1.51594,1.4383,2.04434,2.72223,2.99417,3.11168,2.96204,3.27476,3.48,3.32124,3.75323,4.23095,4.90807,5.38246,5.52679,5.79704,6.02314,6.13734,6.19145,6.20831,6.06436,5.69291,5.37091,5.42041,5.80391,6.22218,6.44047,6.54017,6.77849,7.17183,7.45579,7.55045,7.63459,7.67656,7.52116,7.27159,7.20466,7.39269,7.59689,7.68668,7.72675,7.72669,7.63823,7.44642,7.23316,6.9831,6.79431,6.71623,6.69231,6.57584,6.413,6.20351,6.00609,6.00498,6.0166,5.98252,5.31581,4.14,3.83056,4.70621,4.99331,3.97212,3.58974
1.26691,1.34815,1.9219,2.24682,2.12344,2.53839,2.95624,2.69633,2.99028,3.85609,3.70484,3.52397,4.41574,5.13611,5.27592,5.53915,5.90335,6.14918,6.17952,6.1684,6.22331,6.1961,5.99013,5.74892,5.66373,5.8333,6.14124,6.42133,6.73554,7.14823,7.48073,7.56812,7.5833,7.66985,7.64019,7.42655,7.27916,7.35457,7.52995,7.63448,7.62227,7.50354,7.33367,7.12312,6.83295,6.54042,6.07003,5.64656,5.67349,5.89634,5.80126,5.51824,5.99518,5.74589,5.35463,5.81042,5.80188,5.64023,5.19073,4.19476,3.98027,4.88029,5.14708,4.20951
0.948959,1.47793,2.11956,2.47004,2.76995,2.83606,2.44753,2.82841,3.6777,4.01033,4.31942,4.16995,4.05264,4.85385,5.33902,5.54978,5.97392,6.19265,6.12948,6.03209,6.10912,6.26866,6.30196,6.16248,5.95736,5.89116,6.08742,6.53023,7.12359,7.64029,7.77525,7.6274,7.62153,7.70532,7.60143,7.4015,7.35318,7.47513,7.59537,7.56151,7.362,7.03774,6.70203,6.36296,5.98623,5.30385,4.87015,5.18526,5.01642,4.47068,4.79364,5.89476,6.12607,6.07648,5.50044,4.98602,5.42006,5.06954,4.39733,4.41733,4.60711,5.05855,5.55627,5.27993
1.09946,1.96884,2.49023,2.51701,2.67414,2.67812,2.89467,3.39981,3.67511,4.17084,4.62878,4.98241,5.20845,5.09238,5.2107,5.60194,5.98087,6.08456,5.92523,5.76462,5.94594,6.40094,6.68883,6.56548,6.18794,5.9466,6.15461,6.7993,7.59308,8.06983,7.9468,7.6865,7.70202,7.71073,7.54073,7.43223,7.49128,7.55956,7.51611,7.28325,6.84998,6.32737,5.84519,5.4399,4.71592,4.51321,5.14702,5.02937,4.74832,5.4768,5.69436,5.35352,5.24497,5.30673,5.71953,5.42161,4.51474,4.2738,4.38755,4.38134,4.36048,4.33053,4.35895,4.20021
1.37241,2.0422,2.15126,2.02444,2.09439,2.88486,3.11763,3.08127,3.83525,3.98586,4.09364,5.04859,5.42611,5.32047,5.45598,5.76806,5.92682,5.77117,5.52721,5.51867,5.96931,6.67292,7.06938,6.87528,6.4026,6.14915,6.43441,7.17421,7.95792,8.24695,7.99254,7.79751,7.78635,7.70544,7.58462,7.53656,7.53911,7.44866,7.16033,6.65088,5.97623,5.34842,4.49657,4.27345,5.08327,4.85667,4.2917,5.05566,5.1438,4.90242,5.62291,5.5059,5.02627,5.58572,5.26996,4.46435,4.79419,4.70879,4.30497,4.26147,4.09651,4.06632,4.02178,3.82306
1.66195,2.03739,1.93204,2.09531,2.14697,2.43322,3.32992,3.59477,3.6615,4.47903,5.2271,5.44548,5.52601,5.49483,5.66065,5.94285,5.82417,5.3509,5.03681,5.2499,6.02917,6.94061,7.3797,7.15262,6.69994,6.5416,6.86404,7.53946,8.12252,8.19645,7.99232,7.92338,7.87403,7.73049,7.57266,7.47525,7.34981,6.99131,6.40874,5.63417,4.50555,4.12123,4.84379,4.81813,3.89154,3.63996,3.66488,4.04669,5.07681,5.32378,4.74252,4.35529,4.00692,3.90789,4.32342,4.25136,3.65323,3.37278,3.29732,3.29496,3.32131,3.33425,3.34677,3.29467
1.66531,1.74073,1.35762,1.43858,2.26153,2.76493,3.0852,3.78282,4.11283,4.29979,5.2111,5.8088,5.74521,5.62753,5.80683,6.06174,5.74568,5.01239,4.68119,5.15952,6.18984,7.16303,7.58691,7.43397,7.12165,7.06424,7.33206,7.80846,8.11705,8.07123,8.01825,8.08068,7.96745,7.65579,7.34105,7.12805,6.73421,6.1756,5.45998,4.79532,4.85379,4.48089,3.70346,3.40034,3.69007,4.21905,4.27984,4.05003,4.17156,4.65801,4.458,3.76748,3.27232,2.88197,2.60228,2.4308,2.42228,2.45181,2.48533,2.54642,2.70457,2.90459,3.04786,3.08191
1.36514,1.54992,1.55575,1.49616,1.86145,2.54106,3.02008,3.52533,4.2216,4.74477,5.4124,5.92129,5.94319,5.81267,5.93623,6.11955,5.78028,5.03427,4.73666,5.3292,6.3625,7.20055,7.60219,7.66134,7.60542,7.60511,7.71662,7.91932,7.99716,7.98159,8.11107,8.1869,7.8164,7.19955,6.65646,6.24865,5.60649,4.86442,4.93603,4.99906,4.10892,3.61495,3.96011,3.93825,3.74294,3.63989,3.59034,3.75842,3.64129,3.02136,2.38961,2.03281,1.82116,1.6956,1.60958,1.58479,1.61449,1.69897,1.84282,2.05674,2.29181,2.50717,2.64413,2.67527
1.26782,1.69152,1.74006,1.79979,2.23393,2.85564,3.50664,3.64415,3.8699,4.83127,5.64224,5.96002,6.11305,6.07937,6.10886,6.19083,5.91375,5.30568,5.12738,5.69707,6.44813,6.96644,7.39227,7.80412,8.04217,7.99687,7.86061,7.79801,7.79497,7.98438,8.14141,7.85216,6.95953,5.89277,5.02465,4.20318,3.7617,3.86712,3.59718,3.32753,3.71531,3.5525,2.86407,2.80058,3.2952,3.78123,3.73864,3.2984,2.56737,1.81747,1.56979,1.51327,1.35765,1.22154,1.12026,1.08214,1.1728,1.34083,1.51148,1.69817,1.89498,2.05026,2.12946,2.18414
1.42704,1.40858,1.54468,1.9794,2.48953,2.77165,3.16132,3.89837,4.19776,4.63621,5.52901,6.10611,6.27728,6.36951,6.30536,6.24064,6.04393,5.73148,5.74363,6.10458,6.35848,6.59085,7.13976,7.87107,8.26336,8.13513,7.77158,7.52746,7.62787,7.29347,6.68083,6.09085,4.72139,3.046,2.26674,3.08147,4.24532,4.39693,3.89675,3.11857,2.49153,2.52475,2.71206,2.81751,2.83945,2.79509,2.8499,2.59733,1.77509,1.28419,1.45513,1.39299,1.14757,1.01844,0.860939,0.833223,0.972598,1.15241,1.27302,1.39595,1.52845,1.62538,1.70585,1.82109
