public/uploads/wind/vent_json/20200524/wind_field_04.json
{"header": {"parameterUnit": "m.s-1", "parameterNumber": 2, "dx": 0.051, "dy": 0.036, "parameterNumberName": "eastward_wind", "la1": 45.3082, "parameterCategory": 2,"nx": 177, "ny": 123, "refTime": "2018-09-30 00:00:00", "lo1":1.38177}, "data":
[rows 84 to 111 of 123, columns 64 to 127 of 177]
4.29885,4.32254,3.85995,3.57997,2.56406,0.41862,-0.121453,0.0267682,-1.02486,-2.44665,-4.16185,-4.83766,-4.20232,-3.69859,-0.990759,1.97521,3.56924,1.40898,-0.107638,-0.735471,-0.463875,0.640435,1.66401,0.841155,-1.72279,-3.84158,-0.662542,0.180613,-1.01209,-2.0569,-3.42731,-1.53773,0.441022,0.0659406,-1.23441,-2.17782,-0.8891,1.63536,3.17408,4.12218,3.58212,1.01768,-2.78433,-2.04347,1.65758,0.563779,1.81877,2.94029,-0.919126,-1.73942,2.21235,1.64689,0.0242638,2.8833,3.86396,1.02174,-0.687218,-3.61645,-2.61895,0.47402,0.2234,0.120692,1.84251,3.09009
4.75239,4.31177,3.6893,3.28704,2.71937,1.13522,0.327673,-0.567637,-1.70423,-3.57431,-4.80806,-4.81057,-3.2166,-2.2315,-0.545152,0.529762,-1.24852,-1.54668,-0.374963,-0.569476,-0.493766,0.569396,1.21565,1.5918,0.205905,-2.42876,-2.53421,-0.715284,-0.0861473,-1.24773,-3.26423,-3.15204,-1.70314,-0.400721,0.167672,-1.17336,-1.4002,-0.80321,0.832224,4.1666,7.55236,5.62212,-2.71572,-2.07351,3.72448,2.93412,2.686,2.36992,-0.921316,0.997372,0.859673,-0.441305,0.835549,3.81436,5.85901,4.11434,1.10713,-0.655421,-2.80517,-1.2038,0.438285,1.43271,2.08902,1.83375
3.5739,3.13542,3.13221,3.18549,2.6413,0.828799,-0.530409,-1.63242,-1.87147,-3.44333,-3.86574,-3.13836,-0.565219,1.40855,0.320986,-2.46913,-3.4999,-2.80736,-1.69417,-1.84511,-1.19806,0.931256,2.27062,4.08888,4.06185,1.08388,-1.56611,-0.742401,-0.515346,-0.88546,-1.68691,-3.48653,-4.03087,-1.76312,1.39025,1.57864,-1.59627,-3.41731,-0.925188,4.88689,8.58,6.91908,-0.329413,-3.47674,1.89966,3.67407,2.67009,-0.13965,-0.862808,2.11248,1.64322,0.0478382,1.9587,4.92557,7.59082,5.94782,1.21395,-0.92311,-1.37325,0.128451,0.19158,-0.690871,-0.202661,0.230157
2.32576,1.68215,2.1028,1.5639,1.13309,-0.662812,-2.25347,-1.95983,-2.64784,-3.86657,-4.00689,-2.59088,1.00736,2.82765,-1.39596,-4.96671,-3.66674,-2.81278,-1.78935,-2.04274,-1.50465,0.96928,2.84739,4.12534,4.55382,2.02658,-0.697333,-0.0816283,-0.203005,-0.699699,0.112643,-1.98099,-4.29222,-3.97603,-0.345015,2.07421,0.341032,-3.63424,-1.84925,5.18304,7.98677,6.27284,2.64231,0.162281,3.12872,5.42104,3.72574,-1.72966,-2.12882,2.50125,3.615,3.09656,4.15631,5.99502,7.75079,6.61983,1.76224,-2.27313,-0.129568,1.85042,0.349359,-0.641988,-0.117622,0.36436
2.45829,2.00267,1.92966,1.3049,0.299521,-1.87277,-2.72502,-0.834853,-2.14094,-4.59874,-4.76517,-1.31442,2.25881,2.73755,-3.07839,-5.18967,-2.96085,-1.23091,-0.366353,-0.0835542,0.579642,2.70793,3.47712,3.10909,2.78386,0.602072,-2.12709,-1.52584,-0.0407458,0.251811,-0.11018,-1.09831,-2.78831,-4.05117,-4.1401,0.301929,2.70722,-0.926501,-1.73426,3.97771,6.25294,5.4988,5.08822,3.32134,3.22938,5.68267,2.98089,-3.77498,-3.23795,1.63732,4.4074,5.88281,6.84111,5.8089,5.9201,5.68607,0.58109,-3.21957,0.344845,3.01013,2.30793,2.0974,2.54232,1.7003
2.29679,1.85612,1.97129,1.68304,0.368038,-1.7825,-2.03089,-0.49897,-1.26719,-4.48308,-3.88629,-1.80281,-0.174525,-0.705202,-3.76762,-3.71038,-1.15649,0.049986,-0.284102,-2.63252,-1.84436,2.62493,4.21662,2.80787,0.0422254,-1.76116,-2.46667,-2.39389,-0.808281,0.59508,-0.0309722,-0.511415,-0.13812,-1.48777,-3.90098,-2.06307,2.66005,2.12523,-1.55532,0.901257,3.84624,5.48973,8.36654,5.72404,0.682494,2.43682,4.22888,3.13114,1.6451,4.526,5.53401,5.8172,5.59312,4.05237,3.28274,2.90214,-0.0705782,-1.99495,-0.918912,-0.0447464,1.91504,4.14485,3.83806,2.26103
2.38267,2.1392,2.67707,2.63534,0.580917,-0.580135,-0.427404,-0.705736,-2.19163,-4.02913,-3.35634,-3.62024,-4.3527,-3.50238,-3.01551,-3.47872,-2.70234,-0.303321,0.868203,-2.08484,-2.45708,2.76098,3.95263,1.49494,-1.64946,-3.58571,-3.85656,-3.65307,-1.91641,0.605897,0.426168,-0.0776352,0.725693,-0.470278,-2.52489,-1.09349,3.43045,2.92163,-2.152,-0.904009,2.57261,7.47402,10.0474,5.4673,-2.03686,2.38789,7.77507,7.96266,5.94736,6.26795,6.45965,5.1019,3.38682,1.29077,1.07846,0.903102,-1.14193,-1.19701,-0.166959,-0.53566,1.15304,2.3141,1.48383,1.14182
1.70756,1.9049,3.23095,1.8497,-0.271853,-0.829732,0.234422,-1.22202,-4.79595,-4.48159,-3.27997,-4.12376,-5.07901,-3.06791,-1.93686,-3.75825,-3.72856,-0.96105,1.40316,1.58548,0.640601,2.62366,3.17309,0.645894,-1.54586,-3.52571,-4.74165,-5.00783,-4.09394,-0.61622,0.692035,1.03693,0.792967,-3.1027,-4.25818,-0.8572,4.29519,2.80689,-3.13428,-1.17735,3.18454,8.22158,10.1015,4.20761,-0.331879,4.53078,8.6313,8.0796,4.61407,3.63205,4.26645,3.34852,0.815192,-0.706327,-1.05253,-0.674883,-1.63695,0.367108,1.55071,0.525569,1.1751,1.42751,0.777138,0.534495
1.17131,2.07589,2.02394,0.286471,-1.66766,-1.96872,-0.609276,-2.44652,-6.06273,-5.73653,-1.5298,-0.664801,-3.83362,-4.53887,-3.87624,-3.95509,-3.66271,-1.27165,0.490374,2.13719,3.15737,2.98684,1.67682,-0.391862,-2.41004,-3.10937,-3.94815,-4.3616,-3.69036,-2.39324,-0.550459,1.87678,1.25155,-3.46629,-3.89733,-0.693117,3.60833,3.58165,-0.979321,-2.03797,1.28268,6.69853,9.17791,7.04744,6.60622,6.71906,6.89899,5.18689,3.36703,1.64616,1.29942,1.01166,-0.0338731,-1.17826,-1.7583,-1.51183,-0.511176,0.78922,1.67501,1.93793,2.63165,2.04244,0.946546,0.793211
0.68319,1.11317,1.13306,0.710168,-0.891423,-1.77675,-1.01191,-2.86418,-5.70659,-4.99014,-1.70045,-2.26223,-5.74881,-4.7507,-2.10193,-1.92091,-3.30475,-3.44072,-1.18054,2.18665,2.80904,0.184501,-0.143368,0.149916,-1.26397,-3.57638,-4.00925,-3.77324,-2.87715,-2.20441,-0.985555,1.184,-0.864362,-3.72635,-1.9224,-0.609703,1.54281,2.41323,-0.528451,-2.26925,-0.848098,3.86367,7.33462,9.92167,11.225,8.037,1.75829,2.80742,4.56079,3.88845,2.17872,1.41857,1.08267,0.481896,-0.474449,-1.91176,-1.02329,0.627896,1.55985,2.589,2.59334,2.39865,1.46976,1.05735
0.670972,0.0867472,-0.302085,0.866942,0.869166,-0.0625726,-1.38914,-3.39797,-3.12131,-0.356797,-1.61205,-5.26332,-5.63107,-3.05802,-1.29186,-2.38142,-3.10995,-3.66754,-1.77702,2.40482,1.41786,-2.61647,-2.1402,1.12817,0.429397,-2.22239,-4.02552,-3.24281,-0.204912,0.350303,-0.268469,-0.954121,-2.82629,-1.60992,0.697728,-0.0833972,-0.610714,0.284374,-0.389634,-2.13169,-2.56604,1.03225,5.27041,9.19268,11.0166,11.7221,6.65331,4.77804,5.2161,4.76245,3.93881,2.86269,2.12908,1.41599,-0.230521,-2.0247,-1.43434,0.539957,2.094,3.01179,3.07035,2.78021,2.18314,1.64523
0.554403,-0.547437,-0.747967,0.10553,0.794822,0.589407,-3.10969,-4.27636,-1.12293,1.2824,-1.38588,-3.49271,-2.84322,-2.94965,-3.93964,-3.33293,-3.14554,-2.85644,-0.13317,2.72664,0.745245,-3.96041,-3.89818,0.237232,2.44636,1.05193,-2.04424,-1.97419,1.22703,1.20644,-0.775065,-1.36161,-2.06232,-2.16544,-1.87368,-2.27874,-1.62558,-0.374613,1.27495,1.10647,-1.74008,-0.663799,4.13603,7.79619,11.0657,12.1642,8.19043,5.91575,5.57727,4.88304,3.54693,2.59117,2.26845,1.90501,0.269943,-1.33588,-1.12729,0.550051,1.82591,2.77739,3.10797,2.79884,2.15305,1.07793
0.804639,-1.29301,-1.56058,-0.923434,-0.608808,-1.41034,-4.40354,-4.55556,-1.85175,-1.16202,-2.76572,-2.21924,0.081733,-0.844736,-3.83496,-3.64635,-3.72136,-3.13721,0.563012,3.25297,1.1837,-3.17128,-4.07057,-0.670386,1.9118,3.47972,0.726273,-1.63073,-0.930939,-0.726508,-0.339828,-0.227782,-2.50494,-4.42345,-4.08953,-3.92124,-3.81883,-0.0333753,3.87076,4.08584,0.476554,-0.619645,4.35617,9.01541,11.3604,10.1985,3.31946,1.79821,2.19716,2.66922,3.16961,2.97071,2.96861,2.41543,1.04197,-0.36333,0.326365,1.41437,2.18263,2.66976,3.05994,2.85469,1.64532,0.0693323
0.435469,-1.8127,-2.76953,-2.05842,-1.78045,-2.5468,-3.89035,-4.05033,-3.96381,-3.95645,-3.86547,-1.97188,0.283142,-0.901913,-3.29462,-3.45846,-3.42951,-3.33272,0.355827,3.70834,1.18979,-1.67086,-3.77472,-3.15919,0.463521,4.76381,3.53945,-0.63522,-1.66343,-1.16754,1.21797,1.40658,-1.27491,-2.69857,-2.1949,-2.60319,-3.36852,-1.1554,2.20594,4.44463,0.00521786,-2.64179,4.80155,9.44997,11.4099,8.69228,2.42566,-1.97926,-0.678334,1.1382,1.25502,0.405376,2.68069,4.03378,1.94283,0.951039,1.33503,2.02271,2.39186,2.5345,2.65215,2.65259,1.98752,0.184909
0.21074,-1.66623,-2.22546,-2.16968,-2.37881,-2.65907,-3.09899,-3.61749,-4.12952,-3.83657,-2.49337,-2.07848,-3.59182,-3.40395,-3.23226,-2.88373,-2.17273,-3.10852,-0.0640696,2.91939,0.533341,-1.70821,-2.82555,-2.97711,-0.431556,3.57118,3.52452,0.836943,-0.671507,-2.09295,-1.26434,-0.358244,0.606057,0.73847,0.14643,-2.81686,-4.68288,-3.35983,0.263124,1.38548,-0.441882,-2.57107,2.32966,9.37762,10.3487,11.0547,4.60788,-2.33701,-1.61629,0.320869,0.773001,1.22965,3.79935,4.73145,3.38199,2.12967,1.95603,2.50824,3.20144,2.9803,2.66875,2.56653,2.09657,1.02835
0.748104,-0.562603,-1.13875,-1.46146,-1.68662,-2.65586,-4.02375,-3.57203,-3.41656,-4.5948,-1.95362,-1.27287,-4.83577,-3.25982,0.59689,-0.14036,-2.88971,-3.89805,-0.461848,1.9071,-0.999094,-1.71427,-1.44084,-2.16064,-0.631624,1.65907,2.1796,0.980248,-1.83192,-3.29654,-2.47675,-0.793978,0.621722,1.45952,2.73872,0.537908,-4.34914,-3.2931,-1.32583,-3.85396,-1.88938,-0.594828,1.56349,7.1976,11.685,11.4036,5.82736,-0.154291,0.401547,2.68769,3.17326,3.09615,3.69934,3.96719,3.52471,2.89407,2.8539,2.80627,3.20489,3.51672,2.81931,2.3312,1.81856,1.45535
0.76235,0.324425,-0.0615657,-0.204179,-1.57858,-3.41952,-3.66175,-2.80687,-3.88451,-4.64443,-0.403074,-0.0896998,-4.34573,-1.86716,0.958311,-2.34746,-4.67417,-4.53989,-0.649415,0.123771,-2.7751,-1.90795,-1.70591,-1.9094,0.0396716,1.4122,2.85762,2.30056,-2.03679,-4.58733,-3.06704,-0.153862,1.33312,2.34352,4.05309,3.49643,-0.668564,-1.95608,-1.17911,-3.95315,-2.01389,0.932498,1.15286,5.22971,12.1492,10.7325,5.80531,2.15156,3.33248,3.78214,3.81319,3.42926,3.02596,3.37905,3.83015,3.62508,3.15142,2.89715,2.9254,2.71153,2.42119,1.97122,-0.216191,-0.724654
1.9799,1.75128,0.534284,-0.0135257,-0.989885,-2.30147,-2.79563,-3.15698,-4.64125,-3.61913,-0.334992,-1.63483,-3.33904,-0.240362,-0.114694,-4.05279,-5.11384,-4.57338,-2.44316,-2.22486,-4.3589,-3.4595,-3.45387,-3.08023,0.499886,2.85329,4.53548,3.26464,-1.54228,-4.73935,-4.47564,-0.888603,1.49132,4.32276,4.97498,4.03477,2.69495,0.547852,-1.6716,-3.09529,-1.45252,-0.828777,-0.747914,4.55795,11.4374,10.0435,6.81594,6.31255,6.73802,4.31473,3.44977,2.91018,2.77487,3.33206,3.67338,3.72641,3.47305,3.27515,2.88903,2.40375,2.34179,0.846073,-1.98165,-1.47712
3.41139,2.55365,-0.423885,-1.16411,0.330079,0.362734,-1.33772,-2.1313,-3.01704,-1.83588,-0.759377,-3.25626,-2.77679,0.943383,-0.352616,-3.5081,-4.06706,-4.15747,-3.05899,-2.46196,-4.32072,-4.5505,-3.01111,-1.82925,0.0382714,2.68022,4.12541,0.139592,-2.7209,-2.27051,-3.11872,-3.43429,-0.325919,3.79287,4.73515,3.95523,4.88908,1.79157,-2.5753,-3.35717,-1.92444,-2.00293,-1.19132,4.00627,9.32237,10.5136,9.79811,10.5096,7.53691,3.3054,1.03712,1.28263,3.07807,2.59764,3.18567,2.48261,3.27079,2.64717,2.11225,2.24846,2.24454,-0.00672216,-2.00972,-0.846441
2.76334,2.21215,-0.57419,-1.02619,1.68037,2.76768,0.545214,-1.01582,-2.88024,-3.29514,-1.8783,-3.43847,-2.26295,-0.798372,-2.78452,-2.19099,-1.93917,-3.67441,-3.02694,-1.25687,-3.27127,-4.76811,-0.469769,1.48188,1.14783,2.7882,1.9223,-2.79845,-3.5544,-1.46706,-1.59851,-2.82557,0.708176,5.7891,6.52403,5.69477,5.30446,0.580273,-2.8978,0.26955,-0.0647235,-2.3164,-0.979014,2.78944,7.83793,10.6735,12.2588,12.5453,6.28036,1.71465,1.23384,1.42988,3.24264,3.85462,3.42545,2.96494,2.97691,2.37595,1.79451,1.96084,-0.254325,-2.32933,-1.56065,0.0630595
2.27899,2.44885,0.871215,0.722543,1.4868,0.857566,-0.934932,-1.46357,-2.11661,-3.22145,-1.98573,-1.04258,-0.728794,-1.50216,-4.47557,-2.44187,-0.0690542,-1.48223,-0.524521,1.26238,-1.58195,-4.44138,-1.07263,2.51195,2.84563,1.8812,-1.58749,-4.31803,-4.18595,-1.50624,-2.35656,-4.17875,1.18202,6.58086,7.27119,5.68471,2.46713,-3.48736,-2.55985,2.55528,3.06066,-1.34083,-0.533205,3.67545,8.30818,10.6719,12.7509,9.58196,6.12125,1.9663,1.91051,2.03056,3.5227,3.19366,2.59826,2.36779,2.33386,1.81517,1.81366,0.362594,-2.3897,-3.1754,-1.86537,-0.185686
2.60903,2.14608,1.02761,1.01477,1.05698,0.0625837,-2.65194,-2.35199,-1.29181,-1.97416,-1.39042,-0.190071,-0.578915,-2.92516,-5.09213,-2.99138,2.73111,3.89464,2.436,1.20941,-1.46434,-4.18503,-1.15521,2.44077,0.903675,-1.55862,-3.36254,-3.62783,-3.41577,-3.9525,-4.19423,-4.39447,2.01246,7.21362,6.87507,4.5123,-0.948158,-4.94659,-1.19096,1.66801,2.15673,1.12918,2.43047,3.42419,5.63765,10.6142,12.6749,6.47295,-0.543062,-0.306357,1.1873,3.68772,3.2943,1.85577,2.09265,1.74234,1.57416,1.74176,1.54105,-0.697819,-3.56817,-3.73147,-2.03028,-0.146508
2.07127,1.88402,1.30132,0.196707,0.786484,-0.391366,-3.83672,-3.94955,-2.01796,-0.821073,-0.866757,-1.19264,-2.16362,-3.30576,-4.90727,-1.78265,2.10456,3.86196,2.31666,0.309795,-1.73493,-2.42688,-0.136075,0.07126,-1.68155,-3.60402,-3.10177,-1.4488,-0.919696,-1.59796,-2.11101,-1.75978,4.11624,7.98232,6.74801,2.08594,-1.53677,-4.10206,-2.21804,-0.179851,0.422052,1.82873,4.79337,5.44536,6.63704,10.0651,13.0141,6.61148,-1.51682,-1.36829,2.09731,3.05129,1.43385,0.920671,1.4821,1.68453,1.75901,1.15785,0.598461,-1.51756,-3.44211,-3.06141,-2.41553,-1.41012
1.54317,1.78709,2.04392,0.950544,0.299144,-0.876009,-3.65187,-4.43738,-3.76894,-2.20658,-1.66901,-1.80333,-2.29179,-3.57595,-4.40779,-1.09643,2.22908,4.0214,2.49161,-1.21448,-1.64717,0.301749,-0.591331,-3.24521,-3.95149,-3.43696,-2.88009,-1.03368,0.0769921,1.94694,2.34664,1.93179,5.41616,8.44715,6.37359,1.08374,0.434968,0.630624,-2.06805,-1.67365,-0.692504,0.447855,3.09401,6.06591,7.5229,9.91039,13.0706,9.64444,2.28977,-1.26653,1.45952,1.02393,-0.288036,0.273134,1.53472,1.60599,1.73352,0.848514,-0.041114,-1.82059,-3.29846,-2.81522,-2.44831,-1.81177
3.20435,3.45291,2.7312,1.34513,0.173426,-1.45401,-2.97688,-3.7356,-4.18357,-3.9198,-3.38709,-3.3686,-1.35822,-0.710831,-3.24952,-2.48757,1.05572,4.15721,3.14306,-1.89075,-2.23882,-0.174926,-2.13349,-3.37615,-2.51136,-2.65861,-2.03955,-0.377019,0.632001,2.00492,3.5544,3.09275,6.23571,8.27535,6.55437,3.45634,4.11271,3.78134,-0.626591,-2.43421,-0.0528644,-0.0223493,1.63648,4.45152,8.89928,10.8663,12.601,7.77743,2.38811,-0.853752,0.188972,0.965098,-0.065933,-0.00856837,0.569793,1.11497,2.29511,1.0573,-0.578976,-2.36505,-3.06256,-2.4992,-1.95039,-1.42033
3.82129,4.213,2.81946,1.05487,-0.237882,-1.28263,-2.66007,-3.38461,-4.30896,-4.11843,-2.703,-2.7797,-1.98054,0.490001,-2.42783,-3.77703,0.414207,3.65074,2.61339,-2.03568,-3.11725,-2.02609,-3.57185,-3.11896,-1.04067,-2.63052,-2.44877,2.10358,2.93495,0.352783,-0.235228,-0.329561,2.64603,7.06112,7.64392,7.31479,5.79233,3.05203,0.266481,0.72353,1.84075,0.600659,-0.43126,3.58208,9.42572,13.123,11.4373,3.11342,-1.78848,-0.900389,0.346712,1.3053,0.704412,-0.282099,-0.259112,1.26684,2.80586,0.40036,-1.93294,-2.37735,-2.43702,-2.04242,-1.61257,-1.12378
3.80113,3.97739,3.61746,2.04528,-0.247105,-1.15436,-2.26576,-3.25651,-4.1867,-4.45871,-2.67347,-2.01757,-1.88386,-0.147188,-2.55021,-4.81378,-0.79002,3.97147,3.1678,-1.04446,-3.50458,-4.17044,-4.60058,-3.32839,-2.80884,-3.04668,-0.89127,1.40834,-0.802355,-1.64465,1.16122,3.6989,5.31488,7.00668,7.13095,5.48564,1.46872,2.58933,1.86695,3.58766,5.56627,1.22949,-0.636963,3.76108,9.1607,13.2399,12.4182,2.03264,-1.27097,0.156438,0.0818217,0.994119,1.51118,0.300109,-0.621626,0.913552,1.64624,-1.2957,-2.63559,-1.2054,-1.66734,-1.32655,-1.39905,-0.881355
2.88359,3.73249,3.96651,2.60685,-0.152201,-1.43209,-1.89903,-1.93098,-3.74979,-4.39817,-2.44513,-0.864606,-1.63042,-2.03693,-3.88319,-5.71069,-2.66591,3.4058,4.09781,-0.218402,-2.89581,-3.58326,-4.49428,-3.943,-1.80547,-0.500821,0.843688,0.211149,-2.59577,-0.876109,4.04947,6.8282,7.54813,5.84421,3.64626,1.91783,3.19787,4.87117,4.5995,3.86671,6.32267,2.22591,-0.128043,4.36805,8.53864,13.0193,12.4798,6.89105,3.21298,3.88392,2.8491,1.31328,2.16367,0.971883,-0.13952,0.267783,-0.375536,-2.23679,-3.00896,-1.94612,-0.862213,-0.608466,-1.00563,-1.03614
