public/uploads/wind/vent_json/20200524/wind_field_06.json
{"header": {"parameterUnit": "m.s-1", "parameterNumber": 2, "dx": 0.051, "dy": 0.036, "parameterNumberName": "eastward_wind", "la1": 45.3082, "parameterCategory": 2,"nx": 177, "ny": 123, "refTime": "2018-09-30 00:00:00", "lo1":1.38177}, "data":
[rows 0 to 27 of 123, columns 0 to 63 of 177]
4.01297,4.26999,4.43022,4.60161,4.73852,4.76777,4.78057,4.8201,4.82019,4.63782,4.15631,3.50767,2.78163,1.99653,1.48115,1.45699,1.68483,2.06351,2.50451,2.92453,3.12331,2.95546,2.37066,1.75579,1.67717,1.88508,2.05581,2.21066,2.34336,2.43812,2.46813,2.38266,2.33259,2.4165,2.59419,2.73489,2.75488,2.63372,2.43548,2.37275,2.37011,2.34982,2.31999,2.30029,2.26487,2.26852,2.29727,2.28613,2.27571,2.30501,2.3496,2.40141,2.73125,3.15608,3.3763,3.41516,3.43857,3.61958,3.93267,4.25247,4.41179,4.49233,4.53744,4.55189
4.55012,4.84166,4.52125,4.59548,4.6839,4.72586,4.8096,4.96625,5.19538,5.15447,4.41357,3.41509,2.95003,2.65256,2.30824,2.25835,2.45441,2.79104,3.0167,3.33468,3.7645,3.73498,3.0382,2.21562,1.93388,1.97661,2.36311,2.78884,2.67415,2.45559,2.47985,2.50953,2.57678,2.73712,3.28766,3.79821,3.49165,2.88934,2.91324,3.19202,3.34974,3.68686,3.67283,3.30067,3.12762,3.09876,3.53763,3.76686,3.22285,3.00851,3.42888,3.8221,4.14978,4.399,4.33507,4.00891,3.7469,3.83066,4.13662,4.47781,4.62577,4.56785,4.54882,4.80721
4.64359,5.1026,5.06859,5.20563,5.38478,5.24721,5.02702,5.22929,5.40303,5.31389,4.80258,3.75288,2.82062,2.38958,2.53968,2.8909,2.74007,2.63163,2.86873,3.23382,3.55298,3.79151,3.65094,2.92685,2.42783,2.39684,2.55194,2.70436,2.71901,2.71065,2.74165,2.78114,3.2306,3.76416,4.0847,4.32979,3.98916,3.61767,3.64146,3.63314,3.85965,3.90951,3.59567,3.24712,2.95285,2.90592,3.42683,4.01863,3.7671,3.18692,3.26079,3.87242,4.3251,4.39217,4.2012,3.73737,3.50117,3.7991,4.20222,4.56493,4.62805,4.37289,4.39987,4.85572
4.84898,5.26409,4.89477,4.73705,4.89514,5.06231,5.09688,4.94811,5.03839,5.28731,4.76414,3.89768,3.47798,3.39332,3.3978,3.24217,3.21833,3.6253,3.70273,3.34498,3.53186,3.90207,3.95084,3.86637,3.46564,3.40511,4.06788,4.17646,3.59634,3.26144,3.1908,3.49131,4.0552,3.94738,3.8053,4.12852,4.16998,3.84848,3.55841,3.78389,4.51249,5.11376,5.04206,4.68461,4.71596,4.79019,4.62836,4.59037,4.45183,4.13374,4.12236,4.27696,4.24672,4.19319,3.97531,3.56919,3.53207,3.86228,4.27358,4.5699,4.43654,4.27459,4.48171,4.92398
4.81171,5.19818,5.11394,5.36056,5.60839,5.81348,5.94212,5.87059,5.57484,5.37703,5.01871,3.99869,3.95969,5.07933,5.02905,3.56495,2.61042,2.26525,2.71823,3.83257,3.88242,3.12955,2.99737,2.95048,3.3494,4.51224,4.7223,3.55116,3.12609,3.99529,4.01085,3.2247,3.20387,3.3054,3.73454,4.95038,4.73016,3.81482,4.53595,4.56938,4.00365,4.85549,4.96524,4.69446,4.87885,3.85697,2.4589,2.54438,4.06764,4.29939,3.73624,4.12832,4.20542,4.00207,3.54522,2.35818,2.3166,3.56591,4.25358,4.49033,4.6285,4.89227,4.58074,4.05271
3.86533,4.34394,4.49479,4.05747,3.87964,5.25703,5.33548,4.67334,5.09683,5.18743,5.03858,5.01179,5.3833,4.99204,4.20993,4.70421,4.43659,2.81726,2.40439,3.69255,4.15699,3.22709,3.38878,4.47574,4.34706,3.40388,3.45976,4.14192,4.13846,4.2719,4.07795,3.11652,3.01259,3.06443,3.54401,4.87611,5.09831,4.88441,4.36574,3.8524,4.68684,4.81482,4.46826,4.40538,3.76938,2.68817,2.52796,3.84675,4.07684,3.27988,2.69589,2.82905,3.62433,3.84457,3.68746,3.14079,2.85307,3.32568,3.47645,3.8107,4.72407,4.99326,5.12543,4.67009
2.01986,2.67522,2.97066,3.31317,4.31047,4.47454,4.41441,5.12549,5.07583,4.80075,4.73918,5.14582,5.00604,4.50229,5.10425,4.89769,3.50168,3.15455,4.29822,4.50414,3.8437,3.32599,3.29265,4.61523,4.80583,3.99294,4.43238,4.49751,3.21075,2.85915,4.05222,4.25431,3.80906,4.46724,4.38838,3.90764,4.80841,4.86558,4.21295,4.81527,4.95632,4.2705,3.83129,4.1632,5.08082,4.85897,4.52464,3.9933,3.32184,4.0881,4.32531,3.17123,2.6512,3.69248,3.8866,3.45874,4.02018,4.30836,4.65583,4.48075,4.22035,4.80113,4.79879,4.6662
0.825097,1.37658,2.07014,2.96588,3.11825,3.50741,4.58919,4.76199,4.63577,4.43455,4.82267,4.87496,4.57831,5.00174,4.84485,4.85,4.53905,3.5309,3.2069,3.5237,3.49741,3.57086,4.48278,4.5716,4.15341,4.75327,4.56193,3.84079,4.12349,3.67547,2.88012,2.84158,3.5138,4.25805,4.55491,5.13204,4.86142,3.78009,3.22025,3.22513,3.36423,3.49385,3.60734,3.63119,3.08914,2.94138,4.25018,4.43236,3.81023,4.46288,4.47883,3.4669,2.73658,2.95544,4.02651,3.87484,2.96884,2.76004,3.31393,4.35992,4.6388,3.67886,3.46105,4.35677
0.293525,0.684178,1.30519,1.53579,2.31946,3.49781,3.96405,4.28121,3.91815,2.76959,2.84453,4.48085,4.93384,4.41606,4.98531,4.78245,3.69809,2.69522,2.68954,3.86494,4.26055,4.30806,4.24902,3.52267,3.04509,3.09364,3.4595,4.25098,4.41871,3.22339,2.73442,3.84092,4.35287,4.30299,4.55382,4.62318,4.94993,4.71241,3.70162,3.17482,3.08504,3.22734,3.34613,2.90947,2.10661,1.40806,1.50122,1.89839,2.80309,4.44673,4.75631,3.80248,3.0305,2.5432,2.18916,1.96914,2.55879,3.96669,4.49041,4.41656,4.81461,4.72488,4.20684,4.41397
0.858891,0.68297,0.912136,1.34745,2.18587,3.28351,3.29952,2.6673,2.45469,1.81641,1.46341,2.18465,2.51576,2.69632,3.1939,2.75685,1.46079,0.999821,1.56899,1.5206,1.20185,1.45471,2.32091,3.8799,4.1095,3.47043,4.21209,4.24075,3.60523,3.9937,3.81516,3.35776,3.60523,3.94724,4.57515,5.36398,5.1062,4.11164,3.56563,3.20347,3.20654,3.2395,3.66706,4.91501,4.73566,3.20696,2.25911,1.81879,1.72431,2.03148,1.98892,2.14518,3.16393,3.21995,2.58224,2.79946,3.5563,3.98911,4.06978,3.61562,3.55505,4.4508,4.79894,4.56309
1.07612,1.08361,0.790247,1.22602,2.3167,2.58089,2.90865,1.31162,0.252087,0.921511,1.89128,2.40017,2.5798,2.79533,2.11392,0.810928,0.617883,1.04868,1.01291,0.844539,0.849825,1.27159,2.209,2.78343,3.3068,4.19803,4.02751,3.42179,3.78837,3.82596,3.00619,2.94238,4.19547,4.85556,4.31073,3.67872,3.27829,3.07553,3.05509,3.07286,3.23572,3.39513,3.21748,2.83166,2.34136,2.02645,2.10508,2.18984,2.15318,2.06533,2.17998,2.618,3.03041,3.10882,3.2092,3.43733,3.91923,4.52902,3.99462,2.96937,3.32999,4.44601,4.48035,3.46684
2.46235,2.25537,0.525909,1.18471,1.79205,3.09411,3.61841,1.70131,0.623275,1.40298,1.53862,2.188,2.31551,1.93314,1.55813,1.6328,1.90041,2.04067,1.85645,1.34839,1.00547,1.21997,1.46015,1.89359,2.75113,3.16246,2.81863,2.27163,2.19396,1.81785,2.01796,3.64506,4.20567,4.25416,5.14118,4.77298,3.39243,2.79262,2.75768,2.9113,3.07192,3.03609,2.68171,2.21763,1.88542,1.9257,1.96149,2.2369,2.29229,2.52134,3.98035,4.26581,3.14236,2.42314,2.44109,2.63499,2.36182,2.09126,2.57927,3.6526,4.36409,4.52698,4.13488,4.03451
1.78994,1.20282,0.444659,1.07073,1.7325,2.77878,3.50745,3.01403,1.89647,1.5462,1.4176,2.09018,2.57422,2.42581,2.07097,1.85152,1.59273,1.43019,1.28018,0.966457,0.778118,0.834887,1.1502,1.57261,1.7358,1.81789,1.66621,1.31995,0.888912,1.20032,2.79801,3.59156,4.08039,5.31132,5.32542,4.16767,3.28485,2.89202,2.83681,2.95417,2.97091,2.64676,2.20239,1.97799,2.02642,2.097,2.34437,2.38489,2.78529,4.1937,4.42982,3.51363,2.99616,2.38633,1.7031,1.53169,2.16353,3.1042,3.72089,3.90231,4.09084,4.69959,4.24483,3.55661
1.09878,0.597844,0.660364,1.17629,1.60948,2.56643,3.26172,2.83771,2.57073,2.07785,1.64005,1.30527,2.34247,2.57138,2.08332,1.55824,1.08927,0.844302,0.724967,0.612051,0.596665,0.792825,1.17908,1.67944,1.7735,1.71237,2.43961,2.51532,2.06933,2.59318,2.98277,2.97935,3.79649,5.07216,5.36922,4.31638,3.09921,2.6762,2.71495,2.74772,2.5259,2.07161,1.72885,1.7106,2.00705,2.29193,2.40338,2.11973,1.63857,1.65704,1.94115,2.05626,1.7786,1.27229,1.31755,1.93691,2.62996,2.89608,2.72079,2.72003,2.70836,2.79229,2.73029,3.0257
0.759059,0.483036,0.830813,1.30809,1.68724,2.39816,3.0423,2.45406,2.2035,2.50018,2.28854,1.72374,1.55718,2.0986,1.98198,1.87109,1.48542,1.0437,0.879613,1.08039,1.34455,1.41391,1.45894,1.66979,1.78472,1.55665,1.89523,1.91572,1.90596,3.0177,3.31168,3.09968,3.66702,4.42368,4.90848,4.30007,3.08927,2.70053,2.92347,2.94156,2.48856,1.95449,1.69946,1.6852,1.90206,2.21404,2.35154,2.31053,2.32318,2.55548,2.78773,2.63142,2.20757,1.89661,1.90973,2.28189,2.54895,2.05117,1.98988,3.04219,3.75389,3.88414,3.62339,3.17488
-3.69863,-4.07936,2.19246,0.914847,1.71455,2.56193,2.73763,1.81372,1.5344,2.39107,2.4857,2.11003,1.10241,0.649155,0.531803,0.875569,0.814951,0.796327,0.990192,0.817013,0.2839,-0.0321186,0.0493142,0.247325,0.458509,0.457644,1.11759,2.48526,2.60363,2.48141,2.69196,2.72242,3.39942,3.95796,4.18398,3.85507,2.92083,2.68565,3.08706,3.15045,2.68035,2.20308,1.96545,1.77633,1.64899,1.67026,1.75352,1.85081,2.04366,2.2238,1.98412,1.53471,1.27389,1.47292,2.26638,2.88722,2.74805,2.65168,2.7575,3.33083,4.50109,4.40047,3.72966,3.84618
-3.57949,-4.00493,2.31127,0.769697,1.72671,2.33149,2.10011,1.55112,1.70989,1.92243,1.78806,1.62532,1.44522,0.706207,0.349391,-0.0348788,-0.501713,-0.526383,-0.803793,-1.21204,-1.45893,-1.49133,-1.09569,-1.03734,-1.09451,-0.707535,-0.0664282,0.998312,2.05385,2.28949,2.87549,4.17588,4.44608,4.39569,5.04934,4.35255,2.91782,2.67226,2.96454,2.88675,2.3888,1.94163,1.69122,1.47293,1.27509,1.19744,1.21945,1.28378,1.48298,1.60403,1.50605,1.19339,1.06858,1.31497,2.17554,3.61824,3.67978,2.90833,3.28654,3.82484,3.44168,3.5561,4.61989,4.35805
-3.34204,-3.53288,1.41069,1.16978,1.60375,1.71198,1.43954,1.23719,1.20452,1.57411,1.35455,1.23126,1.66061,1.06084,0.912703,0.574487,0.0874967,0.0367266,0.210932,0.0889912,-0.698396,-1.05297,-0.43447,-0.230826,-0.537836,-0.292612,-0.434499,-0.251449,0.982356,1.66734,2.01918,2.89028,3.45396,3.44182,3.30254,2.74403,2.29964,2.50686,2.83293,2.82172,2.63412,2.43437,2.10028,1.71372,1.54939,1.59926,1.74957,1.94285,2.1387,2.23807,2.27629,2.36019,2.51672,2.82561,2.95594,2.84532,3.04585,3.77532,4.39406,4.24991,3.47236,3.37775,4.10767,3.71304
1.08473,0.537539,1.25895,0.575728,1.12642,1.37243,0.776928,0.598242,0.926302,1.47934,1.56316,1.1367,1.17042,0.355521,0.111138,0.150645,0.294554,1.09397,0.599852,0.449872,0.333314,-0.272765,-0.210491,0.259211,0.150567,0.423062,-0.236312,-1.12353,-0.694495,-0.148663,0.425464,1.12161,1.72324,2.01387,2.01455,1.86902,1.83211,2.1079,2.41915,2.44822,2.2599,1.92435,1.50152,1.25209,1.35939,1.57387,1.79151,2.02092,2.07123,2.04651,2.04739,2.14769,2.32561,2.23581,1.91326,1.86396,1.97609,2.02541,2.16114,2.27036,2.38606,2.19233,1.98966,2.5637
3.27587,2.83799,1.21773,0.520414,0.773179,0.88584,-0.0191182,0.19165,0.880558,1.4022,1.56886,1.08581,0.446017,-0.0830446,-0.266231,-0.593755,0.11956,1.38168,1.51589,0.955478,1.46927,0.714157,0.641805,1.23433,1.01159,0.310207,-0.624211,-1.59282,-1.48125,-0.948093,-0.304055,0.185449,0.530991,1.01363,1.61146,1.97398,2.03074,2.03082,2.13078,2.19945,2.06047,1.59714,1.11402,1.14131,1.58249,1.90587,1.97313,1.89741,1.6294,1.32426,1.14197,1.10097,1.16387,1.34213,1.57138,1.46254,1.28804,1.81686,2.73689,3.22628,3.18853,3.06767,3.13155,3.12285
2.36952,1.83638,1.5437,0.460445,0.487046,0.0347047,-0.97342,0.15099,0.95701,1.21271,1.49599,1.28847,0.631343,0.694562,0.221073,-0.0621646,0.243315,0.86801,0.847528,1.18035,2.15294,1.83584,1.63201,1.33658,0.702105,-0.75557,-1.30043,-1.41953,-1.56118,-1.19265,-0.806415,-0.685272,-0.0902688,0.783611,1.43484,1.92754,2.16681,2.24423,2.27784,2.22156,1.86257,1.1434,0.797652,1.26019,1.91319,2.14108,1.96176,1.61999,1.209,0.896604,0.873134,1.11579,1.53443,1.96636,2.14004,2.14113,2.29581,2.72376,2.99046,2.72127,2.36852,2.30317,2.45348,2.70469
1.37638,1.20074,1.67803,0.598364,0.202515,-0.722362,-1.66081,0.0211091,0.505676,0.547539,1.41807,1.14333,0.576744,0.786901,1.40428,1.93919,1.51486,0.242165,-0.0572717,0.5845,1.73167,2.14323,1.39879,1.11442,0.10912,-0.853163,-0.870606,-0.80007,-1.13375,-0.743521,-0.599808,-0.825115,-0.345302,0.441854,1.0262,1.45219,1.83489,2.20292,2.32367,1.88772,0.977553,0.355045,0.541618,1.07571,1.42971,1.54573,1.49538,1.36872,1.28222,1.37098,1.58434,1.73696,1.74209,1.57255,1.5224,2.07624,2.93044,3.04662,2.29607,1.93208,2.34065,2.80488,3.08578,3.57655
-0.574949,-0.655328,1.9705,0.505666,-0.0817602,-0.56023,-2.00655,-1.02105,-1.41697,-0.423084,1.12705,0.874464,0.137693,1.05433,2.70383,2.94861,2.42196,2.0306,0.865902,0.456291,1.06286,1.22875,0.0878142,0.0484917,-0.139261,-0.482589,-0.132946,0.069133,-0.047537,0.380145,0.464235,-0.415259,-0.644582,-0.25461,0.0957037,0.530883,1.1486,1.74282,1.90619,1.49761,0.734748,0.291367,0.720978,1.29846,1.42926,1.31371,1.26576,1.39318,1.70182,2.0362,2.01601,1.71588,1.58148,1.76287,2.33104,3.04816,3.17199,2.74034,2.51408,2.5631,2.59209,2.65777,3.04884,3.77728
-4.86705,-4.50053,3.25214,0.317759,0.184458,0.0964662,-1.19583,-2.5173,-2.48294,-1.35451,0.0441205,0.759052,-1.09627,-0.310678,3.33704,3.92428,4.79329,4.75124,2.16294,0.443333,0.630278,0.24306,-0.760079,-1.03621,-0.67127,-0.640705,-0.0573273,0.81185,0.820484,1.03714,1.27635,0.432912,-0.547034,-0.67078,-0.391925,0.0753036,0.53703,0.867551,1.00795,0.67433,0.164855,0.345811,1.13845,1.69951,1.81741,1.68752,1.66406,1.8166,2.02521,2.00616,1.62188,1.284,1.37797,1.84782,2.21146,2.15188,2.06984,2.54776,3.14801,2.88407,2.34114,2.50697,2.72635,2.51929
-0.276731,-0.745441,2.20963,0.493718,0.420801,0.304519,-1.58803,-2.71617,-2.93832,-2.7164,-0.767115,1.00523,-1.34815,-2.74633,2.19052,6.1049,7.17681,5.56265,2.27654,0.713894,1.75228,1.3728,-0.369652,-1.22663,-0.542711,0.055255,0.252619,0.860481,1.64108,1.01599,1.30476,0.78951,-0.0780866,-0.289612,-0.103893,0.279073,0.457499,0.453994,0.270526,-0.267231,0.00639844,0.566543,1.03028,1.70546,1.93546,1.81882,1.59301,1.4695,1.38547,1.0831,0.765637,0.720306,1.22689,2.10923,2.53139,2.38418,2.27087,2.43133,2.29228,1.97188,2.26572,2.20162,1.75842,2.18653
0.185624,-0.217451,2.00803,0.852346,0.149235,0.501029,-0.879127,-2.63552,-3.46322,-3.0684,-0.555446,2.28648,-0.695879,-2.61531,2.20496,6.49655,6.97386,3.51956,0.868643,2.10395,3.51278,2.99166,0.652561,-0.722367,-0.294948,-0.408891,-0.898875,-0.298028,1.35543,1.4204,0.815,1.02787,0.617725,0.312901,0.441276,0.527219,0.605399,0.868886,0.511674,-0.140108,0.176073,0.558372,0.652022,1.14455,1.50713,1.28538,1.01523,0.869204,0.474074,0.284871,0.608737,1.15091,1.79274,2.26722,2.37732,2.51023,2.7482,2.68842,2.35911,2.12055,1.73724,1.64421,2.38967,3.26696
2.60716,1.48052,2.26134,0.992806,0.415147,-0.144813,-0.841681,-2.1485,-3.70164,-2.0677,0.968478,4.15958,2.2081,-0.194835,2.23273,5.16513,5.66179,4.09083,2.89997,3.12375,3.93407,2.73263,0.530786,-0.245154,-0.600645,-1.26225,-1.60054,-0.091297,1.66082,1.49469,1.12088,1.62382,0.949702,0.887615,0.99657,1.13679,1.2373,1.23203,1.17095,0.584638,0.0808209,0.604522,0.74669,0.534603,0.645375,0.674072,0.710984,0.55303,0.425296,0.778943,1.53683,2.2637,2.44928,2.12015,1.8575,1.83864,2.02094,2.61147,2.85001,2.30855,2.13777,2.70195,2.9818,3.21703
3.77311,3.11969,2.7092,0.7171,0.0628602,-0.339981,-0.927914,-1.86587,-3.21983,-2.18593,1.74644,3.8271,2.82347,0.952544,1.52912,1.23316,1.90766,5.59457,5.49052,4.14552,4.23167,2.57034,0.503031,0.0540172,-0.827568,-1.63596,-0.356933,1.25561,1.24966,0.457874,0.901831,1.16407,1.51646,1.48955,1.90781,1.98511,2.14482,1.91972,1.50266,1.22525,0.478925,0.438861,0.921941,0.605696,0.417616,0.678729,0.624035,0.431543,0.866881,1.33255,1.40329,1.38117,1.32328,1.31509,1.55741,2.06997,2.63206,2.68002,2.00246,1.50706,1.75854,2.18169,2.44987,2.57811
