public/uploads/wind/vent_json/20200524/wind_field_04.json
{"header": {"parameterUnit": "m.s-1", "parameterNumber": 3, "dx":  0.051, "dy": 0.036, "parameterNumberName": "northward_wind", "la1": 45.3082, "parameterCategory": 2,"nx": 177, "ny": 123, "refTime": "2018-10-03 01:00:00", "lo1":1.38177}, "data":
[rows 84 to 111 of 123, columns 0 to 62 of 177]
1.39528,1.36404,0.941221,0.438831,-0.0264806,-0.423204,-0.722088,-0.83081,-1.37756,-1.63002,-1.6624,-1.72858,-1.3805,-0.823023,-0.476673,-0.933204,-1.2359,-1.33974,-0.957855,-1.03832,-0.659653,-0.740081,-0.501448,-0.363449,-0.286078,-0.810717,-2.16563,-2.30144,-2.09373,-0.868814,0.41868,1.22738,1.5842,1.31842,0.433244,0.426799,1.07589,0.653258,-1.7603,-3.42898,-3.95886,-3.19985,-2.25512,-1.43013,-2.67,-3.43223,-2.2026,-1.56677,-2.27334,-2.63261,-2.72459,-2.38258,-2.03718,-1.97198,-2.99774,-3.2937,-3.06876,-2.97025,-3.00537,-2.88161,-2.67367,-2.58901,-2.01954
2.03698,1.80623,1.44046,0.877981,0.645666,-0.23077,-1.03809,-1.32581,-1.52934,-1.48012,-1.48507,-1.66917,-1.95744,-1.10675,0.0799123,-0.0694343,-0.277458,-0.450236,-0.421659,-1.02033,-0.986059,-0.554851,-0.79387,-2.26134,-3.19532,-3.31875,-2.54309,-1.31625,-0.735808,-0.989711,0.0672909,0.778334,1.23968,1.60425,1.44889,-0.0743008,-0.046739,0.793858,1.2742,0.988814,-0.313134,-1.33434,-1.5933,-3.00756,-3.29334,-2.34888,-1.24809,-0.426974,0.301604,-0.0155243,-1.51365,-1.55825,-1.41535,-1.67404,-1.58759,-0.284082,-0.285902,-1.07323,-1.49712,-0.1724,1.38454,1.7574,1.65044
2.37334,2.05383,1.60478,0.929155,0.521741,-0.254382,-1.5569,-2.36557,-2.14922,-0.801921,-0.557321,-1.06136,-1.29845,-0.475601,0.66809,0.934091,0.589698,0.499122,0.591676,1.0415,0.778947,-0.146065,-1.03851,-2.36784,-4.0889,-3.95576,-2.83357,-2.59639,-2.54404,-0.653058,-0.468798,1.22806,2.29341,2.72533,2.34346,0.477583,-1.42136,-1.10623,1.52947,2.97051,2.55999,0.353162,-0.512838,-2.08584,-0.247326,1.98575,1.72185,0.868059,0.495377,-0.255101,-0.769844,-0.601243,-0.715386,-0.801602,-0.320856,0.10215,0.0114319,-0.332184,-0.645935,1.00989,2.40872,2.56137,2.43155
2.28488,2.01008,1.53263,0.909886,0.701213,0.43162,-0.421041,-1.51255,-1.3588,-0.412163,-0.700925,-1.62489,-1.95978,-0.372653,0.0762327,1.05,1.52744,1.68698,1.24836,1.66935,1.37498,0.838418,0.182964,-0.719123,-2.52146,-3.52496,-3.52341,-4.39915,-4.12302,-2.95433,-2.42511,-0.696637,0.893964,0.93466,0.224566,-0.0343057,-0.728322,-0.335442,0.611092,1.65421,2.78535,0.252629,-1.39668,-1.64104,1.35273,3.05348,1.97597,0.00256816,-2.12975,-1.34227,0.207913,0.416093,0.175117,0.359469,-0.0762172,-1.54391,-2.14916,-1.00863,-0.428744,0.405112,-0.028363,0.0610873,-0.435745
1.06386,1.35649,1.10755,0.76312,0.717379,0.622034,0.595116,0.17972,-0.439065,-0.547196,-0.505388,-1.25859,-2.06087,-1.57216,-1.26165,0.465923,0.894004,1.14773,0.766057,1.19929,1.16249,1.21349,1.43842,1.00131,0.258574,-0.84982,-2.01622,-2.20396,-2.92098,-3.073,-3.35621,-2.97372,-0.938763,0.543074,-0.00145772,0.0767141,1.44711,1.46256,1.30337,2.35096,2.90942,0.96298,0.0767859,-0.00942615,0.603347,0.630659,-0.517891,-2.50504,-3.26518,-1.60468,0.559989,0.226412,-0.450378,0.598853,-0.02294,-0.927197,-2.25646,-2.80785,-1.30288,-0.711291,-0.882547,-1.75471,-2.57847
0.115669,0.46708,0.636107,0.670143,0.679156,0.616238,0.695776,0.805555,-0.110682,-1.41945,-0.10742,0.283949,-0.667497,-1.59259,-1.70156,-0.512991,-0.392174,-0.672334,-0.915173,-0.414,0.880164,1.34181,2.00379,2.09736,2.30239,2.61312,2.62211,1.58766,0.503967,-0.966045,-2.72867,-3.27987,-0.696486,1.05254,1.10001,1.49301,2.39094,2.39069,1.13544,1.51592,2.92479,3.76333,2.56703,0.266803,-1.88072,-2.21591,-2.6744,-2.88849,-0.573474,-0.0441318,-0.618167,-2.19438,-1.76045,-0.0196,0.704576,1.18611,-0.387887,-2.1371,-1.64422,-1.29167,-2.20463,-3.00378,-2.62913
-0.567834,-0.12332,0.304893,0.63025,0.742102,0.920554,0.933881,0.58267,-0.663643,-1.98601,-0.856483,0.287689,0.243637,-0.861174,-1.76598,-1.71435,-1.05888,-1.05249,-1.71099,-1.61515,-0.261312,0.413046,1.21142,2.18718,3.04775,3.19921,3.22484,3.0674,2.2685,0.151813,-2.23936,-3.47617,-2.58319,-1.64502,-0.871564,0.0456136,0.815549,0.342938,-0.66528,-1.27213,-0.353114,2.49102,2.08138,-1.30981,-3.58797,-4.23501,-3.81126,-1.36164,1.43475,0.764059,-1.88154,-2.64554,-1.316,0.221392,0.903634,1.83884,1.60695,0.258848,-0.476314,-1.65757,-2.03584,-1.42716,-0.164642
-0.760719,-0.405458,0.144164,0.767326,0.929595,0.924107,1.0036,0.570378,-0.651006,-1.55256,-1.22067,-0.485566,0.675382,0.0183257,-1.36154,-1.97037,-2.1336,-1.32532,-1.48971,-2.66367,-2.43991,-0.761461,0.769367,1.85545,2.39937,2.16075,2.52585,2.6574,2.31635,0.254699,-0.890148,-1.30844,-2.01464,-2.84608,-2.34781,-0.784299,0.681357,0.0261064,-0.679389,-1.07815,-1.69462,-1.61581,0.0968829,-0.720887,-3.14784,-3.54351,-2.92243,-1.57996,0.599808,0.8963,0.209273,0.866756,0.636818,-0.290021,-0.117697,0.780039,1.53884,0.988108,-0.601422,-2.60311,-0.520347,1.06733,1.13686
-0.749832,-0.540793,-0.0120777,0.756361,0.944526,0.978225,0.878515,0.604231,0.325037,0.763808,0.896766,0.124802,0.761531,0.644572,0.0436596,-1.00421,-1.80257,-1.38421,-0.129008,-1.53923,-1.88385,-0.407099,1.246,1.86713,1.63765,1.72123,1.88804,2.17091,1.92286,1.79466,2.63893,2.40545,1.28034,-0.190844,-0.691518,0.128687,1.03301,1.95578,1.20289,0.851865,0.409754,-0.681412,1.29442,1.03517,-1.22604,-1.44034,-2.76885,-3.30113,-2.45312,-0.526747,0.8508,1.03131,0.74353,-0.1991,-0.473575,-0.240751,0.567191,-0.0288831,-2.09229,-2.33546,-1.20387,-0.781402,-1.33344
-0.513333,-0.413806,0.00285562,0.726153,0.700383,0.955622,1.01455,0.602336,1.02853,1.49667,1.95087,1.15194,0.924533,1.31244,1.35769,0.955685,0.0937212,-0.106771,0.974472,1.25823,1.00422,1.0169,1.33848,1.31204,1.15226,0.771802,1.52655,2.27231,2.68518,3.71053,3.89394,3.13738,2.46982,0.819003,-0.396937,-0.48815,-0.703124,0.600152,2.21629,2.15699,2.18126,1.67945,1.66341,1.42555,-0.198715,-1.43136,-3.0345,-3.92773,-3.27723,-2.1764,-2.99658,-2.99917,-1.55766,0.548034,1.65293,0.809298,0.461684,0.245696,-0.941373,-1.45272,-3.09778,-3.92223,-4.21598
0.193334,0.323921,0.563154,0.974802,0.907281,1.50206,1.44661,1.1401,1.15404,1.5388,1.28539,1.64485,1.70191,2.08683,2.74181,2.75732,1.89085,1.17888,1.3427,1.73426,1.55657,1.1475,1.34498,1.80103,1.89684,1.78259,2.65899,3.43219,3.8931,3.12132,1.18028,0.825979,0.463615,0.0170549,0.090482,-0.0411556,-1.07532,-0.94981,0.0859344,0.491978,-0.209204,0.386569,-2.51049,-3.56126,-4.16379,-4.08344,-4.334,-3.13742,-1.82372,-1.49117,-2.99168,-2.83192,-1.03016,0.683015,1.69381,2.08031,1.36143,1.1799,0.545339,-1.78759,-3.75201,-4.44089,-4.2787
0.933435,1.04825,1.14706,1.21529,1.23147,1.50325,1.70885,1.54211,1.36947,0.73711,0.249046,0.508764,1.5159,1.29958,2.12454,2.65589,2.20294,1.95485,1.56309,2.10635,2.02736,1.03169,0.668256,1.27437,1.94728,2.78637,3.18492,3.14677,2.68081,1.82986,1.80867,1.74093,2.07649,2.82694,3.05002,2.17797,0.683001,0.0714244,-0.46615,-1.01805,-2.02214,-3.61364,-5.49795,-5.91874,-5.61975,-4.02916,-2.57053,-0.229167,1.16153,0.981095,0.949201,0.823162,-0.0586363,-0.227932,-0.0478603,1.0309,1.48616,1.18507,0.115701,-0.497004,-1.38602,-1.37891,-2.19968
1.54193,1.51032,1.35759,1.36173,1.38049,1.57898,1.67064,1.64034,1.38424,1.2742,0.136666,-0.485866,0.406428,1.00541,1.44704,1.93831,1.72847,1.59801,1.1836,2.09382,2.34645,1.37868,0.529164,0.580818,0.380204,1.06133,1.23732,0.473935,2.04781,2.92329,3.55076,3.24616,2.74488,2.48962,2.95651,2.55445,2.53677,2.58445,1.43993,0.864017,0.603498,-0.983852,-1.82122,-1.18246,-0.281512,1.42089,2.21897,2.42153,1.52079,0.253432,0.33928,-0.958822,-3.11014,-2.79932,-0.0623745,0.443538,0.573999,0.427023,0.334843,1.8734,2.65792,1.64575,0.00343135
1.77451,1.59735,1.38676,1.33156,1.34978,1.50411,2.05359,2.31574,2.02269,1.44789,0.928121,0.736565,1.413,1.99292,1.46228,1.28228,1.85734,1.9796,2.74459,2.63864,3.31381,2.43046,1.72637,1.33046,0.718736,0.816106,2.00185,2.68461,2.80258,2.15602,1.79105,0.318832,-1.44918,-0.865248,-0.397357,0.907997,1.89034,1.91976,1.3625,0.993479,1.056,2.87983,4.06962,4.29265,3.44209,1.50905,-0.146334,-1.04642,-1.88858,-2.91636,-3.9966,-4.29758,-3.88815,-3.07188,-0.706377,0.545148,0.0938867,0.0781394,1.47819,2.49617,3.15595,3.06754,2.53741
1.74007,1.65619,1.34957,1.28675,1.12507,1.45803,2.22754,2.35022,2.0214,1.35256,0.900643,1.83578,1.91456,2.25939,2.39177,1.74486,2.17859,2.84062,4.18627,3.97578,3.16473,2.88749,2.28323,1.59225,1.27782,2.72866,3.02907,2.66152,1.24557,-0.428181,-2.44386,-2.88029,-3.56069,-2.95595,-2.20499,-0.666404,0.377053,0.253423,-0.785861,-1.12973,-0.375711,0.606283,2.59297,2.90129,0.569934,-2.98136,-3.24685,-3.12031,-2.42146,-2.61792,-3.34843,-2.60767,-1.57528,-2.03057,-2.56799,-0.317303,0.66516,1.07998,1.87051,2.90534,3.24262,3.01947,2.54111
2.10774,1.47818,1.22622,1.57883,1.40145,1.2527,1.16161,0.883679,0.496351,0.166586,0.896505,1.43719,0.817036,0.729185,2.05174,2.01628,2.78582,1.93361,2.91326,1.75114,1.76251,0.905277,1.01545,0.862536,0.77206,1.2077,0.197838,-0.753724,-0.379454,-1.31634,-2.30674,-3.74921,-4.14979,-2.82142,-2.52292,-2.35487,-1.0621,-0.635047,-2.17079,-2.89475,-1.95384,-2.71042,-2.84698,-2.4806,-1.8563,-2.56882,-2.0691,-1.61869,-1.14567,-0.92881,-0.380903,-1.38384,-2.63443,-3.69951,-4.50395,-4.01821,-1.9151,1.47181,3.13256,3.43315,2.96789,-0.00903086,-2.18546
1.61106,1.51726,1.42069,1.5698,1.41929,1.42285,0.256964,-0.435631,-0.741621,-0.244227,0.712772,1.31026,1.112,0.774471,2.02535,2.7606,2.52406,1.38958,0.784053,0.563441,0.357526,0.438823,0.313061,0.669519,0.446211,-0.735024,-1.28231,-0.871722,-0.930631,-1.66254,-2.81362,-3.34215,-2.42193,-1.37649,-1.48429,-2.59307,-2.7012,-1.38265,-1.98859,-3.36671,-3.93659,-4.08397,-3.39305,-2.87514,-2.56043,-2.79963,-2.64434,-2.18051,-2.16996,-2.83093,-3.11467,-4.03581,-4.48162,-4.3746,-3.75153,-3.21532,-2.48698,-0.14131,2.01066,1.76108,-3.50264,-6.35958,-7.79964
1.35484,1.1925,1.4821,1.59423,1.48302,1.23448,0.447086,0.278016,0.774006,1.3165,0.987706,0.901616,0.679799,0.733091,2.07912,2.48732,1.18902,0.997927,1.01359,0.976696,0.192715,1.43626,1.71933,1.74272,1.30424,0.353043,0.413289,0.344051,-1.38103,-2.6947,-2.10114,-0.440428,1.20018,0.288021,-0.280871,-1.85841,-2.96068,-1.82186,-0.746387,-1.14686,-2.64588,-3.05155,-1.51511,-0.423493,-0.210144,-0.76384,-1.04529,-1.29366,-1.94948,-3.87468,-4.82421,-4.26562,-2.11072,-0.551814,0.22073,0.167073,-0.429283,-1.17339,-0.039346,-2.41214,-6.0068,-6.60227,-6.38622
1.40033,1.29048,1.50241,1.95776,1.60948,1.28908,1.21609,1.58557,1.46808,1.47341,0.773416,0.419267,0.205414,0.0326814,1.00686,1.10403,0.412868,0.369384,0.49167,0.254729,-0.0375409,1.08026,1.95334,1.89824,1.84975,1.3043,0.900938,-0.220059,-2.06695,-3.02615,-1.26627,1.04128,1.91105,1.58329,0.947025,-0.46822,-1.4989,-0.706147,0.768311,0.66133,-0.172589,-0.621629,-1.1579,-0.279512,1.42371,2.22212,1.86717,1.14055,-0.162745,-2.36539,-3.3822,-2.83255,-1.08459,0.15484,-0.110833,-0.991912,-2.78131,-3.41281,-3.61515,-4.35916,-4.18555,-2.4742,-1.84024
1.96028,1.65613,1.90013,1.64095,2.20616,1.80744,1.37307,1.92793,1.88762,1.08577,0.608907,0.218083,-0.0811096,-0.226877,-0.0786016,0.416443,0.16534,-0.905139,-0.918561,-0.13687,-0.366644,-1.19635,0.0878215,1.44231,1.26064,1.07164,0.826055,0.222456,-0.169341,0.470024,1.40704,1.4091,0.815494,1.26036,1.89687,0.526505,-0.546921,0.0184305,1.20064,0.734104,0.778526,0.712368,-0.417652,-1.04826,0.85176,2.2798,2.4897,2.01729,0.157484,-1.14608,-1.76555,-2.28057,-3.15051,-3.32529,-3.5096,-4.21185,-5.09197,-5.68442,-5.51885,-4.67911,-3.33856,-0.0216352,1.06671
2.47399,2.39929,2.17351,2.11877,2.47042,1.9983,1.30328,1.74894,1.91177,1.30328,0.960735,0.520893,0.829261,0.197309,-0.287412,0.141195,0.510438,-0.0175378,-0.326186,-0.792811,-0.728344,-1.34688,-0.800913,0.968902,1.47453,0.781644,0.50615,0.958587,2.40653,3.42312,2.42379,0.916139,0.919687,0.650424,2.02308,1.29871,0.963045,1.09443,0.832937,0.528417,1.01762,1.26585,0.68201,0.51456,0.566867,1.52806,2.0441,1.15372,-0.707513,-0.733934,-0.396975,-0.686774,-1.75168,-3.55823,-4.50722,-5.16815,-5.64073,-5.84505,-5.81223,-4.36249,-2.13073,-0.11501,-0.743681
2.40216,2.31169,2.23188,2.07251,1.67421,2.26579,1.17427,1.64701,1.71413,1.13649,1.38923,2.01172,1.9239,0.805777,0.361233,0.589925,1.29679,1.82823,1.2815,-0.0894707,-0.885546,-1.09778,-0.915155,-0.177138,1.19881,1.37187,0.836077,1.08107,2.73833,3.79144,2.03329,1.32946,1.75898,0.784275,1.6496,1.92528,2.00278,1.06965,0.724655,0.424043,1.03763,1.51608,1.62871,2.00215,2.0114,1.76306,0.977287,0.48485,-0.314405,0.432558,1.05433,1.9392,0.44775,-2.91589,-4.53193,-4.65321,-3.67891,-3.43771,-3.36833,-2.88503,-2.48939,-1.86081,-1.37369
1.75021,1.91864,1.86749,1.86197,1.96565,2.71327,1.27355,1.44778,1.45655,0.9026,2.50598,1.59108,2.30848,1.67161,1.26755,0.87497,0.999747,1.1478,0.576195,0.446297,-0.0471325,0.130347,-0.887506,-1.08316,-0.149812,0.876456,1.379,1.11302,2.46527,2.66091,2.68399,2.9889,3.08357,2.76803,2.1895,1.916,1.78264,0.955308,1.18417,0.609215,1.67467,2.05777,1.9595,1.94146,1.74351,1.01233,0.122248,0.239246,1.49364,2.8732,3.22684,2.9256,-0.357492,-3.52759,-3.71701,-1.86046,0.28755,1.48735,0.0751229,-1.91309,-2.86608,-2.40337,-1.67934
1.09302,1.83034,1.48189,1.73597,2.63364,1.95361,0.966494,1.10538,1.15379,1.27418,2.47011,1.3432,2.37478,2.2979,1.86418,0.828065,0.557519,0.570013,0.273181,0.909787,1.42653,1.07069,0.0972503,-0.298657,-0.510372,-0.0926288,1.16555,2.00954,2.81371,2.97839,3.24949,3.42771,3.24933,3.04076,2.70531,2.27323,2.10701,2.10788,0.908334,0.60795,1.95567,2.72308,1.92415,1.63378,1.79416,0.494217,0.0888271,1.17372,3.03536,3.07902,2.3232,0.291612,-2.16702,-3.44823,-2.23827,0.329224,2.43699,3.09449,2.55976,0.973418,-0.242584,-2.95658,-4.74962
1.50182,1.42881,1.42118,2.32096,1.85856,1.06425,0.848114,1.10569,1.58077,1.29234,1.48641,1.93719,1.65938,1.71494,0.909789,0.667203,0.984457,0.829907,0.22587,-0.000980545,0.764075,0.780652,0.383018,0.20733,-0.584307,-1.44707,-0.970375,0.932808,1.35128,0.282409,0.738896,1.72899,2.86178,2.81244,2.73541,3.29781,3.58584,2.04841,0.423369,0.840245,2.75637,2.79941,2.40175,2.56393,2.77107,0.844051,1.38776,2.77079,3.00547,2.31274,1.25222,-0.250838,-1.00108,-1.84945,-1.75423,-0.594953,0.338991,1.35669,2.01225,1.71974,0.0690783,-2.59568,-3.95848
2.27988,2.02718,2.75878,2.0269,2.75579,1.80466,1.78818,1.86384,1.67191,0.441967,0.172169,0.640589,-0.216278,0.258176,0.680463,0.581595,0.57867,0.268949,0.117179,-0.116115,0.828162,1.68474,0.636607,-0.315556,-0.947434,-1.12442,-1.09517,-0.961463,-0.903502,-0.388704,-0.438442,-0.760529,0.050731,1.75626,3.09181,3.97449,3.37293,1.42909,1.3593,2.61225,2.68661,3.05965,2.49603,2.22815,2.22774,1.734,2.88057,3.17282,3.08496,3.23351,2.48415,1.62352,1.11933,0.183171,-0.575426,-1.36595,-1.01768,-0.685905,-1.45267,-2.43908,-1.83882,-0.184177,-0.712153
4.20834,2.82015,2.47467,2.71312,3.49137,2.56324,2.2814,2.17565,1.21718,0.380019,0.381526,0.894078,0.17058,0.823771,0.559233,0.133295,0.121692,-0.167032,0.890456,1.33647,1.58158,1.34984,0.500052,0.0681563,-1.03228,-1.09284,-0.170532,-0.545073,-0.609819,0.265907,0.174562,-0.154885,-0.943612,-0.162826,1.25808,2.20486,2.19797,0.901676,2.25035,3.31463,2.6295,2.90151,2.65747,2.66922,2.11293,2.5044,3.10992,3.1255,3.18324,3.49794,3.20673,2.5736,2.55938,2.92996,1.59296,0.332076,-1.23619,-2.78977,-3.31675,-2.72295,-0.225592,1.92158,2.73972
4.33329,3.3839,2.91876,2.3446,1.7106,1.34113,1.60809,0.870307,0.0880992,0.210564,0.643189,0.837948,1.22517,0.822937,0.235931,-0.00866742,0.383963,-0.189405,0.670244,1.13636,0.48581,0.12248,-0.717941,-0.917773,-1.89796,-3.45085,-2.1615,-0.43815,-0.497272,0.260652,0.98335,0.879843,1.01619,0.435907,1.24133,1.22464,0.591283,0.249402,2.59395,3.12988,3.15337,3.30949,2.81547,2.37041,1.59479,2.58261,2.62821,2.57746,2.23757,1.87244,2.03945,2.52426,2.42815,3.00526,2.99517,1.32278,-0.772812,-3.07631,-2.94002,-0.68001,-0.262791,-0.776307,1.37934
