public/uploads/wind/vent_json/20200524/wind_field_04.json
{"header": {"parameterUnit": "m.s-1", "parameterNumber": 3, "dx":  0.051, "dy": 0.036, "parameterNumberName": "northward_wind", "la1": 45.3082, "parameterCategory": 2,"nx": 177, "ny": 123, "refTime": "2018-10-03 01:00:00", "lo1":1.38177}, "data":
[rows 28 to 55 of 123, columns 63 to 125 of 177]
-2.50417,-2.21407,-2.06836,-3.12925,-2.53398,-3.22985,-3.18542,-3.50608,-3.07455,-3.08244,-3.56031,-3.7967,-4.00194,-4.19835,-4.32073,-4.34088,-4.37455,-4.41909,-4.50431,-4.59343,-4.63894,-4.64958,-4.65188,-4.63386,-4.58776,-4.53597,-4.51891,-4.54607,-4.58937,-4.62109,-4.64953,-4.67869,-4.7232,-4.75077,-4.75608,-4.71419,-4.60161,-4.42269,-4.19436,-3.97062,-3.82279,-3.74942,-3.67617,-3.54366,-3.43496,-3.39121,-3.4082,-3.45551,-3.51636,-3.60565,-3.6865,-3.75952,-3.80259,-3.78306,-3.67344,-3.54588,-3.49022,-3.47698,-3.43425,-3.29999,-3.08033,-2.89206,-2.78941
-2.70778,-2.94549,-2.39069,-3.03511,-3.32113,-2.78803,-3.14663,-2.87543,-3.17102,-3.32685,-3.6298,-3.829,-3.98935,-4.08859,-4.17202,-4.26117,-4.38325,-4.51034,-4.61786,-4.67197,-4.68955,-4.70231,-4.70972,-4.6744,-4.59842,-4.53299,-4.5198,-4.54999,-4.58075,-4.60667,-4.64341,-4.67475,-4.70982,-4.72484,-4.73078,-4.69606,-4.58452,-4.37849,-4.10781,-3.86218,-3.70641,-3.61228,-3.49548,-3.348,-3.24089,-3.21297,-3.25003,-3.32096,-3.40509,-3.5048,-3.56895,-3.60819,-3.59336,-3.53076,-3.44253,-3.40958,-3.46216,-3.47624,-3.36374,-3.13767,-2.90263,-2.78695,-2.77141
-2.73295,-2.89166,-3.06573,-2.64376,-2.98625,-2.79587,-2.88584,-3.07985,-3.41299,-3.66919,-3.68844,-3.71096,-3.73511,-3.79988,-3.97402,-4.2078,-4.46839,-4.64706,-4.73847,-4.74361,-4.73701,-4.75273,-4.7513,-4.68563,-4.57262,-4.49299,-4.48547,-4.50901,-4.51958,-4.53517,-4.59053,-4.66418,-4.73635,-4.7756,-4.78449,-4.73902,-4.61638,-4.39155,-4.11199,-3.87082,-3.70097,-3.54347,-3.35953,-3.17607,-3.05157,-3.02645,-3.0781,-3.16268,-3.25628,-3.35193,-3.39521,-3.38465,-3.31578,-3.20492,-3.15348,-3.19039,-3.27521,-3.2628,-3.12174,-2.92501,-2.81594,-2.79939,-2.82309
-2.91174,-2.49531,-2.86538,-2.86769,-2.42764,-2.75457,-2.8306,-3.35468,-3.46764,-3.38268,-3.63532,-3.49488,-3.50734,-3.7454,-3.93137,-4.28998,-4.56003,-4.71705,-4.79559,-4.79971,-4.81981,-4.83799,-4.79823,-4.67537,-4.51136,-4.41468,-4.40711,-4.42913,-4.4328,-4.45989,-4.55171,-4.69019,-4.81895,-4.88574,-4.87982,-4.80179,-4.65715,-4.4374,-4.18532,-3.94374,-3.72821,-3.49176,-3.25706,-3.05377,-2.92242,-2.8895,-2.92779,-2.99322,-3.06832,-3.13828,-3.15094,-3.0825,-2.95151,-2.81576,-2.78896,-2.83253,-2.86975,-2.8277,-2.7694,-2.75307,-2.83072,-2.8994,-2.92421
-2.75767,-2.63655,-2.35489,-2.67238,-2.74983,-2.33302,-2.83126,-3.35354,-3.45538,-2.72489,-3.08002,-3.47892,-3.33351,-3.47803,-3.94371,-4.07682,-4.45171,-4.69089,-4.83517,-4.90415,-4.94676,-4.93834,-4.834,-4.63415,-4.44377,-4.33829,-4.33138,-4.37599,-4.42015,-4.4819,-4.60298,-4.76971,-4.90579,-4.95558,-4.91999,-4.80779,-4.64963,-4.45122,-4.22513,-3.97414,-3.71235,-3.44404,-3.19596,-3.005,-2.88747,-2.84244,-2.84156,-2.85674,-2.88075,-2.89236,-2.84902,-2.73177,-2.57604,-2.45566,-2.4147,-2.40402,-2.37704,-2.36573,-2.46869,-2.66071,-2.86734,-2.9671,-2.95479
-2.16832,-2.76408,-2.73833,-2.28026,-2.90275,-2.72208,-3.23202,-3.46217,-3.31483,-3.02502,-2.51149,-3.2597,-3.28679,-3.52369,-3.96959,-3.90369,-4.42311,-4.71859,-4.90877,-5.01829,-5.03506,-4.9704,-4.81403,-4.5878,-4.41321,-4.32261,-4.33098,-4.4197,-4.536,-4.64128,-4.75961,-4.88668,-4.96904,-4.96768,-4.89507,-4.75927,-4.59379,-4.39769,-4.1712,-3.9213,-3.6535,-3.39033,-3.16682,-3.01585,-2.94048,-2.89669,-2.84829,-2.79277,-2.75246,-2.69911,-2.58807,-2.43812,-2.30358,-2.21032,-2.13934,-2.07013,-2.03513,-2.11269,-2.33545,-2.59935,-2.78659,-2.84917,-2.82268
-2.34928,-2.64967,-2.67803,-2.80229,-2.39703,-3.38579,-2.9586,-3.00871,-3.1942,-3.45453,-2.58722,-3.37049,-3.76199,-3.76286,-4.1536,-4.03823,-4.55485,-4.78535,-4.94902,-5.03636,-5.02615,-4.9303,-4.77008,-4.59801,-4.46206,-4.39682,-4.42638,-4.55952,-4.74273,-4.89139,-4.97876,-5.02499,-5.03541,-4.98334,-4.87139,-4.71566,-4.52819,-4.29927,-4.05316,-3.80185,-3.54691,-3.3137,-3.14482,-3.06368,-3.05508,-3.03309,-2.95438,-2.8485,-2.74966,-2.61381,-2.44114,-2.28334,-2.18131,-2.1167,-2.04079,-1.97166,-1.98941,-2.13598,-2.34127,-2.50244,-2.56418,-2.56988,-2.56061
-2.32805,-2.46779,-2.17199,-2.96794,-2.19922,-2.82213,-2.84205,-2.51962,-3.13977,-3.32993,-3.31062,-3.727,-4.30642,-3.35867,-4.3881,-3.59721,-4.61451,-4.80525,-4.86387,-4.92485,-4.95793,-4.91922,-4.81496,-4.70247,-4.60562,-4.55364,-4.58866,-4.74,-4.95164,-5.11683,-5.17304,-5.14922,-5.08418,-4.98086,-4.84418,-4.67067,-4.4512,-4.18622,-3.91958,-3.6618,-3.42416,-3.23555,-3.13379,-3.14165,-3.1924,-3.20231,-3.13116,-3.01705,-2.85551,-2.62086,-2.39698,-2.26038,-2.20313,-2.16112,-2.09327,-2.06225,-2.14056,-2.28937,-2.39428,-2.40526,-2.35268,-2.3048,-2.29158
-1.41271,-2.19762,-2.73033,-2.41718,-2.38516,-2.13224,-2.83598,-2.77871,-2.70997,-3.40414,-3.71527,-3.33089,-4.11207,-3.88915,-4.41899,-3.33112,-4.6659,-4.74125,-4.69855,-4.80842,-4.93422,-4.99378,-4.9635,-4.89048,-4.81396,-4.7687,-4.78334,-4.91712,-5.10805,-5.2545,-5.28313,-5.19864,-5.0571,-4.90796,-4.76083,-4.58617,-4.35794,-4.08464,-3.81347,-3.55506,-3.34564,-3.20071,-3.15918,-3.22393,-3.30179,-3.33327,-3.28556,-3.15809,-2.92725,-2.6331,-2.41934,-2.34421,-2.3289,-2.27885,-2.201,-2.20171,-2.32221,-2.45707,-2.50196,-2.42996,-2.30605,-2.19382,-2.13788
-1.69349,-2.41757,-2.76646,-2.39918,-2.67149,-2.641,-2.15162,-3.17999,-3.18861,-3.87131,-3.00886,-3.26264,-3.57559,-4.34032,-3.91903,-3.69903,-4.49172,-4.62344,-4.68952,-4.82281,-4.96618,-5.07696,-5.11555,-5.08925,-5.02914,-4.98359,-4.97163,-5.05975,-5.19931,-5.31244,-5.30947,-5.16946,-4.96236,-4.78552,-4.64481,-4.49548,-4.28127,-4.00911,-3.73684,-3.48704,-3.30981,-3.20922,-3.21421,-3.28538,-3.34715,-3.3539,-3.28853,-3.12269,-2.86381,-2.62848,-2.52827,-2.522,-2.50287,-2.42692,-2.36351,-2.42854,-2.60493,-2.74595,-2.75205,-2.61842,-2.4307,-2.26187,-2.15877
-2.47658,-2.68555,-2.07726,-2.49034,-2.78846,-2.8985,-1.98787,-3.1141,-3.40779,-3.57563,-2.49422,-3.70079,-3.83143,-3.54192,-3.58787,-4.31328,-4.44936,-4.74733,-4.88791,-4.94733,-5.01045,-5.1036,-5.1781,-5.2031,-5.18399,-5.1532,-5.11736,-5.14252,-5.21422,-5.28836,-5.25371,-5.08721,-4.86525,-4.6855,-4.55824,-4.44216,-4.22422,-3.92349,-3.63215,-3.41035,-3.28282,-3.23446,-3.27322,-3.31562,-3.30628,-3.23509,-3.10654,-2.93431,-2.77913,-2.73663,-2.77475,-2.77549,-2.70678,-2.63969,-2.6677,-2.84301,-3.05088,-3.12742,-3.02542,-2.80946,-2.58405,-2.40465,-2.28887
-1.77884,-2.10931,-2.22659,-2.10054,-2.58462,-2.93591,-2.51302,-2.58981,-2.3333,-2.6322,-2.37748,-3.59914,-3.96838,-3.11677,-3.26686,-4.56608,-4.5049,-4.80707,-4.97521,-5.05629,-5.07338,-5.10094,-5.15174,-5.22541,-5.28952,-5.30612,-5.23692,-5.16102,-5.13993,-5.14377,-5.0765,-4.93456,-4.78209,-4.64414,-4.52708,-4.39432,-4.12068,-3.75436,-3.45897,-3.29152,-3.22472,-3.24308,-3.28425,-3.25756,-3.14759,-2.99266,-2.84948,-2.78832,-2.85876,-3.01243,-3.10522,-3.06667,-2.96448,-2.9457,-3.06318,-3.26281,-3.37882,-3.29327,-3.06317,-2.80122,-2.59401,-2.46077,-2.36465
-1.36232,-1.43309,-2.06882,-2.21993,-2.34374,-2.87531,-3.073,-2.46534,-2.00036,-2.71161,-2.41571,-3.63172,-3.46151,-3.60175,-3.22896,-4.22745,-4.26436,-4.80475,-5.08424,-5.14855,-5.13162,-5.09781,-5.13679,-5.24906,-5.37617,-5.41828,-5.30679,-5.12183,-4.97966,-4.88276,-4.8031,-4.72299,-4.67523,-4.60966,-4.48015,-4.23932,-3.86962,-3.48438,-3.25911,-3.16489,-3.14079,-3.18244,-3.17873,-3.06521,-2.89633,-2.73136,-2.6971,-2.84701,-3.12252,-3.34393,-3.40546,-3.33822,-3.2545,-3.26751,-3.37245,-3.44709,-3.36537,-3.12649,-2.84312,-2.61004,-2.46269,-2.40538,-2.38053
-1.49696,-1.44915,-1.71957,-2.30471,-2.6596,-2.44097,-3.03961,-2.46654,-2.10114,-3.33699,-2.84612,-3.35268,-3.44299,-3.73834,-3.6168,-3.98587,-4.3224,-4.71766,-5.05321,-5.15235,-5.15954,-5.15663,-5.22294,-5.31599,-5.3893,-5.38266,-5.25102,-5.03435,-4.81657,-4.66306,-4.60321,-4.56333,-4.52822,-4.45223,-4.25255,-3.88421,-3.47803,-3.20756,-3.11597,-3.08975,-3.08836,-3.08708,-3.01893,-2.85546,-2.69111,-2.62611,-2.78644,-3.12357,-3.44494,-3.60274,-3.60351,-3.5337,-3.48351,-3.47772,-3.48064,-3.39319,-3.17262,-2.88714,-2.63631,-2.48292,-2.42928,-2.45756,-2.52681
-1.61215,-1.50398,-2.22298,-2.15694,-2.65016,-2.79873,-2.71822,-2.22129,-2.29619,-3.36853,-3.47527,-2.50836,-3.7264,-2.84073,-3.82405,-3.96595,-4.19501,-4.02483,-4.65268,-4.92656,-5.09824,-5.2338,-5.33028,-5.35134,-5.30313,-5.21465,-5.09423,-4.93212,-4.74915,-4.62287,-4.57816,-4.49284,-4.31977,-4.09472,-3.78262,-3.3919,-3.11128,-3.0469,-3.09404,-3.13479,-3.15702,-3.12367,-2.9894,-2.79324,-2.67737,-2.78293,-3.1122,-3.46951,-3.66895,-3.70969,-3.66346,-3.61098,-3.58589,-3.56231,-3.49015,-3.3358,-3.11848,-2.89795,-2.71742,-2.63403,-2.66106,-2.74383,-2.83167
-1.23331,-1.21896,-2.12996,-2.57947,-2.30247,-2.92345,-2.62087,-2.15922,-3.21278,-3.22035,-3.68064,-2.39534,-4.00059,-2.66553,-3.93666,-3.64709,-3.92103,-4.03405,-4.30531,-4.54196,-4.82864,-5.08764,-5.23894,-5.24425,-5.15394,-5.03329,-4.93154,-4.84527,-4.74013,-4.64201,-4.56295,-4.37815,-4.04052,-3.64166,-3.24556,-2.9864,-2.9837,-3.1363,-3.27575,-3.35392,-3.37226,-3.30463,-3.08382,-2.8716,-2.87322,-3.13542,-3.46322,-3.65297,-3.67825,-3.63722,-3.58864,-3.57525,-3.60916,-3.64482,-3.61247,-3.50653,-3.35254,-3.20134,-3.05815,-2.99289,-3.02686,-3.10562,-3.1718
-0.956172,-1.23391,-1.41329,-2.46399,-2.46139,-2.57605,-2.3188,-2.03613,-3.32149,-3.66687,-3.15817,-3.50363,-4.05563,-3.60473,-3.80567,-3.83223,-4.02844,-4.02109,-3.97789,-4.10607,-4.37015,-4.65412,-4.84111,-4.90391,-4.91028,-4.86943,-4.80483,-4.73257,-4.6243,-4.48544,-4.34124,-4.13374,-3.78101,-3.3284,-2.9647,-2.94131,-3.21909,-3.49801,-3.6179,-3.62944,-3.56591,-3.39659,-3.12763,-3.00886,-3.17959,-3.45716,-3.59657,-3.57485,-3.48738,-3.43886,-3.44951,-3.53132,-3.68051,-3.81696,-3.86371,-3.81214,-3.69688,-3.54704,-3.39323,-3.32084,-3.34229,-3.42663,-3.51844
-0.841446,-0.992645,-1.11632,-1.96261,-2.1592,-2.94993,-2.27912,-2.09636,-2.68727,-3.81064,-3.06206,-4.28269,-3.60514,-4.53391,-4.00613,-4.26865,-4.10543,-3.91774,-3.82356,-3.83084,-3.97232,-4.16951,-4.3002,-4.4105,-4.56286,-4.69764,-4.7244,-4.59579,-4.36569,-4.11825,-3.91556,-3.7868,-3.59242,-3.29471,-3.14093,-3.33226,-3.68748,-3.90861,-3.91706,-3.77203,-3.55557,-3.29428,-3.12516,-3.1976,-3.42498,-3.55473,-3.5024,-3.36159,-3.26534,-3.29278,-3.41623,-3.62805,-3.86553,-4.0248,-4.07022,-4.01018,-3.88415,-3.71251,-3.56381,-3.52356,-3.57152,-3.66874,-3.76099
-0.522428,-0.815047,-0.883657,-2.4683,-2.06442,-2.80237,-2.53756,-2.242,-3.36166,-3.25831,-3.63498,-4.11695,-4.15482,-4.92809,-4.75456,-4.62637,-4.33692,-4.06114,-3.84952,-3.7277,-3.75266,-3.82751,-3.8937,-4.01458,-4.24915,-4.51437,-4.64408,-4.49614,-4.13216,-3.74122,-3.48079,-3.42871,-3.43006,-3.42998,-3.55696,-3.81742,-4.05045,-4.13329,-4.02306,-3.71808,-3.37179,-3.16869,-3.19423,-3.36983,-3.49459,-3.49489,-3.39844,-3.28798,-3.28129,-3.40975,-3.62434,-3.88957,-4.0887,-4.1541,-4.12892,-4.02742,-3.86397,-3.69748,-3.61174,-3.62378,-3.66706,-3.72479,-3.7618
-0.294649,-0.745053,-0.875305,-2.25545,-2.69525,-2.19192,-2.91151,-2.41926,-3.38341,-3.29924,-3.69787,-4.38074,-5.01011,-5.10906,-5.18622,-4.92807,-4.52245,-4.10768,-3.84228,-3.69253,-3.69496,-3.68238,-3.71828,-3.81857,-4.02361,-4.26596,-4.43357,-4.38186,-4.03631,-3.56308,-3.25189,-3.20549,-3.31479,-3.54025,-3.81289,-4.00762,-4.09997,-4.06249,-3.84034,-3.47396,-3.20991,-3.2046,-3.35284,-3.49575,-3.56426,-3.56356,-3.52704,-3.52012,-3.63753,-3.82556,-4.03052,-4.19627,-4.25609,-4.20354,-4.09192,-3.92983,-3.73813,-3.59792,-3.57353,-3.60045,-3.61157,-3.63079,-3.63439
0.0408013,-0.591414,-1.07798,-0.9059,-2.44401,-2.67492,-3.07447,-2.89452,-2.35513,-3.85481,-3.50286,-4.47489,-4.50487,-4.95782,-5.1467,-4.92826,-4.57855,-4.20051,-3.93622,-3.79399,-3.75777,-3.65815,-3.65123,-3.72038,-3.80839,-3.91855,-4.05027,-4.13723,-3.97846,-3.6175,-3.30766,-3.19832,-3.32271,-3.59929,-3.82002,-3.88059,-3.83145,-3.64227,-3.37336,-3.18773,-3.22246,-3.41634,-3.61984,-3.77382,-3.86606,-3.88047,-3.9045,-4.00144,-4.17928,-4.34538,-4.43346,-4.43044,-4.35717,-4.21622,-4.01124,-3.77709,-3.57853,-3.48803,-3.49979,-3.53395,-3.56564,-3.60132,-3.60142
-0.0437102,-0.638392,-0.684451,-0.76009,-1.74047,-3.10191,-2.27848,-3.52441,-2.6145,-3.71788,-3.83418,-3.91614,-4.06574,-4.13511,-4.74445,-4.66635,-4.47131,-4.28615,-4.12968,-4.00609,-3.82824,-3.61611,-3.57748,-3.63032,-3.59108,-3.54591,-3.6037,-3.76108,-3.86599,-3.79347,-3.52632,-3.33744,-3.46187,-3.70444,-3.7663,-3.61961,-3.36185,-3.05738,-2.95226,-3.13249,-3.45157,-3.76038,-4.01812,-4.21058,-4.27751,-4.28586,-4.38581,-4.56493,-4.7202,-4.74328,-4.67866,-4.56915,-4.40679,-4.17082,-3.8869,-3.62735,-3.48281,-3.45678,-3.50981,-3.59778,-3.67938,-3.69762,-3.62683
-1.18964,-0.886671,-0.686249,-1.32842,-2.4034,-3.30605,-2.38064,-3.47875,-3.5517,-3.21893,-3.76954,-3.52431,-3.863,-3.76388,-4.05768,-4.25055,-4.2693,-4.30841,-4.27683,-4.12581,-3.79831,-3.5172,-3.44755,-3.45315,-3.36002,-3.23859,-3.2574,-3.45888,-3.77407,-3.91961,-3.70758,-3.5238,-3.66439,-3.8468,-3.76638,-3.4447,-3.06387,-2.84023,-3.02137,-3.42118,-3.79126,-4.08535,-4.3458,-4.52255,-4.57284,-4.63997,-4.80802,-4.97081,-5.05071,-4.91953,-4.75299,-4.59671,-4.37156,-4.07945,-3.7827,-3.58205,-3.54089,-3.57536,-3.68118,-3.80976,-3.82909,-3.67922,-3.40172
-2.17779,-1.37497,-1.79001,-1.8062,-3.16311,-3.35901,-3.58147,-3.03495,-3.61076,-3.60459,-3.4552,-3.41855,-3.49548,-3.51041,-3.53604,-3.9811,-4.15919,-4.23498,-4.19008,-3.97502,-3.63957,-3.35694,-3.184,-3.10478,-3.10025,-3.11598,-3.19968,-3.41804,-3.70662,-3.85127,-3.78228,-3.72563,-3.81446,-3.89171,-3.78612,-3.48078,-3.17849,-3.12521,-3.40581,-3.76146,-4.03678,-4.27794,-4.50822,-4.65953,-4.7413,-4.85669,-4.9849,-5.01906,-4.81513,-4.87828,-4.71881,-4.5408,-4.28008,-4.0298,-3.78613,-3.65827,-3.68175,-3.7682,-3.87661,-3.86801,-3.62777,-3.20929,-2.7707
-1.62155,-1.5959,-2.86082,-2.33264,-3.17859,-2.9188,-3.56282,-3.3647,-3.08343,-3.60916,-3.62465,-3.42646,-3.41243,-3.19734,-3.62804,-3.9395,-4.06329,-4.06492,-3.91856,-3.65714,-3.37846,-3.06448,-2.77128,-2.71766,-2.92387,-3.20325,-3.40616,-3.53706,-3.60899,-3.68053,-3.78393,-3.8143,-3.76326,-3.75131,-3.71312,-3.52636,-3.35211,-3.38152,-3.66711,-4.00858,-4.27915,-4.48852,-4.62872,-4.69681,-4.74988,-4.80735,-4.81491,-4.5429,-4.41428,-4.46198,-4.56574,-4.2622,-4.18219,-3.83014,-3.78289,-3.69986,-3.73887,-3.81937,-3.74156,-3.39809,-2.89031,-2.37202,-1.97479
-0.988821,-1.28528,-2.41661,-2.69266,-3.18323,-3.27146,-2.89247,-3.62109,-3.24528,-2.98551,-3.65339,-3.3832,-3.41837,-3.60108,-3.91497,-3.88425,-3.93097,-3.87146,-3.64892,-3.38012,-3.06158,-2.66418,-2.38038,-2.44031,-2.78421,-3.2444,-3.58287,-3.63739,-3.54223,-3.54975,-3.65681,-3.64346,-3.51171,-3.46537,-3.43386,-3.33571,-3.34507,-3.59344,-4.05784,-4.44103,-4.63985,-4.67458,-4.62108,-4.56294,-4.55304,-4.42392,-4.10637,-3.91678,-4.10108,-4.08974,-4.24165,-3.89049,-3.78779,-3.50423,-3.59144,-3.49119,-3.57974,-3.49585,-3.16117,-2.6472,-2.19728,-1.62624,-1.223
-1.16285,-1.14534,-1.26468,-2.5939,-3.08928,-3.31006,-3.11363,-3.42588,-3.55456,-3.22489,-3.43546,-3.77921,-3.64966,-3.85505,-3.83351,-3.78895,-3.79446,-3.72598,-3.55217,-3.31002,-2.87496,-2.41628,-2.23937,-2.35648,-2.64846,-3.0847,-3.48695,-3.53645,-3.42606,-3.37359,-3.48055,-3.42794,-3.1806,-3.03058,-3.0536,-3.22975,-3.66984,-4.26631,-4.70965,-4.84741,-4.7715,-4.60715,-4.43636,-4.29404,-4.1283,-3.70321,-3.11254,-3.75023,-3.47147,-3.77815,-3.97195,-3.57921,-3.36124,-3.2435,-3.28428,-3.21211,-3.11416,-2.89822,-2.39861,-1.94831,-1.652,-0.877261,-0.358345
-1.40509,-1.97922,-1.47123,-2.65562,-2.99212,-3.07872,-3.22433,-3.4427,-3.43904,-3.68881,-3.59808,-3.85805,-4.07856,-3.97732,-3.86368,-3.81304,-3.74409,-3.69551,-3.6402,-3.42581,-2.99511,-2.62868,-2.53318,-2.53013,-2.5629,-2.71723,-2.90468,-2.95167,-2.84453,-3.01584,-2.6662,-2.47431,-2.40304,-2.45208,-2.77291,-3.67442,-4.41905,-4.84414,-4.85623,-4.71056,-4.52713,-4.43526,-4.28244,-4.24965,-3.56371,-3.14091,-2.65902,-3.50645,-2.95764,-2.94223,-3.38227,-3.20386,-3.06627,-2.99766,-2.89346,-2.82345,-2.32744,-2.37462,-1.8689,-1.40126,-0.981501,-0.375282,0.0890633
