public/uploads/wind/vent_json/20200524/wind_field_06.json
{"header": {"parameterUnit": "m.s-1", "parameterNumber": 3, "dx":  0.051, "dy": 0.036, "parameterNumberName": "northward_wind", "la1": 45.3082, "parameterCategory": 2,"nx": 177, "ny": 123, "refTime": "2018-10-03 01:00:00", "lo1":1.38177}, "data":
[rows 56 to 83 of 123, columns 0 to 63 of 177]
3.84111,4.11736,4.61213,5.15067,5.49658,5.27713,5.51095,4.84652,5.0092,4.41303,3.30782,1.32732,-0.681453,-0.212749,0.529635,2.10142,2.67308,3.94667,4.69606,5.71435,5.45437,4.4006,4.03262,3.09159,1.70061,1.14865,3.1077,3.13934,1.29641,-0.706666,-1.23962,-1.76969,-1.90232,-1.89494,-1.71399,-1.97798,-2.36968,-2.68748,-2.70915,-2.37199,-1.90589,-2.19727,-2.13863,-2.37488,-2.27861,-1.1845,-0.784265,-0.894274,-1.02314,-0.757751,-0.467573,-0.342848,0.0332908,-0.0833579,-0.368965,-1.22526,1.14683,0.502717,-0.162024,-0.651038,-0.0427439,-0.870774,-1.95656,-1.81448
3.90765,3.77652,4.19775,4.6124,5.02552,4.59553,5.60036,4.24034,3.3103,2.68376,1.82524,0.468453,-0.488682,0.953526,0.823393,0.621744,1.77648,3.40201,3.88046,5.13862,5.40165,5.48898,4.83677,3.62171,1.00875,-0.537225,1.06631,2.76252,1.21568,-0.380181,-0.785832,-1.53434,-1.53284,-1.56616,-1.87201,-2.41321,-2.41768,-2.43001,-2.20353,-1.90823,-2.0246,-2.57721,-2.43409,-2.4759,-1.6351,-1.20637,-1.30944,-0.719831,-1.20434,-1.01941,-0.32062,-0.703799,0.141122,-0.791295,-1.27485,-1.57874,-0.176919,0.81386,0.186462,-0.2361,-0.0372611,-1.3614,-1.89461,-1.57309
3.91952,3.80431,3.90823,4.15825,4.54404,4.60893,4.95569,2.43534,1.80359,1.86173,2.59317,1.35585,1.8517,2.78965,2.91556,3.99378,4.82542,5.11782,4.79476,2.64315,0.110479,1.30653,2.68489,2.74431,2.08025,0.674394,1.20263,1.5785,0.798386,-1.50903,-1.69016,-1.53515,-1.36267,-1.69721,-2.58403,-2.37239,-2.24494,-1.75511,-1.66483,-1.8894,-2.42296,-2.79906,-2.23469,-1.79178,-1.6143,-1.38802,-1.04753,-0.972934,-1.05685,-0.626435,-1.18793,-1.11229,-1.48461,-0.849095,-0.760863,-0.899742,-0.644693,0.765573,0.091938,-0.157504,-1.00169,-1.51274,-1.59588,-1.40436
4.99704,4.11337,3.82339,2.84829,3.43194,3.76449,2.90078,2.04658,1.56716,1.60087,1.30446,0.383325,0.951119,1.27051,1.10742,3.85043,5.25332,5.42514,4.55694,1.22032,-0.99937,-1.96039,-0.955096,1.46103,3.01711,2.23432,1.85225,0.0568905,-1.08845,-1.87751,-2.30445,-1.37387,-1.25417,-2.09016,-2.99278,-2.27984,-2.45269,-1.90533,-1.7035,-2.12441,-2.74938,-2.86123,-2.20563,-1.74987,-1.53496,-0.685079,-0.755271,-1.47882,-1.3167,-1.63259,-1.801,-0.938556,-1.77081,-1.23383,-0.05423,-0.203008,-0.469629,0.631171,0.227616,0.0787906,-1.3043,-1.37739,-1.37146,-1.59301
4.34209,4.05034,3.3017,2.32903,1.26494,1.984,1.79726,1.0262,1.01395,1.01633,1.52651,0.656241,0.0114744,-0.996698,-2.05134,-0.109679,2.66769,3.11643,1.738,1.2125,-0.724089,-2.13455,-1.66605,0.624349,1.55835,0.76107,0.344139,-0.841823,-2.38845,-2.51904,-3.25887,-2.00075,-1.08818,-2.20381,-2.7774,-2.764,-3.11012,-2.36129,-2.14246,-2.37249,-2.60986,-2.36489,-2.13118,-1.72717,-0.840059,-1.03707,-0.716397,-1.19319,-1.90633,-1.75464,-2.098,-1.78156,-1.40665,-1.18917,-0.0565447,-0.124477,-0.334847,0.062844,-0.208208,-0.731531,-1.09967,-1.19826,-1.4228,-1.92612
3.43624,3.18643,2.6907,1.99309,1.45464,1.58283,1.42787,1.05094,0.903767,1.48915,1.8705,1.50885,-1.33986,-3.30242,-3.69565,-1.49121,0.269208,1.51608,1.8219,1.00408,0.17005,0.512262,-0.123063,0.491187,0.648456,0.396741,-0.475265,-0.971869,-1.84656,-2.88207,-2.19045,-2.61908,-1.90874,-1.75716,-2.73631,-3.3177,-3.27744,-2.59129,-2.53511,-2.5983,-2.51406,-1.90638,-1.73358,-1.18143,-0.895624,-1.54021,-0.880035,-0.901272,-2.07373,-1.75227,-2.39858,-2.01444,-0.958283,-0.977144,-0.570189,-0.145058,-0.889479,-1.17328,-1.47192,-1.7032,-1.45213,-1.52673,-1.7851,-1.83253
1.67909,1.68787,1.87904,1.46302,1.35625,1.74461,1.67123,1.27692,1.41709,2.04181,1.92792,1.31671,-1.16065,-1.44978,-1.22598,-0.960137,-0.0463035,1.18157,1.84266,1.32394,1.57156,2.39088,1.21535,0.114565,-0.146975,0.0864273,-0.337611,-0.647082,-1.2947,-1.58183,-1.53705,-1.38555,-1.8023,-1.72181,-2.16148,-3.21762,-3.0042,-2.71409,-2.87318,-2.79734,-2.43459,-1.79141,-1.44576,-0.979445,-1.26888,-1.46153,-1.2629,-1.45213,-1.94797,-1.89611,-1.76684,-1.34989,-1.27516,-1.28611,-1.03529,0.117045,-0.638396,-1.65489,-1.72965,-1.52194,-1.48284,-1.51747,-1.54343,-1.4533
1.2604,1.3829,1.62235,1.61895,1.93783,1.67018,1.721,1.43777,1.61367,2.45681,2.76504,1.34791,1.4072,2.27294,1.77639,-0.019204,0.202355,0.604816,0.229843,0.180787,0.783388,1.03197,0.717154,-0.00576974,-0.259121,0.284509,-0.468196,-0.545542,-0.488288,-1.12242,-1.05998,-1.24291,-1.45265,-1.62408,-1.71577,-2.1055,-2.51239,-2.73305,-3.01127,-2.62949,-2.36668,-1.95286,-1.74289,-1.34371,-1.18593,-1.0102,-1.42413,-2.37301,-1.91489,-1.50984,-1.62374,-1.77913,-2.08291,-2.01697,-1.74914,-0.296975,-0.603479,-1.02409,-0.668709,-0.410397,-0.67757,-0.877658,-0.912952,-0.986265
1.52569,1.6856,1.78736,2.09142,2.30423,1.94918,1.925,1.86244,2.4262,3.18914,3.30712,1.81083,2.08143,2.44201,1.8787,0.283955,0.0732936,-0.118839,-0.590379,-0.831547,-0.647422,-0.518108,-0.433243,-0.380827,-1.00687,-1.11611,-1.76693,-1.15415,-0.638528,-0.873433,-0.947716,-1.63642,-2.612,-2.2667,-1.0454,-1.66532,-1.62249,-2.398,-2.28693,-1.80673,-2.24793,-2.264,-2.32229,-1.62518,-0.863049,-1.16397,-1.50266,-2.43422,-2.40948,-2.33203,-2.01139,-2.11184,-2.4723,-2.36877,-2.41236,-1.59082,-0.613347,-0.123872,0.31296,-0.0023337,-0.329226,-0.420686,-0.464315,-0.688802
1.55381,1.7153,2.07283,2.38799,2.54791,2.50661,2.68753,3.00429,3.79813,3.85343,2.68552,1.79241,1.13572,-0.384416,-1.4075,-1.79137,-1.502,-0.812675,-2.16563,-2.6926,-2.59192,-1.27224,-1.91818,-2.22993,-2.83854,-3.55183,-3.46123,-2.88316,-1.65651,-1.40449,-1.46434,-2.24873,-1.41793,-2.36781,-1.23233,-1.4636,-1.71074,-3.01685,-1.63831,-1.49458,-1.66294,-1.75986,-2.1076,-1.60572,-1.13552,-1.70423,-2.01274,-2.36071,-3.02674,-2.98439,-2.47208,-2.40922,-2.55896,-2.46228,-2.53024,-2.24853,-1.31762,-0.827986,-0.569144,-0.537842,-0.229989,-0.207378,-0.36428,-0.709676
1.92784,2.08665,2.36664,2.71426,2.73555,2.9369,3.4144,4.03213,4.20415,3.16254,1.70013,0.561046,-0.890343,-2.64729,-3.92114,-4.60467,-4.08382,-3.52475,-4.63652,-4.08192,-3.875,-3.56874,-4.53952,-4.27101,-4.40191,-3.68934,-3.47941,-3.56599,-3.75615,-3.45363,-3.01846,-2.27394,-1.64816,-1.7872,-1.54053,-1.75819,-1.35169,-2.54004,-0.834204,-0.863147,-1.23434,-1.60586,-1.49587,-1.67268,-1.58365,-1.89516,-2.22036,-2.78692,-3.12706,-3.30861,-3.04198,-2.88652,-2.69967,-2.56699,-2.6051,-2.27106,-2.40109,-2.12748,-1.77959,-1.20294,-0.721789,-0.808773,-0.907845,-1.02148
2.96489,3.02541,3.09363,3.14056,3.04508,3.29977,3.59608,3.98419,3.70698,2.4276,0.198341,-2.02214,-2.54516,-3.0026,-3.56831,-4.51783,-4.49063,-3.92801,-4.08527,-4.16026,-4.2652,-4.338,-4.94184,-4.08249,-4.73507,-3.95896,-3.22789,-3.01723,-3.09423,-3.15392,-3.19495,-2.97899,-1.83821,-1.34577,-1.26592,-1.27103,-1.54769,-2.13461,-1.59869,-1.65583,-1.30073,-0.976018,-1.50363,-1.43999,-1.6786,-1.98858,-2.29533,-3.07112,-3.32888,-3.38564,-3.08934,-3.0597,-2.99474,-2.77317,-2.68689,-2.31957,-2.55906,-2.46616,-2.1586,-1.89447,-1.7687,-1.85392,-1.47435,-1.36134
3.81592,3.78397,3.73052,3.604,3.45811,3.617,3.56126,3.88449,3.6902,1.47031,-0.893459,-1.67556,-1.81239,-1.87193,-1.85399,-1.9946,-1.91903,-1.95323,-1.81638,-0.814053,0.134491,-1.23354,-2.82359,-2.36359,-2.65623,-3.12056,-2.95501,-1.40557,-0.927413,-0.560327,-1.40377,-2.02828,-2.13883,-1.58653,-1.50492,-1.41833,-1.54776,-1.69798,-1.97899,-1.38372,-2.17379,-1.62467,-1.31019,-1.69567,-1.33404,-1.83481,-2.60923,-2.72024,-2.6594,-2.91456,-2.70829,-2.73451,-3.16765,-3.06357,-2.77805,-2.44398,-2.47498,-2.16872,-2.22728,-2.12076,-2.05769,-1.89231,-1.49466,-2.20478
3.9607,3.9993,3.9381,3.75674,3.76856,3.95372,4.00921,3.21695,2.63251,3.3435,3.05873,2.05132,1.44362,1.29612,1.43035,1.97869,3.04994,3.78766,4.57963,5.59081,4.9625,3.27506,0.47645,-0.625747,0.800907,0.0505203,-1.93237,-2.77953,-1.9634,-0.508249,-0.250037,-1.57105,-2.02942,-2.66777,-2.80456,-1.75977,-1.72477,-0.937939,-1.82429,-2.05366,-2.55538,-1.58744,-1.20372,-1.55951,-1.95847,-1.89337,-2.51958,-2.55634,-2.00105,-2.29464,-2.35199,-2.40856,-2.81287,-3.03612,-2.84599,-2.5011,-1.91146,-2.27147,-1.80381,-2.02976,-1.89078,-1.90464,-1.50302,-1.18322
3.38478,3.68933,3.72444,3.69831,3.71519,3.94094,3.99072,1.85848,0.29819,1.44405,4.38471,5.70483,5.50694,5.28917,5.54364,6.23271,7.78332,8.04022,8.25214,6.78071,3.43486,1.43642,-1.04222,-2.14864,-0.575864,1.24186,1.38496,-1.06427,-2.0542,-1.9987,-2.67827,-3.65021,-3.37794,-3.5025,-3.52928,-3.23454,-2.36801,-1.34205,-1.1419,-1.76227,-1.72427,-2.03974,-1.98178,-1.47513,-1.43906,-1.49183,-2.12537,-2.23287,-1.98281,-1.9759,-2.09458,-2.06121,-2.08676,-2.71138,-2.69466,-1.8495,-1.97445,-1.8938,-1.94641,-1.46389,-1.53055,-1.62956,-1.15293,-1.13947
2.41615,3.08984,3.02622,3.09976,2.60756,2.65051,2.78682,2.3158,-0.33743,-1.67841,-0.533356,3.06402,5.46632,6.63748,7.50697,8.16756,7.03157,4.70868,3.30421,1.42756,-0.321139,-0.864644,-1.66267,-3.30734,-3.84981,-2.98692,1.26743,2.14312,0.524995,-1.59245,-3.34969,-3.17142,-3.11374,-3.51997,-3.46858,-3.63294,-3.46154,-3.18724,-2.07884,-1.86147,-0.660313,-0.922368,-1.38387,-1.42297,-1.08939,-1.62997,-1.55643,-1.67189,-1.43285,-1.43663,-2.04185,-1.35519,-1.54772,-1.82025,-1.9404,-1.87468,-1.42043,-1.71077,-1.1844,-1.12195,-1.03188,-1.16957,-1.21936,-1.12483
1.58545,2.29296,2.0447,2.14925,1.78294,1.27825,1.36483,1.21186,-0.803408,-1.58034,-2.91822,-1.90772,0.289403,3.6247,4.79351,4.36604,1.43116,0.508132,0.0273695,1.01839,2.14166,2.92193,3.60992,3.00359,0.101014,-3.4895,-3.3155,-2.21072,-2.50034,-3.20167,-1.11834,1.14596,-1.20532,-3.24878,-3.37158,-3.36939,-3.12548,-3.49431,-3.07071,-2.22833,0.312716,0.627202,0.378755,-0.427946,-2.0663,-1.33728,-1.2321,-1.37228,-1.38802,-1.29468,-1.77456,-1.73257,-1.47227,-1.48632,-0.793937,-1.13105,-1.27598,-1.09186,-0.887536,-0.660368,-0.849389,-0.907324,-1.15565,-0.791769
0.48366,1.19225,1.09823,1.21984,1.35767,1.00962,0.563452,0.0520899,-1.2944,-2.24423,-3.18905,-3.3019,-1.89513,-0.202392,0.645058,0.19735,0.565028,1.77877,3.29194,4.66681,4.20061,3.60618,3.79562,4.44097,4.51198,3.31526,-2.24006,-4.19686,-4.17704,-2.82142,-0.948016,1.37362,0.0257009,-1.95766,-2.25584,-1.34698,-1.56052,-2.23741,-2.30957,-2.02868,0.563151,2.1452,1.73481,0.0210953,-2.14394,-1.37613,-1.26602,-1.40323,-1.21336,-1.13803,-1.55656,-1.46588,-1.74445,-1.16513,-0.62311,-1.58869,-1.20675,-0.570049,-0.611541,-0.67479,-0.473601,-0.295844,-0.474992,-0.748586
-0.0276872,0.26347,0.438332,0.564968,0.647543,0.481359,0.0796265,-0.329774,-0.66265,-0.769641,-1.09473,-1.49519,-1.39176,-1.09535,-0.308749,0.319891,1.39944,2.3646,4.03297,4.4775,3.16467,0.817109,-1.61994,-1.82654,-0.0656491,3.5111,2.47261,0.328563,-0.0920718,1.39743,0.649969,-0.442788,-0.748784,-1.4835,-1.74878,-2.35364,-0.381351,-0.190755,-0.475667,-0.399702,0.760902,1.21597,1.0466,-0.505011,-1.95802,-0.94518,-1.40657,-1.42232,-1.60569,-1.49283,-1.35765,-1.61867,-1.24726,-1.36845,-1.26519,-2.0926,-2.31371,-1.47408,-0.923378,-0.479066,-0.184877,-0.0485626,-0.0711746,-0.391755
-0.228964,0.0379127,0.196257,0.351589,0.554317,0.427815,0.263888,0.363537,0.611873,0.777013,0.19236,-1.00334,-1.37352,-1.52048,-1.01215,0.610025,2.26344,2.79518,3.0235,2.99535,2.88407,1.78143,-0.525275,-2.16485,-2.2564,0.688373,4.26621,4.47272,4.11468,3.27751,-0.453865,-2.72474,-2.86881,-1.74239,-1.8193,-3.24075,-1.04385,-0.0680068,-0.249861,-0.839954,-1.00532,-1.20791,-1.34493,-1.63742,-1.88655,-1.41007,-1.26811,-1.50909,-1.5512,-1.4039,-1.52756,-1.49396,-1.27392,-1.06209,-0.995741,-1.35941,-2.51501,-2.71781,-2.1577,-0.367681,0.76644,0.763311,0.293382,0.352375
0.220742,0.337614,0.446376,0.559383,0.664618,0.476236,0.653114,1.00709,1.07674,0.262719,-1.27122,-2.19782,-1.82396,-1.046,-1.17924,-0.752602,1.06532,2.71116,2.91461,3.02071,4.10623,4.84556,4.67993,3.88869,3.10687,1.87564,3.82381,5.31957,5.16845,2.76884,-1.04718,-1.95266,-1.97877,-2.3182,-2.42897,-2.56887,-2.38965,-2.98934,-3.26477,-3.91149,-4.19827,-3.57079,-3.24702,-2.97735,-2.66096,-1.89217,-1.47274,-1.51963,-1.98548,-1.86617,-1.40507,-2.21744,-1.96017,-1.24602,-0.797027,-0.938016,-0.904493,-1.68491,-2.02178,-1.12695,0.614243,2.03388,1.22809,1.01404
0.761337,0.705756,0.722117,0.671223,0.619608,0.347119,0.342466,0.367149,0.11937,-0.671577,-1.32695,-0.891581,-0.494281,0.387621,0.613825,0.114236,0.0795337,1.22165,1.04405,2.53791,3.06892,4.41159,5.61483,5.87619,5.8564,4.98678,3.35171,3.59425,3.49282,3.27757,2.88864,2.0406,-0.729722,-2.86733,-2.82085,-2.61892,-2.55606,-3.54891,-3.59914,-3.51433,-3.60836,-3.2029,-2.53873,-1.92591,-1.87002,-2.33563,-2.58491,-1.82603,-1.56613,-2.04468,-2.21471,-2.35893,-1.26407,-2.2176,-1.11783,-0.713663,0.0145327,0.238825,-0.896245,-1.91972,-1.67299,0.235282,1.13376,2.32006
0.722441,0.701318,0.606704,0.427032,-0.0105639,-0.0810677,-0.267952,-0.57823,-0.847381,-0.252615,0.565134,0.502426,0.425838,0.978042,2.16039,2.5328,2.27922,1.86145,0.613523,0.999246,0.360222,0.310808,3.11689,5.09944,5.87045,4.78243,4.55187,3.9463,3.34674,3.73403,4.12791,2.73197,-1.23687,-1.61584,-1.39344,-3.26298,-3.51771,-3.43683,-2.00392,0.023864,-1.28596,-2.05569,-1.80824,-0.094044,-0.990518,-2.2859,-2.53548,-1.98751,-1.28748,-1.40352,-2.3693,-2.05093,-1.48714,-2.87932,-2.73429,-1.74374,-0.525953,0.945311,0.463797,-1.08827,-2.10645,-2.22275,-0.101952,2.43895
0.373949,0.292962,0.141077,-0.107214,-0.78558,-0.70272,-0.73115,-0.968025,-1.16911,-0.673503,0.253758,0.280479,-0.00693755,-0.0894097,0.834303,2.32523,2.88493,3.01645,2.58516,1.57791,0.231391,-0.158235,2.04143,3.00695,2.9959,4.32652,5.25528,4.54757,2.76134,1.95773,2.17884,0.941971,-0.346622,1.13964,0.756798,-1.21031,-3.06504,-1.47889,-0.98198,0.0105581,-0.30513,-1.45028,-2.11048,-1.02918,-0.345542,-2.41575,-2.51247,-2.03268,-2.19516,-1.12318,-1.44464,-1.84104,-2.55139,-3.06209,-3.10062,-2.5788,-2.57794,-0.626767,0.170815,-0.393821,-0.920883,-1.5189,-1.32716,1.046
-0.00186206,-0.11545,-0.28391,-0.422635,-0.806244,-1.1266,-0.912646,-0.637701,-0.660873,-0.758632,-0.244045,0.196241,-0.0120923,-0.0320413,0.69311,1.46356,1.32648,1.36406,1.61286,1.38576,2.07212,2.56594,2.7252,0.41043,0.142915,1.3026,3.04881,1.92682,-0.0737353,-0.133106,1.50646,1.95923,1.57567,1.85733,1.74694,0.60458,0.114526,0.597626,-0.857374,-1.18308,-0.404231,-1.54169,-1.81263,-1.7566,-1.60482,-1.49248,-2.00151,-1.578,-2.93491,-2.07566,-0.982512,-1.84544,-2.4464,-1.73183,-2.00216,-1.70669,-2.4941,-2.79237,-2.35586,-1.8053,-1.90565,-1.13738,-0.963382,0.603166
-0.021861,-0.177969,-0.34177,-0.492551,-0.490312,-0.947126,-1.09892,-0.72638,0.0183611,0.145306,0.0109992,0.345066,0.756935,1.14325,1.53496,2.0805,2.18489,1.98709,1.87985,2.34368,3.14814,3.37925,2.25044,-1.06898,-2.77119,-1.44297,-0.142228,0.418791,0.255923,0.469131,0.565005,-0.145886,-0.642331,0.546488,2.03831,1.694,1.00716,-0.268911,-1.35951,-2.20598,-2.35756,-1.82573,-0.920246,-1.24852,-2.18935,-2.33885,-1.20474,0.0746244,-0.562879,-0.594854,-0.910613,-1.55954,-1.70637,-1.06793,-0.373838,-0.257376,-0.709655,-1.68037,-2.27199,-2.82174,-2.16067,-1.52681,-1.93182,-1.29935
0.229416,-0.0309273,-0.316471,-0.555309,-0.51177,-1.15294,-1.57342,-1.5719,-0.593493,0.147372,0.213813,0.0133183,0.454136,0.952077,0.600703,1.08661,2.10927,2.95091,3.17794,2.97978,3.07592,2.6927,0.889881,-1.45692,-1.16319,-0.880152,-0.466847,-0.109864,0.965386,1.66929,0.273097,-1.16014,-0.851392,-0.0992407,1.1003,1.88677,0.461065,-1.396,-1.84478,-1.79008,-1.41815,0.231695,0.847392,-1.16734,-3.89435,-3.75832,-2.11908,-0.282031,0.811421,0.601189,-0.338792,-0.190724,0.380518,0.592584,-0.328899,-0.204441,0.108098,-0.0468057,-0.198762,-0.981544,-1.68822,-3.1223,-4.05683,-5.31572
0.594873,0.207178,-0.250105,-0.706848,-0.847894,-1.35384,-1.75935,-2.05325,-1.44981,-0.642734,-0.440857,-0.569986,0.0566049,0.420469,-0.0719486,-0.737976,-0.604846,0.135545,1.28568,1.90972,1.76471,0.914018,-0.073911,0.938649,2.25628,1.49521,-0.182821,-1.63928,-1.27128,0.480965,1.60211,2.29495,2.77638,1.13724,0.508775,1.4498,1.76128,-0.400318,-2.49154,-2.96186,-1.51678,0.761883,1.34668,-0.455973,-3.14097,-3.68908,-2.59332,-2.04798,-1.83667,-1.0765,-0.39016,0.616365,1.16347,0.617241,-0.964573,-1.38866,-1.10094,-0.618765,-0.472275,-1.26763,-2.73282,-5.32401,-5.45935,-4.91743
