public/uploads/wind/vent_json/20200524/wind_field_04.json
{"header": {"parameterUnit": "m.s-1", "parameterNumber": 2, "dx": 0.051, "dy": 0.036, "parameterNumberName": "eastward_wind", "la1": 45.3082, "parameterCategory": 2,"nx": 177, "ny": 123, "refTime": "2018-09-30 00:00:00", "lo1":1.38177}, "data":
[rows 56 to 83 of 123, columns 64 to 127 of 177]
1.70929,1.87941,2.20992,2.34883,2.35932,2.48627,2.79055,3.09762,3.49848,3.98712,4.48951,5.34929,6.02301,6.06939,6.17698,6.57024,7.19381,7.92457,8.7176,9.23082,8.83283,8.04835,7.54049,7.11357,6.62473,6.84914,7.24106,7.60028,7.29913,6.93666,4.72306,4.62102,5.17999,4.95314,5.35058,5.78615,5.99674,5.96982,5.633,5.13163,4.57528,4.1109,3.91555,3.63668,3.33723,3.34278,3.45929,3.74879,3.90202,4.38381,5.20262,5.26637,5.36572,5.02986,4.25784,3.90035,3.77665,3.4658,2.95215,2.59655,2.35224,2.15857,2.00765,1.72041
2.09723,1.87381,1.96497,2.37225,2.50964,2.68135,2.82548,3.09454,3.48683,4.03011,4.78908,5.56521,6.1835,6.19155,6.18333,6.49358,7.14849,7.93898,8.71443,9.05225,8.69032,8.12706,6.93925,5.70836,5.06818,4.91603,5.49063,6.27548,6.75032,7.41354,7.81864,6.93812,5.56121,4.76551,4.68366,4.9975,5.65083,5.48431,4.86887,4.71538,4.45598,3.62762,3.2035,3.7232,3.96852,3.52941,3.46387,3.82222,3.93606,3.94915,3.69511,3.28547,2.97468,2.63454,2.36559,2.09443,1.7746,1.58528,1.57564,1.59062,1.5459,1.36166,1.03954,0.635418
1.99438,1.98144,2.31476,2.41514,2.65158,3.02908,3.03068,3.14419,3.68477,4.26067,5.00574,5.75421,6.18364,6.19568,6.16152,6.4217,7.23648,7.97125,8.37825,8.21782,8.20837,7.22234,5.63652,2.41843,2.64944,3.42458,4.1949,3.99668,5.18438,4.23938,5.56519,4.0868,2.37581,2.97867,4.01344,4.33232,4.72761,4.46044,4.02933,3.70977,3.5042,3.61933,3.34923,2.94761,2.91561,2.98852,2.66452,2.18755,1.80713,1.33541,1.26272,1.43458,1.47347,1.30339,0.960436,0.709476,0.629507,0.805178,1.13266,1.26844,1.14192,0.852318,0.471055,0.11394
2.26113,2.16235,2.55032,2.65353,2.60317,3.17253,3.37646,3.44729,4.00842,4.59915,5.19493,5.72285,6.1411,6.17293,6.05981,6.35453,7.16117,7.55,7.22776,6.50308,6.1101,5.33442,4.70727,1.81311,1.11355,0.538191,1.56833,2.30269,2.59666,4.09967,3.16784,2.29887,2.19762,2.10755,2.80049,2.27275,1.99656,1.89673,1.92268,2.09297,2.24244,2.31471,2.4389,2.39517,1.95939,1.48207,1.14804,0.643175,-0.327163,-0.635473,-0.00184119,0.382919,0.579704,0.376031,-0.175481,-0.233989,-0.0787992,0.0082283,0.226338,0.394545,0.421048,0.305004,0.0155365,-0.238782
1.90292,2.20637,2.80179,3.05493,3.20248,3.45376,3.6807,3.89514,4.23089,4.72336,5.31116,5.69966,6.0468,6.00085,5.64579,5.859,6.19727,5.68261,4.69455,3.21448,3.43013,2.80241,2.60915,1.81281,1.36357,0.124985,-1.16572,-0.653061,1.10595,2.51517,2.38525,2.15962,1.77788,1.38732,1.62364,1.39684,1.96899,1.95738,1.8442,2.3408,2.74735,2.68067,2.34419,1.61113,0.927025,0.803551,0.428461,-0.604825,-1.19573,-0.603191,-0.0818858,-0.422691,-0.509955,-0.819102,-1.52976,-1.42816,-0.951828,-0.820223,-0.683267,-0.501182,-0.483012,-0.465406,-0.515227,-0.678308
2.66664,2.92109,3.01262,3.30806,3.56995,3.83555,4.08119,4.13281,4.13539,4.54402,5.24892,5.57269,5.62815,4.93102,4.1373,4.15965,3.52484,3.59872,2.58346,2.0222,1.61361,1.47422,1.07944,1.57314,2.99772,3.85849,1.53698,-1.12083,0.185888,1.04086,1.13547,1.59093,2.27598,1.67812,1.79348,1.81382,2.2578,2.02702,2.4897,2.99366,3.52386,3.06516,2.1486,1.31434,1.06587,0.651003,-0.84484,-1.75072,-1.53599,-1.49067,-1.07325,-1.05023,-1.59566,-2.29885,-2.72688,-2.2425,-1.7106,-1.5532,-1.36832,-1.31217,-1.551,-1.57503,-1.35305,-1.39528
2.74758,3.13025,3.3657,3.6043,3.87115,4.28114,4.48217,4.46066,4.46481,4.82152,5.15141,5.11104,3.76742,3.54913,2.55283,3.009,2.49473,2.92244,3.38138,2.72407,1.4953,0.0299975,-0.456732,1.67826,3.71976,4.75991,3.72507,0.968411,-1.26452,-1.76244,-0.843523,0.786165,1.8897,2.86297,2.79058,2.83316,2.18119,2.64777,3.14613,2.90808,2.9222,2.92988,1.98176,1.37795,1.31262,1.07467,-0.250211,-1.26697,-0.466534,0.0438454,-0.563071,-1.15068,-1.99438,-3.50956,-3.487,-2.44714,-2.49085,-2.41374,-1.93989,-2.08708,-2.49925,-2.84988,-2.74131,-2.52349
2.26681,2.81683,3.31549,3.84296,4.32638,4.69331,4.88591,4.7892,4.63221,4.74234,4.70382,4.44401,3.43196,2.94272,2.08306,3.2837,3.02622,2.56015,2.7521,2.22804,1.29362,0.448659,0.515615,2.70827,4.04111,3.41154,3.73618,3.78914,0.354533,-1.64464,-1.22813,0.750925,1.95991,3.526,3.9807,3.90637,2.78646,2.4478,2.30993,3.04342,2.51687,2.37093,1.54731,1.49349,1.25036,0.700628,-0.390484,-1.31766,-1.2619,-1.20297,-1.85037,-2.55733,-2.81423,-2.97498,-2.89785,-3.1753,-3.81549,-3.7565,-2.90498,-2.60606,-3.29279,-4.11411,-4.0128,-3.12037
3.00153,3.69026,4.03735,4.16518,4.63639,5.06549,5.17323,5.00166,4.64451,4.32889,3.94947,3.35716,2.41759,2.19772,1.43347,2.7304,2.60752,0.640352,0.0445522,0.894437,1.81592,1.82988,1.95323,3.23347,4.04574,3.18967,3.16335,4.49703,4.70349,2.40781,1.20199,1.63125,2.62953,2.92997,3.61018,4.31363,3.7286,3.62206,3.04769,3.21637,2.09864,1.50295,1.76203,1.53141,0.669456,0.319071,-0.0369285,-1.20839,-1.71474,-1.30771,-1.89879,-3.55696,-4.61849,-4.31847,-3.69422,-4.13398,-4.12798,-3.22627,-3.10302,-3.54622,-4.33641,-4.26079,-3.35396,-3.32546
3.52989,3.76303,3.24027,3.14164,4.45684,5.20066,4.72217,4.19065,3.68275,3.05029,2.47653,2.45124,1.93201,1.31864,0.454529,0.961376,1.8439,0.427188,-1.75937,0.0985003,2.51606,3.3005,3.46887,4.05445,4.61203,4.54926,4.14188,4.76224,4.91949,4.73367,4.1629,3.64522,2.52675,0.962227,1.55198,3.37495,4.01907,3.55446,2.78961,2.14827,0.690684,1.18551,2.13507,1.29547,0.14514,0.143564,0.299886,0.0637829,-0.62631,-1.4912,-2.21273,-3.53679,-4.05141,-3.48693,-3.49624,-3.52578,-3.52876,-3.18553,-3.29904,-4.58639,-4.67736,-3.72587,-3.83333,-4.5319
3.69271,3.74806,2.97224,1.50904,4.01933,4.2544,3.78943,2.27519,2.36793,1.75094,1.91494,1.82718,0.653519,0.517712,0.613365,0.615114,1.50723,0.798284,-1.16173,0.0253455,1.47873,1.97364,3.25972,4.2306,4.2351,4.39028,5.10634,5.19052,4.6899,4.40132,4.58086,4.80544,2.93311,-0.0685554,0.147303,0.962641,2.30777,2.92266,3.09025,2.66845,0.876349,1.71733,2.30468,1.04128,0.490924,0.618347,1.00137,0.674751,-1.31759,-2.84774,-3.10505,-3.83518,-4.20213,-3.58073,-3.68937,-4.22292,-4.81407,-4.56518,-3.39121,-4.09055,-5.02132,-4.43368,-4.09326,-4.09963
2.48724,2.79921,2.64599,2.15339,2.17258,3.16116,2.99078,3.04066,2.8364,2.53019,2.35198,2.18918,1.40425,0.976781,1.56874,2.27748,2.10364,1.5586,1.02417,0.613894,1.09782,3.18124,4.01593,3.88802,2.98262,3.52751,5.33398,5.16481,3.83513,3.78362,4.13961,4.99057,3.9628,0.52185,-0.398596,0.26105,1.0104,2.17202,3.51845,2.68129,1.76095,1.79232,0.897515,-0.241868,0.454069,1.17645,1.90362,2.10911,0.223437,-3.03914,-4.12789,-4.26207,-4.91161,-5.3208,-5.61537,-4.82081,-3.39654,-3.15969,-3.68247,-4.05611,-4.67932,-5.57026,-5.91345,-5.99749
2.3146,2.36403,2.60851,2.50655,2.60469,2.64381,3.55113,3.64928,4.48186,3.84445,3.18809,1.41454,1.59721,1.13078,1.21942,1.901,2.17406,1.55631,1.39585,0.956872,1.47015,3.6197,4.28713,2.77717,2.94117,4.04138,5.56338,4.82651,3.23951,2.90303,4.01004,4.45075,3.45921,2.01044,0.748151,0.807307,1.46916,2.11107,2.6809,1.38406,1.42355,0.0720379,-1.08449,0.503607,1.08449,1.56906,1.99464,1.75681,-0.120269,-2.00443,-2.55646,-4.08394,-5.14752,-4.95329,-4.77428,-3.78618,-3.08845,-3.84702,-5.30252,-5.9255,-5.94348,-5.90602,-5.63442,-6.19834
3.2832,2.72851,2.79595,2.33335,2.6192,2.7631,3.74515,4.09707,4.27191,2.31233,2.53793,2.67827,1.63228,0.943302,1.03187,0.878064,1.0473,1.73197,1.46367,0.492513,0.191109,1.57474,2.92245,2.74789,3.4426,4.05778,5.10541,4.53401,3.35743,2.28643,2.82549,2.00107,1.54002,1.35433,1.04665,0.715558,1.33808,1.08473,1.29475,0.655439,-0.425673,-2.27413,-1.19856,1.63464,2.33587,1.79408,1.98924,1.52322,1.21893,0.198895,-1.82446,-3.84425,-5.22536,-5.10192,-4.14764,-3.7164,-3.41907,-4.17254,-5.55043,-5.7717,-5.79002,-5.64747,-5.59494,-6.75335
2.73843,2.57257,1.79954,2.42167,2.44629,3.21658,3.61515,3.72964,3.19996,0.836381,1.35026,2.85745,1.75347,0.412062,0.881077,0.424738,-0.121606,0.218075,0.926848,0.51062,-0.0489624,0.742465,1.79396,2.81713,3.51217,3.24582,2.76718,3.96582,2.94573,0.928975,0.307498,-0.275536,-0.412857,-0.415742,-0.658156,-1.62447,-0.536628,0.0916232,-0.882144,-0.454292,-0.9123,-2.64697,-1.14869,1.59941,2.70124,1.59508,1.37774,1.09772,0.782531,0.387952,-1.2499,-3.15848,-3.72479,-4.54278,-4.83834,-4.83301,-4.86534,-4.98579,-4.56824,-3.89508,-4.7649,-5.29687,-5.49933,-6.97225
2.44368,2.39222,2.30023,2.48772,2.3553,2.68973,2.63475,2.80088,1.69809,0.990342,0.729319,1.47107,1.02754,0.660182,0.417029,-0.0676513,-0.856834,0.0778885,1.73943,1.92934,0.831591,0.749547,1.95839,3.39588,4.2442,2.99021,2.15539,3.12803,3.41549,1.66242,-0.669393,-2.24791,-2.04197,-1.77893,-2.27072,-1.50134,-0.639183,-0.813391,-1.2791,-0.920437,-0.414095,-1.92543,-1.29762,1.45398,2.09811,0.0603248,0.251453,0.826406,0.855318,1.17312,0.815725,-1.39182,-3.25127,-4.11947,-4.34467,-4.53154,-4.83928,-4.80527,-5.16319,-4.88807,-4.39898,-4.88948,-6.49665,-7.66262
2.63202,2.79314,2.40676,2.46765,2.39652,2.49745,2.49219,2.6698,1.47986,1.18411,0.830863,1.42659,0.732247,0.563174,0.98619,1.22807,0.644089,1.23788,1.89653,1.32937,0.679747,0.816756,1.7781,3.4286,3.5205,2.36539,1.9583,2.96434,3.36302,2.15622,-0.214123,-1.85515,-1.95914,-1.01421,-1.38485,-0.849315,-1.77724,-1.4246,-0.680853,-0.317572,-0.697383,-1.38856,-0.35144,1.77721,1.11538,-1.43843,-0.358513,1.35781,0.816884,0.755794,0.230808,-1.89396,-2.88056,-2.48478,-2.38449,-3.80737,-5.41304,-5.66734,-5.60523,-5.53544,-4.95209,-4.91918,-6.43834,-7.89845
2.83731,2.63123,2.63282,2.67059,2.57186,2.58845,2.59858,1.2766,1.40712,1.20773,0.531007,-0.303986,-0.254481,0.783687,1.82187,1.51794,0.767842,0.668668,0.526509,-0.271628,-0.556426,0.281423,1.57513,2.83536,2.42543,1.97664,2.26709,3.07468,2.6679,1.23475,-0.444691,-0.927278,-0.127745,0.498898,0.932615,0.719646,-0.213558,-1.03394,-0.744557,-0.848463,-0.932325,-0.779527,-0.741155,-0.562408,-1.3136,-2.51362,-0.223118,2.09363,0.773008,0.643333,-0.053077,-1.41543,-1.45176,-1.07516,-2.09785,-3.33163,-4.45661,-5.61973,-5.73349,-5.47978,-5.39273,-5.51971,-6.31401,-7.47493
3.05542,2.83381,2.12135,2.09313,2.33953,2.46054,1.5809,1.15064,0.377955,1.01069,0.963734,0.616462,1.01527,2.12126,3.39035,1.57455,0.340602,-0.220306,0.295066,-0.114821,-1.12384,-0.345784,1.06993,1.76638,2.11389,2.5212,2.89708,2.46973,1.37486,-0.303,-0.740819,-0.455174,-0.322014,-0.14434,0.989628,2.37045,3.10481,2.40653,1.1273,-0.385771,-0.0394039,-0.643793,-1.7693,-1.08836,0.506545,0.159733,0.835327,2.57527,2.23781,0.727399,-0.186489,-0.321595,0.154127,-0.427467,-1.30882,-2.02677,-3.46625,-4.95005,-5.67669,-5.23624,-4.96887,-5.58312,-6.39293,-6.78107
1.51327,2.36541,1.82692,1.07604,0.880942,1.38936,1.34515,-0.0675338,0.968641,2.13478,3.08183,2.79363,1.12728,0.792226,0.679232,-0.370882,-1.16473,-0.264265,1.74086,1.29482,-0.414571,-0.105396,0.920333,1.60267,2.57682,3.30713,2.60212,0.505071,-0.67973,-2.46675,-1.72247,-0.289079,-0.143192,-0.897322,0.273437,2.54986,2.87346,3.32155,4.71052,2.93671,0.499093,-0.21235,-0.686363,-0.00228304,1.56245,1.52948,1.26352,1.82927,2.14076,1.10321,0.327116,0.325836,0.192948,-0.830998,-1.96802,-1.44709,-1.64513,-4.04371,-5.7599,-5.29451,-4.32229,-4.88333,-6.19054,-6.54532
0.844401,1.31114,1.74854,1.93898,1.2214,2.30008,2.88049,1.93206,0.957575,1.77402,2.45676,1.20904,-0.127243,-1.17377,-1.04997,-0.545684,-0.860074,-0.670474,1.13648,2.73636,0.636814,0.0739627,0.467021,1.17656,2.05933,2.46731,2.02884,0.702757,-0.701065,-2.52552,-3.2243,-0.442277,1.19259,0.212468,1.03843,2.59746,2.39948,2.47604,3.30268,3.64295,2.93349,2.11541,1.85998,2.03155,2.22024,1.77878,0.942079,2.01942,2.08337,1.12256,0.253929,0.167756,-0.243255,-1.00094,-0.760265,-0.525292,-0.0707882,-0.94999,-4.10944,-5.72338,-4.19833,-3.84498,-5.18414,-6.06932
0.279221,0.460473,2.15883,3.48403,3.14733,2.44129,2.6408,1.34457,1.33956,1.07183,0.22316,-1.01461,-1.90716,-2.10872,-1.30324,-0.634036,-0.257898,0.0753602,1.57561,3.19734,2.48069,0.513247,0.118041,0.825456,1.6233,1.04454,0.496858,0.760906,0.77606,-1.01841,-3.4938,-1.4709,1.40869,1.64035,0.64173,1.14586,3.07518,3.67809,3.42384,1.42789,1.87724,3.39118,4.49435,4.02841,2.44209,0.742405,1.17085,1.81126,2.72888,1.38422,-0.331104,-0.015858,-0.381975,-1.55098,-0.963588,-0.154644,0.277733,-0.0139721,-3.16095,-5.58173,-4.06623,-2.59305,-3.817,-5.35506
1.15085,1.17634,2.83458,3.82871,3.45028,1.54353,0.694095,0.593787,1.42732,2.35077,1.35873,-0.412772,-2.06307,-2.62339,-0.953957,-0.151482,0.445081,0.818552,2.24167,2.91558,2.55247,1.24055,-0.350778,-0.314768,-0.315911,-0.132236,0.453401,0.418681,0.964762,-0.532441,-2.82967,-1.69707,1.16055,2.11499,1.64714,1.37226,3.14396,4.28873,4.1715,2.49558,2.34569,3.51159,4.21974,3.75484,2.95437,1.93408,2.39812,2.0173,2.79507,1.69293,-0.65789,0.070051,-1.05356,-2.48631,-1.2049,-0.0396613,0.794458,0.56852,-2.67092,-5.69453,-3.45822,-2.33102,-2.20172,-4.16178
2.56916,1.82304,1.77145,3.43695,3.29958,1.14335,0.550031,1.34754,2.80558,2.76961,1.85114,0.341843,-1.75252,-1.86761,0.147862,1.00504,0.175916,0.100984,1.10798,2.70978,2.60565,1.77557,0.415808,-1.08661,-1.81332,-0.701315,0.0214515,0.402483,-0.11194,-2.36004,-3.57743,-1.88392,1.45277,3.20839,2.74522,1.9437,0.96243,3.99995,6.55942,5.55862,3.19883,3.22378,2.78843,1.41283,1.21077,1.90266,1.60659,1.70282,2.52595,0.529657,-1.42902,-0.833773,-1.67862,-2.32429,-0.616052,1.13155,1.99121,0.366273,-3.54095,-5.4744,-4.1126,-2.1888,-2.83711,-3.06784
3.34648,3.58786,2.57842,3.04447,2.50105,1.3497,0.439342,0.502863,1.05277,1.83033,1.86662,1.0045,0.102339,-0.436155,-1.03127,-2.19339,-2.29096,-1.76759,-0.378474,1.09722,1.6305,1.20757,1.23429,-0.231479,-1.51056,-1.38891,-0.167069,0.179042,-1.42576,-3.93869,-3.98497,-0.741992,3.09634,4.13558,2.34613,2.29079,1.12465,3.3995,7.34737,7.67613,4.2707,2.55138,1.39253,1.06207,1.09688,0.84565,0.193752,0.116152,1.14968,-0.28289,-2.16035,-1.72462,-0.824055,-0.155432,1.53743,2.34044,1.19324,-0.677291,-3.79784,-5.15185,-4.01383,-1.91735,-2.30869,-3.21857
3.22566,3.34047,2.84809,2.87162,1.80967,0.8687,-0.240944,-1.22783,-1.59969,0.381622,1.33506,0.164162,-0.482104,-0.905097,-2.11104,-1.88995,-0.574135,-0.719122,-0.814371,0.481879,1.29561,1.68303,1.93745,0.949763,-1.31045,-1.68081,0.164493,0.247216,-2.39037,-4.64302,-3.82999,0.414148,4.29631,2.8539,0.119353,2.14262,3.08315,3.51088,6.90047,6.51509,4.1979,0.976914,-0.765687,-0.483469,-0.558046,-1.81315,-1.63249,0.143761,1.05907,-0.17437,-2.68692,-2.59552,-0.696289,0.735183,1.5856,0.752231,-1.43931,-1.37194,-2.25764,-4.39395,-3.92807,-1.41682,-1.54838,-1.42081
3.57056,3.10477,2.64082,2.9154,2.09434,0.134366,-0.496763,-2.04408,-2.91087,-1.40697,-0.244421,-0.701288,-1.40929,-2.01675,-2.10753,-0.118694,3.02001,2.01586,-0.403242,0.440105,0.6566,1.03296,2.87742,1.26485,-1.35479,-2.59158,-1.05919,-0.284987,-1.41734,-4.2033,-3.73689,0.904651,3.75829,0.477213,-1.62594,0.795433,0.660069,3.67583,7.11442,4.52085,0.588741,-0.239047,-1.74061,-1.78364,-0.5484,-0.881242,-1.18581,1.64793,1.12961,-1.30385,-0.915125,-1.36148,-1.49771,0.550192,1.90218,0.666384,-1.38427,-1.93838,-1.62985,-3.37747,-2.56195,-0.0400341,-0.199886,0.241243
4.13634,3.8686,3.18685,3.35145,2.14389,0.206377,-0.102423,-0.572755,-1.72276,-2.73435,-3.31815,-3.18377,-2.84858,-2.76026,-2.13873,1.17242,4.59845,3.29706,0.282498,0.233386,-0.0485381,0.361012,2.43045,0.932483,-2.34344,-3.80249,-1.4516,-0.519036,-0.676251,-3.08619,-3.42359,0.135684,1.93438,-0.793649,-2.57322,-1.38562,-0.89593,2.79166,5.78535,3.01238,-0.564145,-0.874836,-2.441,-2.86996,-0.175765,-0.463352,-0.632901,1.88302,0.255711,-2.11841,2.16328,0.860863,-0.757692,2.04468,3.2339,1.4158,-0.766985,-3.25936,-2.11136,-1.09662,-0.145273,0.175085,0.219865,1.70418
