public/uploads/wind/vent_json/20200513/wind_field_05.json
{"header": {"parameterUnit": "m.s-1", "parameterNumber": 2, "dx": 0.051, "dy": 0.036, "parameterNumberName": "eastward_wind", "la1": 45.3082, "parameterCategory": 2,"nx": 177, "ny": 123, "refTime": "2018-09-30 00:00:00", "lo1":1.38177}, "data":
[rows 0 to 27 of 123, columns 0 to 63 of 177]
4.9443,5.07273,5.22082,5.39722,5.56331,5.67382,5.66498,5.52272,5.29209,5.02605,4.72611,4.27848,3.52872,2.43189,1.61309,1.50298,1.75877,2.23945,2.81029,3.36324,3.65924,3.52268,2.88749,2.23886,2.1781,2.4967,2.81621,2.98078,2.93716,2.82834,2.84652,2.90338,3.0403,3.35609,3.92527,4.33532,4.25503,3.66735,2.97992,2.73744,2.61126,2.47222,2.38701,2.32726,2.32328,2.47627,3.05822,3.7414,4.01873,4.16442,4.21059,4.0076,3.62547,3.28253,3.16872,3.32147,3.57645,3.76543,3.90393,4.00479,4.08428,4.13274,4.24097,4.49772
5.3541,5.48539,5.31298,5.26781,5.37761,5.45213,5.4174,5.33279,5.33846,5.24657,4.72799,3.99371,3.59148,3.09699,2.50741,2.37685,2.6159,3.06698,3.38062,3.75582,4.2207,4.20298,3.45635,2.59825,2.31502,2.50048,3.08756,3.5662,3.38626,3.08373,3.12628,3.23668,3.43817,3.73446,4.32708,4.81239,4.54889,3.79825,3.4664,3.57062,3.62817,3.85634,3.78144,3.39371,3.28061,3.43898,4.25626,5.00299,4.83599,4.63568,4.71518,4.72676,4.63902,4.49002,4.21561,3.9232,3.78439,3.79942,3.89378,4.01906,4.11172,4.07438,4.16654,4.65588
5.28731,5.35836,5.48536,5.57812,5.77503,5.69227,5.3794,5.47183,5.60284,5.46679,5.09869,4.25733,3.37524,2.77608,2.72161,3.04552,2.98359,3.04403,3.32958,3.67222,3.9997,4.27532,4.08939,3.24728,2.69904,2.80235,3.16669,3.40261,3.39607,3.34502,3.43289,3.60271,4.08972,4.58149,4.84734,5.00222,4.66964,4.23227,4.04202,3.94035,4.11515,4.07499,3.69082,3.28176,3.01005,3.16468,4.07879,4.93571,4.79076,4.43951,4.45688,4.63479,4.62837,4.48405,4.21146,3.71781,3.49959,3.65237,3.80091,3.9269,3.9618,3.81822,4.01273,4.70765
5.56295,5.69997,5.31814,4.98336,5.05435,5.2044,5.25091,5.21292,5.41362,5.67758,5.13835,4.17953,3.70015,3.51175,3.38656,3.26486,3.43551,4.09853,4.34678,3.99966,4.11097,4.47345,4.38465,4.09416,3.59934,3.6087,4.48699,4.74082,4.12868,3.74274,3.80238,4.22253,4.84975,4.88172,4.60169,4.5921,4.46606,4.06419,3.74323,3.96675,4.65684,5.12416,4.93921,4.48559,4.49362,4.72666,4.86064,5.02448,4.94403,4.65843,4.56277,4.6217,4.50948,4.39454,4.10378,3.61221,3.47488,3.62506,3.74685,3.78046,3.62734,3.63957,4.10695,4.82348
5.72471,5.87496,5.5914,5.68038,5.90301,6.01203,6.1002,6.19872,5.92771,5.85141,6.00846,4.82224,4.04976,4.91458,4.88921,3.58594,2.97208,2.8278,3.32118,4.49302,4.50552,3.63293,3.29418,3.02265,3.34523,4.57534,4.92219,3.84065,3.34477,4.26921,4.34833,3.74777,4.46656,4.73575,4.40747,5.14392,4.90456,4.00154,4.70253,4.66664,4.01247,4.75341,4.80121,3.81949,3.21136,3.12948,2.91545,3.0508,4.46155,4.64036,4.03557,4.4274,4.44944,4.19349,3.62648,2.31356,2.2078,3.24577,3.59235,3.5938,3.72999,4.21264,4.2404,4.07044
4.72563,5.0342,4.97462,4.43012,4.12518,5.51047,5.82678,5.38261,5.86717,5.78303,5.52524,5.33225,5.46407,4.96041,4.136,4.72581,4.82012,3.60622,3.30305,4.74218,5.19089,3.68264,3.22294,4.18228,4.33711,3.73434,3.8589,4.46808,4.30967,4.4413,4.24417,3.43156,4.27358,4.79966,4.52322,5.06952,5.11822,4.99805,4.46553,3.93734,4.69838,4.98025,4.99518,4.57953,3.67028,3.05615,3.1239,4.38009,4.50414,3.52436,2.7539,2.80711,3.67339,3.8494,3.52226,3.18963,3.34985,3.3206,2.68308,2.93437,3.97944,4.51745,4.78521,4.65397
2.5229,3.05549,3.28142,3.55313,4.63403,4.82661,4.86582,5.89558,5.96326,5.592,5.27449,5.45585,5.13914,4.36169,5.01034,5.14267,3.99024,4.06197,5.2997,5.40858,5.29204,4.48531,3.41948,4.41251,4.81168,4.31336,4.81087,4.70764,3.27541,2.96737,4.27044,4.58815,4.09754,4.60995,4.72152,4.32206,5.01081,4.88647,4.15286,4.83189,4.88865,4.004,3.23985,3.41187,4.68691,4.97541,4.90551,4.28579,3.49749,4.29862,4.50064,3.25359,2.73872,3.78788,3.94439,3.39032,3.66938,3.77811,4.07989,3.99186,3.91478,4.45968,4.43953,4.94628
1.1381,1.56862,2.18089,3.28063,3.51821,3.72484,4.95312,5.62844,5.67049,5.34144,5.24425,5.19808,5.40717,4.91236,4.27404,5.18038,5.79537,5.64677,5.32229,5.24216,4.45934,3.63399,4.29493,4.53105,4.33645,5.10781,4.8375,3.85733,4.03478,3.76694,3.04228,3.49317,4.97552,5.31815,4.77623,5.19613,4.92994,3.7383,3.14002,3.15839,3.15662,3.00011,2.78815,2.81247,2.90627,3.34198,4.64265,4.6543,4.01421,4.727,4.64348,4.09686,4.14649,3.94396,4.27437,4.02087,2.98462,2.52138,2.87886,3.68235,3.8169,3.193,3.31518,4.3159
0.301722,0.673758,1.17043,1.51173,2.40243,3.53116,4.29861,5.1701,5.01332,4.16707,4.33497,5.16149,5.07973,4.17531,4.05816,4.35123,3.97956,2.91881,2.89927,4.28631,4.85301,4.77716,4.4133,3.56977,3.82529,4.34739,4.26268,4.58429,4.5272,3.37037,3.04181,4.46968,5.19186,5.03201,5.34476,5.22274,5.04762,4.55015,3.49303,3.00147,2.71888,2.53634,2.47057,2.31432,2.10061,2.02738,2.34827,2.62015,3.42475,4.58337,4.73729,3.95411,2.96466,2.33118,2.2273,2.15456,2.45587,3.50022,3.42037,3.01973,3.77166,3.88043,3.77309,4.66664
0.168053,0.279475,0.522049,1.14101,1.63696,2.48321,3.65711,4.17151,4.6562,4.11132,3.13385,3.93661,4.10319,3.65935,4.39404,3.94636,2.2499,2.02386,3.01241,3.28835,3.04554,2.82936,3.08812,4.29282,4.59452,4.07373,4.53901,4.25141,3.60652,4.10682,4.02091,3.55349,4.25642,5.4046,5.52745,5.30341,4.69624,3.65184,3.77212,3.86093,3.33368,2.67996,2.92504,4.4887,4.69977,3.38582,2.39639,1.97509,1.90884,2.00972,1.95353,2.31197,3.387,3.70261,3.46531,3.48873,3.36579,2.94278,2.90835,3.15326,2.93189,2.96584,3.6028,3.83699
-0.0433459,0.0326556,0.352393,0.639191,1.65022,1.95062,2.38422,1.95357,1.614,1.65346,1.67842,1.74059,1.84473,1.92309,1.23406,0.36739,0.817174,1.8658,2.12803,1.91919,1.72036,1.97678,3.26434,3.81266,3.69431,4.49229,4.50326,3.77864,3.89649,3.85908,3.23279,3.50162,4.98003,5.35028,4.10372,3.15907,2.95671,2.92699,2.9576,2.86595,2.82633,2.83687,2.58711,2.57643,2.70635,2.52297,2.40355,2.40832,2.41927,2.44678,2.71267,3.26368,3.59342,3.70926,3.7038,2.88309,2.40356,3.13791,3.25929,2.46056,2.513,3.64699,4.15514,3.5157
-0.768384,-0.626419,0.551828,0.852068,1.22204,2.54926,3.07768,1.4638,0.0456307,0.0282194,0.454229,0.859861,1.00802,0.704703,0.663541,1.13997,1.66563,1.93274,1.62944,1.34693,1.40532,1.56563,1.71881,2.36452,3.57652,3.89371,3.33428,2.80714,2.57824,2.4723,2.97299,4.65501,5.22548,4.66044,4.89641,4.4363,3.24294,2.74185,2.48498,2.30338,2.35843,2.542,2.53667,2.33062,2.14036,2.26657,2.50081,2.44429,1.84247,2.17085,3.82456,4.2384,3.30432,2.56172,2.10469,1.93461,2.78237,3.8352,3.46508,2.80172,2.56583,2.89575,3.96868,4.46851
0.985124,0.761779,0.453719,1.22445,1.51852,2.44815,3.07609,1.49435,0.437837,0.848131,0.969093,1.50183,2.03403,2.26803,1.80869,1.22217,1.14489,1.19602,1.10256,1.13046,1.24101,1.36568,1.5187,1.60108,1.97999,2.43735,2.17621,1.90049,1.93336,2.68144,4.45297,5.11856,4.86267,5.22499,4.79987,3.58,2.93101,2.62841,2.38719,2.28202,2.23001,2.20162,2.27361,2.33861,2.36935,2.27192,2.02625,1.57393,2.07415,3.86477,4.13334,2.66098,1.72273,1.75806,2.54509,3.43179,3.82167,3.74018,3.64895,3.74201,3.48888,3.09011,3.20528,3.9238
-0.569669,-0.755367,0.891359,1.50205,1.7432,2.46453,2.83584,2.13506,1.64819,1.06809,1.19952,1.12094,1.85786,2.11374,1.69345,1.15592,0.989804,1.07358,1.24063,1.38391,1.29281,1.19391,1.27819,1.60471,1.60309,2.01948,3.20091,2.9851,2.59993,3.76325,4.40811,4.50928,5.23039,5.05298,3.75265,2.8642,2.53512,2.29668,2.18132,2.28631,2.2692,1.96585,1.82331,1.98982,2.05742,1.89307,1.85098,1.88935,2.01172,2.28008,1.86257,1.56859,1.94396,2.55665,3.66934,3.88956,2.93523,2.37439,2.62483,3.04756,2.9717,2.87931,2.98833,3.28687
0.476184,0.364823,0.934361,1.25238,1.86397,2.5201,2.52576,1.4841,1.2911,1.48642,1.5612,1.6161,1.51908,2.02338,1.93021,1.59976,1.29636,1.31608,1.53983,1.77432,1.77823,1.61074,1.61406,2.02304,2.29569,2.06607,2.32511,2.2136,2.28399,3.67619,4.40006,4.22841,4.01781,3.4439,2.76918,2.51033,2.44652,2.33786,2.3442,2.48045,2.38071,1.92988,1.54426,1.4197,1.45994,1.69065,2.03004,2.17301,2.14862,1.92777,1.87901,2.39055,2.8608,3.13063,2.83076,1.85986,1.50927,1.95822,2.32817,2.1652,2.38539,3.34635,3.2669,2.18182
-0.844365,-1.55158,1.50648,1.17614,1.75208,1.94695,1.86794,1.50918,0.923807,1.01596,1.83999,1.2329,0.477087,0.43766,0.708916,0.946774,0.995498,1.19892,1.49777,1.0804,0.252858,-0.00851292,0.348599,0.912224,1.59592,1.77695,2.29911,3.49733,3.46499,3.24459,3.63972,4.25775,4.83554,3.82003,2.41557,2.14925,2.15947,2.17816,2.3546,2.50568,2.29318,1.81833,1.40055,1.22405,1.17409,1.13447,1.18177,1.24944,1.24097,1.29413,1.58965,2.18338,3.24589,3.49159,2.31004,2.01793,2.82232,3.37861,3.43675,2.96976,2.6752,2.40773,2.05078,2.28767
-1.46831,-2.36448,1.80498,0.823776,1.42907,1.5518,1.5898,1.14847,0.617773,1.00554,0.722192,-0.0150513,-0.802145,-0.741394,-0.258536,-0.306216,-0.770642,-0.684375,-0.889997,-1.44541,-1.79813,-1.6375,-0.990482,-0.439033,0.270593,0.865187,1.32043,2.17773,2.77674,2.80847,3.65415,4.86093,4.2402,2.69481,2.14046,2.09398,2.01182,2.10274,2.38943,2.41679,1.97604,1.48446,1.32118,1.40811,1.49965,1.60765,1.81349,2.08204,2.34325,2.42191,2.37526,2.42809,2.61453,2.11535,2.19918,3.77678,4.1311,3.83584,4.30198,3.86654,2.98597,2.79297,2.92557,3.04502
1.01072,0.467121,1.02809,0.870664,0.980022,1.09264,0.77542,0.533607,0.362201,0.534792,0.21251,-0.259169,-0.905981,-1.58955,-0.750846,-0.614576,-0.486973,-0.299677,0.0558301,-0.297529,-1.13893,-1.1618,-0.50375,-0.0279663,0.703694,0.926686,0.0990023,-0.0544044,0.63591,1.1538,1.68306,2.11844,2.03574,1.771,1.63984,1.52891,1.58292,1.87764,2.18924,2.06761,1.47742,1.08489,1.21904,1.53048,1.66692,1.70448,1.89853,2.21865,3.25758,4.36138,4.03986,3.27953,2.79613,2.36763,2.3528,2.76253,3.15618,3.24614,3.06572,2.66016,2.15741,2.2447,3.1262,3.4062
4.5998,3.55768,1.06268,0.876079,1.10647,0.973299,0.0233117,0.0606306,0.396001,0.94581,0.696711,-0.288017,-0.714484,-1.66242,-1.17801,-1.10679,-0.557501,0.456127,0.597122,0.422054,-0.0372045,-0.55265,-0.336275,0.378787,1.05918,1.41191,0.234244,-0.821249,-0.776191,-0.707498,-0.284831,0.401022,1.0482,1.46307,1.44894,1.28245,1.42067,1.76215,1.78363,1.29765,0.765717,0.687068,1.1385,1.52645,1.38071,1.10884,1.22532,1.64979,2.07757,2.25641,2.13859,1.95393,1.83446,1.8347,1.87169,1.81153,1.7666,1.73842,1.79378,1.8572,1.92381,2.29614,3.0109,3.46661
3.80285,3.19125,1.20234,0.691107,0.760399,0.607749,-0.520185,-0.283852,0.430115,0.902487,0.910286,0.0275776,-0.811935,-1.24149,-1.45338,-2.13462,-1.29007,0.120155,0.979209,0.818024,1.29299,0.432941,0.166847,0.801506,1.54057,1.45715,-0.226549,-1.4294,-1.14999,-0.892165,-0.777662,-0.541979,0.0511162,0.660845,1.08318,1.49945,1.86748,2.06309,1.85408,1.2982,0.809108,0.844708,1.34368,1.44768,1.12321,1.05048,1.30847,1.64326,1.86982,1.98002,2.10917,2.35657,2.37202,1.89982,1.43921,1.34158,1.55694,1.99796,2.43006,2.67132,2.65414,2.58785,2.68326,2.87106
3.77047,3.04631,1.44551,0.700196,0.463586,-0.376737,-1.5738,-0.50268,0.357666,0.677539,1.08416,0.641296,-0.170889,-0.695238,-1.11117,-1.62901,-1.18273,-0.497788,-0.0311448,0.659858,2.0339,1.7647,1.53608,1.08589,0.999837,0.925917,-0.0524888,-1.30099,-1.28528,-0.758899,-0.683913,-1.08503,-0.834742,-0.187725,0.450921,1.23263,1.75564,1.65992,1.06523,0.483506,0.296033,0.697513,0.902473,0.514061,0.474792,0.980544,1.66035,2.20015,2.40477,2.4497,2.64044,2.75491,2.47052,2.26335,2.38549,2.33509,1.98746,1.74924,1.75378,1.84156,2.03154,2.32507,2.71623,3.17523
1.78268,1.6054,1.68226,0.767631,0.200054,-1.18173,-2.52084,-0.900628,-0.509451,-0.0656441,1.00303,0.76855,0.10095,0.120223,0.493633,0.892489,0.811915,-0.121087,-0.885804,0.0705696,1.99692,2.34653,1.31046,0.522032,0.0187442,0.0124456,0.257535,-0.430696,-1.09393,-0.523504,-0.396695,-0.915123,-0.9152,-0.634736,-0.07669,0.695254,1.01344,0.943761,0.734626,0.606276,0.729382,1.11932,1.13369,0.769913,0.909644,1.63476,2.41479,2.7744,2.71079,2.58102,2.4447,2.12508,2.05013,2.47007,2.48675,1.77878,1.25127,1.34647,1.71652,2.1802,2.66824,2.96659,3.0941,3.00443
0.53586,0.343874,2.06448,0.595387,-0.0168511,-0.793162,-2.96484,-1.77327,-2.111,-1.14701,0.565689,0.622642,-0.324848,0.0807616,1.64344,2.1454,1.76873,1.79346,0.995209,0.401234,1.14944,1.56994,0.00494062,-0.79143,-0.617611,-0.180169,1.17747,0.795678,-0.0616598,-0.131586,-0.232388,-0.908897,-0.907818,-0.537171,-0.251887,0.0772985,0.357695,0.587029,0.774469,0.810442,0.977799,1.29508,1.25408,1.06686,1.3083,1.80772,2.1463,2.14312,1.9833,1.9577,2.24891,2.60878,2.65436,2.20344,1.48666,1.35713,1.80756,2.12715,2.35791,2.74204,3.23118,3.71116,3.72997,2.98268
-3.83066,-3.70353,2.99739,0.366745,0.397526,-0.0851679,-1.79843,-3.06913,-2.811,-2.29729,-0.395873,0.395734,-1.25975,-1.21265,2.29005,3.09288,3.86274,4.28697,2.47443,1.28321,1.01636,0.657282,-0.726884,-1.95556,-1.01539,-0.00457666,1.19106,2.37649,0.926306,0.509905,0.0987065,-0.482921,-0.765896,-0.54828,-0.219664,-0.0212003,-0.137553,-0.270331,-0.191213,-0.291164,0.252795,0.515114,0.220273,0.463458,0.926176,1.40314,1.56751,1.53982,1.70652,2.07965,2.22578,2.0799,1.75728,1.25963,1.11506,1.59447,1.97277,1.95379,2.07741,2.58066,2.94162,2.74201,2.20835,2.37689
0.234199,-0.0520298,2.38277,0.359805,0.462372,0.39232,-2.00053,-3.10474,-3.15665,-3.02135,-1.08309,0.817136,-1.30462,-3.21267,1.57362,5.60315,6.11716,4.79899,2.54354,1.20303,1.86814,1.4267,-0.427297,-1.56147,-0.769955,0.313586,1.2908,2.04986,1.84734,0.728494,0.285265,-0.168098,-0.164093,-0.132286,0.00545354,0.357268,0.0967387,-0.235603,-0.565071,-0.694636,0.136582,-0.0330456,-0.420948,0.202567,0.834409,1.26914,1.45849,1.51421,1.78134,2.01598,2.0429,2.23054,2.238,1.82437,1.53943,1.43903,1.26558,1.46306,2.38202,2.72301,1.91069,1.5223,2.20895,2.9483
0.134659,-0.204644,1.98166,0.667236,0.213491,0.654132,-1.07873,-2.88209,-3.53964,-3.30655,-0.836377,2.09271,-0.327227,-2.48455,1.96785,6.20361,6.17596,3.13099,1.25584,2.3803,3.63269,3.20239,0.451251,-0.866957,-0.000536075,0.178779,0.0933537,0.512555,1.80345,1.42752,0.169135,0.0940178,0.500353,0.567363,0.411348,0.446369,0.315489,0.534344,0.024059,-0.721809,-0.23601,0.396718,0.304449,0.308362,1.0377,1.64237,1.73418,1.62252,2.01146,2.46136,2.41819,1.9669,1.4872,1.41073,1.57644,1.66916,1.82145,1.95485,1.80673,1.46728,1.65449,2.4792,2.92977,2.87392
3.79067,3.14743,1.95286,0.788401,0.402971,-0.00648781,-1.10189,-2.59725,-3.81399,-2.2954,0.696464,3.93824,2.3634,-0.166091,1.94826,4.56459,4.52702,2.46439,1.98472,3.14077,3.90643,2.95809,0.734686,-0.161017,-0.0149313,-0.825091,-1.3038,0.164709,1.81215,1.39471,1.46452,1.48367,0.966536,1.22388,0.941809,0.677089,0.673306,0.890823,0.974318,0.0920282,-0.497084,0.517428,1.12141,0.942882,1.32052,1.5456,1.50137,1.92412,2.16125,1.72542,1.2197,1.01988,1.18432,1.40047,1.45617,1.85503,2.22475,1.75762,1.55966,2.21731,2.42362,2.2889,2.28808,2.62239
0.529947,0.128834,2.75558,0.535111,-0.136851,-0.284502,-0.90143,-1.97443,-3.10484,-2.17846,1.70435,3.77669,2.16577,0.457497,0.689047,0.554868,1.19189,3.8404,4.1245,4.17188,4.26368,2.69794,1.0031,0.670192,-0.416682,-1.5929,-0.607087,1.15631,1.11881,0.817415,1.39049,1.66911,1.75302,1.81506,1.76766,1.3624,1.31442,1.34747,1.4419,1.31816,0.627109,0.670521,1.23694,1.11393,1.04855,1.33574,1.72148,1.37302,0.69804,0.345703,0.224272,0.635084,1.24477,1.79726,2.24949,2.18472,1.67613,1.43674,1.61399,1.68735,1.52785,1.91312,2.52061,2.60618
