public/uploads/wind/vent_json/20200513/wind_field_07.json
{"header": {"parameterUnit": "m.s-1", "parameterNumber": 2, "dx": 0.051, "dy": 0.036, "parameterNumberName": "eastward_wind", "la1": 45.3082, "parameterCategory": 2,"nx": 177, "ny": 123, "refTime": "2018-09-30 00:00:00", "lo1":1.38177}, "data":
[rows 28 to 55 of 123, columns 63 to 125 of 177]
2.95281,2.10241,1.16001,1.14282,1.83468,2.74537,2.98457,2.36382,1.70889,2.08198,2.77849,2.57477,2.66502,2.73331,2.99188,4.06205,4.52691,4.52655,3.97965,3.03439,2.71979,3.01825,3.85461,3.74801,3.27431,3.78915,3.48285,2.59252,2.86616,3.89769,3.79301,3.66288,4.51363,4.86373,5.25825,5.84009,6.03282,6.26365,6.56482,6.95521,7.31838,7.49709,7.47732,7.37996,7.31727,7.31756,7.32296,7.26261,7.16101,7.10934,7.10958,7.06007,6.89361,6.66824,6.48247,6.35049,6.27462,6.21099,6.19709,6.11202,5.95517,5.60398,4.20385
1.81109,1.1268,1.44811,2.68625,3.0581,2.72007,2.93967,2.71176,2.49363,2.87617,2.55143,1.88909,1.68151,2.31028,2.96325,3.48433,4.26687,4.37865,4.17877,4.07701,4.24015,3.87584,3.34728,3.93004,4.08477,3.68655,3.44092,3.08139,2.78795,2.58942,3.30698,4.39937,4.66673,5.00551,5.59721,5.91501,6.24737,6.55271,6.90999,7.26513,7.48856,7.51173,7.38578,7.24726,7.19904,7.23667,7.26716,7.23172,7.17624,7.1406,7.06881,6.89834,6.6701,6.49346,6.41809,6.38629,6.36662,6.31282,6.25252,6.11238,5.93976,5.54119,4.33541
1.62771,1.90893,1.84982,2.0003,2.93644,3.13331,2.68558,3.03114,2.96782,2.24042,2.45237,2.36278,2.3054,3.04929,3.38659,3.36369,3.70875,4.17633,4.21482,4.09193,3.84787,3.91706,4.20831,4.13401,3.53469,3.25627,3.77612,3.56846,2.73322,3.0473,4.04003,4.49538,4.7574,4.96695,5.56951,6.2328,6.56431,6.92107,7.23878,7.45408,7.50299,7.38155,7.18581,7.054,7.05765,7.14492,7.2119,7.2278,7.21463,7.13842,6.9503,6.69512,6.49404,6.41574,6.4377,6.49404,6.53777,6.49944,6.3287,6.14916,5.75814,4.95654,4.14469
1.9907,2.11182,2.03456,2.11854,2.33945,2.96865,2.8067,2.53121,2.92235,2.40822,1.59824,1.47596,1.90572,2.13493,2.53538,3.90514,4.11699,3.68152,4.25967,4.11729,2.86953,2.70816,3.93241,4.1481,3.43205,3.04605,2.6956,2.54428,2.77762,2.80188,3.27252,4.37176,4.92946,5.40959,6.08377,6.47663,6.89017,7.21818,7.43294,7.50831,7.41027,7.17386,6.94654,6.85592,6.91312,7.03867,7.14186,7.21062,7.21615,7.07294,6.7988,6.53355,6.41542,6.44404,6.54431,6.6611,6.69845,6.5926,6.28639,6.02849,5.70245,4.93011,4.2513
3.15835,3.25401,2.93528,3.1059,3.00569,2.33826,2.29093,2.99719,2.66158,2.14623,2.66899,2.97599,2.9726,2.91038,3.13364,3.81065,3.90923,3.97597,4.48804,4.41792,3.60001,3.38238,3.77066,3.83144,3.94354,3.72722,3.08027,2.82848,2.79325,2.95592,3.193,3.88728,4.93665,5.44573,6.13804,6.8318,7.13487,7.39909,7.54431,7.50546,7.2821,6.99694,6.8106,6.77121,6.82984,6.93052,7.04872,7.15283,7.14156,6.93235,6.62549,6.41578,6.41331,6.51981,6.63741,6.82809,6.92177,6.71394,6.27499,5.98232,5.72639,5.11379,4.56901
2.37895,3.38997,3.22513,2.59061,2.93073,3.10616,2.4206,2.02987,2.74131,2.92668,2.46041,2.72118,2.50442,2.32185,3.08951,3.8246,4.41383,4.4424,3.61496,3.22768,3.89706,3.66296,3.19289,3.77202,3.98535,3.90092,3.5964,3.08889,2.97379,2.8959,3.56138,4.66524,5.06874,5.75625,6.5308,6.92008,7.30121,7.55209,7.60399,7.45054,7.16996,6.91566,6.78491,6.7477,6.75184,6.80134,6.91867,7.03348,6.99116,6.75383,6.48616,6.38293,6.45557,6.62846,6.88829,7.12175,7.08939,6.74605,6.31494,6.06232,6.01204,6.11806,5.94537
2.71017,2.80613,3.26636,3.15634,2.58911,2.6664,2.53367,2.23107,2.47254,3.05382,2.64928,2.02539,2.82011,2.96407,2.87989,3.7392,4.21495,4.56191,4.56413,4.40058,4.2154,3.72891,3.26047,3.34207,3.99546,3.96714,3.80661,3.7239,3.32664,3.35434,3.49293,4.03223,5.39011,6.24182,6.6037,7.07424,7.43648,7.60975,7.58682,7.39261,7.13677,6.93797,6.80922,6.70236,6.62603,6.64688,6.78046,6.89462,6.82449,6.5875,6.39898,6.37152,6.49166,6.78268,7.13436,7.30858,7.1606,6.77708,6.43741,6.2731,6.2872,6.23325,6.00703
3.43155,3.15974,2.69542,2.85899,2.38044,1.77293,2.29312,3.13627,3.09216,2.39814,2.24707,2.66835,3.11568,3.36303,3.54958,3.76341,4.01036,4.41205,4.04142,3.53735,4.12218,4.05222,3.08233,3.17186,3.93198,3.80299,3.5417,3.6705,3.93378,4.15669,4.4013,5.15387,5.87287,6.27002,6.78839,7.20046,7.46529,7.58677,7.5468,7.37305,7.1622,6.96534,6.75932,6.55812,6.44591,6.50527,6.68819,6.78604,6.67084,6.46403,6.3709,6.46807,6.72855,7.07384,7.36054,7.40982,7.18357,6.85322,6.62549,6.54297,6.50872,6.29521,5.93163
3.19367,3.20749,2.9992,2.02608,1.82545,2.7564,2.8414,2.47764,2.53732,2.89833,2.58225,2.36099,3.28755,3.42702,2.76607,2.87698,3.87854,3.95586,3.84056,4.49115,4.47458,4.01746,3.73405,3.90327,4.00389,3.91822,3.78527,3.26477,3.33082,4.25714,5.0411,5.4469,5.95746,6.42907,6.87248,7.22816,7.4588,7.56169,7.51266,7.34958,7.13699,6.87479,6.57486,6.34835,6.30885,6.46731,6.66856,6.68574,6.51311,6.36668,6.39123,6.59705,6.94925,7.30862,7.497,7.44524,7.23027,6.99486,6.85625,6.78005,6.63494,6.28811,5.94158
2.40157,2.25517,2.62416,2.49238,2.08529,1.91507,2.16866,3.17656,2.95076,2.21142,2.81036,3.39263,3.42927,3.55235,3.81515,3.93415,3.94658,3.81117,3.62507,3.32873,3.4311,4.03645,4.10533,3.97436,3.93182,3.83554,3.79109,3.91537,4.18246,4.55916,5.17673,5.70403,6.10453,6.52488,6.94205,7.25871,7.462,7.54852,7.47454,7.26944,6.98481,6.64336,6.32983,6.20309,6.29968,6.49679,6.61674,6.52336,6.34914,6.31761,6.48612,6.8257,7.21982,7.52113,7.62687,7.52451,7.3162,7.1537,7.06807,6.98143,6.74296,6.31978,6.02885
2.56114,2.43213,1.95654,1.74204,2.00843,2.16927,2.32395,2.80379,2.74603,2.77703,3.31986,3.77418,4.03886,3.57018,3.16747,3.7874,4.11593,3.79241,3.86782,4.39543,4.58582,3.67932,3.13784,3.73321,3.90797,3.67992,3.76275,3.88334,3.6545,4.02098,5.21522,5.90401,6.22785,6.67576,7.04472,7.29449,7.47904,7.55093,7.42117,7.12025,6.74144,6.37214,6.15687,6.17659,6.35383,6.5223,6.47992,6.29796,6.23537,6.37533,6.70311,7.11475,7.46103,7.67919,7.70678,7.56643,7.37531,7.26352,7.19211,7.08173,6.76118,6.37372,6.0365
1.87893,2.21425,2.25369,2.08829,2.20348,2.43997,2.27924,1.49261,1.60546,2.95766,3.20121,3.2544,4.09504,4.39654,3.73838,3.25142,3.90933,4.1846,3.87489,3.6132,3.65821,4.21684,4.30163,3.94798,3.76317,3.60821,3.7353,3.98187,4.11231,4.99385,5.67609,5.95296,6.41306,6.85566,7.14736,7.33117,7.48584,7.52078,7.32246,6.94065,6.51,6.17956,6.09141,6.24786,6.4492,6.45916,6.27593,6.15206,6.27079,6.58555,6.97016,7.34297,7.62822,7.76129,7.71197,7.54075,7.3601,7.26554,7.20481,7.05382,6.71188,6.40093,5.99078
1.72751,1.07556,1.83626,2.52739,2.6802,2.97346,2.89491,2.24297,2.27054,3.02641,3.62315,4.01139,3.82213,3.67463,4.04359,4.12937,4.1285,4.21026,4.17865,4.06807,4.12229,4.45573,4.46762,4.19971,3.82326,3.59016,3.70358,3.99233,4.45637,5.27441,5.82669,6.16585,6.64101,7.04442,7.25032,7.35091,7.44049,7.41947,7.18453,6.78327,6.35328,6.07477,6.07619,6.26793,6.39394,6.3042,6.14532,6.17195,6.44023,6.82382,7.17782,7.45956,7.64831,7.69493,7.59091,7.41153,7.25802,7.18068,7.13161,6.9263,6.71931,6.22653,5.24306
0.370923,0.379383,1.65878,2.86121,2.87371,2.35854,2.79644,2.94717,2.22603,2.45499,3.39884,3.65348,4.19241,4.17802,3.66045,4.14873,4.44797,4.3377,4.37763,4.46636,4.58946,4.68983,4.62253,4.32153,3.8721,3.656,3.66544,3.94757,4.94796,5.68001,5.96295,6.38082,6.86803,7.22721,7.35053,7.34624,7.32313,7.2321,7.00438,6.64972,6.26807,6.05341,6.09946,6.26854,6.32944,6.20763,6.10598,6.23752,6.5612,6.90595,7.18877,7.39425,7.48866,7.4567,7.3408,7.21455,7.11609,7.06423,6.96222,6.74866,6.50786,5.99505,5.17598
0.106522,1.17517,2.38704,2.86944,2.88568,2.57415,2.46989,3.04759,3.18717,2.75174,2.49765,2.93786,3.97697,4.62404,4.61463,4.54176,4.45204,4.41358,4.40072,4.43536,4.59519,4.76163,4.75,4.43386,3.98902,3.75774,4.0042,4.66015,5.30194,5.73631,6.11307,6.58301,7.08075,7.39562,7.43216,7.29162,7.12506,6.97446,6.80181,6.54327,6.24155,6.0752,6.12582,6.25839,6.27169,6.14319,6.06348,6.19692,6.50012,6.81535,7.04219,7.14999,7.14632,7.073,7.02326,6.99558,6.95586,6.8465,6.64374,6.36559,6.05111,5.51897,4.75956
0.831377,1.65777,2.53172,2.01286,1.30884,2.49244,3.01819,2.78818,3.11145,3.09901,3.24248,3.14522,3.49374,4.37383,4.38467,4.4873,4.63888,4.43827,4.40193,4.47097,4.67511,4.8511,4.80198,4.46207,4.082,4.00396,4.34383,4.94743,5.48011,5.84485,6.25492,6.78688,7.27173,7.51703,7.43697,7.14387,6.86315,6.70319,6.6107,6.45375,6.22723,6.09736,6.13821,6.23168,6.21742,6.084,5.98312,6.066,6.31671,6.58475,6.73268,6.72739,6.66381,6.62248,6.68466,6.71733,6.66084,6.3743,6.10837,5.76388,4.97467,4.80554,4.40832
0.761001,1.26969,1.46093,1.19708,1.21943,1.7425,2.59058,3.07198,2.93333,2.87075,2.93352,3.21725,3.96002,4.46395,4.71538,4.80656,4.61917,4.49211,4.41628,4.55643,4.78361,4.88484,4.75238,4.42086,4.18285,4.33314,4.79258,5.25793,5.58446,5.92741,6.44398,7.0171,7.40197,7.49534,7.30032,6.93158,6.61774,6.46238,6.41514,6.35364,6.21141,6.10232,6.13405,6.21396,6.18617,6.03781,5.88837,5.8723,6.03587,6.22747,6.27905,6.16855,6.0639,6.16461,6.35887,6.49279,6.28275,5.22462,4.57657,5.15081,4.76142,3.78928,4.30252
-0.153904,0.0164452,0.619273,1.11672,1.39062,1.50265,1.89638,2.58452,2.71368,2.74136,2.72712,2.67337,3.40346,4.34791,4.58428,4.748,4.76706,4.51104,4.49247,4.70241,4.93273,4.9071,4.63161,4.33002,4.32991,4.72338,5.20848,5.48055,5.65788,6.04321,6.64981,7.197,7.44264,7.39368,7.12701,6.75969,6.44257,6.25292,6.22196,6.25861,6.21878,6.13879,6.139,6.18001,6.13705,5.92848,5.68839,5.60345,5.69393,5.7445,5.76961,5.5835,5.3228,5.72308,6.29125,6.38327,6.19269,6.0687,5.74319,5.20778,5.32504,4.66426,3.82893
-0.62676,0.17466,0.960208,1.5401,1.92728,2.29007,2.62888,2.50817,2.37098,2.76835,3.23757,3.58021,3.57104,3.71096,4.64287,4.96189,4.70949,4.60934,4.6558,4.90575,5.08492,4.89331,4.48427,4.30988,4.61575,5.19476,5.58746,5.65052,5.73545,6.15733,6.80526,7.28582,7.39595,7.24819,6.96219,6.61384,6.30571,6.15512,6.19973,6.29492,6.26932,6.16215,6.10412,6.08059,5.94574,5.62345,5.3719,5.30679,5.18462,5.00319,5.11024,5.55239,5.75961,5.73671,6.05987,6.26266,6.21355,5.8102,5.25197,5.57035,5.26466,4.67351,4.67119
0.123931,0.340256,0.979896,1.5661,1.99786,2.25723,2.43049,2.78042,2.54072,2.50506,3.14188,3.37295,3.75601,4.18386,4.51886,4.77435,4.76447,4.78126,4.93956,5.15962,5.17297,4.80957,4.41056,4.45781,4.98005,5.5566,5.78296,5.76169,5.84744,6.26845,6.88143,7.25333,7.25185,7.05583,6.78601,6.48638,6.25457,6.18807,6.26931,6.33045,6.25197,6.07929,5.92014,5.79451,5.55105,5.15861,5.01513,4.84432,4.79005,5.24613,5.68886,5.70749,5.61803,5.87246,5.8465,5.84518,5.82539,5.69078,5.22319,4.89199,5.37967,5.33654,4.56054
0.450834,0.276946,1.01521,1.7627,2.30712,2.70073,2.78321,2.54618,2.90944,3.01234,2.52998,2.87647,3.64587,4.00512,4.29856,4.63022,4.84849,5.0433,5.26321,5.33489,5.10597,4.68456,4.48117,4.78982,5.3622,5.76331,5.88034,5.87079,5.99677,6.42939,6.91362,7.10252,7.01956,6.85699,6.66302,6.43476,6.29028,6.29636,6.3383,6.29457,6.09344,5.82357,5.65436,5.41582,5.12436,4.79121,4.59817,4.92371,5.48041,4.95549,4.6766,5.51659,5.436,5.27354,5.7757,5.57036,5.52073,5.49712,5.65842,5.23097,5.09042,5.61592,5.46589
0.319841,0.417239,1.27219,1.76141,2.20336,2.6767,2.51514,2.27513,2.5902,3.21008,3.41292,3.18931,2.77923,2.88563,3.74214,4.39555,4.9351,5.35045,5.478,5.27697,4.8913,4.65455,4.77498,5.15144,5.51407,5.74449,5.89592,6.01686,6.25532,6.62303,6.87424,6.89495,6.83526,6.79007,6.65336,6.4484,6.33011,6.34531,6.25786,6.0759,5.68633,5.26981,5.21272,4.83613,4.43945,4.72151,5.08838,4.90624,4.70645,5.12738,5.28672,4.87715,4.96963,5.5482,5.24746,4.34621,4.10184,4.18195,4.10489,4.22035,4.27792,4.67919,4.96698
0.101577,0.687012,1.36864,1.78229,2.20241,2.57811,2.869,3.10523,2.95231,3.01849,3.57068,3.67745,3.23041,2.78684,2.98207,3.98391,5.05436,5.48483,5.40998,5.0135,4.68874,4.78871,5.18121,5.44402,5.5133,5.6452,5.90817,6.21462,6.52064,6.73664,6.7914,6.77847,6.85314,6.88365,6.68881,6.40266,6.21687,6.11551,5.84387,5.60603,5.19776,4.84515,4.62844,4.42823,4.60175,4.71997,4.81379,4.98506,4.63119,4.46755,5.04385,5.51603,4.80504,3.81643,3.81264,3.67115,3.08326,2.99444,3.28654,3.5712,3.71811,3.72962,3.58444
0.198443,0.992891,1.67345,1.96435,2.18025,2.50198,2.7824,2.89828,3.27753,3.23898,3.31536,4.06279,3.91822,3.16398,2.77471,3.36086,4.75541,5.38163,5.11243,4.76363,4.75255,5.19621,5.61854,5.58287,5.42316,5.59185,6.03298,6.47614,6.72225,6.80046,6.79577,6.87033,7.02578,6.93309,6.53399,6.05719,5.75388,5.38201,4.9735,4.89401,4.80816,4.20462,3.97799,4.55589,4.44419,3.74841,3.43927,3.61416,4.34704,4.59561,4.22957,3.69349,2.8776,2.3163,2.28127,2.43913,2.48791,2.54832,2.73602,2.83807,2.81676,2.69327,2.46253
0.372222,1.02393,1.55441,1.7576,2.01378,2.51597,2.93105,3.02793,3.24806,3.36706,3.60589,4.33278,4.37506,3.65063,3.1387,3.4808,4.4797,4.87585,4.68923,4.64495,4.99948,5.53469,5.77674,5.57571,5.41957,5.72621,6.30702,6.75563,6.92625,6.92802,6.91032,7.02042,7.00922,6.55829,5.86308,5.19299,4.65471,4.3679,4.42965,4.07372,3.76146,4.43109,4.28055,3.61318,3.9779,4.02195,3.88593,3.79391,3.6734,4.13683,3.85063,2.84418,2.25082,2.05074,2.11697,2.22578,2.23385,2.21074,2.1745,2.11506,2.03705,1.97421,1.85624
0.384822,1.21234,1.63196,1.87808,2.35066,2.53001,2.782,3.11854,3.32554,3.666,4.05493,4.52954,4.61579,4.28208,3.91401,3.88603,4.13914,4.24234,4.24943,4.66758,5.30265,5.70863,5.74439,5.57749,5.59701,6.06035,6.62753,7.03334,7.15013,6.99548,6.89583,6.82541,6.41485,5.49621,4.57374,3.49938,2.93807,2.96157,3.3107,4.15583,4.13274,3.37882,3.05761,2.85162,2.65645,2.57221,2.84893,3.5465,3.66903,3.02623,2.30134,1.83783,1.82424,1.91471,1.86786,1.78848,1.79324,1.84861,1.84563,1.75592,1.69817,1.70402,1.65578
0.650844,1.7272,1.96187,1.86816,2.11549,2.64972,2.77823,2.97426,3.48355,3.73911,4.24845,4.79111,4.77825,4.61773,4.35875,4.07601,3.80323,3.68668,4.01457,4.77228,5.47272,5.70482,5.61896,5.61082,5.92565,6.50319,6.94266,7.18624,7.07946,6.7907,6.52994,5.96798,5.13238,3.87078,3.25421,3.15708,2.75125,2.80809,3.24691,3.2682,3.29769,3.68555,3.19229,2.28726,2.13534,2.27604,2.40302,2.66956,2.93181,2.50769,1.72887,1.51139,1.5595,1.51172,1.52609,1.57013,1.62096,1.62135,1.54538,1.4843,1.52262,1.56484,1.50454
1.26408,1.84447,1.8905,2.04222,2.15096,2.31214,2.88872,3.52959,3.74818,3.79334,4.13978,4.76217,4.96812,4.80235,4.43265,3.92037,3.50132,3.43834,3.94769,4.84715,5.4921,5.5514,5.46663,5.70066,6.3346,6.89883,7.02869,6.93641,6.51489,6.14628,5.3047,4.05364,3.53795,2.97414,2.17399,1.89828,2.30212,2.7689,3.12462,3.56389,3.54151,2.87116,2.11188,1.72459,1.7517,1.948,2.16955,2.36675,2.12677,1.54283,1.24978,1.31858,1.48005,1.54409,1.50873,1.44775,1.43622,1.42172,1.38566,1.41835,1.50801,1.48693,1.30567
