public/uploads/wind/vent_json/20200513/wind_field_12.json
{"header": {"parameterUnit": "m.s-1", "parameterNumber": 2, "dx": 0.051, "dy": 0.036, "parameterNumberName": "eastward_wind", "la1": 45.3082, "parameterCategory": 2,"nx": 177, "ny": 123, "refTime": "2018-09-30 00:00:00", "lo1":1.38177}, "data":
[rows 56 to 83 of 123, columns 0 to 62 of 177]
-0.989051,-0.872206,0.0838412,-0.104035,0.321697,0.231692,-0.0405258,0.015062,-0.407445,-1.53087,-1.91214,-1.12148,0.120991,1.14105,1.3865,1.3782,0.784015,-0.75429,-1.7939,-1.92923,-2.11038,-2.19633,-2.32911,-2.4063,-2.77094,-3.12179,-3.6051,-4.07414,-4.16617,-3.972,-2.14382,-1.9698,-2.57985,-2.76576,-3.12534,-3.34171,-4.51634,-4.8899,-3.94487,-3.9759,-4.19277,-3.73394,-3.38509,-2.99204,-2.70051,-2.42151,-2.14364,-2.07652,-2.1323,-2.168,-1.99922,-2.00412,-2.15722,-2.07676,-2.33438,-2.68606,-2.27486,-1.66093,-1.54592,-1.75213,-1.6125,-1.09391,-0.802509
-0.242207,-0.612325,-0.938537,-1.05946,-1.13798,-1.21031,-1.33122,-1.39956,-1.44714,-2.19825,-2.02247,-1.06422,0.299369,1.11343,1.66133,1.50692,0.31288,-1.4785,-2.47151,-2.57569,-2.58925,-2.5428,-2.80045,-3.50619,-3.65154,-3.4926,-3.83792,-4.09216,-3.88342,-4.07339,-2.96428,-2.9991,-2.92724,-2.41007,-3.37773,-3.83626,-3.02913,-3.00363,-2.98096,-2.58839,-2.2818,-2.1427,-2.56044,-2.91041,-2.81928,-2.60061,-2.38828,-2.12982,-1.67331,-1.64394,-2.37809,-2.77064,-2.66167,-2.64092,-2.49918,-2.05709,-1.55374,-1.36866,-1.53148,-1.52831,-1.21484,-0.933391,-0.721431
0.579217,-0.0219422,-1.81878,-2.13269,-2.63347,-2.8468,-3.06412,-2.79089,-3.39767,-3.37977,-2.8973,-1.40339,-0.0284113,0.981936,1.64254,2.06322,0.143199,-2.40911,-3.56823,-3.50503,-3.05178,-3.20159,-3.35815,-3.72863,-3.44903,-3.87409,-3.82473,-3.36262,-3.03005,-3.16132,-4.37844,-3.78573,-4.16329,-3.02345,-2.54792,-2.79739,-2.45289,-2.55819,-2.79353,-2.62558,-2.32819,-2.27631,-2.49003,-2.4199,-2.12627,-1.92971,-1.74666,-1.63609,-1.93639,-2.76066,-3.31361,-2.98581,-2.48729,-2.175,-1.90703,-1.86447,-1.92342,-1.75917,-1.42871,-1.23315,-1.14691,-0.934091,-0.735315
-1.35153,-1.43803,-2.51709,-2.71178,-3.38835,-3.64509,-3.5195,-3.8925,-4.13909,-4.1643,-3.09981,-2.33181,-1.33664,-0.682689,0.158884,-0.367553,-2.69305,-4.26155,-4.37949,-3.98422,-3.6599,-3.82611,-3.39417,-3.40508,-3.28247,-3.80387,-3.85929,-3.85554,-3.79083,-2.07858,-2.99093,-2.8751,-2.28808,-2.53687,-2.74081,-2.56942,-2.05693,-2.2179,-3.17878,-3.4752,-2.95857,-3.10619,-3.8524,-3.86666,-2.74585,-2.2222,-2.53505,-2.76829,-3.02664,-2.77939,-2.32938,-2.08383,-1.80643,-1.90628,-2.10565,-1.99726,-1.82259,-1.60576,-1.47256,-1.29073,-0.941629,-0.652007,-0.582821
-2.54677,-2.69614,-2.79441,-3.3951,-3.73365,-3.98987,-4.11796,-4.29853,-4.9372,-4.37072,-3.91119,-3.72341,-3.45128,-3.50716,-4.00744,-4.60286,-5.35162,-5.35201,-5.14387,-4.39688,-4.03191,-3.79997,-3.90182,-3.55645,-3.73563,-3.68559,-3.53752,-4.03878,-3.3754,-2.90144,-3.49997,-5.14494,-3.62865,-3.00208,-2.34838,-2.62229,-2.5217,-2.59962,-2.77415,-3.06521,-3.51526,-3.20252,-2.16765,-2.06015,-2.48677,-2.38825,-1.93149,-1.7029,-2.02574,-2.58844,-2.60056,-2.16992,-2.20632,-2.24131,-2.074,-1.83805,-1.60091,-1.4435,-1.2902,-1.15258,-0.928377,-0.645472,-0.457479
-2.72055,-2.90097,-3.04389,-3.38894,-3.59599,-4.28397,-4.76164,-4.824,-4.69813,-4.4877,-4.3217,-4.61226,-5.69036,-5.99793,-5.70887,-5.18004,-5.74349,-5.53122,-5.50197,-5.04363,-4.55925,-4.51661,-4.32746,-3.77176,-3.68347,-3.94411,-3.49821,-3.60883,-3.05238,-2.24554,-2.71586,-3.66534,-4.40603,-2.72639,-2.69671,-2.7573,-2.58771,-2.7479,-3.376,-3.62191,-3.76999,-3.51914,-2.59044,-2.53735,-3.11001,-2.94769,-2.15558,-1.76347,-1.70891,-1.7971,-2.17115,-2.27193,-2.12549,-1.91357,-1.84675,-1.76832,-1.56944,-1.42695,-1.29464,-1.05122,-0.7893,-0.595095,-0.43044
-3.0735,-3.32364,-3.21247,-3.47976,-3.67197,-4.17902,-4.58314,-4.93434,-4.87388,-4.76102,-4.5819,-5.40392,-6.29866,-6.27688,-5.96975,-5.76389,-5.83228,-5.41292,-4.90013,-4.3678,-4.53374,-4.26857,-4.31721,-4.13617,-3.94553,-3.45165,-3.58015,-3.04819,-2.75662,-1.929,-2.60485,-2.57447,-3.47837,-4.22868,-2.75407,-2.97243,-3.14759,-3.54857,-3.74437,-3.27009,-3.58207,-3.64182,-2.54848,-2.13547,-2.17376,-1.86829,-1.68635,-1.68657,-1.65876,-1.54073,-1.50302,-1.59216,-1.73809,-1.78978,-1.71776,-1.61958,-1.45013,-1.30675,-1.19695,-0.941981,-0.654758,-0.508151,-0.306046
-2.50642,-3.01384,-3.47565,-4.02665,-4.5355,-4.83456,-5.28984,-5.57832,-5.52229,-5.36771,-5.51212,-6.00414,-6.39039,-6.50322,-6.24307,-6.55642,-6.10099,-6.1183,-5.74742,-5.51878,-4.96141,-4.6366,-4.42893,-3.69198,-3.82462,-3.3112,-3.30851,-2.80184,-2.5172,-2.2958,-2.05206,-2.56155,-2.52618,-3.06282,-3.7557,-2.82168,-3.1352,-3.044,-3.25923,-3.34809,-2.48943,-2.41486,-3.02257,-3.04393,-2.46356,-2.14234,-1.7344,-1.34892,-1.38921,-1.43613,-1.35603,-1.46056,-1.70437,-1.76987,-1.65998,-1.46433,-1.38048,-1.26099,-1.08122,-0.789325,-0.444342,-0.335872,-0.148825
-2.67785,-3.19299,-3.53376,-3.99411,-4.36965,-4.72811,-5.2168,-5.67195,-5.48586,-5.21879,-5.33892,-5.58169,-5.70397,-5.83222,-5.31114,-5.48203,-5.41417,-5.16928,-5.53591,-5.12652,-4.80842,-4.26223,-4.0474,-3.51386,-3.38072,-3.62719,-3.40674,-3.02091,-2.64782,-2.13599,-2.34995,-2.21719,-2.27556,-2.07682,-2.22972,-3.4655,-3.25317,-3.22767,-2.75471,-2.77515,-3.07919,-3.12559,-3.10479,-2.78396,-1.82876,-1.70583,-2.11132,-1.92918,-1.46766,-1.33934,-1.33966,-1.33827,-1.53467,-1.52042,-1.42562,-1.28387,-1.21494,-1.13926,-0.954926,-0.677147,-0.198065,-0.0162427,0.0713562
-2.71556,-3.12757,-3.78285,-3.9932,-4.28904,-4.79531,-5.55552,-5.81776,-5.61193,-5.31802,-5.39993,-5.64031,-5.73586,-5.92655,-5.21959,-5.31546,-4.79912,-5.65228,-5.50028,-5.39263,-4.66676,-4.33865,-3.89021,-3.68451,-3.60118,-3.6611,-3.41053,-2.83432,-2.29431,-2.11294,-2.09649,-2.02609,-1.85628,-1.52831,-1.49228,-1.72022,-1.93682,-1.81485,-2.09528,-3.36593,-3.00737,-2.54881,-2.50184,-2.5817,-1.88326,-1.67485,-1.63265,-1.26628,-1.13033,-1.15654,-1.10679,-1.07456,-1.23667,-1.28899,-1.24063,-1.13457,-1.01798,-0.949543,-0.817311,-0.564087,0.111801,0.450024,0.376473
-3.05696,-3.47148,-3.88615,-4.17456,-4.46616,-5.01346,-5.45389,-5.53932,-5.38819,-5.21748,-5.26544,-5.53871,-6.01238,-6.27813,-6.07585,-5.78721,-4.52032,-5.04595,-4.68836,-4.97305,-3.74898,-3.98305,-3.57608,-3.83747,-3.50134,-3.34767,-2.75694,-2.34205,-1.90089,-1.48737,-1.45768,-1.19917,-1.69956,-1.11206,-1.30163,-1.43948,-1.22639,-1.05853,-1.31386,-1.99517,-2.18258,-2.9984,-2.07057,-1.95014,-1.93787,-1.6927,-1.6231,-1.36714,-1.04614,-1.05962,-1.0763,-1.0243,-1.05044,-1.04341,-1.05249,-0.9203,-0.797978,-0.738434,-0.602337,-0.39731,0.506439,0.960318,0.684293
-2.99099,-3.47409,-3.95356,-4.339,-4.73177,-4.95926,-5.0246,-4.94337,-4.88591,-4.73753,-4.90301,-4.86791,-5.0685,-4.89342,-5.10226,-4.69146,-4.46025,-4.23079,-3.78148,-3.52377,-2.80261,-2.9378,-2.90063,-3.3484,-3.04662,-2.73768,-1.96537,-1.97765,-1.761,-1.50027,-1.16442,-1.09611,-0.874758,-0.845567,-1.08214,-0.974684,-1.3069,-0.940069,-1.01848,-1.47259,-2.60998,-2.4969,-2.71237,-2.52355,-2.09628,-1.83656,-1.46762,-1.30235,-1.05455,-0.963804,-0.969685,-0.798257,-0.782309,-0.682248,-0.702925,-0.702793,-0.652088,-0.530008,-0.25608,-0.0852208,0.781878,1.36204,1.20779
-2.72805,-3.19581,-3.78114,-4.14851,-4.47749,-4.55513,-4.46835,-4.28371,-4.24929,-4.22208,-4.24799,-4.12479,-3.78324,-3.77982,-3.62259,-3.28189,-2.7592,-2.55307,-2.4186,-2.10446,-1.90417,-2.02328,-2.19089,-2.06496,-2.07802,-1.58934,-1.65388,-1.42513,-1.23503,-1.18328,-1.53895,-1.34163,-0.486449,-0.358695,-0.809283,-1.05595,-1.10443,-0.825967,-0.833314,-1.03925,-1.40014,-1.91968,-0.336622,-2.60442,-2.63893,-1.9452,-1.45054,-1.35752,-0.909419,-0.697516,-1.01508,-0.779009,-0.508117,-0.288141,-0.269142,-0.221174,-0.28435,-0.41276,-0.115788,0.376272,0.405041,0.962484,2.23048
-2.55958,-2.93631,-3.3614,-3.67068,-3.82258,-3.78397,-3.58967,-3.23189,-2.79383,-2.24873,-1.71425,-1.54377,-1.52239,-1.83047,-1.84751,-1.42067,-1.04972,-0.58949,-0.353937,-0.861188,-1.45715,-1.93603,-1.8324,-1.43319,-1.39279,-1.19165,-1.59421,-1.30787,-0.910888,-0.940197,-0.867165,-0.846482,-0.232128,-0.361976,-0.875991,-0.772059,-0.846856,-0.91202,-0.181119,-0.491974,-0.765119,-0.61532,-0.049932,-0.759698,-1.92939,-2.46675,-1.4959,-1.3769,-1.09118,-0.446945,-0.66116,-0.786572,-0.68894,-0.151356,0.494815,1.09427,1.42164,-0.394255,-0.579571,0.610944,0.780488,1.35849,2.54276
-1.992,-2.23423,-2.73492,-2.87367,-2.94219,-2.94856,-2.70642,-2.24026,-1.38869,-0.255318,0.489202,0.886176,1.03778,0.646121,0.468721,0.670652,0.847099,1.09337,-0.390104,-2.65472,-2.77288,-2.54039,-2.24247,-1.62528,-1.16487,-0.963479,-1.10976,-1.0583,-1.29043,-0.844235,-0.441304,-0.808173,-0.501021,-0.678191,-0.903854,-1.02842,-0.812543,-0.501975,-0.39138,-0.341194,-0.269541,-0.339133,0.107969,0.0445161,-0.85024,-2.23518,-1.43981,-1.3495,-1.2698,-0.345667,0.0535797,0.821488,-0.165586,-0.406501,0.701355,1.67678,1.49351,0.0473573,-0.263471,-0.340343,1.08589,1.55574,2.33672
-1.26619,-1.40373,-2.03639,-2.01031,-1.83989,-1.81716,-1.6426,-0.7769,0.0899673,0.210142,0.239969,0.458297,0.824715,1.02569,1.14038,1.22077,-0.0484079,-2.29577,-3.44364,-3.601,-2.39336,-2.52247,-2.45753,-2.16618,-1.86232,-1.20426,-0.877286,-1.29673,-1.76019,-0.688599,0.0119677,-0.90024,-0.963717,-0.883282,-0.899687,-0.825915,-0.523973,-0.635704,-0.589498,0.000616636,0.0120053,0.300092,-0.062014,-0.326851,-0.667945,-1.63148,-1.94868,-1.71485,-1.4406,-0.518087,0.129351,1.493,0.00345162,-0.966949,1.51648,1.65927,0.731941,0.572506,0.25181,0.0587805,0.36053,1.76457,2.32571
-0.971519,-0.937807,-1.23019,-1.09853,-0.958429,-0.897909,-0.244637,0.657178,1.09703,1.00358,0.720686,0.634312,1.22154,1.91235,2.25871,0.901344,-1.13673,-3.03826,-2.67431,-1.96591,-1.09492,-1.0238,-1.21403,-1.33358,-1.28729,-1.33814,-1.63024,-1.59923,-1.49373,-0.169065,0.719907,-0.512805,-1.28251,-0.846996,-0.518274,-0.414412,-0.185394,0.0136961,-0.476095,-0.651365,0.807687,1.39749,-0.0874723,-0.602723,-0.570167,-0.501131,-1.13459,-1.00649,-0.484685,-0.944086,-0.132561,1.49745,0.310436,-0.556718,1.37629,0.776976,0.495267,0.445052,0.615882,0.470675,0.0684166,1.11542,1.38552
-0.674997,-0.571216,-0.628663,-0.224983,-0.0362364,0.184397,0.774844,1.22544,1.15753,0.987699,0.927907,0.816349,1.10884,1.61743,1.80875,1.12169,-0.126944,-0.522856,-0.153386,0.251557,0.448491,0.51394,0.329192,0.0174261,-0.469349,-0.713124,-0.910263,-0.665813,-0.186888,0.17406,0.519037,-0.51002,-1.33531,-0.577896,-0.242996,0.0891419,-0.0599453,-0.413278,-0.0459734,-0.643666,0.427887,1.92311,0.904089,-0.126727,-0.217326,-0.0930115,-0.577137,-0.52411,-0.152951,-0.812304,-0.398207,1.16281,0.891926,-0.0219814,1.10578,0.131028,0.74142,0.572046,0.439727,0.475734,0.0757344,0.851388,1.32741
-0.667818,-0.270815,-0.0572362,0.337769,0.619561,0.816162,1.06876,1.10381,0.954494,1.00033,1.14921,0.970109,1.07277,1.4572,1.66269,1.44352,1.483,1.13736,1.64541,1.84048,1.64915,1.43939,0.90292,0.930737,0.915674,0.322539,0.182704,0.817857,1.64502,0.75292,-0.801909,-1.43924,-1.19239,-0.320527,-0.559589,-0.272738,-0.342132,-0.858953,-0.332592,-0.749239,0.25545,2.02771,1.98937,0.430579,-0.0692149,-0.254799,-0.174999,-0.117544,-0.252983,-0.294104,-0.657315,0.742568,0.729587,0.425633,0.703299,0.265706,0.522518,0.363992,0.395289,0.0968362,0.0181024,0.570694,1.18143
-0.348233,0.00903687,0.281533,0.532742,0.676295,0.816863,0.910742,0.903642,0.947081,1.1283,1.20323,0.976111,0.987653,1.27992,1.4539,1.77483,2.41313,2.52773,2.1852,2.19564,2.05436,1.99921,1.46499,1.43272,1.2322,1.0967,1.6718,2.12586,1.62361,-1.04866,-2.24131,-1.74178,-1.10766,-0.472974,-0.770258,-1.0566,-1.23602,-0.743093,-0.430363,-0.404929,0.620333,1.51582,2.16589,1.1194,0.132474,-0.0172597,0.153268,0.0602035,-0.135122,0.240785,-0.229457,0.415707,0.33625,0.110461,0.546954,0.265208,0.783557,0.370079,0.0958867,0.264964,0.124505,0.711084,1.36794
-0.115818,0.207398,0.441428,0.570643,0.59735,0.614958,0.736996,0.841812,1.03826,1.10293,0.860359,0.677137,0.6837,1.0597,1.52067,1.8495,2.35828,2.69726,2.47245,2.33665,2.43617,2.06678,2.18236,2.19164,1.88295,1.63496,2.09421,2.7175,0.938571,-2.03716,-1.9863,-1.15949,-1.18102,-0.643101,-0.790017,-1.37313,-1.30171,-0.507796,0.0902062,0.677522,1.08118,1.39074,1.98742,1.40696,0.696527,0.324166,0.18564,0.290495,0.244726,0.485311,0.0746624,0.231029,0.143535,0.334204,0.570063,0.326846,1.00187,0.344019,-0.134366,0.363631,0.118884,0.658435,1.17916
0.0298814,0.217059,0.392043,0.495312,0.558547,0.476668,0.650186,0.675361,0.639944,0.554123,0.183801,0.470749,0.592369,1.04572,1.4896,2.09352,2.59962,2.73253,2.22099,2.3965,2.36074,2.20011,2.48137,2.57558,2.09244,2.36883,2.20801,2.30906,0.0984934,-1.37445,-1.31281,-1.31686,-1.51148,-0.888234,-0.710285,-1.06596,-0.731447,-0.0262156,0.768415,1.42352,1.18589,0.939656,1.75244,1.49218,1.02635,0.72408,0.109795,0.569952,0.475909,0.579145,0.223032,0.400541,0.408297,0.405357,0.328204,0.282143,0.66593,0.592072,0.338583,-0.00488413,0.120233,0.379577,0.893042
0.237724,0.334093,0.31294,0.354372,0.361939,0.419022,0.438834,0.265376,0.0744029,0.0590341,0.108136,0.409211,0.667227,0.946673,1.57546,2.05305,2.42054,2.64776,2.6345,2.09147,2.20931,2.28411,2.14914,1.24876,0.0123588,0.563137,0.511489,0.226128,-0.118993,-1.17223,-2.10939,-2.25015,-1.51058,-0.707777,-0.61554,-0.818195,-0.2194,0.495949,1.49079,2.03019,1.38144,0.510687,1.09396,1.10242,0.993576,0.917485,0.468601,0.509887,0.605903,0.416597,-0.123222,0.523624,0.346676,0.399958,0.742245,0.156929,0.303149,0.73394,1.04075,0.128974,0.0490056,0.256034,0.605762
0.202649,0.250766,0.226859,0.299224,0.2559,0.228502,0.174156,-0.0421523,-0.201454,-0.179831,0.0360484,0.372665,0.499366,0.738394,1.22388,1.77775,2.12282,2.48595,2.60772,2.07391,1.68791,2.15977,0.800389,-1.36098,-1.25079,-1.31839,-0.851966,-0.605707,-0.957506,-2.388,-2.80155,-2.19583,-1.1347,-0.213433,-0.051981,-0.169196,0.388831,1.16364,2.07848,2.33501,1.59823,-0.0895548,0.212876,0.893718,1.02235,0.955178,0.606245,0.388889,0.632447,0.429796,-0.265,0.300043,0.647814,0.23465,0.630342,0.363575,0.0623919,0.639624,0.667307,0.121279,-0.105809,0.280695,0.504443
0.268724,0.231178,0.144959,0.238525,0.151272,-0.0209746,-0.0217535,-0.0953219,-0.25843,-0.328096,-0.199862,0.195614,0.311965,0.55193,0.768654,1.82852,2.07332,1.74985,2.22337,1.41573,2.45022,1.53633,-1.47744,-1.79445,-1.88404,-1.25873,-0.715786,-0.996755,-2.04371,-2.67405,-2.42904,-1.45824,-0.547542,0.46385,0.642963,0.539754,1.11038,1.94639,1.98645,1.8608,1.13329,-0.366653,-0.216626,0.734134,1.1498,0.862714,0.803159,0.562056,0.593294,0.452924,-0.0850218,0.126671,0.588742,0.373296,0.453055,0.56863,0.00413622,0.368503,0.108897,0.117305,0.0166618,-0.126046,0.478094
0.140274,0.0843235,0.111129,0.0872822,-0.0157892,-0.128028,-0.162233,-0.170351,-0.265356,-0.365302,-0.277491,0.0224006,0.205555,0.287548,0.910606,1.3069,1.47739,1.5888,1.59494,1.80764,1.19648,-0.686682,-1.30317,-1.57611,-2.14187,-1.09526,-0.374158,-0.797136,-1.96497,-2.01445,-1.39057,-0.64376,-0.0113453,1.04538,1.43654,1.41036,1.63131,1.84489,1.5951,1.48012,0.973541,0.033883,-0.101997,0.400381,0.47169,0.637137,0.517169,0.627702,0.756781,0.272608,-0.103412,0.217643,0.751705,0.0789975,0.369025,0.404292,0.294675,0.235218,0.28549,0.248596,-0.0663927,-0.0453519,0.396132
0.18627,0.209719,0.192911,0.153247,0.0821213,-0.0720552,-0.127915,-0.193814,-0.25404,-0.299343,-0.164214,0.0091701,0.00904387,0.287287,0.511687,0.900077,0.742174,0.25198,0.148257,-0.434241,-1.13973,-0.878846,-1.1391,-1.60538,-1.42424,-0.846856,-0.379403,-0.316214,-1.05799,-1.32765,-0.877277,-0.276312,0.660919,1.46708,2.03944,2.0427,2.17675,1.35623,1.36246,1.37099,1.46893,0.834409,-0.0517493,-0.762916,-0.374442,0.676072,0.682445,0.912616,1.04001,0.340431,0.00275423,0.273827,0.707474,-0.168158,0.0981256,0.217736,0.468613,0.615293,0.281925,0.11899,-0.190524,-0.178047,0.412236
0.584717,0.56375,0.326729,0.235223,0.291646,0.331982,0.185113,0.00693595,-0.0995422,0.0158946,0.170211,0.0949031,-0.0225172,0.126545,0.694988,0.799699,0.195326,-0.478535,-0.89921,-0.952031,-0.601209,-0.599061,-1.01889,-1.53792,-1.02535,-0.243368,-0.151727,-0.172151,0.00440529,-0.292277,-0.116646,0.598798,1.26538,2.02301,2.51456,2.74147,2.5301,1.4598,1.24557,1.2574,1.21756,-0.00800298,-1.83976,-1.73658,-0.70552,1.0128,0.999208,0.927414,0.659683,-0.0293001,0.0335564,0.23132,0.504159,-0.399009,0.0419658,0.355789,0.63648,0.901005,0.229013,0.449791,0.401797,0.954023,0.720164
