public/uploads/wind/vent_json/20200513/wind_field_10.json
{"header": {"parameterUnit": "m.s-1", "parameterNumber": 2, "dx": 0.051, "dy": 0.036, "parameterNumberName": "eastward_wind", "la1": 45.3082, "parameterCategory": 2,"nx": 177, "ny": 123, "refTime": "2018-09-30 00:00:00", "lo1":1.38177}, "data":
[rows 84 to 111 of 123, columns 63 to 125 of 177]
-0.432347,0.0148441,0.597426,1.00921,1.17661,1.08998,1.47485,1.99996,2.49658,2.61122,2.12258,1.68251,1.81615,1.71663,1.66098,1.31204,0.537803,0.168432,0.205472,0.380371,0.620058,0.70573,1.0689,0.925917,1.41217,0.962776,0.362723,1.80694,2.25811,2.00966,1.30851,1.69557,3.0276,4.09825,3.98091,3.63591,3.52817,2.96875,3.90384,2.98305,-0.0533957,-2.0896,-1.00103,-0.401173,-1.60037,-1.40863,-0.0243405,0.652294,-1.02627,-0.131892,1.57966,0.196611,0.411966,2.92989,3.48818,0.250998,-1.60722,1.44847,0.663917,-3.16216,-3.08719,-2.74489,-2.48535
-0.141094,0.323445,0.654015,1.01543,0.993261,0.698827,0.965788,1.30516,1.77815,2.08583,2.1176,1.81225,2.09461,1.43896,0.341719,-0.573258,-0.775732,0.320322,1.08745,0.378584,0.0147479,0.583067,0.806526,0.610231,0.80346,0.856432,1.11594,2.05906,1.52657,0.808316,1.15383,1.29042,2.4585,3.62563,3.637,2.98813,1.44604,1.44042,3.0458,5.60535,5.50431,2.23138,-0.108055,1.01011,1.08376,0.829196,0.615893,-0.958385,-1.6862,0.215423,1.4133,0.192937,0.0744514,2.43557,4.52363,3.30831,0.269753,0.00273848,1.18596,-1.03619,-2.34295,-1.93283,-2.25636
-0.105358,0.236796,0.499553,0.913016,0.945074,0.511718,0.639014,0.975398,1.36883,1.64953,1.96674,2.14147,1.43123,-0.685107,-1.10744,-0.378817,0.432258,0.905069,0.519344,-0.00419356,0.713845,1.62414,1.38248,0.332444,0.347118,0.671467,1.24964,1.81394,1.44095,1.36563,1.58269,1.58653,2.0634,2.60111,3.03353,3.69093,1.94141,0.256248,0.882112,3.96829,7.46291,4.64053,-0.754315,-0.357991,1.42947,1.55302,0.631384,-2.15479,-1.10781,1.02198,0.707989,-0.170088,0.537987,2.3457,4.92155,5.08746,0.0429271,-2.38607,0.364136,1.45893,-0.727047,-2.27182,-2.2476
-0.170513,0.107187,0.324619,0.487827,0.375473,0.320691,0.420907,0.652399,0.998467,1.26595,1.44946,1.17559,1.25258,0.0131429,-0.885372,0.11627,0.704111,0.0839009,-0.822859,-0.0429653,0.527197,0.547586,0.825217,0.647805,1.18976,2.22186,1.95366,1.70637,2.05321,3.04201,2.9097,1.68342,2.15684,2.56452,1.90236,2.9877,3.98061,1.34828,-0.504682,3.21555,7.61428,4.66097,-2.19578,-2.14321,-0.119165,1.19715,-0.0946209,-1.67413,-0.772,1.88567,2.13001,1.44694,1.88752,2.71147,4.55212,4.9658,-0.0164632,-2.82876,-0.518076,1.9161,0.976433,-1.82675,-2.05348
-0.314623,0.331871,0.482211,0.431501,0.365295,0.757838,0.912488,0.744003,0.560138,1.19372,1.33354,1.49705,1.04593,-0.558995,-1.31976,0.359633,0.0465734,-1.05841,-1.10068,-0.445156,-0.345988,-0.70593,-0.842478,-0.63849,0.244676,1.81932,2.66953,2.68684,2.81523,3.34534,3.16608,1.98813,1.87731,2.79423,2.0144,1.74794,3.79851,4.3467,0.833307,1.99459,6.5907,6.64373,0.57413,-1.18325,-0.28544,1.9921,0.75867,-1.33216,-0.553006,1.35744,3.34408,4.13356,4.60491,3.56884,3.00524,2.7491,-0.672848,-2.05086,-0.0224318,2.36615,1.7297,0.31608,0.470851
-0.562429,0.225722,0.638925,0.561727,0.536664,0.981202,1.65766,1.72541,1.31853,1.61746,2.46135,1.98127,0.888649,-0.551355,-0.730696,-0.0207253,-0.852989,-1.44814,-1.03964,-0.597984,0.463436,0.592221,-0.66596,-1.17832,-0.659026,1.11808,2.52399,2.56001,2.50885,2.28356,0.734359,-0.187184,0.233962,1.08822,1.8951,2.14872,3.32373,4.36125,1.72686,0.884932,4.06906,5.86993,6.71257,5.29226,1.35775,-0.1235,-0.817383,-0.865443,-1.26488,1.04242,3.83003,3.7697,2.31027,0.0661588,-0.706417,-1.3886,-1.73337,0.221807,2.11063,2.70457,4.46111,4.74781,2.83975
-0.656277,0.0825389,0.598211,0.719206,0.766744,1.09191,1.67156,1.95887,1.81071,1.90212,2.67643,2.55904,2.05506,1.20489,-0.0845639,-0.563193,-1.28185,-1.71894,-1.38422,-0.657763,0.253809,0.277008,-0.819763,-1.26822,-0.537399,1.01152,1.90405,2.15635,1.17154,0.425021,0.0964588,-0.821505,-1.24173,-0.539427,0.828061,2.0052,3.49288,3.03789,0.100183,-0.805726,2.78916,4.68833,9.03997,10.2861,3.85517,-1.69364,1.79521,2.13952,1.4148,2.46324,4.75718,4.0797,0.263651,-1.82154,-2.1609,-1.98393,-0.650594,1.20155,0.0393698,-0.887368,0.802733,0.572357,-0.969671
-0.645458,0.144973,0.236336,0.534641,0.971946,1.15382,1.51406,1.52603,1.48498,1.30918,1.93331,2.4308,2.24948,2.03747,0.179565,-0.87513,-0.700284,-1.06544,-1.21187,-0.921849,-0.946638,-1.18217,-1.33469,-0.764326,0.342793,1.00069,1.62666,2.09166,1.0109,-0.156181,0.134823,-0.262347,-1.29714,-0.564029,0.847367,1.78394,3.43432,2.93946,-1.35362,-2.56256,0.933707,4.98117,9.68764,10.9125,5.53605,2.75872,6.08192,6.00269,1.45846,0.370117,0.577584,0.0460581,-1.76987,-2.58775,-2.40934,-2.3106,-1.38232,-1.18747,-1.42165,-0.967565,-0.536112,-0.622223,-0.356741
-0.740559,0.145319,0.316603,0.156824,0.691556,1.05457,1.22532,1.23747,1.22305,1.18965,1.29678,1.40892,1.70854,2.27147,1.68526,0.194295,-0.222582,-0.696965,-1.41899,-1.28979,-1.23717,-1.16504,-0.797303,-0.220272,0.603754,1.06116,1.4184,1.82971,2.08783,0.791647,0.21223,-0.213266,-1.20698,-0.102781,0.893786,1.1095,2.75561,3.64503,-0.800459,-2.1774,0.696194,4.21894,8.66918,10.3858,8.09396,8.28463,8.66833,5.11083,-0.990415,-2.74186,-3.78208,-3.83381,-3.33405,-3.00168,-3.00614,-2.71242,-2.15884,-2.01434,-1.71181,-0.895407,-0.258125,0.174969,0.897393
-0.61318,0.00635988,0.693173,0.0846826,0.327223,1.18454,1.17081,0.597194,0.584587,1.33878,2.02219,1.28035,1.16469,1.94,1.27847,0.338991,0.216609,-0.70004,-1.60771,-1.18559,-0.977515,-0.493573,0.500552,1.05071,1.04976,1.09521,1.02888,1.08175,1.56378,0.601138,0.0433551,-0.773973,-0.824848,0.992896,1.36531,0.913155,2.13451,1.3441,-0.275486,-0.196628,1.13506,2.5342,6.60584,9.80735,11.3561,11.0542,8.03865,4.15274,4.52308,3.07435,-0.566078,-2.26271,-2.45861,-2.65444,-2.82034,-2.39647,-2.65009,-1.98473,-1.33452,-0.485837,-0.287582,-0.00832754,1.40175
-0.562395,-0.0890016,0.7419,0.248058,0.0808038,1.19974,1.92713,1.09232,0.0249955,0.872034,1.50059,1.7419,1.88885,1.10327,-0.172056,-0.44144,-0.47091,-1.06271,-1.28423,-1.02979,-0.844957,-0.0651136,1.16281,1.25178,0.587652,1.04641,1.5017,1.59,0.580276,-0.582521,-0.523503,-0.392726,0.519143,2.23325,2.02602,0.398339,0.0558582,-0.404091,-0.886712,-0.0400931,0.392752,0.910477,3.60761,7.35869,11.0869,10.7722,8.75055,5.64873,8.71656,9.63209,3.13312,-1.04793,-2.04465,-2.72686,-3.02881,-2.82559,-2.63337,-1.89623,-1.12668,-0.935682,-0.378529,0.162909,1.35534
-0.390924,-0.333327,0.631264,0.401968,-0.0193367,0.80442,1.75017,1.60008,0.12834,-1.03403,-0.137736,1.25616,1.32129,0.573723,-0.201025,-0.758388,-1.21334,-1.32522,-1.27888,-1.03852,-0.851111,-0.0179009,1.09687,0.695857,-0.20021,0.138931,0.978061,1.91885,0.55587,-0.587008,0.153596,0.609069,0.82434,1.51737,1.72141,0.362594,-0.0716903,0.148967,0.0433106,-0.252506,-0.416718,-0.705688,1.31009,4.74563,9.96195,12.8409,10.2144,6.312,7.81434,8.93466,4.07065,-2.16483,-3.23735,-2.96859,-2.90714,-2.61261,-2.33205,-1.58845,-0.74117,-0.749367,-0.193754,0.249908,1.16534
-0.0505528,-0.0875275,0.441087,0.458882,0.159616,0.853537,1.16901,1.76631,-0.0351382,-1.60276,-1.31102,-0.853778,-0.949629,-0.278065,0.708429,0.453349,-0.462781,-0.144139,-0.294938,-0.928145,-0.818576,0.0675869,1.33418,1.26029,-0.338324,-1.28035,-0.904935,0.566799,1.04382,0.210128,0.444588,0.352199,0.540296,1.12887,1.36901,1.31071,0.574088,-0.634841,0.866736,2.21538,0.551047,-0.561092,0.447993,4.62367,10.6153,13.1468,8.60798,1.73295,2.73241,1.90022,-1.35764,-3.05092,-2.45593,-2.41241,-1.59469,-1.42075,-1.70569,-1.13634,-0.466815,-0.207824,0.0128993,0.742378,1.13787
-0.0790185,0.475668,0.34152,0.416143,0.798416,1.16622,1.46482,2.11985,1.23767,-0.626544,-1.26682,-0.97246,-1.08368,-0.857333,0.347265,0.829163,0.287025,0.638038,0.00367297,-1.17186,-1.16645,0.0671709,1.71905,2.10808,1.46732,-0.410711,-1.68392,-0.43541,1.15857,1.24529,0.549855,-0.654145,-0.541218,0.730739,0.725178,0.448233,0.173127,-0.814502,0.241475,3.39743,3.37929,-0.805703,-1.2852,5.20428,10.2075,12.7107,7.15678,-0.34303,-3.93911,-3.56062,-2.50551,-1.35078,-1.59799,-1.76064,-0.915426,-0.467707,-0.628084,-0.351106,0.165117,0.30693,0.439585,1.08526,1.26562
-0.320207,0.70222,0.417086,0.101907,0.886279,1.52801,1.89645,1.93659,2.2339,1.83909,0.77798,0.195372,-0.746724,-1.12967,-0.27247,0.674637,0.308595,-0.280704,-0.984254,-1.31142,-0.727236,0.127033,1.35936,2.25486,1.83992,-0.584101,-1.71993,-0.366259,0.786386,0.79612,0.938217,0.711676,0.42696,0.845259,0.634452,0.654654,0.922315,-0.574011,-0.849927,2.52461,3.36135,1.30249,-0.203473,3.45633,9.83936,11.297,11.4814,2.72419,-3.66322,-2.52186,-1.0275,-0.296653,-1.04028,-0.965376,0.333681,0.712932,0.613434,0.706681,0.826329,0.660948,0.667178,1.19516,1.46876
-0.142073,0.104284,0.604717,0.367053,0.765893,1.48344,1.82619,1.80125,1.80538,1.9116,2.00281,1.11207,0.101325,-0.167454,0.107087,0.201552,-0.221406,-0.408191,-0.842854,-1.2258,-0.783139,-0.0757643,0.610932,1.17396,0.917254,-0.861753,-1.3763,-0.293001,0.687859,1.16,2.00124,1.71878,0.731066,0.415155,0.5617,0.985861,1.24006,-0.960422,-0.436282,2.26139,2.71108,2.65607,3.19272,4.33909,7.1516,11.6536,12.4228,4.67957,-2.06643,-1.11807,-1.02197,-0.80404,-0.639859,0.420545,1.58144,1.86328,1.79026,1.62151,1.08901,0.797101,0.836853,1.28714,1.64379
0.151428,-0.449185,0.209848,0.536778,0.798457,1.30056,1.84233,2.5192,2.17082,1.77971,1.7471,0.426237,-0.0786454,0.857908,0.136968,-0.835481,-0.237794,0.52164,0.444677,-0.329065,-0.477184,0.237011,0.161404,0.205927,0.839217,0.497613,-0.0939952,-0.342413,-0.144367,0.992043,1.48572,0.87958,0.427812,0.780108,1.41098,1.90742,0.934373,-0.0927779,0.565542,0.867196,-0.033598,1.75119,5.12062,4.39266,5.99121,12.089,11.5523,6.83033,1.81807,0.957466,-0.488157,-0.779101,-0.477452,0.480748,1.57035,2.44994,2.4997,1.94231,1.09498,0.886227,1.06238,1.45423,1.7298
0.877395,-0.835202,-0.184827,0.719489,0.886165,1.13541,1.81055,2.66211,2.48825,2.27514,1.52861,-0.26653,0.291276,1.26973,-0.0789244,0.0176526,1.50403,1.51486,1.41622,1.02981,0.333206,0.528834,0.0788602,-0.038749,0.648207,1.34906,0.987327,-0.843778,-0.989976,0.730047,0.866005,-0.160804,-0.122584,0.596269,2.45415,3.22203,1.73641,1.02112,0.583191,-0.70334,-0.342705,1.72817,2.58334,2.66431,6.15518,11.833,9.99444,7.35446,7.01454,5.46569,0.256862,-1.33951,-0.304876,0.73109,1.65009,2.36733,2.26487,1.60647,0.91729,1.00642,1.24773,1.43184,1.61492
-0.731167,-1.61545,-0.822618,0.474457,0.975024,0.912563,1.37692,1.91034,2.02,2.21152,1.96932,1.45627,1.79641,1.54362,0.540191,0.622619,1.50438,1.78779,1.54465,1.3127,1.28857,0.709149,-0.27777,-0.163536,-0.327624,0.297411,0.0354329,-1.41474,0.193201,0.780002,0.062502,-0.319381,-0.511186,-0.401227,2.24991,4.57043,3.03582,2.02414,0.0777679,-2.08111,-1.13546,0.541582,1.1427,1.56909,5.71472,9.99755,10.6101,9.08074,9.95925,5.46349,-1.89674,-2.50307,-0.138627,1.13759,1.26192,1.77832,1.33944,0.89439,0.58898,1.02569,1.05901,1.01395,1.18406
-2.38234,-1.87813,-1.06048,0.544635,1.1406,0.747078,0.84379,1.11077,1.23789,1.53834,2.18509,1.90776,2.00788,1.48789,-0.270206,-0.232249,0.216086,0.82436,1.28026,1.22244,0.686144,0.635167,0.857559,-0.428126,-0.624965,-0.778013,-1.61975,-1.10485,0.0474497,0.138357,0.798139,0.0983298,-0.977549,0.842356,3.3979,4.27142,4.14219,1.94008,-1.92151,-3.6376,-0.917199,0.0410143,0.409244,1.95181,5.39528,9.65345,11.3455,11.484,10.8542,3.24986,-2.08187,-2.02921,-0.422838,1.23526,1.36233,1.22702,0.721463,0.215924,0.331676,0.614693,0.376189,0.406017,0.536539
-1.91419,-1.24044,-0.726813,0.54327,1.02016,0.652852,0.719463,0.540736,0.352303,1.24755,2.30672,1.80426,1.99002,1.79852,1.42389,1.52225,-0.603639,-0.460469,0.900159,0.0372418,-0.612069,0.460714,1.43505,0.0255634,-1.2073,-1.49041,-1.59023,-0.176574,0.299623,0.0247731,0.89623,0.55853,-0.593361,3.40273,5.45038,5.41485,3.70518,0.572618,-3.65446,-3.40361,-0.214087,0.531011,0.223666,2.47273,6.13963,10.1213,11.1689,11.0054,6.96859,2.67982,-1.11227,-1.52508,-0.295781,0.810951,0.911539,0.406172,-0.0885067,-0.458171,-0.373687,-0.126388,-0.319749,-0.202901,0.33595
-1.22241,-1.03773,-0.881674,0.393942,0.971006,0.861955,0.730161,-0.356279,-0.779898,0.717621,1.65008,0.890896,0.68875,1.20143,1.73882,2.0244,0.601805,-0.386154,-0.25477,-1.29067,-0.84773,1.21207,1.13954,-1.0286,-2.14105,-1.91051,-0.859204,0.274254,-0.0449259,-1.57383,-1.55762,-0.968564,-0.0206688,4.59048,7.32183,5.39588,3.0955,-1.18625,-4.23285,-2.21477,-0.840475,-0.701955,1.17731,4.53629,6.07332,7.98869,11.0126,9.90123,1.23307,-3.5919,-1.9723,-0.722213,-0.156173,-0.190403,-0.0198218,-0.191826,-0.465475,-1.01142,-1.1528,-0.611398,-0.527097,-0.439043,-0.113218
-1.85214,-1.492,-0.661789,0.533326,1.2029,1.28952,1.70335,1.04817,-0.757205,-1.31997,-1.3585,-1.83172,-1.11507,-0.0157032,0.177055,1.08087,1.45647,0.0362529,-1.22836,-1.10501,0.0178257,1.2656,-0.0584027,-2.23658,-1.97624,-0.853348,-0.220094,-0.438291,-0.607499,-0.517959,-0.536504,-0.762888,-0.254642,5.25084,8.3712,4.90217,-0.596515,-1.45753,-2.44209,-2.36332,-2.19494,-1.55639,1.0871,4.68764,6.32854,8.58881,10.9069,9.52514,-0.575718,-4.79165,-2.71115,-2.16374,-1.52574,-0.981365,-0.766411,-0.737403,-1.00858,-1.7967,-1.70351,-0.618246,-0.392226,-0.876704,-1.05376
-1.67681,-0.690289,0.338993,0.618489,1.27556,1.55718,2.31589,2.8308,1.58147,-1.67398,-3.38421,-2.9926,-1.92889,-0.524892,-0.182685,0.226388,1.76954,0.58837,-1.02067,-0.916835,0.248658,0.981774,-0.0397386,-1.38491,-0.79465,1.47939,1.64331,0.0727821,-0.496105,-0.105975,0.396085,0.00192783,-0.573324,4.28896,8.6576,5.46626,-0.626864,-0.45369,0.30847,-1.81635,-1.43465,-0.792393,-0.316405,2.96903,7.60491,10.3731,12.0418,9.92028,2.42289,-1.88997,-3.10764,-2.98911,-2.53306,-1.91746,-1.20987,-1.09864,-1.69435,-1.98445,-1.21374,-0.825643,-1.10865,-1.9022,-2.06409
-0.692698,0.295176,0.618266,0.19743,0.751806,1.6739,2.40542,3.02465,3.37653,1.33371,-2.329,-3.35195,-2.07236,-0.598802,0.160875,0.464931,2.43672,1.97191,-0.228389,-0.737734,-0.223816,-0.753987,-1.28024,-1.5642,-0.727516,1.44063,1.6617,1.0828,0.272383,-0.0884471,0.598893,0.152061,-1.24911,3.10018,8.66955,7.53986,2.9087,2.04428,1.53978,-0.728423,-0.362345,1.1837,0.242049,1.84027,4.92936,10.4738,12.4402,9.00038,1.24923,-1.61057,-3.41019,-2.98486,-3.69414,-2.4119,-1.79673,-1.68671,-1.86348,-1.05196,-0.84244,-1.78987,-2.35041,-2.80542,-2.97108
0.260292,0.65885,0.184397,-0.354206,0.296031,1.34676,1.9287,2.54527,2.7591,3.17021,1.38929,-0.890405,-1.30594,-0.417878,0.305819,1.01132,2.95556,2.65349,-0.522575,-0.999764,-0.75489,-1.97096,-2.51375,-1.82095,-0.984156,0.244772,0.450008,0.476862,0.729349,-0.866088,-1.86915,-2.02502,-2.72161,1.61681,7.74178,9.17996,7.06833,2.33837,-1.55922,-1.53928,2.07797,3.12423,1.59189,1.05343,3.78765,9.65446,12.6709,3.88327,-4.15476,-3.75768,-3.13979,-2.83929,-3.51031,-3.10163,-2.19604,-2.22521,-1.03377,-0.519043,-1.17449,-2.42285,-2.99029,-3.37572,-3.25611
0.472797,0.305534,-0.508368,-0.667224,-0.0194165,0.867412,1.43961,1.73618,1.80002,2.31827,3.07935,1.59612,0.546385,0.987048,0.62434,1.06245,3.06943,1.80674,-1.21419,-0.855758,-0.639059,-2.39999,-2.91444,-2.0175,-1.06847,-0.726165,-0.162063,0.382896,0.100664,-1.66114,-2.16686,-1.23562,-0.48642,2.94119,7.45165,8.61445,5.67832,-0.804849,-2.83123,-1.6284,2.38622,5.61216,3.57038,1.90796,3.87336,8.72509,12.1421,4.4378,-3.70937,-2.94998,-2.23012,-2.48962,-2.78389,-2.12235,-2.06043,-1.99315,-1.18882,-0.861608,-0.79209,-2.24678,-2.74145,-3.5737,-3.60568
0.42533,-0.34063,-0.779396,-0.857332,-0.711089,0.0375934,0.732014,0.95842,1.12612,1.48129,2.35404,1.36587,0.0456034,0.859406,1.85259,2.34895,3.14759,1.79311,-0.586896,-0.0515115,0.824939,-0.472794,-1.58491,-1.55073,-1.1687,0.0583553,0.6797,-0.00869055,-0.587511,-1.50497,-0.508546,2.13724,3.77822,4.59577,4.58959,4.53748,4.2087,4.6284,2.05893,0.338436,2.76602,5.96206,3.38095,1.69135,3.54375,7.57747,11.0561,5.27156,-0.97428,-1.6733,-1.88934,-2.4916,-2.01678,-1.31594,-1.82461,-2.06048,-1.52283,-1.19537,-0.807783,-1.38353,-2.48435,-3.52855,-3.64637
