public/uploads/wind/vent_json/20200513/wind_field_18.json
{"header": {"parameterUnit": "m.s-1", "parameterNumber": 2, "dx": 0.051, "dy": 0.036, "parameterNumberName": "eastward_wind", "la1": 45.3082, "parameterCategory": 2,"nx": 177, "ny": 123, "refTime": "2018-09-30 00:00:00", "lo1":1.38177}, "data":
[rows 29 to 57 of 123, columns 64 to 127 of 177]
4.11502,3.44017,3.63983,4.41608,4.89725,4.91903,4.26853,3.62017,3.25081,3.37895,4.17523,3.70319,2.48604,2.26286,2.44216,2.30451,2.13523,2.06024,1.7885,1.46981,1.32139,1.06008,1.38424,2.80507,3.44852,3.31564,3.69398,3.57699,2.87225,2.44165,2.67035,2.94119,3.44914,4.90043,4.99138,4.24618,4.94468,4.88014,4.21681,5.07821,5.22721,4.69779,5.64855,5.48645,4.90999,5.65008,6.00833,5.97916,6.05285,6.22887,6.43907,6.5833,6.6478,6.70788,6.67023,6.72999,6.77834,6.7187,6.61326,6.70486,6.79458,6.27399,6.37803,6.39984
4.84291,4.64762,4.57041,4.56685,3.88722,3.44632,3.074,2.89112,3.35722,3.74053,3.67936,3.05302,2.17194,1.78744,1.86551,1.81375,1.26599,0.63168,0.704657,0.947316,1.26102,1.53288,1.41633,1.46953,2.13045,3.46015,3.86573,3.15439,2.5804,2.51111,2.60728,3.23558,4.78144,5.09924,4.53515,5.16592,5.0004,4.20734,4.94617,5.08806,4.68318,5.65595,5.74024,5.12356,5.95596,5.79114,5.24218,5.96225,6.41801,6.46616,6.53677,6.69686,6.74404,6.7405,6.60594,6.84877,7.08361,6.51928,6.73321,7.09787,6.94499,6.69091,6.33723,6.61713
5.04184,3.88208,3.04989,3.49992,4.56531,4.09062,2.70608,2.97773,4.22818,3.80461,3.31031,4.29465,3.91147,2.41987,1.54396,0.889091,1.27981,2.58409,2.61971,1.87371,1.19663,1.50255,2.91997,3.56309,3.7611,3.6886,3.05191,2.534,2.37082,2.33224,2.94282,4.50478,4.98318,4.6004,5.26286,5.07922,4.20425,4.8396,4.84,4.35229,5.37609,5.6006,5.06139,5.92648,5.74088,5.09896,5.8223,6.28054,6.31464,6.41183,6.64216,6.8002,6.85075,6.7306,6.70142,6.6993,6.7622,6.72692,6.42105,6.83825,7.17589,7.09187,6.92332,6.60228
4.48361,4.46842,4.21136,4.39298,4.02174,2.64871,2.25222,2.53777,2.67691,2.60673,2.59993,3.12951,3.45342,2.74779,1.90014,0.967242,0.66328,1.69653,2.28166,1.99578,2.23523,3.30202,3.5973,3.20046,3.03548,3.16151,3.87807,3.75826,2.74271,2.24841,2.6262,3.158,3.66109,4.9757,5.10962,4.30251,4.93426,4.78722,4.23259,5.33213,5.50856,5.31155,6.07183,6.06351,5.0883,5.03799,5.94233,6.34752,6.41065,6.55867,6.81962,6.83768,6.96687,6.37716,5.73357,6.38476,6.62591,6.74789,7.16613,7.0008,6.98444,7.27987,7.28854,7.10619
4.69471,4.43801,3.33491,3.3668,4.28388,3.86901,2.55069,2.78791,4.17378,4.12486,2.90635,2.25033,2.16989,1.8914,1.41474,1.41203,1.15004,1.40744,2.86082,3.32655,2.85664,2.80613,2.94721,2.63155,2.64405,3.80187,4.08951,3.58928,3.91715,3.87628,3.01031,3.2184,4.7307,4.9523,4.56288,4.29584,4.22945,5.0904,5.43448,5.78485,5.55945,4.97115,5.96073,5.85447,5.19296,5.80308,6.18555,6.23945,6.32925,6.46965,6.56916,6.75886,6.60896,6.83255,7.0885,6.50727,6.56975,6.73793,7.00834,7.25493,6.88643,7.06051,6.9677,7.15626
4.74333,4.52771,4.30378,4.40373,4.38622,3.76759,3.03514,2.61508,3.07947,3.5381,3.07148,2.05281,1.2222,1.01916,0.986509,1.23801,1.68076,1.84226,1.92023,2.55153,3.66305,3.8386,2.96585,2.86041,3.91437,4.18563,3.81132,4.18232,4.22769,3.4679,3.22649,3.23994,3.65623,4.95432,4.85057,4.31022,5.13429,5.24206,4.4034,4.53692,5.90532,5.86091,5.25872,5.84454,6.148,6.14044,6.17086,6.2766,6.42427,6.61989,6.60493,6.75589,6.82021,6.1904,6.62039,6.95048,6.54658,6.71655,6.65359,6.88386,7.43562,7.3809,7.44948,7.5078
4.56576,4.33517,3.47346,3.15497,3.25331,3.17778,3.14845,2.81084,2.12573,2.08966,2.37732,1.86669,0.98075,0.771975,1.03602,1.17603,1.6997,2.22391,2.76658,3.80861,4.01076,3.2864,2.54379,2.20409,2.67124,3.0509,2.97312,2.96155,3.01068,2.97332,3.51161,4.72093,4.3972,3.76034,4.81577,4.82253,4.3213,5.35447,5.5302,5.0952,6.11487,6.04324,5.38032,5.9677,6.32056,6.33508,6.32801,6.57157,6.78445,6.93541,7.06066,6.3674,6.68581,6.96667,6.57079,6.71052,6.93986,6.61517,6.09169,6.54557,7.00742,7.31431,7.74389,7.43984
4.13981,3.62474,4.18231,3.90908,2.94436,2.71623,2.65814,3.12278,4.31291,3.91535,2.31753,1.5112,1.06549,0.91945,1.1961,1.41139,1.74222,2.39762,2.99474,2.80855,2.79527,3.74748,3.8577,2.89322,2.60558,2.63983,3.07587,4.20573,4.27772,3.33271,3.4558,4.87948,5.34435,4.21026,3.8943,5.08961,5.0668,4.58288,5.67696,5.74134,5.16092,6.10664,5.973,5.39731,6.10265,6.46978,6.49416,6.57002,6.79433,6.77764,6.87941,6.96895,6.35262,6.54766,6.88708,6.69315,6.73763,6.74139,6.84573,6.81582,7.22069,7.69407,7.79872,7.53676
3.25404,4.11961,4.30364,3.67199,2.87512,2.47035,2.4043,2.2911,2.71953,2.65957,1.65081,1.17137,1.31644,1.33299,1.39065,1.81462,2.06615,2.50989,2.65809,2.99461,4.4176,4.85271,3.85999,3.12459,2.88806,3.23992,4.40825,4.47691,3.74506,3.90881,3.52144,2.17548,2.52596,4.42825,5.15891,5.69535,5.46467,4.92637,5.70779,6.24373,6.22907,6.19944,6.25384,6.34097,6.41399,6.43997,6.57047,6.67972,6.84067,6.88819,6.28435,6.13965,6.60388,6.63464,6.91965,7.00661,6.67861,6.80291,6.84496,7.0772,7.29622,7.56688,7.99373,7.65588
2.48964,2.81818,3.23838,3.08102,2.56339,2.22176,2.11071,1.59029,1.1349,1.08919,1.04643,1.03717,1.14035,1.47774,1.56832,1.62457,2.14204,2.73053,3.34924,3.72399,3.47144,3.57967,4.60915,4.62172,3.5293,3.11117,3.6624,3.68328,3.18899,3.61273,4.27763,4.72933,4.05156,3.55334,4.97642,5.31088,4.9386,5.63774,5.95376,6.22783,5.87334,5.27577,6.21758,6.11801,5.68168,6.38494,6.74084,6.75893,6.66986,6.48839,6.31545,6.3319,6.44858,6.69345,6.65203,7.00936,7.32291,6.6814,6.99642,7.66251,7.6698,7.83463,7.95117,7.69903
2.33008,2.24954,2.44145,2.38224,2.0414,1.7892,1.52907,0.913144,0.517655,0.616257,1.05992,1.42797,1.32204,1.13894,1.84814,3.20355,3.66498,3.29202,3.27819,3.37041,3.74105,4.81177,4.89014,4.1332,4.24798,4.32732,3.43918,3.52816,4.64276,4.75187,4.93735,4.91032,4.43076,5.25724,5.29487,4.9105,5.5848,6.04404,6.18665,6.30148,6.34824,6.35405,6.33969,6.38653,6.52334,6.65107,6.74038,6.59901,6.64801,6.04057,5.53313,6.30974,6.6862,6.81104,6.83685,7.00362,6.91893,6.80046,7.15433,7.6605,7.74807,7.898,7.13999,6.31435
2.24697,2.13428,1.89187,1.6654,1.33523,1.14382,0.877673,0.414984,0.525458,0.814916,1.09308,1.52912,1.78638,1.45131,1.45645,2.26351,2.66511,2.84025,2.99425,3.65873,4.93781,4.86475,3.68734,3.19365,3.16328,3.71352,4.9977,4.81122,4.11898,5.02682,5.194,4.62398,5.32515,5.30479,4.87663,5.54862,5.88708,5.99992,6.08658,6.5704,6.15564,5.42419,6.0266,6.47384,6.60798,6.64263,6.71803,6.54329,6.6436,6.98782,5.80985,5.2595,6.25516,6.77556,6.9008,6.85067,7.05297,7.51534,7.27604,6.97055,7.43685,7.79516,7.65919,6.87883
1.8845,1.59298,1.06138,0.844288,0.567543,0.568236,0.544426,0.188876,0.441739,0.780365,0.965774,1.29672,1.83479,2.06581,1.69293,2.19238,3.83453,4.31422,3.83889,3.7806,4.05568,4.59411,4.30465,3.34153,3.08806,3.08588,3.11046,2.79906,2.28371,2.25279,3.19379,4.68302,5.32874,5.76465,5.24199,4.66897,5.61578,6.13639,6.56584,6.11384,5.39258,5.95492,6.37574,6.5326,6.59574,6.65968,6.7351,6.73586,6.96501,6.66089,6.15027,6.30956,6.65095,6.91937,6.91496,6.88994,7.23846,7.38197,7.11951,7.26226,7.2407,7.40362,7.43691,6.59021
1.1382,0.633294,0.202089,0.251597,0.115997,0.249403,0.542036,0.313107,0.426996,0.765403,1.00843,1.42121,2.10239,2.48229,2.05736,1.91059,2.65825,3.79839,4.93071,4.86462,4.09981,3.7213,3.64203,3.27272,3.38304,4.81619,4.84154,3.86867,4.61785,4.33786,3.61155,4.63683,5.50294,5.77164,5.8566,5.93947,6.12647,6.51973,6.67212,6.8242,6.43845,5.85382,6.21688,6.4472,6.54696,6.54142,6.7945,6.1503,5.20446,6.03089,6.3226,6.26271,6.83576,6.85001,6.92327,6.98795,7.08551,7.30064,6.86496,6.96012,7.28087,6.74567,6.6748,6.92976
0.30312,-0.129438,-0.196656,0.00824012,-0.0246253,0.166702,0.548461,0.569939,0.708939,1.07049,1.45129,1.91959,2.47502,2.65653,2.46077,1.99735,2.68298,4.71025,5.22049,4.31273,3.7753,3.38789,2.58961,2.78929,4.59034,5.10212,4.61519,5.21825,5.17181,4.533,5.21502,5.08681,4.72853,5.59687,6.09621,6.25693,6.46799,6.84417,6.88254,6.77228,6.67715,5.46821,5.08286,6.11322,6.61464,6.72894,6.44836,6.41293,6.2723,6.01743,6.57534,6.86026,6.81189,6.67059,6.87021,7.06567,7.31869,7.25827,6.71382,6.66474,6.72218,6.82473,6.77687,6.96039
-0.168004,-0.381333,-0.177123,0.00501786,-0.0678995,0.171209,0.788633,1.20624,1.37308,1.56562,1.92973,2.37361,2.69049,2.58493,2.41273,2.13546,2.12869,3.08575,3.56739,3.36849,2.37579,2.49822,4.26633,5.09524,5.36923,5.37207,5.38056,5.11387,4.75524,5.39257,5.85399,5.68956,5.86021,5.86532,6.32326,6.73318,6.32897,7.01038,6.52053,5.41138,5.80231,6.12286,6.21695,6.35926,6.67609,6.53307,6.65342,6.775,6.29822,6.57142,6.77169,6.81752,6.62654,6.6993,7.18963,6.66334,6.14764,6.77628,7.01741,6.65079,6.77506,6.89332,6.95236,6.87014
-0.234689,-0.331529,-0.0482484,0.102972,0.0779178,0.164173,0.437206,1.09941,1.72542,1.99589,2.23005,2.53342,2.75513,2.66579,2.48119,2.38264,2.05017,2.05056,1.84755,2.08737,3.81791,4.06531,3.94387,5.01441,5.38591,5.2507,5.49796,5.74359,5.70649,5.76549,5.80894,5.90907,6.00651,6.39232,6.93996,7.14132,7.17748,6.55056,6.69447,6.47008,5.80101,5.93715,6.24125,6.48358,6.51459,6.49582,6.2058,6.55163,7.08638,6.79074,7.01898,6.61225,6.14494,6.82184,6.68256,6.26328,6.65058,6.51172,6.72875,7.08234,6.86154,6.98561,6.84002,6.89116
-0.283263,-0.41294,-0.182816,0.0142899,-0.109078,0.777387,2.48865,2.65546,1.92721,1.93451,2.3393,2.74999,2.9289,2.81234,2.45593,2.11822,1.66803,1.31592,1.25309,1.34649,1.68856,2.95277,4.55505,5.37841,5.65558,5.79697,5.95445,6.0306,5.99693,5.90006,5.89462,5.89489,6.25608,6.87086,6.96407,7.25155,7.32999,5.96945,5.20887,5.71883,5.98673,6.10972,6.31755,6.40831,6.36443,6.27456,6.33853,6.527,6.79622,6.93778,6.72402,6.74819,6.65448,6.60487,6.95731,6.68021,6.76047,6.79487,6.56906,6.91094,6.93649,7.01878,7.12948,6.60035
-0.679141,-0.886725,-0.647561,-0.2063,-0.15509,0.344277,1.64627,2.33805,2.19982,2.20399,2.52887,2.69038,2.41014,1.90714,1.3708,1.10265,0.89581,0.936207,1.04932,1.93588,3.81392,4.41523,4.77958,5.57936,5.93713,6.07324,6.14289,6.0729,5.84004,5.77761,5.88561,6.01825,6.17552,6.71236,7.25435,7.40663,7.13766,6.18607,5.74967,5.92688,5.9529,6.12019,6.06809,5.98525,6.04568,6.32379,6.66195,7.0931,7.51195,6.51059,6.10233,6.5458,6.58522,6.59806,6.8227,6.71718,6.48636,6.61547,6.84016,6.93233,6.70921,6.75882,6.15322,5.4827
-0.601873,-0.772811,-0.611867,-0.0695502,0.256474,0.502924,1.19805,2.01516,2.28636,2.04599,1.80765,1.56777,1.08981,0.769676,0.6226,0.762891,1.05256,1.46623,1.72472,2.25088,4.21833,5.01971,5.01206,5.78211,6.13737,6.26514,5.91219,6.07369,6.20003,5.53134,5.87562,6.54406,6.65736,7.13447,7.17924,6.4875,6.62015,6.72983,5.34669,4.75247,5.61451,5.96873,5.79576,5.81759,6.10019,6.52131,6.91776,7.00074,6.91675,6.71448,6.61337,6.58069,6.67117,6.83685,6.62921,6.74176,6.38942,6.15576,6.74211,6.80206,6.91259,6.32395,5.43198,5.99542
-0.00493687,-0.124222,-0.143996,0.241765,0.723041,0.813267,0.980599,1.2786,1.07007,0.684872,0.481069,0.394304,0.502253,0.654475,0.835401,1.0127,1.38885,1.74432,2.54426,4.23296,4.65171,4.65491,5.66958,6.21248,6.50057,6.81165,6.26358,5.37984,5.58853,5.45292,5.18426,6.27382,7.08925,7.25565,6.99159,6.13876,6.14158,6.00452,6.03974,5.53655,4.993,5.71804,6.0527,6.07093,6.2703,6.70333,6.92691,7.03945,6.95234,6.69539,6.92413,6.48675,6.19298,6.72221,6.75627,6.64442,6.90495,6.25908,5.74708,6.44361,6.56148,6.48359,5.63805,4.88957
-0.252165,-0.402436,-0.498605,-0.309956,-0.0538309,-0.110357,-0.202234,-0.107962,0.00171407,0.178829,0.409971,0.71296,1.01248,1.23038,1.33512,1.58436,1.89516,2.56769,4.14199,4.69362,4.70407,5.63099,6.10471,6.5544,6.82499,6.70793,6.20272,5.36217,5.51317,5.82971,6.22405,6.85796,7.15062,7.07049,6.34483,6.40632,6.06855,4.43047,3.27693,2.99344,3.29557,3.34961,3.98703,5.78882,6.7296,6.92807,6.47556,6.00662,6.72129,6.99377,6.77807,7.00972,6.42131,5.82945,6.48003,6.70848,6.42719,6.14435,6.29637,6.78384,6.80871,6.41558,5.8846,6.07018
-1.24982,-1.28434,-1.27465,-1.20231,-0.986872,-0.665637,-0.57579,-0.514376,-0.283001,0.0677889,0.513489,0.665385,0.78151,0.940817,1.3239,1.70463,2.34112,3.91724,4.48345,4.64326,5.65973,6.22547,6.56762,6.94592,6.64837,6.55851,6.21863,5.56698,5.71029,5.97022,6.4256,7.16972,7.07166,6.33343,6.73275,7.02379,6.28368,5.99213,5.87875,5.73333,5.91081,6.17786,6.32751,6.37677,6.47098,6.54179,6.59839,6.71247,6.52816,6.70096,6.35466,5.77282,6.36563,6.35156,6.04711,6.40157,6.92112,7.38095,7.18994,6.44132,6.5326,6.02242,5.21641,6.1537
-1.75656,-1.69957,-1.54512,-1.34971,-1.08583,-0.805759,-0.563221,-0.361114,-0.132202,0.315144,0.719662,0.804029,0.719805,1.01023,1.35419,2.18009,3.81965,4.23763,4.43771,5.57754,6.2082,6.57536,6.89635,6.76364,6.69467,6.49532,5.42985,5.03259,5.88743,6.19473,6.57359,7.22217,7.20236,7.29162,7.17638,6.36505,6.35161,5.70825,4.84761,5.6404,6.20552,6.52142,5.94426,5.41923,6.22188,6.51113,6.72609,5.70541,4.68021,5.9653,6.64987,6.42782,5.49173,4.89051,6.35469,7.22539,7.34279,7.32068,6.62679,6.50234,6.52615,6.56111,5.93957,5.31843
-1.70773,-1.58,-1.38501,-1.11814,-0.864077,-0.758295,-0.539501,-0.1812,0.211812,0.659013,1.05507,1.14055,1.24936,1.57004,2.08521,2.21853,3.09043,4.5922,5.3377,6.01459,6.06529,6.28083,6.70173,6.71948,6.77482,6.74617,6.53758,5.27585,4.81895,6.0635,6.57238,6.96091,7.10475,6.24813,6.64927,6.93783,5.96914,5.94485,5.50263,4.36513,3.77539,4.23087,5.74489,6.22901,6.50436,6.03185,5.40479,6.34634,6.76826,6.52287,6.34659,6.22791,6.05638,5.82522,6.29416,6.8167,6.76056,7.05917,6.83936,6.89943,6.42106,5.58751,6.20781,6.69191
-1.2788,-1.17513,-0.925705,-0.404637,-0.698591,-0.898662,-0.101244,0.196168,0.293518,0.694402,1.04844,1.3838,1.57556,1.75656,1.94462,2.76529,4.1728,5.14256,5.70872,5.85107,6.15727,6.57356,6.634,6.76725,6.96128,6.77734,6.11959,6.42605,6.67319,6.2168,6.80626,7.15209,6.36678,6.4784,6.29171,6.35491,6.22975,5.53447,5.92644,6.48851,5.23953,4.05656,5.1203,6.15685,6.40729,6.52969,6.76281,7.04183,5.93059,4.52468,4.86607,6.02326,6.32846,6.73375,7.00983,6.89635,7.26039,7.19736,6.86119,6.90025,6.77645,6.28347,6.30355,6.83564
-1.02558,-0.962559,-0.508183,0.0718205,-0.304227,-0.45747,0.334185,0.838526,0.758486,0.80594,1.13926,1.2909,2.08102,3.22746,3.79588,4.2341,4.69811,5.19529,5.55509,6.00821,6.47216,6.37203,6.5505,6.75183,7.03105,6.87773,6.23579,6.42774,6.59259,6.86542,7.38924,7.37833,7.21406,7.24118,6.92132,6.14991,6.37814,6.67146,6.07488,6.52699,6.84452,6.27618,6.02859,5.9403,6.03,6.1743,6.46161,6.10106,5.42229,5.89428,5.9356,5.91805,6.73143,7.25711,7.10557,6.77534,7.16277,7.27973,7.13623,7.08026,6.6232,6.26077,6.4981,5.49928
-0.709293,-0.451636,-0.206894,0.17032,0.0617835,0.159623,0.716615,1.23245,1.46113,1.32534,1.39336,1.65057,1.90747,2.6813,3.04455,3.64147,4.8189,5.29117,5.56259,5.93179,6.0672,6.36157,6.49596,6.85438,6.81089,6.52808,6.79513,7.12586,6.84756,6.56589,3.45188,3.49912,4.77591,5.4421,6.04002,6.0827,6.32893,5.87141,5.29922,6.11637,6.47611,6.67001,5.7346,3.61931,3.6877,5.90494,6.54655,5.90616,5.60142,5.47176,6.28401,6.38921,6.30781,7.37502,7.51683,7.8247,7.99455,7.33726,7.60764,7.75094,6.34656,5.54872,4.60918,3.22303
-0.528653,0.086821,0.0845028,0.265387,0.297373,0.293058,1.00914,1.533,1.7245,1.87268,1.7903,2.29119,3.32007,3.77874,4.2452,4.06035,3.97617,5.13504,5.9242,5.93159,5.98392,6.04867,6.33494,6.52256,6.90791,7.02542,6.82822,7.50028,8.17397,7.58029,6.04848,5.80703,6.59284,6.69719,6.30062,6.22856,6.07481,6.05337,5.70517,5.75283,5.5554,3.8671,2.54432,3.49633,5.86431,6.68253,5.76351,5.38237,6.04686,6.34044,6.52633,6.88721,7.39389,7.79626,7.95192,7.9115,8.0779,8.01688,7.34915,6.98708,6.53882,6.44002,5.26446,3.37682
