public/uploads/wind/vent_json/20200513/wind_field_10.json
{"header": {"parameterUnit": "m.s-1", "parameterNumber": 2, "dx": 0.051, "dy": 0.036, "parameterNumberName": "eastward_wind", "la1": 45.3082, "parameterCategory": 2,"nx": 177, "ny": 123, "refTime": "2018-09-30 00:00:00", "lo1":1.38177}, "data":
[rows 56 to 83 of 123, columns 0 to 62 of 177]
0.149557,-0.0880101,0.233166,0.566342,1.14563,0.746894,0.0655884,-0.232719,-0.642223,-2.07216,-2.75179,-1.74137,-0.614522,-0.178485,-1.05147,-2.08551,-2.08042,-1.84969,-1.25012,-1.22762,-1.39496,-1.6015,-2.17581,-1.82618,-1.31075,-1.95339,-2.73685,-2.9289,-2.4692,-2.13898,-0.569119,0.0896564,-0.510962,-1.14538,-2.29573,-3.31319,-3.60353,-3.23256,-2.81976,-2.13461,-1.51391,-1.40874,-1.65098,-2.51462,-2.97348,-2.69439,-2.62306,-2.56674,-2.40205,-2.45038,-2.40625,-2.18556,-1.89827,-1.84835,-2.48325,-2.73946,-2.02458,-1.68765,-2.29861,-1.96281,-1.23024,-1.3457,-0.997377
1.40695,0.913293,-0.134943,0.228415,0.0287095,-1.00434,-1.46175,-1.34283,-1.17084,-2.40674,-2.581,-1.3148,-0.4741,0.431127,-0.257223,-1.69787,-2.15426,-1.56721,-1.30986,-1.39072,-1.91693,-2.21377,-2.42592,-2.70504,-2.59662,-2.60645,-2.84474,-2.52868,-1.64581,-1.9888,-1.62827,-1.09937,-1.02384,-1.23438,-2.1329,-2.4181,-1.69019,-2.28678,-3.51962,-3.05371,-1.58516,-1.65158,-3.12111,-3.72218,-3.52459,-3.29683,-2.71005,-2.35099,-2.65749,-2.6281,-2.17202,-1.9152,-1.71665,-1.36613,-1.79405,-2.58229,-2.13881,-1.99777,-2.38038,-1.58939,-1.00804,-1.13441,-0.638539
0.0217589,-0.512914,-0.858324,-1.55814,-2.38837,-2.98617,-2.97746,-2.20314,-3.1872,-3.71201,-3.11149,-1.37725,-0.379074,0.495,0.748565,0.0309361,-1.30249,-2.43751,-2.88547,-2.79123,-2.75944,-2.99174,-2.96392,-3.26286,-2.95422,-3.41087,-3.32961,-2.3768,-1.28845,-1.17165,-1.84086,-1.44627,-1.30638,-1.26756,-1.10329,-0.954659,-1.48739,-2.13413,-2.37322,-2.23472,-2.41293,-3.20877,-3.27795,-2.59966,-2.49912,-2.43415,-1.8847,-1.81562,-2.29015,-2.3834,-1.82427,-1.58317,-2.13495,-2.42471,-2.55692,-2.76938,-2.27107,-1.86868,-1.67782,-1.16167,-0.88649,-0.902802,-0.422399
-1.73668,-1.73696,-1.90955,-2.61883,-3.50894,-3.72821,-3.52368,-3.75939,-4.0585,-4.30562,-3.17635,-2.15003,-1.00325,-0.231906,0.623674,0.608538,-1.7453,-4.29625,-4.63779,-4.31654,-4.07395,-3.87641,-3.21843,-3.27932,-3.27224,-3.56297,-3.30086,-2.5839,-1.58939,0.7103,1.1246,-1.06817,-1.79295,-1.30584,-1.42584,-1.18706,-1.03307,-2.00946,-3.58111,-3.9999,-3.67502,-3.51046,-3.17397,-2.76632,-2.46579,-2.82317,-2.92929,-2.63023,-2.68862,-2.65375,-2.50118,-2.48383,-2.76714,-2.84491,-2.49169,-2.20871,-1.94333,-1.52262,-1.36918,-1.19792,-0.705637,-0.568611,-0.388142
-1.8848,-2.31112,-2.81294,-3.54557,-3.88789,-4.02438,-4.132,-4.34597,-5.11031,-4.60211,-4.04843,-3.57267,-3.08973,-2.65045,-2.51879,-3.05439,-4.72669,-5.67163,-5.60419,-5.03351,-4.83779,-4.30187,-3.99372,-3.56751,-3.79563,-3.48158,-3.14111,-3.0546,-1.51177,-0.0784006,-0.997736,-3.19166,-1.80489,-1.57351,-1.2136,-1.04685,-0.958854,-1.40665,-2.25369,-3.14348,-4.22887,-3.9706,-2.40671,-2.08567,-2.84322,-3.19374,-2.84515,-2.33125,-2.62332,-3.63642,-3.69866,-2.88207,-2.52172,-2.19688,-1.91722,-1.90816,-1.72012,-1.45998,-1.22323,-1.00492,-0.794118,-0.468357,-0.150507
-2.65227,-3.10893,-3.37733,-3.71235,-3.83077,-4.49818,-5.09648,-5.37639,-5.36522,-5.04839,-4.7462,-4.74369,-5.49472,-5.7156,-5.47277,-5.05602,-5.95933,-5.95065,-6.04502,-5.69019,-5.1613,-4.80501,-4.47496,-4.04594,-4.05503,-4.0262,-3.33968,-2.8326,-2.0402,-1.57231,-2.14915,-2.6528,-2.8185,-1.68986,-1.3261,-0.999663,-1.11206,-1.86915,-3.35811,-4.15584,-4.22936,-3.96587,-3.5482,-3.86556,-3.80624,-3.44725,-2.98431,-2.46377,-2.56597,-2.7901,-2.71228,-2.45099,-2.27395,-2.0998,-1.90281,-1.78971,-1.75105,-1.4988,-1.15934,-0.828636,-0.666533,-0.272216,0.247826
-3.30582,-3.76613,-4.02132,-4.50605,-4.67728,-5.22844,-5.67802,-5.84717,-5.56398,-5.40271,-5.11696,-5.58413,-6.31128,-6.45434,-6.1177,-5.85246,-6.09691,-5.7745,-5.44588,-4.97472,-4.88921,-4.38801,-4.33903,-4.21662,-4.13158,-3.58241,-3.42802,-2.48858,-1.8314,-1.34493,-2.13226,-2.27372,-2.50384,-2.46834,-1.49024,-1.123,-1.48919,-2.12789,-2.95862,-4.17474,-3.95304,-2.89349,-2.87703,-3.18466,-2.84156,-2.37599,-2.46976,-2.7716,-3.07284,-3.12129,-2.9487,-2.83294,-2.358,-2.02492,-1.9564,-1.74466,-1.58367,-1.42245,-1.14967,-0.750078,-0.465962,0.0603902,0.560221
-3.58869,-4.17322,-4.68477,-5.17035,-5.5017,-5.8883,-6.34316,-6.43263,-6.33002,-6.1275,-6.02261,-6.4174,-6.86096,-6.90306,-6.63515,-6.9075,-6.44427,-6.59369,-6.08031,-5.67436,-4.94651,-4.62132,-4.48905,-3.71877,-3.77143,-3.45831,-3.44156,-2.448,-1.78222,-1.62412,-1.86699,-2.52889,-2.26504,-2.25551,-2.31203,-1.42527,-1.84629,-2.90263,-3.58992,-3.86593,-3.45413,-3.54562,-3.67034,-3.66991,-4.03688,-3.86258,-3.71724,-3.51905,-3.16672,-3.00843,-2.49935,-2.12836,-2.00494,-1.71211,-1.59251,-1.47637,-1.37263,-1.29863,-1.08172,-0.717849,-0.309924,0.23741,0.673902
-4.19484,-4.73538,-5.01179,-5.4848,-5.92082,-6.3504,-6.59244,-6.881,-6.74109,-6.27484,-6.32397,-6.62679,-6.6738,-6.70761,-5.95979,-5.97195,-5.74314,-5.48451,-5.73108,-5.15603,-4.80038,-4.27613,-4.07642,-3.51945,-3.2847,-3.47369,-3.34313,-2.73907,-2.19742,-1.8494,-2.37173,-2.5551,-2.5864,-2.08457,-2.10212,-2.27184,-0.886959,-0.660405,-1.81784,-3.25991,-3.50508,-3.08614,-3.8502,-3.95589,-2.97376,-2.76596,-3.10684,-3.04869,-2.4298,-2.14472,-2.12601,-2.22461,-2.21565,-1.71603,-1.49973,-1.46223,-1.38866,-1.33616,-1.11893,-0.777352,-0.260839,0.340203,0.779602
-4.61932,-4.87896,-5.43399,-5.59597,-6.03898,-6.4016,-6.96278,-7.18637,-6.86171,-6.42191,-6.5028,-6.81488,-7.0053,-7.17846,-6.32213,-6.42043,-5.60293,-6.32618,-5.97756,-5.74933,-4.84241,-4.43456,-3.94505,-3.80521,-3.70829,-3.57511,-3.18374,-2.68208,-2.21923,-2.29247,-2.52628,-2.51066,-2.45978,-1.99123,-1.82496,-1.51969,-1.6726,-1.71645,-2.19771,-2.69628,-1.9845,-2.53417,-3.3221,-3.61528,-3.6494,-3.4361,-2.76192,-2.40893,-2.56357,-2.57813,-2.27477,-1.87292,-1.66671,-1.48065,-1.38059,-1.40024,-1.42487,-1.36193,-1.14632,-0.811079,-0.175306,0.360309,0.76639
-5.07519,-5.23361,-5.39048,-5.68296,-6.02579,-6.47752,-6.88944,-6.9439,-6.6256,-6.34363,-6.46569,-6.89754,-7.42344,-7.65903,-7.59332,-7.31234,-5.63888,-6.2068,-5.5132,-5.60027,-4.10668,-4.39509,-3.82056,-3.96286,-3.54007,-3.29848,-2.72384,-2.40385,-2.22872,-2.35369,-2.5892,-2.04212,-2.24702,-1.83661,-1.80156,-1.37469,-1.57617,-1.56258,-1.77811,-2.02286,-2.05072,-3.13217,-3.19244,-2.80255,-2.66587,-3.08367,-2.81366,-2.73414,-2.73751,-2.38717,-2.17248,-2.13362,-1.74742,-1.36915,-1.26276,-1.37075,-1.48554,-1.40364,-1.17595,-0.787824,-0.191295,0.258868,0.855336
-5.07334,-5.28872,-5.37069,-5.5604,-5.77168,-5.83125,-6.01567,-6.19914,-6.209,-6.02472,-6.22773,-6.11445,-6.23185,-5.99972,-6.34575,-5.86883,-5.69518,-5.32541,-4.60405,-4.23481,-3.49207,-3.47743,-3.10842,-3.37733,-2.93551,-2.69884,-1.93174,-2.11121,-2.07047,-2.36557,-2.4615,-2.37736,-1.95339,-1.85438,-1.63636,-1.38222,-1.45527,-1.47296,-1.76321,-2.21317,-2.91134,-1.73633,-2.23764,-2.90563,-3.00096,-2.76706,-2.73484,-2.797,-2.46434,-1.93569,-1.62039,-1.349,-1.26636,-1.30761,-1.16523,-1.28932,-1.55791,-1.50307,-1.20536,-0.778084,-0.370377,0.402326,1.25113
-4.9042,-5.09219,-5.06281,-5.11859,-5.28708,-5.34925,-5.32539,-5.23279,-5.32353,-5.58453,-5.94043,-5.95061,-5.50929,-5.29548,-4.69138,-3.98428,-3.3593,-3.46524,-3.37126,-2.529,-2.13228,-2.39375,-2.65393,-2.57628,-2.47029,-1.89551,-2.09376,-1.65196,-1.78964,-1.91049,-2.312,-2.37397,-1.94265,-1.90934,-1.65998,-1.61207,-1.47529,-1.52954,-1.70014,-2.22449,-2.20425,-2.17668,-0.835981,-2.66221,-2.00154,-2.15971,-2.32711,-1.97579,-1.8296,-1.56363,-1.38593,-1.17605,-1.09008,-1.15087,-0.966262,-1.0465,-1.43928,-1.54043,-1.24447,-0.779834,-0.404702,0.776835,1.46611
-4.52998,-4.67965,-4.74879,-4.74336,-4.58557,-4.58194,-4.5169,-4.22624,-4.10496,-4.84136,-5.41756,-5.24909,-4.19945,-3.85718,-3.25205,-2.366,-1.711,-1.72091,-0.962302,-0.607969,-1.77087,-2.7976,-2.92424,-2.42497,-2.10627,-1.68308,-1.94668,-1.54887,-1.36943,-1.79348,-1.89937,-1.93511,-2.05954,-2.21616,-2.13171,-1.91852,-1.57243,-1.33708,-1.11804,-1.56611,-1.75403,-1.55893,-1.23263,-1.5682,-1.86885,-2.47863,-1.6754,-1.51235,-1.60504,-1.41411,-0.991933,-0.950271,-1.19463,-1.04565,-0.649703,-0.404956,-0.810382,-1.41714,-1.09364,-0.927374,-0.231504,0.615598,0.766866
-3.98333,-4.19059,-4.37165,-4.37082,-4.17621,-4.098,-3.6788,-2.68619,-1.72178,-1.18187,-1.40247,-1.954,-2.64864,-2.68381,-1.85071,-0.560437,-0.132849,-0.541024,-1.13488,-2.65978,-3.66163,-3.8137,-3.4053,-2.30573,-1.35162,-1.24595,-1.47576,-1.28807,-1.30155,-1.77604,-1.71259,-1.58491,-1.92079,-2.2848,-2.27455,-2.08453,-1.63688,-1.1316,-0.771942,-0.92809,-1.37084,-1.22866,-0.989387,-1.23668,-1.70405,-2.28888,-1.30135,-1.08238,-1.40367,-1.27856,-0.632174,-0.852931,-1.80571,-0.93323,-0.296716,-0.136804,-0.977545,-0.920739,-0.877635,-1.0378,-0.349367,0.0900761,0.435156
-3.32569,-3.64737,-3.80702,-3.69462,-3.42272,-3.04767,-2.18259,-0.761954,0.797729,1.69384,1.93953,1.65257,0.906438,0.0138834,-0.364652,-0.195816,-0.382283,-2.06459,-3.99252,-5.03662,-4.25321,-4.07198,-3.38201,-2.51836,-1.23132,-0.640642,-0.438372,-0.948289,-1.62601,-1.3752,-0.659991,-0.78815,-1.44364,-2.03329,-2.30493,-2.24715,-2.0208,-1.44431,-0.770939,-0.351875,-0.603409,-0.736653,-1.00591,-1.20789,-1.13257,-1.72256,-1.97771,-1.05735,-0.979903,-1.21827,-0.511636,-0.181068,-1.52528,-0.476741,0.376296,-1.21828,-1.5426,-1.0411,-0.547541,-0.50116,-0.527955,-0.081406,0.204634
-2.61331,-2.86635,-2.98682,-2.78005,-2.33437,-1.63779,-0.535273,0.606022,1.5483,1.59406,0.973119,0.526337,0.389964,0.13813,-0.737198,-2.63814,-3.15486,-5.72915,-5.49576,-4.42493,-2.99528,-2.63624,-2.78846,-2.4142,-1.14879,-0.345205,-0.168757,-0.259713,-0.605673,0.0884625,0.743241,0.0679414,-1.15682,-1.29613,-1.61897,-1.77788,-1.97126,-1.73046,-0.959624,-0.209172,0.212756,-0.0199218,-0.988545,-1.29225,-1.43443,-1.43432,-1.53566,-1.2609,-1.28046,-1.44809,-0.755562,-0.778055,-0.957636,-0.905191,-1.3679,-1.54464,-1.46897,-1.13232,-0.912981,-0.565738,-0.389715,-0.157204,0.016426
-2.19889,-2.32284,-2.2673,-1.93942,-1.46077,-0.89452,0.0727511,0.869198,1.07397,0.5423,-0.23511,-0.29044,-0.191767,-1.21201,-2.77649,-4.25305,-4.11762,-4.33366,-3.73058,-2.49099,-1.46003,-1.48164,-1.46872,-1.65588,-1.57326,-1.08407,-0.318055,0.31426,1.07706,1.51301,1.46148,0.271905,-1.29211,-1.22463,-1.27972,-1.36964,-1.82052,-1.92158,-1.00063,-0.0576239,1.07723,0.776517,-0.439118,-1.25646,-1.29958,-1.35652,-1.30646,-1.31707,-1.11599,-1.34471,-1.4609,-0.586388,-1.15969,-1.43925,-1.04394,-1.38857,-1.19848,-1.14226,-1.17807,-1.0341,-0.668936,-0.293306,0.238425
-2.08459,-1.61662,-1.78644,-1.52601,-1.18875,-0.415054,0.308385,0.573557,0.315213,0.0511174,-0.1664,-0.100212,-0.241343,-0.356998,-1.98654,-2.9225,-2.82876,-2.3603,-1.89176,-1.56348,-1.93392,-1.85361,-1.31621,-0.586095,-0.697503,-1.29805,-1.11055,0.332033,2.27526,1.94787,-0.34797,-1.78783,-1.59764,-1.20974,-1.57419,-1.55586,-1.80811,-1.92532,-0.913364,0.178574,1.01073,1.27727,-0.275622,-1.49373,-1.58515,-1.47407,-1.33293,-1.2671,-1.11192,-1.17972,-1.08536,-1.14814,-1.20959,-1.22321,-1.20879,-1.26757,-1.23523,-1.36173,-1.42521,-1.19193,-0.819112,-0.31207,0.309323
-2.36314,-1.64276,-1.37628,-1.20194,-0.743377,-0.0845088,0.174336,0.21543,0.233761,0.347685,0.253462,0.289266,-0.239261,-0.622867,-0.217583,-1.00495,-1.40642,-1.39334,-1.54223,-1.89126,-2.45781,-2.4948,-1.82112,-0.469191,0.0712544,-0.0608482,-0.479099,0.741622,2.12535,-0.147315,-2.32343,-2.36148,-1.3111,-0.886549,-1.41296,-1.6507,-2.07052,-1.71829,-0.869174,-0.0711934,0.372214,0.505516,-0.224402,-1.52852,-1.5674,-1.3597,-1.20752,-1.10227,-0.971727,-1.09844,-0.982248,-0.938247,-1.07523,-1.13864,-1.17029,-1.18191,-1.31878,-1.60843,-1.61488,-1.28765,-0.911808,-0.355512,0.124111
-2.19396,-1.40984,-1.01947,-0.63685,-0.263274,-0.036716,0.0975284,0.457038,0.768048,0.460477,-0.517169,-0.966779,-0.807089,-0.92584,-0.94998,-0.889447,-1.03113,-1.38102,-1.84431,-1.75032,-2.00168,-1.98937,-1.78561,-0.890577,-0.00512944,1.08301,1.09603,1.41067,0.844461,-1.87571,-2.28252,-1.47528,-1.55356,-1.03937,-1.004,-1.68287,-1.94169,-1.40116,-0.897559,-0.0816789,0.228336,0.250465,-0.0597914,-0.920229,-1.01926,-1.29813,-1.1545,-0.810748,-0.890039,-0.977713,-0.935052,-0.751013,-0.978969,-1.01366,-1.10758,-1.21333,-1.40669,-1.61008,-1.64035,-1.29487,-0.918946,-0.468558,-0.174758
-2.07642,-1.20429,-0.849541,-0.564436,-0.232371,0.119206,0.519088,0.822291,0.49991,-0.818164,-1.7199,-1.50982,-0.957144,-0.95651,-1.18109,-1.42419,-1.4833,-1.65152,-1.57125,-1.22823,-0.935179,-1.05672,-0.949449,-0.392312,0.0637041,0.685937,1.43531,1.90218,0.01341,-1.5438,-1.42681,-1.49225,-2.10981,-1.52618,-0.82205,-1.25297,-1.28859,-0.643539,0.0659175,0.670291,0.17816,-0.112674,0.347875,-0.319423,-0.865964,-1.22991,-1.20011,-0.649809,-1.08165,-1.35389,-0.987378,-0.797786,-0.992355,-1.04431,-1.3449,-1.50463,-1.6477,-1.4694,-1.43992,-1.35295,-0.944767,-0.638428,-0.424769
-1.00071,-0.841443,-0.92228,-0.619704,-0.241522,0.0382155,0.288512,0.357696,-0.00108527,-0.729149,-1.14343,-0.684743,-0.217383,-0.224668,-0.909178,-1.26779,-1.60314,-1.80499,-1.50892,-0.791051,-0.409155,-0.273018,0.111301,0.427654,0.561527,0.590181,1.01437,0.191062,-0.639571,-0.7563,-1.99939,-2.58767,-2.13894,-1.31314,-0.516276,-0.764503,-0.388225,0.703328,1.2779,1.36757,0.0765049,-0.659485,0.158888,-0.223027,-1.25637,-1.32322,-1.3837,-0.56773,-0.661447,-1.33161,-1.03538,-0.673169,-0.993815,-1.1791,-1.18738,-1.45749,-1.74841,-1.33278,-1.29062,-1.27637,-1.076,-0.634558,-0.450666
-1.0683,-0.919653,-1.00046,-0.757709,-0.533329,-0.369647,-0.302575,-0.513092,-0.825909,-0.820493,-0.591621,-0.301554,-0.188015,-0.113946,-0.377379,-0.615936,-0.747802,-1.16117,-1.17226,-0.788376,-0.515055,0.0734368,-0.59932,-1.09315,-0.372166,-0.025996,-0.532564,-1.34582,-1.49818,-2.25694,-2.82868,-2.50441,-1.47626,-0.746622,-0.247577,-0.195964,0.684578,2.04034,2.25584,1.37012,-0.0677871,-1.3289,-0.964175,-1.00031,-1.29601,-1.0982,-1.11686,-0.693726,-0.653123,-1.19239,-0.995788,-0.583843,-0.735205,-1.43988,-1.26137,-1.32503,-1.55915,-1.28327,-1.22417,-1.28754,-1.14022,-0.677653,-0.385382
-1.47275,-1.32873,-1.38442,-1.21624,-1.04144,-0.830475,-0.751314,-0.895345,-1.08724,-1.04259,-0.766355,-0.62319,-0.631353,-0.586764,-0.4852,-0.494663,-0.65483,-0.795392,-0.858777,-0.561846,0.174353,-0.425796,-1.47268,-1.47956,-1.94282,-1.53246,-0.664279,-0.249838,-1.21857,-2.27418,-2.15549,-1.54734,-0.827674,-0.375485,0.0488065,0.499199,1.47537,2.71185,2.29145,0.900617,-0.292198,-0.792299,-1.62573,-1.54696,-1.2039,-1.03512,-0.860835,-0.681917,-0.79292,-1.07336,-0.999998,-0.651927,-1.05872,-1.10239,-1.05767,-1.18048,-1.32181,-1.43697,-1.25829,-1.02714,-0.922346,-0.664148,-0.359665
-1.98977,-1.82495,-1.89959,-1.83097,-1.66962,-1.49941,-1.37104,-1.29301,-1.26555,-1.1796,-1.1225,-1.1101,-1.08795,-0.959124,-0.536385,-0.220754,-0.069502,-0.177976,-0.220676,-0.0469685,-0.419563,-1.92094,-1.94444,-1.91321,-1.78305,-0.978265,-0.431728,-0.456234,-1.30377,-1.72985,-1.34714,-1.07566,-0.639282,0.0304275,0.600154,0.973132,1.72658,2.17746,1.55892,0.62211,-0.0077473,0.112117,-0.945778,-2.09139,-1.23694,-0.800101,-0.747978,-0.590455,-0.604761,-1.20602,-0.893763,-0.200352,-0.52752,-1.31687,-0.58457,-0.907918,-1.11775,-1.13577,-1.34454,-0.96141,-0.728783,-0.412452,-0.146303
-2.39269,-2.37025,-2.38319,-2.31738,-2.31138,-2.28979,-2.18871,-1.98418,-1.86635,-1.81863,-1.83323,-1.85862,-1.97505,-2.22643,-2.4585,-2.46434,-2.2948,-2.18437,-2.15455,-2.25186,-2.65737,-2.70149,-2.58474,-2.29825,-1.62234,-0.979738,-1.24934,-1.39803,-1.66666,-1.82301,-1.80835,-1.40447,-0.496289,0.567157,1.17186,1.22649,1.68131,1.42794,1.09765,0.80779,0.629534,0.387911,-0.945269,-2.5293,-1.55282,-0.829059,-0.807551,-0.477557,-0.615562,-1.39464,-0.907432,-0.460987,-0.296392,-1.00066,-0.894315,-0.522108,-0.643626,-0.910599,-1.38637,-0.888825,-0.682152,0.0874402,0.069044
-2.37243,-2.49599,-2.82508,-2.8543,-2.93919,-2.96819,-2.85668,-2.6053,-2.47336,-2.49881,-2.70718,-2.74976,-2.73055,-3.22125,-4.06893,-4.2164,-3.98507,-3.73922,-3.79496,-3.55422,-4.0001,-3.83758,-3.32807,-2.59302,-1.33337,-1.18061,-1.80677,-2.16258,-1.71376,-1.24771,-1.31934,-1.15089,-0.176694,0.661817,1.27415,1.51924,1.38663,1.00874,0.926491,1.0557,0.804571,0.24025,-0.887053,-1.77257,-1.01041,-0.393474,-0.886283,-0.878704,-1.38248,-1.75047,-1.15747,-0.546966,-0.0959989,-0.428133,-0.546453,-0.126112,-0.216769,-0.716213,-1.26853,-0.866919,-0.519227,0.133531,-0.00222947
