public/uploads/wind/vent_json/20200513/wind_field_18.json
{"header": {"parameterUnit": "m.s-1", "parameterNumber": 3, "dx":  0.051, "dy": 0.036, "parameterNumberName": "northward_wind", "la1": 45.3082, "parameterCategory": 2,"nx": 177, "ny": 123, "refTime": "2018-10-03 01:00:00", "lo1":1.38177}, "data":
[rows 0 to 28 of 123, columns 0 to 64 of 177]
3.37046,3.18519,3.0908,3.09394,3.07956,3.13835,3.27626,3.35985,3.36659,3.42396,3.36388,3.35877,3.50583,3.45012,3.47408,3.41731,3.36261,3.49717,3.68785,3.68435,3.51638,3.05457,2.8035,2.80784,2.8493,2.74202,2.54759,2.21722,2.08631,2.08844,2.43441,2.54828,2.52166,2.26374,2.13752,2.18962,2.23745,2.2718,2.33725,2.42611,2.48549,2.79815,3.23828,3.36848,3.4579,3.2023,3.29863,3.44096,3.74119,3.85704,3.82686,3.64868,3.57427,3.53838,3.68053,3.61029,3.34921,2.84115,2.50382,2.57398,2.40201,2.30451,2.14358,2.11573,1.83252
3.34953,3.08452,2.94483,2.93298,3.01013,2.87732,2.86922,2.89364,2.92555,3.20802,3.25883,3.29735,3.27517,3.23965,3.44266,3.58878,3.34686,3.3697,3.05929,2.81274,2.55121,2.18816,1.97766,2.04608,2.11,2.11621,2.17926,2.19815,2.11833,1.95496,1.99546,2.00249,1.97552,2.00822,1.89257,2.11209,2.07895,2.16535,2.29325,2.58637,2.69579,2.91461,3.08904,3.05496,3.28539,3.2772,3.56464,3.73962,3.56709,3.57268,3.58404,3.87888,3.84726,3.70435,3.51031,3.29788,3.25412,3.26916,3.14183,3.28333,2.97741,2.80884,2.60803,2.8682,2.61469
3.21529,2.95296,2.70935,2.54087,2.82872,2.52781,2.46848,2.4616,2.50811,3.03457,3.01259,3.27124,3.01636,2.75732,2.85119,3.20395,3.0307,2.92125,2.31075,1.92696,1.63986,1.39536,1.27017,1.29162,1.42655,1.55385,2.02725,2.05912,2.0863,1.91653,1.58389,1.46916,1.43543,1.86751,1.73521,2.08527,1.92202,2.13339,2.1749,2.49028,2.98087,2.91453,2.80085,2.68779,3.12066,3.29271,3.57773,3.82092,3.3061,3.13785,3.35222,3.75299,3.77761,3.63003,3.06264,2.79518,2.97325,3.20877,3.23325,3.18976,3.00122,2.71044,2.55683,2.96858,2.87925
2.83799,2.82072,2.52933,2.39627,2.23424,2.40352,2.11996,2.48063,2.4113,3.10146,3.03963,2.78656,3.17473,2.74525,2.23021,2.69455,2.86606,2.81909,2.35286,1.64612,1.57991,1.22723,1.03309,0.988667,1.42812,1.29472,1.80893,2.08112,1.90318,1.99752,1.88433,1.40662,1.54089,1.53389,1.76122,1.77339,1.93826,2.31474,2.33342,2.21549,2.93146,3.26924,2.62971,2.73819,3.2081,3.60031,3.69125,3.91608,3.03039,3.07566,3.40962,3.74968,3.57486,3.51264,3.02508,2.28957,2.93261,3.20082,3.13,3.12111,2.61277,2.55985,2.26046,2.80552,2.851
2.18318,2.19592,2.05071,2.12386,1.73717,2.33883,2.12244,2.65089,2.86891,2.74982,3.04033,2.41694,3.0397,3.02124,2.11172,2.51638,2.68689,2.37734,2.46329,1.55607,1.92792,1.44127,1.13564,0.800786,1.69753,1.32594,1.50842,1.91988,1.52009,1.5506,1.92631,1.63634,1.94513,1.62299,2.03247,1.79269,2.19798,2.46293,2.34277,2.40752,2.66562,3.18069,2.6557,2.97952,3.26433,3.09314,3.5391,3.34904,2.97217,3.3117,3.38853,3.44172,3.3186,2.78741,3.22923,2.27825,2.46247,2.50208,2.79046,2.62313,2.32637,2.71394,2.00228,2.41236,2.24711
1.60803,1.54869,1.5759,1.63333,1.68933,1.9766,2.106,2.37321,2.68237,2.18779,2.56537,2.45283,2.53832,2.54363,2.47333,2.28464,2.37447,1.92656,1.98239,1.44754,1.75062,1.36773,1.09046,0.905933,1.39504,1.42276,1.74644,1.59767,1.4322,1.28058,1.75389,1.96551,2.08116,2.11959,2.20001,2.32225,2.41974,2.55724,2.35609,2.67523,2.84457,2.60497,2.8345,2.89262,3.0412,2.50388,3.13452,2.77293,3.22609,3.40138,3.28443,3.04894,3.16928,2.42309,3.13063,2.37632,2.26161,1.99071,2.78974,2.02185,2.61419,2.6267,2.1063,2.50143,1.76448
1.45195,1.39571,1.35243,1.41294,1.47416,1.54744,1.66263,1.83037,1.82121,2.02766,2.3116,2.27484,2.22919,2.05949,2.30371,2.04169,1.9192,1.73794,1.51269,1.40558,1.30031,1.44429,1.28545,1.21101,1.49285,1.94683,2.01245,2.01357,1.84645,1.91865,2.26445,2.33471,2.38412,2.33881,2.41579,2.62536,2.56891,2.54806,2.70669,2.51937,2.79292,2.58983,2.72702,2.64345,2.61846,2.80385,2.90865,2.98719,2.95098,3.10984,3.14628,3.07256,2.98491,3.00084,2.74153,2.3122,2.71873,2.75552,2.75637,2.17574,2.37604,2.28038,2.47693,2.38448,1.9123
1.69757,1.65686,1.55783,1.5738,1.62439,1.52684,1.66609,1.68588,1.86348,2.012,2.32062,2.4116,2.49112,2.48332,2.21318,2.29763,1.97406,1.77005,1.66387,1.68103,1.5185,2.1891,1.97024,2.07929,2.53047,2.85215,2.56319,2.85446,2.60202,2.87088,2.81758,2.89013,2.94558,2.81204,2.86439,2.83398,2.75627,2.59547,2.7992,2.61342,2.48433,2.52993,2.1025,2.29808,2.53815,2.47736,2.80104,2.8909,2.1909,2.67973,2.90685,3.01062,2.92344,2.86929,2.45133,2.76214,2.60586,2.75361,2.44243,2.72145,1.94253,2.43809,2.49505,2.05909,2.26986
1.94518,1.9456,1.84651,1.85761,2.02369,1.97621,2.21123,2.32104,2.54629,2.56141,2.7163,2.87379,2.96585,2.81562,2.69923,2.59006,2.17588,2.05954,2.04199,2.17601,2.03963,2.75521,2.6207,3.06742,3.24965,3.3962,3.31506,3.29944,3.26009,3.33305,3.18218,3.23175,3.15984,3.15257,3.12001,3.12386,3.00326,2.89857,2.77372,2.63364,2.30072,2.13971,1.98759,2.29924,2.41995,2.13338,2.65796,2.23261,2.04566,2.60002,2.79657,2.80649,2.96318,2.43016,2.7328,2.70824,2.40471,1.97048,2.60288,2.69149,1.94625,2.27896,1.88916,2.25243,2.28047
2.99529,1.74762,1.61414,1.66966,1.6723,2.05284,2.59971,3.12094,3.30528,3.26972,3.06843,2.85665,2.70625,2.56145,2.63549,2.53932,2.01372,2.09875,2.18189,2.0831,2.25102,2.84001,2.99537,3.08715,3.11489,3.30481,2.82057,2.92998,3.22095,3.20414,3.22203,3.21116,3.23487,3.25055,3.231,3.16456,3.04488,2.87414,2.72799,2.48103,2.24017,2.00189,2.40989,2.50206,2.00609,2.34362,2.5514,2.07423,2.41006,2.64379,2.68499,2.68908,2.72976,2.70715,2.70213,2.35912,2.70446,1.78283,2.70576,2.29416,1.77828,1.67648,1.49946,1.9798,1.82643
1.54297,1.80488,1.68376,1.66178,1.28145,1.1538,1.96047,2.77648,3.06179,2.94527,2.87204,2.62497,2.32151,2.25169,2.19349,2.11725,2.02822,2.35101,2.54536,1.99183,2.62676,2.76658,2.88597,2.96396,2.76623,3.00756,2.48974,2.65118,2.98792,3.19172,3.25506,3.27379,3.27911,3.21357,3.04272,2.89305,2.7439,2.64527,2.60525,2.5914,2.33707,2.15342,2.5055,2.35721,2.25897,2.47938,2.56492,2.4781,2.63086,2.58393,2.52617,2.59255,2.49677,2.46583,2.35422,2.58081,2.59971,2.11768,2.59476,2.0296,1.93203,1.64617,1.34727,1.70253,1.56784
0.238096,0.985403,1.10509,1.11493,0.903642,0.784438,1.41096,1.82066,1.81349,1.65868,1.98292,2.41202,2.65167,2.70927,2.58769,2.36969,2.36587,2.58036,2.86272,2.60462,2.99524,2.83415,3.02156,3.15952,2.84805,2.94732,3.10682,3.24026,3.2272,3.40054,3.41399,3.29399,3.13762,2.97289,2.7968,2.67238,2.58091,2.46676,2.41765,2.5443,2.22968,2.39694,2.54253,2.42905,2.75885,2.69309,2.50569,2.3602,2.44413,2.51036,2.4911,2.42979,2.57347,1.8468,2.40904,2.82459,2.12211,2.4311,2.55993,1.78286,2.26006,1.91915,1.34606,2.04527,1.65152
0.183783,1.11024,1.19725,1.26682,1.2568,1.13101,1.17243,0.471556,0.222769,0.483975,1.50132,2.75735,3.38566,3.56913,3.3271,3.10394,2.81621,2.83855,3.21043,3.34778,3.21222,3.15339,3.27612,3.19842,3.10219,3.19746,3.56852,3.70733,3.59681,3.54806,3.43,3.23977,3.06303,2.92971,2.82149,2.72277,2.58598,2.4356,2.45811,2.5164,2.47187,2.91237,2.97588,2.8898,2.58064,2.6603,2.27901,2.29345,2.24025,2.40639,2.4161,2.43942,2.36019,1.98058,2.10156,2.60322,1.97866,2.37656,2.54891,1.73846,2.21182,1.93196,1.34784,2.07099,1.60953
1.15843,1.43881,1.83901,1.63159,1.80234,1.9585,1.26438,0.246835,0.190862,1.10842,2.09144,2.78197,3.20084,3.66536,3.44943,3.56041,3.49044,3.54366,3.67034,3.67955,3.54962,3.54169,3.59199,3.37001,3.63334,3.75291,3.87044,3.81747,3.75005,3.62827,3.46801,3.29904,3.16839,3.0738,2.98978,2.9313,2.80502,2.8036,3.08581,2.97907,3.11106,3.22206,3.14188,3.05449,2.30396,2.57487,1.94219,2.53282,2.54983,2.47989,2.5007,2.35557,2.02968,2.44449,1.78397,2.33632,1.81734,2.35189,2.32158,1.95674,2.30565,1.90068,1.60463,2.0769,1.66865
2.12004,2.28268,2.2221,2.14871,2.33758,2.09907,0.782119,0.155556,0.497833,0.974019,1.35118,1.926,2.19568,3.0566,3.41699,4.00415,4.12724,4.12894,4.00551,3.95951,3.99817,4.03047,4.05519,3.91002,4.14345,4.19191,4.14519,4.00793,3.82476,3.63137,3.43646,3.28151,3.1874,3.1543,3.12641,3.15747,3.151,3.19073,3.29795,3.13072,3.10984,2.99482,2.81476,2.65627,2.56972,2.41169,2.01916,2.59546,2.44066,2.67049,2.56024,2.30626,2.49707,2.49968,2.06898,2.51281,1.85163,2.4422,1.91299,2.27317,2.36516,1.76692,2.17713,2.1874,1.91855
2.40796,2.35138,2.46054,2.2762,2.23996,1.77866,0.442787,0.517123,1.32265,1.37118,0.825398,0.492633,1.362,2.10293,2.92013,4.22863,4.72291,4.60533,4.43925,4.40529,4.43378,4.43523,4.38942,4.43454,4.52161,4.49123,4.31768,4.05132,3.7063,3.40476,3.20691,3.12232,3.09992,3.12709,3.12654,3.17313,3.17418,3.13542,3.02704,2.91573,2.80743,2.70862,2.44943,1.96229,2.68648,1.97284,2.40656,2.42266,2.2261,2.79274,2.316,2.68587,2.74015,2.48212,2.63265,2.67304,1.97165,2.56259,1.99265,2.35994,2.14122,1.67162,1.95184,1.86473,1.80198
1.93912,2.15608,2.1637,2.08859,2.1979,1.33163,0.455224,0.570388,1.26295,1.41629,1.13448,1.34601,1.43874,1.28185,2.55899,3.40592,4.62461,5.04919,4.87549,4.71291,4.48785,4.40682,4.57434,4.72953,4.76518,4.57818,4.20612,3.75409,3.37826,3.12922,2.99065,3.07989,3.13545,3.16634,3.14297,3.13221,3.07634,2.99918,2.91624,2.83982,2.7668,2.71043,2.1999,1.92725,2.50127,2.19989,2.2668,2.25247,2.56481,2.61746,2.04839,2.79526,2.54053,2.87192,2.79812,2.41916,2.12688,2.3941,2.52264,2.24322,2.12951,1.97932,1.72364,1.55744,1.60215
1.10643,1.25605,1.72065,1.85245,1.77688,1.30077,0.843507,0.89808,1.2828,1.46512,1.78237,2.01836,1.98345,1.40101,0.986251,1.74237,2.65756,4.00782,4.69208,4.46493,4.18194,4.24465,4.45752,4.63749,4.60688,4.28833,3.79495,3.39826,3.10181,3.12332,3.07981,3.2169,3.21804,3.17693,3.1201,3.05395,2.96257,2.8823,2.79358,2.73656,2.66634,2.6871,2.08851,2.33798,2.28956,2.46976,2.07354,2.30137,2.58332,2.08745,1.96855,2.61492,2.85125,2.76966,2.63927,2.33312,2.29718,2.47322,3.10309,2.58872,2.27735,2.44649,2.19883,2.08905,1.8158
0.52631,1.14361,1.6027,1.75341,1.83538,1.64575,1.28198,1.02678,1.14056,1.37202,1.75525,2.36322,2.57618,2.48213,0.585826,-0.253105,0.532837,1.77888,2.83969,3.28801,3.38428,4.36846,4.71081,4.53227,4.32917,3.93049,3.52188,3.33958,3.11941,3.38924,3.41834,3.41402,3.30075,3.13995,3.02245,2.88588,2.78451,2.71422,2.6469,2.60441,2.56695,2.57111,2.36415,2.30768,2.39394,2.27834,2.27787,2.29377,2.3551,1.88206,2.2313,2.22678,2.43495,2.28882,2.73324,2.35154,2.3273,3.09117,3.13872,2.71249,2.77985,2.81001,2.97383,3.34566,2.45078
-0.185915,0.385898,0.835826,1.70712,2.06273,2.18096,1.9318,1.52171,1.28089,1.0443,1.42608,2.10935,2.47995,2.3028,0.979469,0.611568,-0.0629353,-1.01683,0.388789,1.71362,2.61153,3.53458,4.59218,4.88697,4.29152,3.63009,3.32392,3.43883,3.4998,3.6187,3.59821,3.47488,3.3335,3.16418,3.03827,2.89373,2.786,2.683,2.64662,2.59057,2.58033,2.54551,2.44002,2.40611,2.5143,2.34337,2.30773,2.30539,2.27561,2.26088,2.48592,2.21748,2.00844,2.55379,2.59026,2.26038,2.71573,2.90896,2.88797,2.73628,3.47516,2.8345,3.7661,3.81154,3.26466
-0.756887,-0.129475,0.710825,1.79003,2.47852,2.44037,1.48275,1.95921,1.15258,0.151162,0.865451,1.23484,1.1918,1.33282,0.977771,1.01438,1.74622,1.4229,0.585703,0.273987,0.808139,3.27114,3.79953,3.81826,4.07742,3.62392,3.51183,3.10856,3.52096,3.70316,3.79614,3.65726,3.45353,3.29199,3.14869,3.02476,2.95156,2.71112,2.7223,2.69113,2.74596,2.60146,2.37954,2.40712,2.41042,2.36304,2.46072,2.25636,2.35859,2.42515,2.53977,2.64062,2.68059,2.78336,2.47652,2.71673,2.83973,2.59115,3.06022,3.24742,3.66441,2.80729,3.33537,3.49318,3.94571
-1.19659,-0.450943,0.361259,0.99924,2.33323,2.30421,2.72213,2.25718,0.632738,-0.103505,0.376178,0.542945,0.743246,0.494184,0.731796,0.723971,1.29783,1.84062,3.0532,3.25773,3.22442,1.95346,1.04923,2.45705,2.92524,3.11502,3.28468,3.33512,3.88976,4.04564,3.99809,3.82965,3.63691,3.46897,3.31588,3.19608,3.16012,2.8534,2.87288,2.94995,2.87427,2.85205,2.55736,2.43034,2.68012,2.56844,2.67566,2.26185,2.42756,2.52299,2.39077,2.42377,2.94438,2.63969,2.8959,2.94153,2.73892,3.15334,3.14838,3.38842,3.66901,2.90015,2.87802,3.70653,3.86199
-1.39877,-0.611871,-0.0278831,0.663536,1.04933,2.07504,3.33635,2.62752,1.05642,0.658313,0.165254,0.264143,0.475138,0.571647,-0.0632538,-0.698756,-1.09353,0.0716738,2.30681,3.55538,2.74756,-0.483587,0.412577,0.744398,1.88395,2.54855,2.25222,2.57039,4.36712,4.61874,4.22362,3.80778,3.56869,3.4332,3.34245,3.29232,3.26992,3.14063,3.08378,3.11672,2.76044,2.9157,2.81726,2.80387,2.90041,2.71598,2.38871,2.36442,2.57044,2.44856,2.44423,2.12289,2.80336,2.92433,2.8604,2.71166,3.05763,3.23452,3.06167,3.56619,3.47015,3.11303,3.67761,3.80325,3.50548
-1.21334,-0.734232,-0.315602,0.0487245,-0.00440616,1.15063,2.45808,2.31285,2.15204,2.19726,0.589195,0.312977,1.14158,0.808026,-0.651078,-2.83331,-3.25296,-1.83403,-0.296301,0.928584,-0.0285597,-1.49073,0.757739,2.29235,2.53884,3.39859,3.19734,2.80513,2.59081,3.3993,3.68763,3.70001,3.55112,3.40452,3.3182,3.28383,3.22833,3.14979,3.02939,2.92837,2.71256,2.74819,2.78431,2.80952,2.81068,2.81246,2.32458,2.65529,2.57168,2.44997,2.78397,2.46522,3.00673,2.86476,2.7128,2.96623,3.17754,2.97466,3.44388,3.4916,3.28241,3.67757,3.90326,3.60308,3.89581
-0.821811,-0.640442,-0.60971,-0.241331,0.0570285,0.409247,1.83125,1.97605,1.38721,0.814964,-0.0719886,0.388341,1.85634,1.89402,-0.312594,-2.23822,-1.21168,-0.378419,-1.63565,-1.29328,-1.19633,-0.76691,1.61546,3.07867,4.04594,4.27982,3.60854,0.391121,0.0900855,1.09264,2.106,3.14362,3.36931,3.29223,3.17833,3.04828,2.90187,2.75841,2.64309,2.55562,2.56152,2.54984,2.53728,2.55659,2.61474,2.74597,2.69516,2.69066,2.50996,2.84117,2.94086,3.058,3.18238,2.73112,3.01664,3.44952,2.87057,3.49218,3.55211,3.38003,3.66365,3.87414,3.58481,3.95268,3.87018
-0.556639,-0.586795,-0.511361,-0.723,-0.987538,-0.878277,0.036934,0.867296,0.329471,-0.286028,-1.08993,0.0012365,1.15192,2.24151,2.03457,1.39553,0.973925,-0.53791,-1.94389,-2.80912,-1.64866,-0.571927,1.21481,2.69234,1.99201,0.61941,-0.180248,-1.84232,-1.85629,0.0590711,1.41919,2.28114,2.76419,2.97529,2.95016,2.78291,2.58036,2.41443,2.31987,2.28466,2.29187,2.33388,2.42576,2.46806,2.52603,2.55901,2.80178,2.50851,2.81216,2.90099,3.0064,3.13991,2.88144,3.1005,3.2712,3.59188,3.14475,4.0177,3.55545,3.7897,4.11807,3.30196,3.96212,3.96603,3.47847
-0.20999,-0.58921,-0.719376,-1.01376,-1.05131,-1.37664,-0.560934,0.206525,0.657863,0.0856203,-0.273212,0.277763,1.61805,2.65968,4.01703,3.5126,-1.00747,-3.81932,-4.34593,-3.47189,-2.56249,-0.665503,0.251274,0.438782,0.554955,-0.845839,-0.948734,-0.383797,-0.452535,-1.2803,-0.124397,1.19124,1.66225,2.29382,2.55719,2.93257,2.7167,2.50456,2.35007,2.25703,2.22176,2.27234,2.33103,2.48686,2.56288,2.63354,2.69117,2.72127,3.06178,2.98046,3.0977,2.80365,2.95945,3.30547,3.38866,3.58613,3.7867,4.18866,4.0183,3.98217,4.19425,3.31602,4.158,3.65366,3.86235
0.285313,-0.263139,-0.572476,-0.812602,-1.37511,-1.10554,-0.912935,-0.427867,0.772562,1.12042,0.923351,0.371785,1.4872,1.75897,2.81922,2.55339,-0.109104,-1.66288,-1.58766,-2.10641,-1.64697,-0.853341,-0.21223,0.296641,1.23114,0.469445,1.21967,1.8882,0.997553,-0.238469,-1.16119,-1.07182,-0.243955,0.455366,1.2281,2.50783,2.71056,2.56534,2.49168,2.37688,2.3085,2.31477,2.37601,2.37783,2.61137,2.74174,2.8259,2.87523,2.87921,3.08324,3.09196,2.92381,3.24657,3.42836,3.35398,3.56095,3.94438,3.69212,3.9243,4.0488,3.90844,4.01114,3.81133,3.98863,3.91637
0.470371,0.0271297,-0.426513,-0.861808,-1.38059,-1.02128,-1.17482,-1.33943,-0.214824,1.28835,0.408823,-0.710376,-0.399143,1.04484,0.905543,1.34091,1.81797,2.19139,1.3052,0.624173,-0.235183,-0.595851,-0.185626,0.197104,0.921975,1.13703,2.10455,0.4516,1.00061,1.19198,0.280009,-1.39271,-2.08509,-1.27512,-0.250162,0.993183,1.84387,1.92954,2.18175,2.31008,2.33498,2.33582,2.33842,2.27803,2.44878,2.73714,2.85506,3.01978,3.00015,2.88746,3.15529,3.06598,3.35878,3.52615,3.59584,3.45479,3.81502,3.44099,3.79246,3.91403,4.0558,3.92664,3.78647,4.28417,3.18045
