public/uploads/wind/vent_json/20200513/wind_field_14.json
{"header": {"parameterUnit": "m.s-1", "parameterNumber": 2, "dx": 0.051, "dy": 0.036, "parameterNumberName": "eastward_wind", "la1": 45.3082, "parameterCategory": 2,"nx": 177, "ny": 123, "refTime": "2018-09-30 00:00:00", "lo1":1.38177}, "data":
[rows 0 to 27 of 123, columns 63 to 125 of 177]
0.716178,0.90786,1.1064,1.34171,1.76575,2.12359,2.28913,2.2749,2.1834,2.06068,1.91878,1.79607,1.71289,1.66173,1.64691,1.74071,1.86923,1.98006,2.05297,2.08107,2.09914,2.12097,2.18206,2.26318,2.3339,2.33867,2.31596,2.31049,2.2934,2.27618,2.2616,2.26,2.26141,2.26601,2.31008,2.33346,2.30715,2.30273,2.30364,2.33709,2.4498,2.60491,2.7879,3.03886,3.23981,3.37002,3.38026,3.3938,3.75007,4.43809,5.2749,6.10063,6.95795,7.416,7.1,5.98348,4.64978,3.70582,3.14078,2.84959,2.70109,2.70364,2.73443
1.73111,2.09356,2.31371,2.39672,2.37004,2.72575,3.1061,2.80782,2.64914,2.77466,2.60882,2.60552,2.49441,2.01943,2.02151,2.33158,2.51624,2.85598,3.11686,3.18484,3.04721,2.62233,2.41391,2.72206,3.24216,3.46432,3.4445,3.22791,2.71729,2.7113,3.06925,3.1972,3.17482,2.81101,2.46922,2.48719,2.75437,3.19569,3.39654,3.17172,2.93918,3.20486,3.61377,3.93858,4.30736,4.28106,4.07281,4.44194,4.78419,4.65344,5.18165,6.17582,6.76117,6.93433,6.72649,5.80024,4.94716,4.43211,3.92434,3.90274,4.02753,3.98448,3.62046
2.27074,2.66822,2.67588,2.50136,2.5094,3.00136,3.40925,3.02636,2.49082,2.29059,2.02499,1.81765,1.79432,2.09046,2.46907,2.38746,2.25547,2.4164,2.54727,2.82935,3.06479,3.04668,3.11012,3.24655,3.48036,3.62687,3.55533,3.32487,2.80352,2.46725,2.78278,3.44458,3.49979,2.92918,2.90217,3.43962,3.66449,3.5448,3.44294,3.21108,2.74414,2.85888,3.44988,3.9181,4.28605,4.23014,3.84878,4.19074,4.93357,4.92925,5.22829,6.12508,6.48676,6.49394,6.35797,6.01782,5.46189,4.79616,4.72729,4.86132,4.68753,4.32009,3.58753
2.95913,3.24835,3.23787,3.34992,3.41034,3.47626,3.60847,3.18796,2.93375,3.11209,2.44967,1.96372,2.41965,2.83008,2.88601,2.66253,2.46509,2.74473,3.29106,3.52213,3.26092,2.70416,2.75973,3.46715,3.75163,3.63643,3.27559,3.02821,3.15414,2.84873,2.77223,3.25124,3.02958,2.91304,3.33415,3.47359,3.58327,3.55687,3.25973,3.18728,3.17111,3.27812,3.84816,4.44339,4.77032,5.16408,5.30202,5.43065,5.82547,5.61415,5.22212,5.2735,5.4072,5.78621,6.26402,6.47056,6.07206,5.51892,5.69516,5.91426,5.46696,5.11708,5.07708
2.38806,2.31389,2.4452,2.64784,2.78774,2.71801,2.77047,2.71239,2.31982,2.26454,2.10195,1.56803,1.49123,1.67833,1.85966,2.11054,2.24271,2.2678,2.46329,2.62745,2.3631,2.10306,2.17414,2.21449,2.02979,1.72325,1.51631,1.64573,2.33712,2.78459,2.3239,1.80937,1.67167,1.87105,2.49419,2.66653,2.11703,1.61557,1.42991,1.41971,1.59027,2.02263,2.70344,3.59731,4.19328,4.75505,5.21657,5.71397,6.28855,6.24173,6.29253,5.97749,5.8114,6.16744,5.62504,5.67727,5.61917,5.11928,5.81989,5.44568,4.7359,5.42365,5.57303
2.09641,1.86438,2.02466,2.14603,2.22187,2.31158,2.29739,2.34848,2.06771,1.67208,1.46885,0.932822,0.766764,1.29098,1.95604,2.22113,2.09589,2.03054,2.00163,1.86159,1.49827,1.2392,1.49223,1.90767,2.00409,1.9085,1.99092,2.36237,2.54272,2.08267,1.65644,1.74632,2.06024,2.50041,2.67507,2.2111,1.70964,1.50509,1.74945,2.11956,2.34765,3.12691,3.62549,3.44613,3.40353,3.65522,3.76858,4.36526,5.91729,5.91923,5.30844,6.04572,6.07396,5.95505,5.38692,4.83726,5.68927,6.12248,5.99343,5.71459,5.76657,5.30113,4.53856
2.04597,1.74913,1.73696,1.87502,2.04724,2.20643,2.00847,1.92423,1.52653,0.703928,0.670917,0.949615,0.939985,1.26216,1.75149,1.76664,1.63899,1.86289,2.20443,2.29466,2.10292,1.87799,1.9125,2.00567,1.95196,2.10424,2.47169,2.49445,2.14494,2.03789,2.2489,2.57127,2.88456,2.75221,2.24987,2.05371,2.16527,2.20046,2.3233,2.84334,3.02656,3.34756,4.03366,4.23929,5.01374,5.15454,4.9921,5.80892,6.22556,6.38779,6.5942,6.78935,6.19263,5.54749,5.91053,5.79022,5.54317,5.9657,6.16492,5.59866,5.18296,5.6822,5.44528
2.03041,1.7908,1.75809,1.93595,2.0692,2.04348,1.86548,1.49479,0.672937,-0.0359077,0.328277,1.3158,1.50187,1.04505,0.822305,1.03696,1.52045,2.05508,2.46688,2.45367,2.25402,2.33209,2.27959,1.76785,1.45685,1.92517,2.69209,2.83053,2.56872,2.72781,3.11079,3.10526,2.58751,2.00047,1.84647,2.03141,2.26091,2.51661,2.71134,2.64532,2.36863,2.29533,2.73118,2.81625,3.60287,5.25759,6.06972,6.21959,6.27258,6.62196,6.81475,6.84057,6.75975,5.45468,4.61448,5.61583,5.69205,5.21274,5.83661,5.92822,5.01168,4.72809,5.41053
1.70323,1.78714,1.74984,1.70543,1.71525,1.58597,1.57535,1.25602,0.464586,0.0867483,0.596867,1.4075,1.45861,1.00058,0.839807,1.17758,1.75759,2.32396,2.71488,2.79585,2.77905,2.84268,2.46431,1.81231,1.69692,2.07489,2.66619,3.0488,2.80306,2.37503,2.13645,1.98787,2.09442,2.36107,2.58635,2.86788,3.00947,2.62736,2.09975,2.07159,2.31613,2.49636,2.36987,2.92998,4.66269,5.20843,5.42814,6.27965,6.43661,6.77566,6.79319,5.53817,5.06356,5.69314,5.94693,6.05104,5.98399,5.16026,4.95233,5.90104,6.30213,5.28738,4.79907
1.69732,1.63449,0.927843,0.754824,1.13088,1.02113,1.09732,1.23878,0.771376,0.515171,0.841691,1.132,1.14892,1.21758,1.43009,1.75377,1.95275,2.46383,3.28356,3.65743,3.81169,3.2576,2.29212,2.04299,2.12972,2.23405,2.64407,3.11289,2.84202,2.0609,1.69114,1.89872,2.32451,2.67182,2.79992,2.78373,2.58956,2.2359,2.29166,2.84419,3.38627,3.77666,4.34136,4.65125,4.97228,5.12338,5.09445,6.14106,6.24844,5.77387,6.31756,6.15906,6.13912,5.65845,4.85628,5.66104,5.64599,5.0328,5.91312,5.72802,4.93024,5.46535,5.58127
0.728247,0.178956,0.0676335,0.335239,0.866568,0.769249,0.693436,1.09548,0.950378,0.568038,0.619993,0.778135,1.01042,1.46721,1.8672,2.03211,2.1302,2.22509,2.29697,2.42216,2.3483,1.83173,1.68543,2.16624,2.39504,2.4169,2.76206,2.96462,2.61021,2.2724,2.19092,2.41445,2.49022,2.90211,4.11149,4.09625,3.08433,2.4201,2.25984,2.26589,2.70716,4.03679,4.46885,4.63179,5.74154,5.55598,5.28213,6.08989,6.34461,6.68127,6.65757,6.30137,6.49048,6.12928,5.73249,6.00779,6.19,5.88374,5.68728,6.09341,6.12339,5.031,4.55954
2.95463,2.1951,0.875318,0.866634,0.820438,0.82929,0.970581,0.949164,0.647381,0.2237,0.235979,0.586419,1.08822,1.66291,1.94403,1.96024,2.0277,1.93456,1.48645,1.42353,1.71757,1.41634,1.1818,1.75377,2.61212,2.82017,2.23729,1.76496,1.75481,2.0681,2.55665,3.16558,3.34224,3.08462,2.58301,2.75756,3.9455,4.10131,3.32557,2.90877,2.90836,3.05138,3.28421,3.33061,4.00663,5.30646,5.68616,5.38078,5.60464,6.23512,6.24389,6.17315,5.4968,4.93866,5.85215,6.28001,5.34978,4.93285,5.78514,5.39643,4.62314,5.52541,5.57169
3.61421,2.59148,1.28532,1.23451,1.11867,0.847311,0.59832,0.26997,0.254032,0.110878,0.17529,0.69273,1.32858,1.6751,1.72154,1.71428,1.68791,1.70544,1.58605,1.53254,1.92459,1.87849,1.28551,1.59069,2.50795,2.40057,1.55073,1.20758,1.45851,2.1101,2.90286,3.10975,2.6117,2.17688,2.2006,2.60375,2.90448,3.3835,4.05929,3.54598,2.60637,2.64669,2.97354,3.77087,4.66383,5.45542,6.25682,6.57218,6.67431,6.5157,6.38092,6.14326,6.31285,5.96556,5.42942,6.05906,6.08698,6.12191,5.5832,4.96954,5.65058,5.88224,5.9123
2.02518,2.09972,2.83031,2.90962,1.70098,1.56107,2.47653,1.6,0.368279,0.285638,0.476222,0.95816,1.4493,1.45805,1.28055,1.22338,1.27203,1.6092,1.88579,1.86138,1.97075,2.10942,1.98677,1.99089,2.05633,1.86505,1.71688,1.78352,2.11235,2.53569,2.5344,2.10163,1.91346,2.21056,2.61646,3.11094,3.61514,3.4599,2.87433,2.13752,2.74109,4.35343,5.05998,5.51311,5.69373,5.12614,5.25616,6.22876,6.08838,5.38675,5.42271,6.01867,5.58896,4.92646,5.74149,6.03905,6.02701,6.48781,6.49354,5.53184,4.85093,5.61986,5.50358
2.5402,3.40831,3.11571,2.56752,1.87566,1.51501,2.05178,1.74753,0.763113,0.679068,0.864147,1.06933,1.32724,1.19026,0.871379,0.834426,1.19401,1.80292,2.14194,1.91754,1.82348,2.15419,2.32886,2.14568,1.90586,2.00147,2.30597,2.51367,2.51439,2.34813,2.37903,2.61679,2.76402,2.83411,3.73279,4.69572,4.12024,2.99577,2.58739,2.29117,2.85598,4.6271,5.19072,5.18937,6.09924,6.05615,5.70646,6.29667,6.33612,6.27244,6.48377,5.93088,5.81708,6.37348,6.15862,5.49198,5.64896,5.95865,5.52928,5.79556,5.77169,5.08819,5.61223
1.45122,2.31155,2.74732,2.76961,1.84381,1.0805,1.42536,1.5834,1.14762,0.990496,0.985024,0.971214,1.07493,0.960469,0.793639,1.01313,1.67189,2.12585,2.10693,2.04724,2.00098,1.91511,1.93813,2.08933,2.2398,2.26375,2.27784,2.15213,1.882,1.8731,2.1403,2.60443,2.96742,3.10973,2.95266,3.23358,4.30329,4.32745,3.41934,3.02839,2.89918,3.24449,3.49956,4.15937,5.70429,6.39738,6.4677,6.02342,5.5164,5.95309,6.38249,5.88785,5.71463,6.28744,6.35653,6.27334,6.08511,6.10967,5.66578,5.01488,5.77312,5.62809,4.79981
1.36139,1.72711,1.10547,1.24592,2.46256,2.16644,1.48835,1.53089,1.21182,0.824124,0.67705,0.664656,0.825075,1.03247,1.28575,1.73045,2.10583,1.87822,1.72998,2.16832,2.0582,1.34753,1.2554,1.82863,2.27497,2.23739,2.01911,1.81238,1.78003,2.12113,2.49896,2.64932,2.75836,2.95363,3.17856,3.48086,3.51444,3.07097,2.62621,2.69002,2.67021,3.37422,4.99243,5.7353,6.08797,6.27967,6.40144,6.80227,6.11253,5.53456,6.1753,6.03253,5.72312,6.39382,6.16389,5.51863,5.50586,5.55636,6.15163,6.18997,5.63596,5.97034,5.5278
0.314001,0.224359,0.300554,0.447347,1.48333,2.05761,1.57247,1.08581,0.681746,0.308885,0.218551,0.447004,0.865501,1.30992,1.60554,1.74256,1.71699,1.52869,1.69107,1.98286,1.68799,1.21235,1.23301,1.64538,1.84295,1.79874,1.84671,2.01058,2.30834,2.69357,2.82102,2.80742,2.88095,2.79562,2.7212,2.63928,2.39607,2.58305,3.22531,3.79387,4.0238,4.60819,5.3315,5.23665,5.34271,6.23057,6.63488,6.21699,6.35263,5.79978,5.17581,6.1484,6.53963,6.648,5.94776,5.15087,5.9033,6.21651,6.26446,5.70208,5.13246,5.54086,5.68052
2.50774,3.18707,2.25499,1.15293,1.30378,2.06311,1.61775,0.479896,-0.016225,-0.0892117,0.125249,0.652158,1.19394,1.3978,1.16612,1.01831,1.26665,1.51604,1.55664,1.39812,1.37059,1.64314,1.6184,1.33787,1.31847,1.55453,1.82655,2.21414,2.54238,2.42163,2.25818,2.57994,2.96678,2.85078,2.80535,3.29195,3.34199,2.7801,2.75458,3.00282,3.89659,5.3786,5.63202,4.97118,5.0151,6.11703,6.08856,5.33256,6.10038,6.04494,5.7005,6.50551,6.76891,6.70341,5.93086,5.33028,6.208,6.44348,5.94425,6.21703,5.558,4.56885,5.38776
3.44315,3.26002,2.42775,1.37969,1.26287,2.01015,1.86985,0.603318,-0.0752969,0.0454505,0.442255,0.862102,1.12149,1.04444,0.820717,0.834088,0.994896,1.08917,1.19408,1.46121,1.68147,1.59727,1.34014,1.28125,1.55103,1.96438,2.41849,2.74838,2.53731,2.17156,2.31535,2.54211,2.63597,2.80285,3.00592,3.12336,2.88602,2.84547,2.91155,3.15831,3.88042,4.85969,5.69891,5.89672,5.98395,5.95865,6.2753,5.90181,5.30304,6.07031,6.59292,6.75378,6.52681,6.16682,6.50465,6.62253,5.69096,5.07791,5.9346,5.76585,4.98266,5.48963,5.59816
3.89521,3.91234,3.65266,2.89504,2.98555,3.39684,2.43002,1.09743,0.471715,0.489237,0.607308,0.683917,0.652757,0.7411,1.02056,1.04396,0.756783,0.744588,1.24927,1.77437,1.6619,1.07444,0.981467,1.50716,1.93484,2.17655,2.55142,2.70291,2.38,2.17631,2.17922,2.15595,2.49286,2.93239,2.81537,2.43591,2.52674,2.77031,3.57232,4.91667,5.53383,5.73516,5.2688,5.02354,5.93948,6.07042,5.72398,6.39534,6.59849,6.38388,6.59268,6.60304,6.65187,6.63878,6.50828,6.06888,6.15439,5.80809,5.14877,5.77447,5.93566,5.62105,5.41576
3.00761,3.86906,3.75618,3.51955,3.26749,3.65882,3.93319,2.36691,0.843035,0.597613,0.459494,0.437875,0.672486,1.01843,1.10089,0.729166,0.498601,0.809637,1.37785,1.39006,0.95921,0.758321,1.0188,1.63255,2.02547,2.15822,2.35715,2.52856,2.24273,1.77752,1.85208,2.4639,2.85349,2.50575,2.04977,2.02483,2.52754,3.22249,4.03629,4.61316,4.89186,5.74319,5.44439,4.88078,5.83011,5.95,5.50243,6.07822,6.53946,6.37414,6.65775,6.5735,6.21138,6.65939,6.21367,5.46962,6.04174,5.83683,5.17581,5.74689,5.37586,4.70025,5.38171
1.60815,2.08068,1.83244,1.87045,2.80664,4.13162,3.61891,1.7461,0.634244,0.415059,0.383656,0.492973,0.966792,1.07274,0.720886,0.545491,0.750654,1.11013,1.39959,1.30294,1.02638,1.08947,1.38071,1.80111,2.24347,2.52492,2.60818,2.35084,1.81999,1.72106,2.26738,2.63418,2.41279,2.2426,2.34763,2.85877,3.62931,4.66244,4.98738,4.60724,5.09628,5.5655,5.78389,5.31953,4.79397,5.86011,5.91285,5.39528,6.15564,6.62893,6.8805,7.09093,6.42125,5.93465,6.39247,6.07493,5.376,5.9662,5.79468,4.91691,5.42778,5.3557,4.70608
0.201039,0.525251,1.82675,2.59407,2.91687,2.86862,1.94341,0.920766,0.454598,0.261812,0.179965,0.698941,1.07956,0.629517,0.355922,0.827631,1.20289,1.1796,1.25081,1.22951,1.0435,1.23489,1.74874,2.28894,2.77045,2.87826,2.32632,1.64613,1.53017,2.04016,2.57615,2.71495,2.7122,2.86016,3.1427,3.4104,3.67222,3.47843,3.70458,5.01561,5.10029,4.73526,5.65616,6.2273,5.42502,5.05961,5.9758,6.04131,5.68106,6.45378,6.94718,6.55083,6.55167,5.96937,5.20454,5.95331,6.00251,5.35109,5.83507,5.60137,4.80705,5.39978,5.42711
1.75146,2.16114,2.32156,2.53511,1.9256,1.22794,0.802364,0.478289,0.379812,0.559567,1.34048,1.64143,0.915889,0.338023,0.577217,1.22208,1.3151,0.962139,0.875919,0.80089,0.755769,1.2084,1.98014,2.69632,3.03975,2.75866,1.84582,1.16528,1.57094,3.0919,4.11886,3.3454,2.51313,2.75977,2.92943,3.5087,5.05519,4.88745,4.24066,5.03346,5.30766,5.73839,5.59395,4.88217,5.70376,5.58826,5.1109,5.95628,6.4616,6.56765,6.54343,6.47505,6.15628,6.09398,5.73415,5.13106,5.90081,5.92073,5.15631,5.61673,5.5207,4.85378,5.43373
0.703744,1.58248,2.71466,2.41745,1.3307,0.478748,0.0333597,0.221907,0.11592,0.0978647,1.13482,1.61454,0.740275,0.293119,0.776226,1.2744,1.30349,1.05186,0.857358,0.825735,1.05832,1.5989,2.25016,2.72661,2.65953,2.14601,1.68144,1.38022,1.77502,2.51782,2.38115,1.84019,1.8292,2.0256,2.9278,4.55799,4.95548,4.69065,5.3202,5.34687,4.91496,5.5781,5.42569,4.84041,5.72498,5.6896,5.1264,6.12042,6.21377,5.7285,6.36455,6.53955,5.56677,4.92232,5.70604,5.65145,5.11505,5.91688,5.77631,5.04412,5.5027,5.39917,4.82453
2.57252,2.93119,2.90791,2.23872,1.09728,0.919709,1.58375,1.24906,0.151676,-0.184138,0.72644,1.40865,1.06004,0.726122,0.787042,1.043,1.1584,1.04994,1.01881,1.31814,1.74485,2.0889,2.34137,2.37857,2.11823,1.95005,2.32076,2.44547,2.08256,2.08466,2.17212,2.0964,2.2926,2.55179,3.17727,4.44492,5.36453,5.34945,5.07153,5.45745,5.1575,4.63824,5.5579,5.50876,4.85775,5.72954,5.88,5.42743,6.36394,6.30539,5.54039,6.02237,6.08442,5.96083,5.35683,4.88579,5.69323,5.97944,5.97246,5.25544,4.60185,5.53371,5.66052
2.49609,2.20151,2.12523,1.60097,0.489285,0.178252,0.798541,0.9218,0.195928,0.113036,0.900056,1.23704,1.23135,1.04621,0.647597,0.497598,0.531598,0.675053,1.2009,1.84032,2.01704,1.97284,2.11551,2.16058,2.05684,2.35752,2.63598,2.14128,1.45654,1.48667,2.26284,2.91031,2.95874,3.19365,3.68856,4.26162,5.39683,5.20336,4.34446,5.076,5.31167,4.94149,5.36352,5.99613,5.59044,5.27754,6.0622,6.39991,6.558,5.99314,5.23746,5.86598,5.59963,4.821,5.5828,5.75429,5.18449,5.7761,5.52031,4.89791,5.46101,5.68121,5.84249
