public/uploads/wind/vent_json/20200513/wind_field_17.json
{"header": {"parameterUnit": "m.s-1", "parameterNumber": 3, "dx":  0.051, "dy": 0.036, "parameterNumberName": "northward_wind", "la1": 45.3082, "parameterCategory": 2,"nx": 177, "ny": 123, "refTime": "2018-10-03 01:00:00", "lo1":1.38177}, "data":
[rows 87 to 115 of 123, columns 65 to 129 of 177]
2.33602,1.14924,0.739208,0.54288,0.800637,0.187452,0.306025,0.418435,0.489884,-0.707617,-2.45203,-0.70766,-0.692737,-1.64222,-3.09696,-3.54042,-3.06143,-2.14216,-1.64286,-0.748682,-0.118957,2.01169,2.74639,3.16734,2.8301,3.00017,1.87283,0.793296,1.37759,1.60175,0.970677,1.23789,0.105602,-3.18754,-6.42257,-4.53476,-2.93774,-3.26331,-3.67569,-3.69617,-1.66416,-3.51682,-4.1082,-4.98887,-4.51612,-2.60578,-2.85035,-4.60674,-5.71334,-6.76807,-5.49902,-0.844837,0.683839,-1.17976,-2.61374,-0.743856,-1.2136,-3.31289,-1.68032,-0.273391,-1.13991,-0.00445352,2.1199,2.1186,1.25302
1.68253,0.831885,0.984739,1.07642,0.356272,0.934605,1.0677,0.871845,1.05632,0.86362,1.32701,2.04681,-0.404683,-1.89837,-1.77844,-0.842431,0.265168,0.811695,-0.240252,-1.07222,0.418076,1.80487,3.00398,2.54638,1.38202,0.718919,0.695739,0.159749,-0.334257,-0.275344,-0.00287449,0.730752,1.4445,0.878993,-4.26069,-5.84302,-3.37609,-0.248433,-3.93842,-7.07618,-8.81808,-7.23761,-0.392633,4.00839,1.60376,-2.97323,-3.4035,-2.82241,-1.71136,-0.864534,-0.30331,2.65803,4.39784,3.00154,0.952377,0.655457,-0.861772,-1.55787,-4.25138,-4.70263,-4.27748,-3.65404,-1.31997,2.37443,2.91517
1.38376,1.1243,1.21792,0.734883,0.779777,1.31501,1.06601,-0.0210527,0.117707,0.881716,1.01911,0.0321037,-1.64328,-1.01903,-0.581262,-0.147615,0.601764,1.12006,0.0599971,-1.4843,-1.22286,-0.615458,0.925496,2.48785,1.80142,1.06758,0.568734,-0.924358,-2.99193,-2.97892,-0.712492,-0.476239,-0.371066,-0.0586856,-1.13336,-5.1942,-4.59155,-1.99216,-6.39788,-8.42782,-9.31182,-7.62642,1.09646,5.21151,-0.470585,-5.68825,-3.51608,-1.90851,-1.71599,0.882665,3.71236,4.7516,4.61368,4.56501,2.5137,2.49968,3.65977,4.50115,2.32264,-0.264694,0.858035,0.607216,-0.188713,1.67948,3.82252
1.5877,1.06038,1.50233,1.09873,0.952106,0.941468,0.579815,0.365147,-0.167046,-0.12694,-0.0779008,-0.535661,-1.11557,-0.940228,-1.00286,-1.27913,-1.6702,-0.0340544,1.38402,0.819433,-0.487955,-0.444406,0.235848,3.20872,4.03089,3.08158,0.907864,-2.59781,-4.15933,-3.41599,0.0952958,0.523029,-1.75677,-3.3354,-4.61537,-4.50652,-5.04697,-6.38404,-7.59512,-7.46944,-5.84296,-4.0745,-2.8472,-4.35193,-7.80624,-3.35546,3.13628,4.44924,2.57101,0.733712,2.17645,2.9574,1.9004,1.1067,-0.825788,0.0851769,3.07699,3.70034,4.85287,4.75254,3.34567,3.18142,2.80122,1.75764,3.9289
1.20276,1.06714,1.52549,1.13344,1.07198,0.737913,0.523135,0.493249,0.445836,0.048145,0.957572,0.521285,0.0220994,-0.996718,-0.847616,-1.02161,-1.98951,-1.44582,0.936788,2.61477,0.748135,0.262533,0.239625,1.30801,3.59006,3.41422,1.51626,-0.663876,-1.37402,-1.65768,-0.205798,0.492148,-2.73775,-5.03187,-6.22274,-5.24981,-4.79161,-4.76729,-4.69728,-5.86267,-5.69264,-6.44787,-8.1875,-9.46541,-6.16417,-0.138977,5.85309,7.68985,7.68139,5.55829,2.85533,0.518318,-0.638901,-0.89784,-2.24828,-1.09691,0.742831,-0.993335,-1.08331,-0.151616,-1.42816,-1.18926,0.666709,1.83757,3.59202
1.2612,0.95888,1.36145,1.0885,1.20829,1.02804,0.445925,-0.201652,0.131238,-0.0827054,0.234212,0.339479,0.200854,0.204609,0.155187,-0.187205,-0.517798,-1.49102,-0.938444,1.54383,0.746669,0.832947,0.92638,1.08205,0.871336,1.20447,2.04936,2.69411,2.14868,0.597439,0.840658,0.507386,-2.01424,-3.03343,-2.94185,-3.51051,-1.21673,1.1821,-0.0643618,-2.56469,-6.1394,-9.32293,-10.6215,-6.70785,-1.519,-0.838264,-0.999721,-0.195965,1.96727,1.47268,-0.50835,-0.95544,-0.83882,-0.834934,-0.80261,-0.809323,-0.613243,-1.02848,-1.34772,-0.977427,-0.711935,-0.248152,0.669782,2.50892,3.96903
1.2572,1.04001,1.46998,1.26112,1.64225,1.5511,0.655339,-0.101605,0.0769705,-0.309927,-1.31649,-1.04348,-0.020279,0.501843,0.435863,0.306379,-0.0588131,-1.32509,-1.67382,-0.987069,-0.830937,0.318851,0.87746,1.45446,0.712961,-0.419239,0.00595851,1.78102,3.60404,3.69644,3.73493,-0.165179,-0.427486,3.57935,4.09366,3.44666,3.8803,4.64123,4.83539,2.07487,-1.66594,-6.03244,-6.00191,-3.64698,-3.20138,-6.71797,-9.38483,-7.76713,-6.00351,-4.91716,-3.06442,-0.516015,-0.80617,-1.02408,-0.646728,-0.0693741,-0.359314,-0.111031,0.287555,0.236286,0.438341,0.328427,1.67417,3.29092,4.28408
1.20538,1.36437,1.72605,1.53831,1.22305,1.05074,0.536052,0.214437,0.524282,-0.249558,-0.955499,-0.935811,-0.727204,-1.139,-0.837754,0.0918058,-0.0195355,-0.150958,-0.339776,-1.42274,-1.74444,-1.07035,-0.773009,0.362546,1.79202,0.85016,0.223564,1.4525,3.55237,3.97838,2.878,0.172546,1.50738,4.56751,3.55486,1.12578,0.0325942,-0.230684,3.11785,4.4187,3.49579,0.8472,-1.18223,-4.12538,-6.05682,-6.97765,-7.84036,-7.36251,-4.66087,-2.14842,0.0587957,0.495342,-0.671227,-1.3135,-1.52631,-0.128641,-1.07868,-0.971516,-0.877094,-1.23079,-1.1634,-1.22647,0.441664,1.58017,2.71968
1.13375,1.22142,1.99337,1.31878,0.825535,0.389182,0.744927,0.684485,0.36002,-0.149662,0.0957867,0.596148,0.301113,-0.748965,-1.30834,-1.06531,-1.6006,-1.1489,0.0431868,0.573653,0.228414,-0.436185,-1.3784,-1.66745,0.543575,3.11471,3.82859,3.51895,3.31806,3.43476,3.24298,3.37098,2.99519,-1.73976,-4.14269,-6.26045,-7.09424,-6.06912,-4.54489,-1.56745,2.6644,1.60444,-0.514116,-1.84024,0.0976713,2.0181,3.29406,2.60724,1.49236,2.05273,0.843995,-0.0795925,-0.409917,-0.879568,-1.66499,-1.03759,-1.58075,-1.61306,-1.71509,-2.0235,-2.32467,-2.34786,-0.597917,0.0786534,0.569204
1.51237,1.69262,1.59494,1.29766,0.972822,1.25703,2.65113,1.80052,0.189837,-0.716332,-0.512924,0.184074,1.13762,0.807747,-0.278583,-0.903969,-0.974665,-1.34402,-0.995772,0.607893,2.29196,1.29098,-0.637226,-2.43702,-1.62643,0.926173,3.24767,0.833461,-1.72623,-0.55529,3.50983,3.36606,0.983105,-2.49368,-2.04485,-2.56296,-2.5557,-3.70534,-2.41521,-2.60227,-1.96426,-3.02618,-2.67513,-0.218554,1.10617,4.62713,6.47932,5.71099,2.83577,0.248386,-0.869513,-0.733694,-0.543985,-1.04224,-1.57876,-1.4391,-1.47931,-2.00561,-2.66248,-2.74864,-2.73483,-2.11091,0.0273874,1.04312,0.860753
2.64981,2.96398,3.09769,2.86921,2.98365,2.6428,3.24212,3.20137,2.67859,2.13093,2.06616,0.180865,-0.14084,0.467988,0.00367486,0.560235,1.08618,0.456868,-0.838836,-0.901185,0.648061,1.64333,0.660594,-0.0724933,-0.207468,-0.983299,-0.782119,-0.665831,-0.944617,-1.16669,0.613634,1.14143,4.41569,6.27864,6.02369,5.13408,4.49301,1.99906,-0.210359,-1.64792,-1.78127,-3.85736,-3.99016,-4.6928,-6.54549,-4.67667,-1.23081,-1.1467,-2.57905,-3.21336,-1.83166,-0.594618,-0.419762,-1.25461,-1.85815,-1.75061,-1.80472,-2.88743,-2.73748,-3.03455,-3.00879,-1.33933,0.727309,2.32319,2.05515
2.40546,3.29494,3.61,3.73136,3.68438,2.81988,1.61206,2.49035,2.96503,3.50381,3.27233,1.51288,0.0938135,0.547885,0.926901,0.865319,0.193648,-0.522733,-0.984686,-1.24135,-1.31679,-0.24637,1.2664,1.6752,0.129179,-1.73458,-0.633638,-0.746075,0.0667765,-1.482,-4.24835,-3.4421,0.441964,1.63739,4.92436,4.9443,4.50385,3.98839,-1.4457,-5.85467,-1.03554,0.196655,-2.8607,-4.81983,-5.64074,-5.52882,-2.49866,-1.9785,-1.75715,-1.13533,0.10928,0.728147,0.0608741,-1.27159,-2.05696,-2.04438,-2.086,-2.53636,-2.51328,-3.11716,-2.86205,-0.815301,1.04974,2.93407,3.22917
2.62743,2.26032,2.32527,2.30152,2.6476,2.54006,2.15685,0.976716,-0.185944,0.00434421,-0.181209,1.33704,1.16197,0.983093,0.883634,-0.317855,-0.909742,-1.50326,-1.7058,-1.25833,-1.49587,-2.41469,-0.975765,-1.24621,-3.57151,-3.66313,-1.84323,-4.34597,-5.0356,-6.79629,-8.30092,-7.92907,-7.54318,-6.6489,-2.86307,3.27646,3.00182,2.75261,-0.134764,-3.35132,-0.427431,4.28258,1.64155,-0.5455,0.353197,-1.81359,-2.59258,-1.60599,-2.78292,-1.77656,1.80531,2.38665,0.598808,-0.796023,-1.49689,-1.79521,-2.11308,-1.96528,-2.22475,-3.06194,-3.23872,-1.2706,1.05291,2.86027,3.62043
1.92171,1.50485,1.07354,0.780813,0.972028,2.89077,3.09514,1.0296,0.135962,0.121479,-0.837235,0.0268389,1.35355,0.560303,-0.747349,-1.25471,-0.52415,-0.502822,-1.0129,-0.987323,-1.13371,-3.45291,-4.52683,-4.85252,-4.92584,-3.79683,-2.63273,-3.08377,-3.65226,-5.20299,-6.48944,-6.5624,-7.02142,-5.11868,-2.92367,1.34053,7.1448,7.47445,4.36257,1.91406,3.74742,4.90007,3.766,1.70569,-0.431294,-4.41119,-8.27323,-7.36386,-6.2964,-4.00273,-0.87387,0.568188,0.384296,-0.181313,-1.00889,-1.6688,-2.29609,-1.76329,-1.95051,-2.81788,-3.10266,-1.90079,1.23157,3.51844,4.15811
3.54138,1.94066,1.27662,0.852879,1.12673,1.77317,2.35536,2.13732,2.56212,1.05496,-0.625637,-0.91843,0.975429,0.680438,-0.174326,-0.47726,-0.4577,-0.786012,-0.736492,-0.0446984,-0.667473,-1.91055,-1.38142,-1.20401,-1.59899,-0.162087,-0.407461,-1.96459,-1.21641,1.75997,1.87798,-1.04802,-4.58658,-5.32926,-5.22582,-3.59947,3.80886,7.39019,6.56611,6.93645,7.1663,4.75314,4.52066,2.35261,-4.10767,-8.18521,-7.06905,-4.21999,-0.732315,0.883563,0.0112191,-0.318748,0.317713,0.603918,-0.292188,-1.04994,-1.74993,-1.90303,-1.75017,-1.9642,-1.92497,-1.70126,0.403143,3.38142,4.77257
3.77909,3.78777,4.02137,3.57524,3.3489,2.95082,1.88608,2.36975,2.6398,1.33588,-0.0683977,-1.22727,-0.994091,-0.920456,-0.715574,-1.05718,-1.74775,-1.71917,-0.508815,1.03555,0.112105,-0.479555,1.96461,2.74677,1.93971,2.23129,-2.42295,-6.84599,-6.52659,-1.81443,0.869792,-2.84176,-5.65038,-4.81526,-4.00802,-2.38826,-1.65883,-2.13721,0.652196,5.1085,5.53785,7.13137,6.95933,2.8242,-2.1086,-1.85322,-0.169639,2.30395,2.26788,0.718718,-0.87659,-1.51042,-0.381516,-0.0314632,-0.325269,-0.666227,-1.47587,-1.52108,-1.35549,-1.35521,-1.18508,-0.934285,-0.449007,1.00429,3.50183
3.64711,4.55103,5.16199,4.67516,3.82402,1.65887,-0.53689,-0.265771,-0.606976,-0.988057,-0.702103,0.163243,-0.771031,-3.171,-3.68833,-3.55734,-1.955,-0.753507,0.945855,3.5053,1.895,0.410224,1.18922,2.2213,3.11854,0.712277,-4.43858,-6.52764,-7.2049,-7.49226,-6.59905,-6.17823,-5.0733,-0.553712,2.11741,3.63054,-1.6142,-4.66602,-4.8556,-0.52128,4.50493,7.79727,8.06637,6.60725,5.50711,4.73396,3.87396,1.17327,-1.04306,-1.64899,-1.73104,-0.685287,-0.732416,-0.640005,-0.1434,-0.150838,-0.680394,-1.24615,-1.07369,-0.531537,-0.155103,-0.134637,-0.572936,0.292236,1.48634
2.73352,4.13175,3.78196,2.59459,2.27106,-0.122884,-2.54827,-3.31273,-3.23929,-3.22948,-1.78549,0.161201,0.356701,-1.20978,-2.3728,-1.56368,0.546673,3.43244,4.71736,4.82705,2.76173,1.38311,0.807591,3.57722,3.52953,-0.400215,-0.694984,0.804644,0.232967,-4.46087,-4.82383,-3.0685,-1.0224,0.6629,2.79672,3.68494,-0.721781,-0.585223,-0.923864,-2.84473,2.01973,5.5175,8.93777,8.36122,7.44198,8.36103,7.08935,3.6019,2.51844,0.159055,0.142308,0.672641,0.802467,0.782353,0.3566,-0.160759,-0.56422,-1.5324,-0.991908,0.0177846,0.0475824,-0.280665,-0.279308,0.784592,1.59298
2.58352,2.88924,1.53338,1.49659,1.66779,0.771073,-0.505686,-1.32186,-1.46932,-2.00237,-2.72821,-2.93393,-2.31492,-1.25458,-0.270607,0.904371,3.11854,4.97671,4.4507,2.69161,2.57722,4.07304,4.21054,3.74397,-2.25294,-4.63117,-1.33897,3.93845,3.3358,-2.04575,-4.37839,-3.17001,-0.408752,1.44411,1.87653,1.04383,2.61627,2.31293,1.51894,-4.42264,-5.71915,-5.19051,-1.16486,-0.558653,-1.76237,-0.566835,2.49371,2.92628,1.70446,0.235335,0.0538317,0.115427,0.214785,0.175391,-0.059088,-0.287364,-0.787322,-1.00388,-0.85557,-0.438347,-0.0514608,0.530592,0.77254,0.749524,1.13114
1.44623,2.76696,1.82603,2.77849,2.85162,3.02629,3.05205,1.33879,-0.517899,-2.3893,-3.55217,-3.52551,-2.77679,-0.967582,1.2656,2.34504,2.31082,2.6262,0.942019,0.805581,3.20311,4.78759,2.34118,-2.57355,-3.99169,-4.11324,-4.76678,-4.84446,-6.67339,-9.57059,-8.92629,-8.57097,-5.05048,-0.858469,-0.606389,-4.20698,5.39895,6.931,4.14122,-0.59188,-1.63867,-3.54454,-5.23295,-4.04622,-3.09247,-4.8936,-5.59712,-3.41468,-0.70956,-0.287831,-0.45092,-1.24841,-1.37074,-1.37391,-0.400652,0.210771,-0.00356639,-0.29247,-1.13251,-1.19596,-0.156097,1.35064,0.902572,0.415421,0.694357
2.51874,3.84203,4.06173,3.86896,4.17601,4.49096,4.65069,4.1125,1.5416,-0.653314,-1.49003,-1.22726,0.601435,2.21599,3.05612,1.69602,-0.481645,-0.831314,-1.07083,-1.70453,0.71716,2.45254,-0.317055,-1.10594,1.14845,-0.91849,-5.61733,-6.65764,-7.53169,-8.42767,-7.25647,-7.10718,-6.77001,-5.66228,-6.21384,-6.4469,1.02648,6.36955,7.05792,6.27682,7.50418,6.14072,3.76031,2.91324,4.33579,1.40235,-1.18341,-1.67653,-0.177939,-0.477615,-0.110546,-1.3448,-1.61781,-0.766118,0.566959,0.920198,0.257458,-0.394403,-1.59949,-1.85885,-0.927897,-0.112836,-0.336637,-0.414918,-0.288506
3.9858,4.35737,4.58941,4.12767,4.76799,5.13663,4.77946,5.06762,4.08041,2.8229,1.84575,0.780178,2.01641,3.83925,3.94606,2.50808,0.758427,-0.0674082,-0.708277,-2.16945,-3.44843,-3.29583,-3.62924,-2.9708,-1.08486,-3.81166,-4.81839,1.2999,5.46694,6.18451,2.76461,-1.12725,-4.2208,-6.11678,-5.63343,1.19785,-0.440147,-0.699207,4.24305,7.42356,10.8796,10.0969,8.15001,5.55261,6.93355,7.97347,6.18367,3.47908,0.597619,-0.184194,-0.402533,-0.735635,-1.39672,-0.509653,1.05496,1.03412,-0.11833,-0.920249,-1.5393,-1.73682,-1.6191,-1.05489,-1.1647,-0.747803,-0.719828
4.19079,3.7141,4.21546,4.64048,4.59678,5.27678,4.44537,4.73044,5.67092,5.92528,5.79668,4.72334,3.98549,4.25941,4.11076,3.39525,2.72382,2.36501,2.56508,1.55563,-2.97587,-3.83258,-3.33635,-3.74148,-3.05811,-1.1286,1.44531,4.49206,3.74598,1.77557,0.483816,1.87721,1.8262,0.961467,1.53515,2.56278,-4.37536,-5.68403,-4.35393,-0.00835375,4.99409,6.62275,7.3025,4.45869,3.27519,4.23502,4.30435,3.40903,1.31236,-0.78273,-1.65371,-1.66839,-2.40864,-0.840546,0.441685,0.506312,-0.0445177,-0.44474,-0.701521,-1.20082,-1.9168,-1.36651,-1.33181,-0.716354,-0.358402
4.40217,4.20115,4.59916,4.79556,4.31033,4.76774,4.44203,3.48791,3.78859,4.37667,4.62101,5.16875,4.59506,3.39443,3.46256,1.39046,-0.696351,-0.079322,2.61075,2.0245,0.525937,0.851732,1.66183,1.67125,3.03888,6.30426,7.29249,4.25564,-3.7984,-5.75204,-5.13121,1.11877,5.24196,6.42383,2.41948,-2.93358,-6.06721,-1.7823,-3.27668,-2.65861,0.66171,3.04739,6.6227,5.3085,1.24455,-0.094042,0.0118273,-0.203531,-1.34281,-3.19349,-2.93951,-2.91866,-2.96145,-0.467743,0.753329,0.538318,0.927642,0.483758,-0.0667517,-0.715612,-1.2041,-0.946285,-0.923311,-0.786285,-0.571013
5.73505,5.84063,5.05581,4.52398,4.27597,3.98088,4.21533,2.71547,2.3155,2.73362,3.19984,4.11025,3.88715,2.32951,2.87371,1.08349,-1.77808,-1.89958,1.61775,2.89662,4.09028,3.94293,2.48959,2.31158,6.11015,9.04274,7.40547,5.58585,5.54395,7.13269,7.93044,6.78293,5.84634,1.2622,-6.37447,-7.27149,-4.4813,0.749459,5.71992,5.20696,5.65077,6.67892,7.26579,7.65789,5.64831,2.36868,-2.10685,-4.71283,-4.12501,-1.87149,-0.670462,-1.24379,-3.07428,-1.54403,0.805754,1.12121,1.44836,1.42219,1.07137,0.630622,-0.0695947,-0.075993,0.00679942,-0.226801,-0.219381
3.81688,5.07917,4.14041,4.70919,4.02492,3.53867,4.06712,3.38917,3.38053,3.47562,2.96278,2.30073,1.73884,1.40092,3.03838,4.19314,2.46426,-0.33784,1.19173,4.02183,4.53739,4.30536,4.81163,5.27126,4.78785,2.66538,-4.47007,-1.35349,5.8569,6.73338,6.07603,2.80286,0.203958,-5.20777,-6.75751,-5.13237,-6.18638,-2.7132,5.06431,2.19806,1.67898,5.33015,7.82266,7.67202,6.15139,0.701244,-4.5372,-3.86051,-1.54233,0.478684,0.949929,0.768533,0.459484,1.08809,1.29835,1.53539,1.9113,2.0318,1.89935,1.84208,1.48701,1.0167,0.853627,0.659972,0.731357
0.308998,2.51675,3.44354,3.98244,3.92486,3.79136,3.5126,2.9225,2.24451,1.18384,-0.334114,-1.21323,-1.2776,-0.934051,0.857806,3.44961,3.54008,0.764837,0.0308989,1.61964,1.24838,1.59514,3.3245,4.35764,0.553846,-3.35488,-5.72295,-6.36536,-4.62816,-4.19477,-5.63067,-4.62628,-1.3924,-0.188437,-1.11413,-4.11235,-6.25385,-7.6456,-7.82172,-10.3089,-9.51887,-4.9711,2.67162,8.14254,6.94122,4.92811,4.9884,4.64264,1.55044,0.190729,1.84798,1.04237,2.4807,3.17232,2.40002,1.49413,-0.173378,0.23182,0.642424,1.95952,2.38762,2.39656,1.82076,1.76046,1.34054
0.848233,1.96537,3.70802,4.32191,4.08966,3.99762,3.53692,2.5695,1.60949,0.475634,-1.20351,-0.92858,-0.520827,-0.377415,0.348942,1.31484,2.05693,1.81402,0.040537,-0.782194,-0.495306,0.595333,0.513639,-0.806351,-3.44666,-0.916217,2.04705,1.24277,1.14714,3.31013,4.31423,3.81097,4.4499,5.26514,2.44896,-0.981528,-4.43023,-7.69149,-11.5934,-12.4625,-9.59622,-8.12082,-4.87723,4.14049,7.60038,6.2418,5.72481,4.12331,0.497097,-0.405151,0.680762,-0.0675933,0.0953989,-0.0475615,-0.324245,-0.887536,-1.95691,-1.25029,-0.520343,1.77687,1.3361,2.08692,2.66952,2.4631,2.06609
3.35564,3.5751,3.6653,4.0888,4.18232,4.05148,3.84391,2.94925,2.04314,1.38282,0.095561,0.688971,2.09012,2.90134,2.79396,1.93816,2.20804,1.92856,-0.126444,-1.52382,-0.777976,1.56626,2.42274,1.16348,0.449916,-0.161317,4.33999,5.62586,5.92076,9.55244,10.8343,9.63923,6.24151,5.79013,6.27124,4.26203,2.39711,-0.384563,-3.84787,-4.62807,-4.08713,-3.60565,-4.78322,-4.38203,-1.92271,-1.46166,-2.67344,-1.23217,-0.939542,-1.0307,0.382141,0.538858,-0.765075,-2.25342,-4.17026,-3.34345,-1.52165,-1.07633,-1.1323,0.668109,0.970322,2.41674,2.77246,2.71392,2.54367
