public/uploads/wind/vent_json/20200513/wind_field_17.json
{"header": {"parameterUnit": "m.s-1", "parameterNumber": 2, "dx": 0.051, "dy": 0.036, "parameterNumberName": "eastward_wind", "la1": 45.3082, "parameterCategory": 2,"nx": 177, "ny": 123, "refTime": "2018-09-30 00:00:00", "lo1":1.38177}, "data":
[rows 56 to 83 of 123, columns 64 to 127 of 177]
-0.203946,0.0868649,-0.154156,-0.140946,-0.166595,-0.111831,0.489582,0.851343,1.16786,1.33044,1.70205,2.19474,2.36254,2.82088,3.18826,3.82303,4.84909,5.42976,6.17592,6.90597,6.83674,6.87812,7.03405,7.36212,7.07896,6.32561,6.16117,6.38403,6.11362,6.1842,4.21013,4.30711,5.82103,6.19701,6.1856,6.55426,6.44991,4.83154,3.52195,3.18734,2.70268,2.64238,3.22149,4.18545,4.74431,4.28088,3.49585,3.33235,3.6254,4.50347,5.97448,6.97284,6.45227,4.86189,3.41587,3.78411,5.62216,6.12189,5.24778,4.11841,2.9244,2.24133,2.15971,2.43718
-0.0585682,0.042949,0.062623,0.405605,0.527323,0.124321,0.326993,0.765329,1.19043,1.70226,1.91501,2.37367,3.48686,4.142,4.63182,5.11219,5.29909,6.05492,6.73505,6.87374,6.81688,6.78999,7.04087,7.23308,7.4065,7.20567,6.73847,6.88388,7.01986,6.66995,6.30397,5.77139,5.40107,5.70552,5.4599,5.44689,5.30269,3.57574,2.10247,1.92103,2.51959,3.31746,3.8936,4.0625,3.80072,3.55651,3.64679,3.64848,4.16108,5.41296,5.95506,6.07757,5.65041,4.17072,3.28879,3.34168,4.47948,6.10164,5.66698,3.91058,2.80597,2.37567,2.42639,2.51876
0.0377449,-0.018712,0.272599,0.880016,1.18942,0.769482,0.555476,1.01706,1.6117,1.79235,2.38426,3.58923,3.86173,4.00317,4.91862,5.38778,5.94836,6.53815,6.79181,6.73538,6.85977,6.18874,6.05655,4.53648,3.91012,3.94271,5.20585,6.32552,7.35477,4.82158,7.38441,7.44941,6.80148,5.34566,3.69998,3.48678,3.2719,2.49206,2.25273,2.66823,3.05222,3.13185,3.18514,3.35276,3.67431,3.91125,4.06449,3.98913,4.57027,6.07045,6.51045,6.19158,5.71803,4.48233,3.62122,3.44598,4.40466,6.09603,5.63146,3.75888,2.83228,2.73984,3.09332,3.27997
0.152086,0.0801256,0.274316,0.906544,1.52024,1.49185,1.30083,1.26823,1.8601,3.07763,3.3352,3.46368,4.39507,4.65628,4.7116,5.54352,6.32274,6.46638,6.72244,6.59706,6.65164,5.84239,5.95066,4.64044,5.68605,6.03511,6.08753,5.53749,4.61986,4.47749,4.6488,6.14783,6.48772,1.68247,1.89239,2.47057,2.55104,1.82977,1.80301,2.20039,2.29275,2.54666,3.31678,3.76098,3.6659,3.5247,3.00108,2.71024,3.28129,4.5209,5.8906,5.90021,5.01146,4.78155,4.70022,4.153,3.83726,3.87497,3.59996,3.05618,2.88177,3.11584,3.27451,3.13217
0.322942,0.395345,0.51064,0.862988,1.5567,2.02727,1.83407,2.09787,3.12213,3.60673,3.69924,4.42466,4.53527,4.29223,4.88889,5.22962,5.66026,5.54173,5.61842,5.51598,5.87685,4.19873,4.6808,5.08548,5.98456,6.2673,5.58484,4.57605,3.88546,3.81033,4.50142,4.66793,3.87317,3.48572,3.33155,1.82461,0.854862,0.532825,2.17455,2.41272,1.61723,2.26404,3.11393,2.84196,1.92087,0.993041,0.62812,1.64087,2.87048,3.09535,3.54901,4.05247,4.49658,5.57436,5.61552,4.71447,4.23707,4.82669,5.75632,4.70183,3.05164,2.6124,2.55996,2.52318
0.575712,0.794747,0.930344,1.21401,1.54003,2.34906,3.26882,3.53984,4.00697,4.32822,4.51466,4.22655,3.828,4.55654,4.50845,4.7456,5.1711,5.98005,4.59414,5.16279,4.45899,4.00303,4.10637,5.1798,6.4006,5.88111,4.10488,3.13377,2.62638,3.29799,3.1239,2.3688,2.69317,2.94318,2.40562,1.66853,1.22325,0.80907,1.52195,0.113308,0.215741,1.94983,1.72266,0.670783,-0.158824,-0.0301565,1.21952,2.19079,1.95734,1.48474,1.81151,2.51827,3.10415,3.77078,4.07878,3.95292,3.99663,4.14687,4.0403,3.62339,3.09466,2.65744,2.53526,2.61866
0.90932,1.17943,1.46726,1.60009,2.06658,3.19372,3.65876,3.4482,3.21803,3.73817,4.68891,4.88322,3.98147,4.15485,3.34235,4.47419,4.35727,4.31395,4.47241,4.50597,3.66906,2.99136,2.86677,4.50317,5.88,5.20135,2.12987,1.13261,1.73401,1.91594,0.858046,0.34661,1.05979,1.84699,1.27893,0.432467,0.506133,-0.0530318,0.475494,0.055236,-0.909227,-0.35236,0.234804,0.271558,-0.326599,-0.2361,0.834745,1.60325,0.911796,0.215213,0.407059,0.765221,1.10275,1.47466,1.83013,2.00512,1.96732,1.79592,1.60985,1.48505,1.41619,1.43378,1.56285,1.74111
1.20061,1.52531,1.7868,2.20111,2.83808,3.48779,3.78991,3.97745,4.64941,5.04212,4.57997,3.88685,2.9764,3.57464,3.62177,4.09869,3.97647,3.77231,4.06554,3.9258,2.1206,1.19903,2.15023,4.06182,5.49038,3.53783,0.473606,0.215149,0.682394,0.213564,-0.503701,0.157262,0.871715,0.771438,-0.0222416,-1.38127,0.102511,0.332953,-0.204441,-1.68214,-2.89611,-1.9195,-0.786249,-1.05755,-1.04765,-0.565693,0.350837,0.841788,-0.215662,-0.850648,-0.691212,-0.984409,-1.19395,-1.1678,-1.09887,-1.14692,-1.32987,-1.43426,-1.45927,-1.42325,-1.31243,-1.13817,-0.915011,-0.721339
1.59353,1.9246,2.10119,2.35931,2.66089,3.16218,4.12891,3.80815,3.53942,4.66321,4.69599,3.26523,2.10607,3.2604,3.53925,3.98041,4.12045,3.80006,4.04545,3.31116,2.26684,0.817703,1.69159,3.42162,3.99368,1.60964,-0.243082,-0.288568,0.277326,0.213352,0.0713008,0.637118,0.797926,-0.299679,-1.35649,-1.47069,-0.410776,-1.18634,-2.03267,-3.24925,-3.18481,-1.60934,-1.68928,-1.97269,-1.04777,-0.323453,-0.222709,0.169063,-0.313058,-1.44259,-1.43155,-1.56108,-1.90627,-2.03671,-1.96858,-1.801,-1.77738,-1.74889,-1.66193,-1.57762,-1.48647,-1.39049,-1.20233,-1.00928
1.86465,2.23362,2.57605,3.09174,3.63224,3.56757,3.35543,3.79801,4.66047,5.27682,5.67379,5.58932,4.14244,4.00799,3.31052,4.21162,4.53802,3.89515,3.6962,3.91498,2.67782,1.68686,2.07776,3.04371,3.18143,0.88768,-0.175434,-0.134806,-0.413789,0.0673656,0.91888,1.3341,0.711601,-0.960546,-1.81346,-1.50907,-1.12473,-1.64883,-2.15428,-2.76539,-1.68735,-1.96271,-2.6336,-2.55703,-1.67343,-0.574609,-0.875853,-0.43047,0.0599567,-1.2591,-1.31153,-0.939367,-1.41643,-1.88843,-2.19113,-2.22849,-2.22351,-2.36673,-2.26149,-2.1261,-1.93732,-1.64932,-1.48827,-1.34457
2.29112,2.15131,3.03489,2.1391,2.85899,2.86974,3.65343,3.34416,3.86193,3.90859,3.61224,3.63506,3.10463,2.94327,2.8812,3.8868,4.34653,3.98976,3.36513,3.18826,3.04102,2.72102,2.87642,3.27754,3.22157,1.54301,0.855291,0.319804,-0.335371,-0.0540263,0.996816,1.53018,0.77632,-0.201137,-1.66154,-2.07487,-1.8298,-1.40049,-1.98733,-2.79638,-1.77176,-2.37377,-2.95747,-2.87373,-2.18703,-0.911671,-0.803735,-0.938299,-0.150826,-1.20775,-2.09083,-1.24134,-1.32758,-2.30434,-3.31111,-3.52254,-3.02799,-3.02585,-3.20044,-3.64557,-3.64411,-2.70981,-2.13194,-1.8218
2.40594,3.18159,3.03149,2.19049,2.27024,3.53724,3.37756,3.41213,3.35347,2.98328,2.53662,2.37072,2.29105,2.26521,2.55465,3.15733,3.51745,3.39664,2.85179,2.47976,2.44826,3.27891,3.23509,3.14651,2.27226,1.41768,1.40918,0.0551363,-0.708116,-0.193194,0.387895,0.631465,0.0242374,-0.73428,-1.33298,-1.90756,-2.00898,-1.69104,-1.64324,-1.87563,-3.10573,-2.1741,-2.17594,-2.50605,-2.83703,-1.48742,-0.380681,-1.11998,-0.742666,-0.303059,-1.08475,-1.72483,-2.02621,-2.91649,-3.32256,-2.73661,-3.48625,-4.23736,-4.25701,-4.16409,-3.66477,-4.00475,-3.9267,-2.93704
2.67239,2.95472,2.85508,2.84584,2.77947,2.96894,3.45084,2.41664,2.57842,2.20095,2.81914,2.67071,2.62388,2.45609,2.44032,2.26079,2.61269,2.85127,3.03979,2.59006,2.41834,3.06828,3.38285,2.60049,2.20415,1.34663,1.49217,-0.0642192,-0.87846,-0.462993,-0.346495,0.0799371,-0.422185,-1.60478,-1.84398,-0.877073,-1.392,-1.95945,-2.03651,-1.42427,-1.85116,-2.5855,-2.07362,-2.0254,-2.73549,-1.9051,0.378565,-0.282267,-0.966979,-0.933615,-1.57831,-2.669,-2.8215,-2.51477,-3.44127,-3.77901,-3.34772,-4.19611,-4.35443,-3.59841,-4.12955,-4.22632,-3.5608,-4.02375
2.4415,2.49205,3.3991,3.25783,3.03694,3.13105,3.12732,2.62059,3.97392,3.43409,3.57857,3.34689,3.57699,3.36471,2.89947,2.6725,3.04049,3.35482,2.78911,2.22877,2.15501,1.81881,2.57564,2.30551,2.18178,1.64625,2.00109,0.566446,-0.64028,-1.3187,-1.75385,-1.44619,-2.00272,-2.04816,-1.57101,-0.906122,-1.40186,-1.48516,-1.56071,-1.16135,-1.6483,-2.59747,-1.89773,-0.696893,-3.94568,-1.56917,0.844882,1.16192,-0.315828,-1.23098,-1.4231,-2.59469,-3.1176,-3.60215,-3.54534,-3.32548,-4.04037,-4.27101,-3.38249,-3.24327,-3.89761,-4.36183,-4.69223,-4.43349
2.10157,2.17761,2.50618,2.77281,3.60867,3.93926,2.61462,1.93947,2.85551,2.96655,3.21064,3.56994,3.66261,2.26593,2.61762,2.71663,3.42504,3.06319,1.20471,0.384563,0.82701,1.59457,2.09521,2.22914,1.3806,0.766271,0.336723,0.299273,-1.00362,-1.77706,-1.76881,-2.72688,-2.35754,-1.93245,-1.10868,-0.863647,-0.914018,-0.974451,-0.645937,-0.57202,-1.5813,-2.62398,-2.12831,-1.55922,-3.73851,-1.50986,-0.614234,-0.461495,-1.0174,-2.05888,-2.27392,-3.12175,-3.15736,-3.11357,-3.16606,-4.30681,-4.24444,-2.86775,-2.93612,-4.00016,-4.08979,-3.38228,-4.14971,-4.69542
2.11704,2.15836,2.51662,2.61366,3.01005,4.10094,4.28077,2.91085,1.01,1.68196,2.54133,3.31873,3.23265,1.84097,1.90479,2.67308,2.93482,2.42048,2.28082,2.13831,1.22841,1.46911,2.61552,2.95826,2.82634,0.815344,-0.11918,0.827568,0.193467,-0.592775,-0.207917,-1.14442,-1.36159,-0.948356,-0.325993,0.0274181,-0.178081,-0.217593,-0.795562,-1.65303,-2.33059,-2.7852,-2.64661,-2.59882,-3.35075,-2.10404,-3.56152,-1.04399,-0.793107,-1.81465,-2.43074,-3.46434,-3.29607,-2.68365,-3.20829,-4.26639,-4.27284,-3.08325,-2.40073,-2.91802,-4.06572,-4.2853,-3.7272,-4.08737
2.44504,2.35838,2.53217,2.72689,2.87949,3.9526,4.01384,3.21922,1.12374,0.893986,1.37086,2.34993,1.31071,1.03865,1.222,1.61014,1.23217,1.74747,2.35958,2.10306,1.98347,1.89799,1.87812,2.48742,1.99892,1.18431,0.681381,0.594324,0.793004,0.317377,0.221391,0.516455,0.887222,1.04627,1.42172,1.07909,0.477114,0.287289,0.0874831,-0.682443,-1.08695,-2.50478,-2.7209,-2.78628,-2.74429,-2.78612,-2.68442,-2.92619,-0.767174,-0.730576,-3.26869,-3.4923,-3.44111,-4.1167,-3.62065,-2.39311,-2.6379,-3.94051,-4.06592,-3.83561,-3.75514,-3.2293,-3.92641,-4.74172
2.33693,2.77512,2.71778,2.72905,3.33662,3.43633,4.16722,3.03445,2.96003,2.66548,2.87863,1.65669,1.9042,2.85974,1.88817,1.0587,0.914527,1.90202,1.85774,2.27786,2.09564,2.17041,1.5418,1.58401,1.608,1.78481,1.85127,1.16863,0.472666,0.378462,0.669465,1.27826,1.9301,2.16758,2.78223,2.54282,1.4532,1.46664,1.21252,0.135991,-1.2299,-2.30937,-1.97337,-2.4172,-1.98856,-2.08037,-1.79606,-2.24026,-0.777228,-1.2117,-2.84148,-2.79975,-3.44878,-3.56451,-3.78562,-4.11731,-3.17135,-3.48936,-3.89107,-2.91498,-3.16444,-4.06377,-3.83198,-3.12629
2.52421,2.44883,2.22298,2.36896,2.49555,2.78791,2.94085,3.50186,3.16358,1.69044,1.12454,1.31939,1.83512,2.30937,2.3042,1.51179,1.34986,1.88484,1.96816,2.6582,2.96538,1.86752,1.7103,1.55009,1.98136,2.63991,1.86235,0.766365,0.395253,0.469646,0.93754,1.86625,2.37326,2.40577,2.72853,2.72312,2.13432,1.60658,2.76626,1.25356,-0.205466,-1.16014,-0.814128,-1.36968,-2.04464,-1.37732,-1.38551,-1.89756,-1.14448,-0.591551,-2.49048,-3.35279,-2.20864,-1.68253,-3.12063,-4.37657,-4.37121,-3.64858,-4.01297,-4.12733,-3.73324,-4.53194,-4.13095,-2.64869
1.93315,1.89393,1.99246,2.10676,2.88115,3.62772,3.25669,3.12481,3.23013,2.09215,2.06625,1.35375,1.84906,2.30028,1.98625,2.12262,2.77191,2.76348,2.69228,2.50856,1.50314,0.562091,0.854198,1.11984,1.84491,2.19672,1.30537,0.0752741,0.047284,0.64015,1.23464,2.40098,2.48704,2.98539,3.89201,3.95259,1.75459,1.75338,3.46686,3.41224,1.78016,1.14708,1.23449,1.94804,0.0274452,-1.43912,-1.54872,-1.53523,-1.66923,-2.69084,-3.53661,-2.06621,-2.3924,-2.23803,-3.15471,-4.71436,-4.50572,-4.69693,-4.57366,-3.77841,-4.45298,-4.39308,-2.84422,-2.65438
0.994313,1.57836,1.36937,2.31642,1.96079,2.62332,2.49188,2.82487,2.31471,2.85701,1.97675,1.96589,2.05783,2.21508,2.00209,2.33077,2.42466,2.36545,3.15478,2.91827,1.01738,0.143622,0.220303,0.890219,1.39491,1.72644,1.76962,0.620297,-0.0425486,0.0367918,0.61429,1.92822,2.6925,3.31701,4.28395,3.8835,2.5501,3.26523,4.36856,4.26913,3.86164,3.54857,4.36822,5.14529,3.21214,0.0949754,-0.727508,-1.48175,-1.5428,-1.64154,-1.82769,-1.80088,-2.362,-3.68573,-2.49443,-2.876,-4.01588,-4.70359,-4.63072,-4.81831,-4.6956,-4.01007,-3.32136,-2.52558
1.03815,0.787347,1.5471,2.39807,2.62176,2.0189,1.86957,1.45735,2.50201,1.4156,1.10339,0.668912,1.00549,1.05536,1.6948,2.37789,2.53973,2.02246,2.63583,2.49388,1.6387,0.202082,-0.0982753,0.793269,1.52872,1.94207,1.77598,1.81705,1.02273,0.0932342,0.218592,1.82262,3.45094,3.99247,3.75,3.6144,3.6253,3.4033,3.66906,4.13741,5.19113,5.74517,6.34214,5.7712,2.98627,0.213832,0.500923,0.149914,-0.841476,-1.29402,-1.48445,-1.78407,-2.3757,-3.21901,-4.04077,-2.97194,-4.11778,-5.20579,-4.83253,-4.1285,-3.67767,-3.20161,-3.03615,-3.096
1.83713,1.84762,2.30352,2.16509,2.22654,1.34064,0.883633,1.05327,1.64318,1.43389,0.853758,0.570235,0.223501,0.417862,1.7697,3.38652,3.68774,2.18974,1.25689,2.29943,1.70735,0.373907,-0.792337,-0.0376763,1.37169,2.26923,1.34785,1.19645,0.934776,0.138002,-0.124977,1.2107,3.40516,3.8636,3.5763,2.92757,3.65032,3.27541,3.3588,3.75718,5.54492,6.43985,6.6018,4.8008,2.74364,2.49252,2.52526,0.723307,-1.27386,-1.37174,-1.17661,-1.63473,-1.62212,-2.49057,-3.32679,-3.06946,-2.81023,-3.52549,-3.8036,-4.72919,-3.58106,-2.75509,-2.27887,-2.46411
2.17803,2.34334,2.82815,2.72192,2.74835,1.69689,1.26142,1.32236,1.21746,0.500475,0.749621,1.05588,1.07292,1.11933,2.30698,3.30743,3.36576,1.75131,1.2362,2.83567,2.84258,1.85629,-0.0685544,-0.513363,1.17657,1.96395,1.25811,0.934224,0.38443,-0.25106,-0.165791,1.60213,3.7696,4.71225,3.10967,0.973811,0.842068,3.798,4.9339,4.71355,4.79936,4.82358,2.88263,1.0309,1.252,2.35862,1.14949,-1.68683,-2.37702,-1.1592,-0.228076,-0.237074,-0.209328,-0.83498,-2.22444,-2.1332,-1.4845,-1.20119,-2.18398,-3.88965,-4.21369,-2.94493,-3.53451,-2.88758
1.78242,1.61163,1.76219,2.10061,1.30441,1.26661,1.04867,1.15351,0.873438,1.17878,1.52275,1.61684,1.08049,0.985037,1.37127,2.61451,2.6918,1.668,1.77715,3.39173,3.88827,2.5397,0.783014,-0.0515906,0.470465,0.910078,1.03682,0.461322,-0.236128,-0.387229,0.10733,2.1329,4.44391,4.97331,2.5469,0.650957,0.113496,3.16767,6.39741,6.50782,3.96432,1.64466,-0.655737,-0.697459,-0.559197,-1.06978,-3.09523,-3.64901,-2.04348,-0.306435,0.267844,0.635544,0.996041,0.0318577,-0.847232,-0.878707,0.0134423,1.09601,0.432977,-2.60177,-3.61482,-2.74071,-2.84329,-3.49726
1.6229,0.405541,1.02214,1.47505,1.2173,1.55768,1.12089,0.238081,1.10222,1.67871,2.51329,1.94337,1.15129,0.684055,1.05074,1.91536,2.80181,1.94982,2.56769,4.15333,3.406,1.37331,0.927557,0.599636,-0.392279,0.0661509,1.03492,0.463041,-0.547966,-0.667677,0.244546,2.80181,4.4457,2.923,1.29332,2.3316,2.70603,3.82621,6.65263,6.98481,3.94115,-0.102482,-1.66815,-1.10494,-0.746153,-2.67103,-3.41985,-2.27077,-0.813643,0.111843,0.795089,1.08054,1.38427,0.914034,0.207224,0.0422014,0.515868,1.95204,1.35028,-0.775039,-2.62591,-1.82676,-2.31088,-2.7039
1.33844,0.450203,0.659651,1.50567,1.14611,0.360283,0.177603,0.57554,0.803221,0.991774,1.61603,1.21594,0.642861,0.523763,0.228954,1.49255,3.11493,2.41469,1.2758,3.36238,3.08888,1.04792,1.27348,0.459859,-0.926952,-0.627888,0.836616,1.78278,0.849308,-0.102345,0.806927,2.96052,3.28226,0.829213,0.861431,2.43047,2.91956,5.42054,8.03496,5.56885,0.52357,-1.97182,-2.18077,-1.976,-1.43045,-2.11903,-2.63921,-1.31315,-0.581681,0.197557,1.38615,1.83697,1.15167,2.54523,2.25119,0.760757,0.212449,0.88433,1.14459,0.112065,-1.06509,-1.44644,-1.83728,-1.92499
1.19306,1.05226,1.06293,1.33516,-0.404778,-1.46,-0.547441,-0.0632426,-0.403813,-0.434772,-0.212639,-0.388982,-0.92353,-0.806752,-0.127592,1.89559,3.73576,3.12834,1.37774,2.43426,2.57047,0.889079,0.350826,-0.0374903,-1.4258,-1.2373,0.626652,2.47473,2.10197,0.221353,0.28769,1.5273,2.18667,0.998927,1.7315,2.95718,3.72342,6.56268,7.87777,3.54854,-0.931491,-1.33407,-1.77369,-1.77904,-0.378568,-0.990564,-2.15504,-0.967837,0.00247528,0.61425,2.07701,1.26361,0.885647,3.60519,3.2394,0.580286,-1.15325,-1.68098,0.449404,1.25553,-0.487151,-1.68513,-2.07662,-1.3436
