public/uploads/wind/vent_json/20200513/wind_field_01.json
{"header": {"parameterUnit": "m.s-1", "parameterNumber": 2, "dx": 0.051, "dy": 0.036, "parameterNumberName": "eastward_wind", "la1": 45.3082, "parameterCategory": 2,"nx": 177, "ny": 123, "refTime": "2018-09-30 00:00:00", "lo1":1.38177}, "data":
[rows 0 to 28 of 123, columns 0 to 63 of 177]
6.43427,5.80092,5.23183,4.99683,4.96138,4.99231,5.0984,5.25497,5.41063,5.56625,5.68399,5.78044,5.86584,5.93856,5.97655,5.95439,5.84435,5.75472,5.66585,5.56182,5.47309,5.32756,5.12658,4.9675,4.91811,4.96825,5.10703,5.29547,5.54357,5.70036,5.58073,5.23201,4.70849,4.12615,3.56831,2.93117,2.15884,1.24265,0.628826,0.730303,1.55913,2.58912,3.31619,3.82767,4.05471,3.99397,3.54764,3.03833,2.78186,2.8727,3.07589,3.05678,2.98709,3.06057,3.30141,3.72332,4.16007,4.44982,4.56729,4.66922,4.90449,5.24127,5.52291,5.62878
6.35697,5.58608,5.32591,5.30308,5.32636,5.4001,5.30383,5.19175,5.35326,5.52956,5.82643,6.11288,6.15357,6.16847,6.06111,5.84674,5.92209,6.00238,5.61285,5.37746,5.58783,5.49533,4.95374,4.48975,4.35711,4.47034,4.70538,4.92015,5.08539,5.18661,5.13963,5.13261,5.07115,4.59241,4.2161,4.14943,3.41753,1.88796,1.26172,1.6744,2.29605,3.16675,3.78414,4.11117,4.36879,4.50475,4.58202,4.37343,3.98604,3.92891,3.98082,3.98616,4.10184,4.22072,4.25717,4.29822,4.44598,4.6783,4.86871,5.02678,5.19781,5.30967,5.47235,5.82928
6.16659,5.68329,5.5062,5.34537,5.44441,5.54092,5.53729,5.63623,5.83549,5.84435,5.64825,5.59967,5.6469,5.81679,5.9652,5.94589,5.80563,5.59241,5.30319,5.28515,5.46399,5.42887,5.10819,4.51263,4.05386,4.133,4.44802,4.67718,5.00421,5.35658,5.21753,4.8727,4.9703,5.13377,4.96831,4.27319,2.98323,2.23435,2.25215,2.30777,2.71636,3.14813,3.36027,3.71822,4.03152,4.17916,4.26631,4.39682,4.13796,3.65506,3.6727,4.0281,4.2912,4.34748,4.21627,4.04183,4.17851,4.59462,4.8797,5.05193,5.08758,4.9067,5.06616,5.66543
5.75526,5.88488,5.32431,4.85923,4.79751,4.84372,4.91856,5.02364,5.56781,6.17937,5.89083,5.42581,5.42947,5.83152,6.36932,6.26005,6.07913,6.421,6.26983,5.37846,5.13024,5.35385,5.15056,4.8133,4.17431,3.97977,4.75745,5.11381,4.72277,4.83607,5.2921,5.3043,5.28598,4.84437,3.77615,2.85446,2.2615,2.2218,2.51796,2.91198,3.41708,3.66329,3.53278,3.47866,3.83198,4.16357,4.22171,4.28699,4.24078,4.07497,4.15332,4.27098,4.24267,4.25745,4.175,4.10036,4.33161,4.57109,4.76368,4.88954,4.6738,4.45307,4.74178,5.43115
5.62141,5.94456,5.64206,5.7166,5.65799,5.63083,5.14347,4.72932,5.91778,5.89713,5.29498,5.93207,6.43437,6.86433,7.45805,7.02846,6.14458,6.13519,5.94821,5.83302,6.02932,5.22415,4.23104,3.33496,3.23356,4.40595,4.7873,3.77649,3.69111,4.78454,5.46973,5.33737,5.11417,5.26563,4.08339,2.47435,1.82301,2.04652,3.42703,3.70779,2.84232,2.46507,2.41855,2.47061,2.44697,2.43993,2.27398,2.51205,3.78009,4.13442,3.39895,2.97989,3.01033,3.14471,3.35536,3.59703,3.89843,4.22866,4.39645,4.62039,4.68642,4.98273,4.71705,4.31909
5.53465,5.67967,5.57655,4.93044,4.23256,5.22619,5.42125,5.07731,5.96974,6.2089,5.95392,6.11185,6.73056,7.53817,7.34285,6.7203,6.3587,5.89341,5.80393,5.41712,4.71184,3.92433,3.77684,4.6039,4.21652,3.153,3.47648,4.26556,4.60925,4.99216,5.06084,4.79948,4.83585,5.27712,4.51327,2.40237,2.00923,3.33641,3.75931,2.78524,2.3277,2.2523,2.57796,3.54921,3.84794,3.69991,3.53798,3.78365,3.51212,3.18527,3.76135,3.96728,3.88437,3.88903,3.97074,4.08927,4.18018,4.23077,4.40276,4.42022,4.75722,4.54524,4.27082,5.14229
5.24871,5.2359,4.71461,4.33749,5.02347,4.90684,4.63808,5.85907,6.51495,6.26744,5.98014,6.39763,7.09239,6.797,6.4976,6.7168,6.58169,5.29847,4.13165,4.22872,5.55264,5.33589,3.92676,4.59019,4.6585,3.6404,4.13911,4.46814,3.69805,4.08173,5.15533,5.42063,5.45019,4.7062,2.94007,2.39573,3.56686,3.90285,2.84278,2.02149,1.78487,1.88142,1.98133,2.37433,3.05082,3.19918,3.44416,3.1645,2.76868,3.38267,3.47875,2.72793,2.76961,3.58573,3.9775,3.95369,3.99365,4.12349,4.27822,4.406,4.55635,4.87569,4.96908,5.41778
4.88504,4.26364,3.87399,4.59357,4.74691,4.60307,5.66844,6.39051,6.67452,6.08998,5.42496,6.46199,6.96833,7.09066,6.86962,5.75052,5.61473,5.10813,4.58102,5.39724,4.9663,4.24618,4.92387,4.72131,4.00148,4.38586,4.3127,3.24176,3.33531,4.78925,5.08831,4.82293,5.09674,3.98539,2.13657,1.42205,1.65721,1.86926,1.71823,1.61394,1.93809,2.44924,2.81071,3.01921,2.82828,2.69046,2.87502,2.80217,2.51723,2.10275,2.06739,3.17854,3.48453,3.15354,3.54152,3.79821,3.83833,3.91156,4.16355,4.2746,4.69441,4.53492,4.28431,5.17673
3.65057,3.11657,2.76062,2.59528,3.16752,4.58255,5.7977,6.84637,7.15757,6.95336,6.61952,6.31403,6.71119,6.08878,4.91573,5.41144,5.53873,4.07553,3.58212,4.81708,5.25784,5.23669,4.90521,4.18741,4.59651,4.3649,3.69315,4.05566,4.10098,4.32872,4.57721,4.65586,5.09889,4.13919,2.05658,1.68702,3.0518,3.23668,2.21852,1.77946,1.84193,2.12144,2.4107,2.84089,3.52605,3.47611,2.86909,2.50133,2.42007,2.42987,2.30473,2.36185,2.82617,2.83907,2.87486,3.61711,3.92088,4.0312,3.89916,3.44449,3.23365,3.7544,5.00223,5.10146
2.65397,1.52053,1.71035,2.4252,3.47001,4.45225,5.70336,6.52923,7.0066,6.89652,5.41361,4.85803,5.92675,6.30428,6.1939,5.677,4.03818,3.27126,4.35108,4.82883,4.25296,3.79388,3.78228,4.57938,4.49758,3.60244,3.85666,4.11403,3.86787,3.98459,4.49515,5.16238,4.70044,3.17002,1.29775,0.368492,1.20469,1.84624,1.71138,1.40585,1.38386,1.54806,1.99163,2.87761,3.09619,2.63844,2.12733,1.86434,1.7392,1.99575,2.79814,3.0387,2.53691,2.62086,3.53263,3.66906,3.09545,2.96148,3.11202,3.15345,3.1321,3.07364,3.24009,3.32127
0.577577,1.24427,1.79708,2.09791,3.31318,3.70206,5.02364,4.95662,4.93671,5.15168,4.94056,4.77768,5.04753,5.33338,5.60415,5.74044,5.17038,4.93536,4.73049,3.79406,3.11669,3.33257,4.46592,4.4543,3.61645,3.80207,3.63072,3.67248,4.54954,4.80065,5.1135,5.08163,3.44419,2.33515,2.93784,2.59852,1.34874,0.882697,0.89873,1.36834,2.04732,2.39164,2.59997,2.98265,3.17666,2.81944,2.32153,2.00773,1.92669,2.19969,2.40186,2.25915,2.04801,2.20312,2.64291,2.79892,2.61707,2.57286,2.65898,2.96272,3.0514,3.46504,5.00429,5.36239
0.0153179,0.477565,1.33077,1.66549,2.4757,3.69893,4.73819,4.4554,3.22021,2.29541,1.1614,1.85609,3.32325,3.68746,2.96855,2.41505,2.27626,2.52082,3.25883,4.4195,4.23374,2.9615,2.65724,3.34124,4.05004,3.40679,2.9446,3.93344,4.86721,5.37282,4.93695,3.46344,2.79093,3.4074,3.45321,2.68487,1.91347,1.40701,1.16938,1.62515,2.21631,2.14895,2.30374,2.38424,2.0811,1.80106,1.80352,1.85232,1.82344,1.80967,1.98422,2.17561,1.86443,1.673,2.0833,2.53957,2.71677,2.69489,2.59439,2.59646,2.91141,3.11345,3.72113,5.27002
1.75525,1.7846,1.08097,1.14943,2.19581,3.46477,4.66755,4.03775,1.75522,0.851268,1.37024,2.57674,4.08998,3.78562,2.13026,1.43722,1.25212,1.94045,3.61429,4.35225,3.64332,2.38536,1.67365,1.75613,2.59255,3.28009,2.99066,2.94761,3.72981,4.27285,4.07316,2.91263,1.6184,1.64204,2.05382,2.05832,1.99167,1.57066,1.19035,1.27181,1.49055,1.44378,1.88915,2.9384,2.88191,2.11158,1.77149,1.72809,1.74067,1.49291,1.40126,2.08353,2.78772,2.60524,2.26844,2.92617,3.78382,3.31656,2.52435,2.38074,2.59586,2.72513,3.19084,4.49092
1.29425,1.18,1.34907,1.26044,2.07812,3.21749,4.05071,3.14576,2.73885,3.02544,3.63077,2.75331,2.48039,1.14444,0.780286,0.543748,0.805385,2.45263,3.34321,3.10175,2.94093,2.14323,1.8061,2.76215,3.09776,2.7121,2.7348,3.61093,4.66706,5.10957,4.01888,2.05071,0.746918,0.477032,0.933129,1.28884,1.37398,0.868228,0.786933,1.36741,1.70355,1.85882,1.83358,1.84756,2.08096,2.42555,2.51401,2.47825,2.47952,2.30175,2.00976,1.90851,2.00508,2.13466,2.19264,2.19329,2.11092,2.22285,2.65886,3.25519,3.77913,4.00308,4.28869,4.31311
4.12075,3.91912,0.645296,1.46054,1.92128,2.73485,2.91727,1.27848,1.78091,4.22197,4.17148,1.48966,0.427797,0.690892,1.06789,0.986158,0.452275,1.17618,2.14926,2.4718,2.46733,2.43602,2.72774,2.92346,2.6559,2.68694,3.42902,3.93873,4.47283,4.88734,3.2544,1.26693,0.367862,0.0122997,0.417426,0.873068,0.913366,0.806681,1.17805,1.79395,2.15206,2.36306,2.48558,2.52995,2.47034,2.30483,2.21651,2.312,2.33312,2.37529,2.61752,2.68536,2.56014,2.69141,2.97438,2.97429,2.69716,2.41875,3.03171,4.58358,4.71093,4.01248,4.74559,4.63669
6.28532,6.07373,0.478388,1.82574,1.32456,2.18052,1.59578,1.14172,1.77667,3.44108,3.10794,2.18718,1.17108,0.692641,0.836053,1.3094,0.692832,0.403116,1.15872,1.83592,1.81688,1.59443,2.04972,2.6258,2.52917,2.29277,2.8261,3.64942,3.91932,2.93965,1.67471,1.14004,0.515455,0.164731,0.368066,0.582314,0.510305,0.665902,1.24468,1.6392,1.92337,2.1436,2.10677,1.76096,1.55788,1.86355,2.01394,1.83771,1.87819,2.30019,2.75943,2.7742,2.42102,2.23625,2.27359,2.25497,2.24719,2.18378,2.19463,2.55376,2.36595,2.48213,3.56917,3.95688
7.11019,6.84761,0.383273,1.73224,1.48851,1.82489,1.41787,1.32511,1.5877,1.8344,1.34396,0.832112,1.17201,1.12792,1.09308,0.723078,0.34589,0.226678,0.592981,0.854618,0.864056,0.97064,1.4648,2.06216,2.4614,2.59573,2.75963,2.80335,2.14849,1.33814,1.25219,1.16627,0.687743,0.462667,0.459811,0.276239,0.089058,0.458251,1.1227,1.51873,1.52769,1.43039,1.1362,1.0664,1.26882,1.556,2.22154,2.25756,1.76218,1.75757,2.01597,2.11367,2.32519,2.53641,2.64781,2.82517,3.03018,3.06808,3.08586,3.23667,3.18931,3.43602,3.5933,3.59388
7.99978,6.80113,0.831716,1.46729,1.22164,1.24577,0.0767548,-0.00796055,0.659949,1.21543,0.544946,-0.0576098,0.454681,0.939548,0.96441,0.796471,-0.152136,-0.299094,-0.157942,0.0836062,0.780348,1.29084,1.88427,2.43965,2.25345,1.95939,1.57882,0.889493,0.524443,0.976095,1.69491,1.56084,0.899255,0.624952,0.480518,0.145389,0.16757,0.898236,1.55801,1.81685,1.76976,1.25599,0.99628,1.02174,1.05941,1.4692,1.79334,2.09641,2.19672,2.14518,2.28578,2.19059,1.69292,1.68886,2.6902,3.16855,2.80477,2.61417,2.78726,3.09507,3.11385,3.1187,3.00693,3.28345
3.93622,3.43252,1.26359,1.0612,0.841072,-0.152545,-1.09965,-0.383426,0.272326,0.702543,0.457492,-0.103448,-0.155804,-0.543898,-0.25178,0.0397353,-0.545999,-0.472823,-0.432437,-0.453027,-0.215016,-0.00480035,-0.0587506,0.275438,0.77876,1.00748,0.802448,0.0956154,0.0560713,0.78988,1.54683,1.44099,0.814525,0.541564,0.390904,0.0555685,0.303142,1.15047,1.77022,1.8945,1.81069,1.54328,1.06676,1.03102,1.15738,1.36918,1.68586,1.99174,2.23053,2.13139,2.13802,2.26243,2.47768,2.37886,2.10761,2.3846,2.64471,2.54547,2.32798,2.62902,3.49165,3.31199,2.68977,2.78213
2.57295,2.70832,1.75155,1.05678,0.326506,-1.08798,-1.78163,-0.397828,0.259619,0.495355,0.533391,0.0201603,-0.496704,-0.951972,-1.26943,-1.82878,-1.86268,-0.933279,-0.500112,-0.110016,0.241121,-0.282588,-0.317025,0.450389,0.453482,0.324799,0.466466,0.0349711,-0.0275754,0.889395,1.80702,1.77273,1.15119,0.724639,0.174738,-0.231967,0.39201,1.35869,1.68657,1.60789,1.33079,1.25932,0.754385,0.424931,1.09172,1.3637,1.36692,1.43912,1.89865,2.48188,2.31992,1.8982,1.87264,1.84203,1.64782,1.59719,1.61159,1.704,2.11119,2.74692,3.08757,2.85344,2.96469,3.20111
1.75937,1.84856,2.049,1.20926,0.468163,-1.70702,-2.68652,-0.948818,0.100016,0.311856,0.726325,0.53345,0.0426443,-0.590528,-1.23683,-1.92508,-1.50452,-1.43069,-1.39166,-0.523938,1.38684,1.74794,1.36045,0.763269,0.357362,0.100893,0.406812,0.0644617,-0.201091,0.624141,1.02126,0.932107,0.920749,0.571676,-0.226655,-0.394899,0.681249,1.64698,1.82621,1.44292,0.631624,0.604327,0.837711,0.409729,0.67203,0.939086,1.03116,1.36879,1.27754,1.40494,1.79968,1.91374,1.85514,1.88953,2.04571,2.11242,2.11694,2.13314,2.19348,2.39974,2.32676,2.1994,2.34396,2.6067
1.91022,1.85096,1.78055,1.20263,0.1093,-2.22981,-3.35593,-1.26827,-1.19204,-0.594783,0.81818,1.0533,0.324789,-0.329737,-0.492961,-0.164171,-0.163685,-1.25094,-1.98541,-0.640929,1.07031,2.63695,1.7213,0.520588,-0.30008,-0.174969,0.369349,0.412927,0.0226143,-0.249235,-0.255873,0.0608468,0.616768,0.401284,-0.266619,0.111545,1.16975,1.86362,1.7884,1.43441,1.14784,1.09454,1.3467,1.16111,0.822082,0.891548,0.825143,1.21799,1.87703,1.76146,1.56973,1.75891,2.00181,2.14329,2.24216,2.28638,2.42154,2.70717,2.99002,3.22857,3.07707,2.96998,2.94847,2.94236
0.754697,0.589162,1.93754,0.784297,-0.850787,-1.51514,-3.03772,-2.40752,-2.46842,-1.23703,0.191692,1.18329,-0.114241,-0.526854,0.533717,1.10876,0.948206,0.807584,0.239736,0.288504,1.21997,1.55712,0.508414,-0.313908,-0.809225,-0.380281,1.14788,1.25237,0.697313,-0.0237967,0.0263056,0.0020765,-0.14169,-0.0449007,-0.062551,0.243462,0.977004,1.47712,1.71401,1.44883,1.17522,1.03404,0.923289,0.704657,0.393353,0.622937,0.850098,1.19332,1.66592,1.89865,1.83758,1.4807,1.27542,1.49121,1.7308,1.89734,2.23438,2.46319,2.53365,2.5334,2.53246,2.68333,3.02903,3.41563
-5.02507,-4.72802,3.29768,0.277161,-0.0901065,-0.490185,-2.60532,-3.07397,-2.71414,-2.0335,-0.190751,1.00158,-0.789395,-2.02281,1.53548,1.89399,2.24723,2.95366,2.02003,1.42107,1.04578,0.977657,-0.0692433,-1.32186,-1.35982,-0.139424,1.97931,2.47623,0.911589,0.419981,0.118577,-0.318152,-0.671075,-0.327047,0.133177,0.389899,0.649842,1.03783,1.49729,1.13823,0.516442,0.41441,0.453097,0.298699,0.193007,0.523691,0.874296,1.1109,1.25083,1.30479,1.34532,1.40571,1.42587,1.6743,2.02666,2.18031,2.44733,2.32369,1.91697,1.92483,1.9589,2.40521,3.57154,3.71076
-0.651504,-1.31279,1.82422,0.237022,0.132038,0.120047,-2.24497,-3.30027,-3.27403,-2.84272,-0.694876,1.77509,-0.143204,-2.68705,0.759543,4.0368,4.72282,4.41598,2.71347,1.16343,1.76563,1.9765,0.264353,-1.05275,-0.948591,-0.0547905,1.23311,1.72694,1.51893,0.639223,0.510138,0.0682673,-0.0205245,0.358952,0.670042,0.95067,0.992652,1.03532,1.36985,1.14231,0.437354,0.196153,0.268633,0.0300464,-0.113393,0.18134,0.294921,1.23457,2.05936,1.47397,1.17064,1.41798,1.75982,1.94078,1.75551,1.70115,1.95998,2.17691,2.356,2.46938,2.53527,2.62285,2.7955,3.02944
-0.190043,-0.777226,1.52057,0.552102,0.0530416,0.852709,-0.57875,-2.93075,-3.78955,-3.05219,-0.258476,2.60655,0.327721,-1.78161,1.19752,4.09024,4.59624,3.38235,1.52996,2.12532,3.35927,3.21755,0.875542,-0.423436,-0.788663,-0.770494,-0.963884,-0.457555,1.07638,1.41163,0.75557,0.701242,0.620537,0.769726,0.992741,1.26984,1.57536,1.6908,1.6185,1.6747,1.08324,0.242251,-0.0704236,-0.387202,-0.13446,0.205362,0.498132,1.16826,1.50002,1.2132,0.912644,1.10505,1.33947,1.38281,1.38428,1.59671,1.65299,1.91529,2.61168,2.5651,2.21448,2.15196,2.66924,3.94399
2.37775,0.959328,1.46232,0.660556,0.666456,0.755701,-0.306883,-2.18998,-3.7177,-1.78521,1.50759,4.47453,2.23618,-0.282187,0.753319,2.3019,1.79289,1.65514,1.8081,2.72573,3.5986,2.94368,0.763848,-0.00753823,-0.736223,-1.25769,-2.17463,-0.539652,0.986724,1.65288,1.44506,1.4479,0.898351,1.21473,1.3645,1.51587,1.77632,2.05702,1.71792,1.22883,0.974349,-0.143272,-1.04351,-0.795747,-0.0776669,0.679797,0.819254,0.493991,0.493505,0.614285,0.775642,1.11893,1.26494,1.16647,1.22987,1.49001,1.70752,1.89668,1.95967,2.21296,2.46323,2.91777,3.91688,4.0029
3.56401,2.64634,1.99958,0.200062,-0.0466769,0.301566,-0.276465,-1.17262,-2.92803,-1.96852,2.38963,3.6229,0.54569,-0.40125,0.00621227,-0.264345,-0.163459,1.6889,3.76936,3.71787,3.76426,2.28554,0.818241,0.381785,-0.506371,-1.60996,-0.767032,0.834817,1.82314,1.1825,2.259,1.83411,1.70423,1.52923,1.87798,1.87285,2.00358,2.07013,1.4675,0.429678,0.121093,-0.633475,-1.00612,-0.461005,0.40259,0.397073,0.115847,0.95701,1.23512,1.35555,1.0799,0.697972,0.861655,1.24378,1.71784,2.09213,2.34347,2.31548,2.40077,2.3779,2.5863,3.56167,3.97424,4.07819
3.63286,3.13372,1.71974,0.614814,0.055021,-0.767163,-1.71378,-1.45283,-2.20946,-2.29285,2.1842,3.87613,0.695106,-0.882472,-0.638565,-0.87695,-1.45783,0.621856,2.39795,3.15804,3.37959,2.28254,1.36733,0.433214,-1.38378,-2.02071,0.717806,2.91136,1.97928,1.53136,1.71764,1.62775,2.04282,2.03889,2.49402,2.47015,2.35023,1.90808,0.848313,-0.343245,-0.586579,-0.495146,-0.829573,-0.720555,-0.187245,-0.299653,0.174798,1.19161,1.27613,0.961416,0.744367,0.890274,1.0433,1.25251,1.748,2.14384,2.38174,2.45289,2.53953,2.43743,2.76843,3.78228,4.04335,4.12913
