public/uploads/wind/vent_json/20200513/wind_field_10.json
{"header": {"parameterUnit": "m.s-1", "parameterNumber": 3, "dx":  0.051, "dy": 0.036, "parameterNumberName": "northward_wind", "la1": 45.3082, "parameterCategory": 2,"nx": 177, "ny": 123, "refTime": "2018-10-03 01:00:00", "lo1":1.38177}, "data":
[rows 28 to 55 of 123, columns 64 to 127 of 177]
1.85226,1.80842,1.18606,0.315263,-0.325063,-0.536992,-0.385431,0.0703105,-0.108497,-0.341631,-0.0060843,-0.549017,-0.903107,-0.973003,-0.552433,-0.92441,-0.781049,-1.09676,-1.12921,-0.992543,-1.3665,-1.9506,-2.35386,-1.48269,-2.42245,-2.21449,-1.71739,-2.68981,-3.13674,-2.86984,-2.45755,-3.22651,-3.00218,-3.11201,-2.76816,-2.40429,-2.11399,-2.36549,-2.15128,-2.30437,-2.55975,-2.88487,-3.18867,-3.09579,-2.52636,-2.81413,-2.34467,-2.62449,-2.54595,-2.59744,-2.16757,-1.99204,-2.55919,-2.02253,-2.18871,-1.39454,-1.52219,-0.80923,-1.21327,-0.709623,-0.132184,0.616557,0.49051,0.528886
1.32481,1.22528,0.651338,-0.0302883,-0.175875,-0.102631,-0.0828583,0.241571,-0.406057,-0.776849,-0.400749,-0.706251,-0.87682,-0.574535,0.475261,-0.892414,-1.09001,-1.21249,-1.29948,-0.907206,-1.7191,-1.59309,-2.2263,-1.24921,-2.66308,-2.35456,-1.88784,-2.53097,-3.1087,-3.06724,-2.54941,-3.19259,-2.71797,-2.45055,-2.79544,-2.2206,-2.4348,-2.25672,-2.24842,-2.46504,-2.7858,-3.13467,-3.3009,-2.66054,-3.05104,-2.76106,-3.11565,-2.63305,-2.64222,-2.2852,-2.28278,-1.83903,-2.43109,-2.12827,-1.81634,-1.07212,-1.44991,-1.52902,-1.23007,-0.502275,0.0553711,0.446412,0.852563,1.11208
0.996908,0.245368,-0.391152,-0.239651,0.105004,0.215533,0.39992,0.339216,0.265052,-0.159171,-0.55502,-0.743394,-0.575878,0.236705,-0.211256,-1.2365,-1.1766,-1.00576,-1.09819,-0.905453,-1.87078,-1.54334,-1.62581,-1.38126,-2.47432,-2.67965,-2.14152,-2.67722,-3.06019,-3.23207,-2.96425,-3.03901,-2.88454,-2.17486,-2.28954,-2.40308,-2.30634,-2.15503,-2.33083,-2.65159,-2.99865,-3.36014,-3.33201,-2.98362,-3.08686,-3.26633,-3.2862,-2.52969,-2.54872,-2.15558,-1.88566,-2.15319,-1.8756,-2.08366,-1.97354,-1.4615,-1.03781,-1.33083,-1.32919,-0.735685,-0.167534,0.200352,0.492991,0.80402
0.53385,-0.100653,-0.417099,-0.47374,-0.354121,0.130733,0.805695,0.570058,0.286637,-0.398783,-0.830916,-0.684982,-0.139657,0.145866,-1.03348,-1.38733,-0.885009,-1.31066,-1.31313,-1.40801,-1.31793,-1.66919,-1.45129,-2.12973,-2.11507,-2.50559,-2.71053,-2.51813,-2.90127,-2.99499,-3.05414,-2.93087,-2.98097,-2.40586,-2.35006,-2.30321,-2.11779,-2.20008,-2.52705,-2.85168,-3.23681,-3.37966,-3.28646,-3.50451,-3.42764,-3.44093,-2.58768,-2.656,-2.71428,-2.25171,-1.66211,-2.41976,-1.86737,-1.38975,-1.81282,-1.48286,-0.971739,-0.756371,-1.11732,-1.132,-0.631178,-0.0608004,0.362656,0.70342
-0.0951928,-0.278156,-0.153893,0.118091,0.156991,0.288504,0.194745,-0.267456,-0.861096,-0.874304,-0.790357,-0.468202,0.00341612,-0.549092,-0.85696,-1.05474,-0.772513,-1.5054,-1.26208,-1.72953,-1.39854,-1.53222,-1.34018,-2.21977,-2.41475,-2.23075,-2.70657,-2.74596,-2.44556,-2.71731,-2.94562,-2.94266,-2.73358,-2.60219,-2.23895,-2.13401,-2.19528,-2.44181,-2.7356,-3.06454,-3.28989,-3.38925,-3.03813,-3.40281,-3.42751,-3.16912,-2.61478,-2.79385,-2.82128,-2.759,-2.04104,-2.34828,-1.73267,-1.14406,-1.0145,-1.30737,-1.17843,-0.879527,-0.459986,-0.99164,-0.384834,-0.223278,0.210843,0.642879
0.0346316,-0.144986,0.170523,0.375248,0.270398,0.045648,-0.665317,-0.931793,-0.991899,-0.584797,-0.355694,-0.132381,-0.383628,-0.645577,-0.599072,-0.523985,-0.762868,-0.962457,-1.17173,-1.78494,-1.52147,-0.871456,-1.73486,-2.10274,-2.60477,-2.69748,-2.33661,-2.66753,-2.65222,-2.2943,-2.56219,-2.8078,-2.68191,-2.438,-2.12302,-2.12539,-2.31154,-2.61495,-2.92504,-3.26531,-3.28216,-3.35675,-3.18266,-3.15422,-3.15527,-2.89503,-3.02654,-3.02871,-2.92356,-2.83753,-2.47925,-2.57945,-1.57368,-1.59096,-0.937182,-1.56194,-1.32341,-0.953407,-0.372812,-0.214969,-0.102237,-0.607589,-0.269279,0.256945
0.421024,0.799474,0.586329,0.353487,0.0967247,-0.408127,-0.765458,-0.699638,-0.756661,-0.222306,-0.353282,-0.555638,-0.740711,-0.273611,-0.988211,-0.935813,-0.963884,-0.837733,-1.3917,-1.45294,-1.18089,-0.91993,-2.23144,-2.73996,-2.37001,-2.59626,-2.60359,-2.20711,-2.55526,-2.54604,-2.19769,-2.39815,-2.47881,-2.07867,-2.06918,-2.21188,-2.49671,-2.8149,-3.14762,-3.43014,-3.48369,-3.28133,-3.42455,-2.89337,-3.14752,-2.68849,-2.98487,-3.12345,-3.15206,-2.4487,-2.50755,-2.59324,-1.44129,-1.80419,-1.09352,-1.73676,-1.24804,-1.2356,-1.06343,-0.19687,-0.742368,-1.18539,-0.684296,-0.0145825
0.719129,0.511893,0.112371,-0.0126647,-0.287504,-0.500564,-0.57108,-0.60629,-0.350468,0.381722,-0.825712,-1.01088,-0.619088,-0.10964,-1.28343,-1.80997,-1.094,-0.9715,-0.941805,-1.5079,-1.58227,-1.63001,-1.69881,-2.34849,-2.48874,-2.09426,-2.46633,-2.51841,-2.15528,-2.5315,-2.25866,-1.77718,-2.01072,-1.8241,-2.08458,-2.40117,-2.73318,-3.0341,-3.19607,-3.36827,-3.49167,-3.18419,-3.34768,-2.81285,-3.0695,-3.01835,-3.16176,-3.16653,-2.93532,-2.7499,-2.12279,-2.1536,-1.3873,-1.40519,-0.709939,-1.6514,-0.931574,-1.45227,-1.13094,-0.578927,-0.404912,-0.972425,-0.573135,0.111964
-0.54643,-0.341492,0.195967,-0.436715,-0.70119,-0.450518,-0.521762,-0.51426,-0.0105786,-0.0683233,-0.643405,-0.463099,-0.264284,-0.655306,-0.899982,-1.62977,-0.888099,-1.01887,-1.1155,-1.9247,-2.3434,-1.87821,-1.50689,-1.47711,-2.31672,-2.3308,-2.06872,-2.4652,-2.50359,-1.93575,-2.29338,-1.63957,-1.88508,-1.86239,-2.29751,-2.64234,-2.92123,-3.18149,-3.11199,-3.23987,-3.37898,-2.75449,-3.11379,-3.03386,-3.12711,-3.24984,-3.31408,-3.26951,-2.46678,-2.6156,-2.09418,-1.94555,-1.61759,-1.27934,-0.923841,-1.16558,-0.644027,-0.733125,-0.343687,-0.131828,0.749558,-0.525726,-0.439167,0.0879419
0.569621,0.825112,0.298558,-0.408794,-0.659055,-0.631122,-0.475275,-0.0480181,-0.110645,-0.599434,-0.34389,-0.477848,-0.902918,-0.988586,-0.943638,-1.01601,-1.41778,-1.66707,-1.75413,-1.69827,-2.15431,-2.26639,-1.9599,-1.34644,-2.1318,-2.45659,-2.44312,-2.13339,-2.40485,-1.82031,-1.89068,-1.84059,-2.00174,-2.21596,-2.55415,-2.82888,-3.05832,-3.24823,-3.24818,-3.33337,-3.36712,-2.7158,-2.95735,-3.1692,-3.27901,-3.39573,-3.28806,-2.9979,-2.6928,-1.92166,-2.16851,-1.73547,-2.13106,-1.85069,-1.12898,-1.31431,-1.00661,-0.696653,-0.270073,-0.0700011,0.884612,-0.225016,-0.019234,0.111238
0.701037,-0.139043,-1.1654,-1.0266,-0.749267,-0.262543,-0.0149988,-0.0604246,-0.753462,-1.21887,-1.20432,-1.2219,-1.30149,-0.812457,-1.60437,-1.46588,-2.06143,-2.40559,-1.78501,-1.97346,-1.89813,-2.39223,-2.32265,-1.59017,-2.25283,-2.41374,-2.4754,-2.27069,-1.62126,-1.81045,-1.6287,-1.88713,-2.24031,-2.57816,-2.80943,-2.98489,-3.13205,-3.23671,-3.31382,-3.34494,-3.09842,-3.0867,-3.08901,-3.0536,-3.14725,-3.08879,-3.21073,-2.41005,-2.71265,-1.46355,-2.13181,-1.6873,-2.50152,-2.04178,-0.969508,-1.63612,-1.3057,-0.617719,-0.816639,-0.592677,0.20454,0.327114,1.17822,1.0682
-0.795163,-1.09614,-0.866939,-0.593338,0.0902381,0.115042,-0.630911,-1.20094,-1.43581,-1.52048,-1.52504,-1.31974,-1.06236,-0.757979,-1.82871,-2.37653,-1.88655,-2.24153,-2.24971,-2.42592,-2.5081,-1.83254,-2.60143,-2.05548,-1.78874,-2.56482,-2.1211,-2.14846,-1.46751,-1.6674,-1.83207,-2.22788,-2.49784,-2.79217,-2.9212,-3.00906,-3.09851,-3.18078,-3.24778,-3.10949,-2.94281,-3.21623,-3.4116,-3.16576,-3.12513,-2.51515,-2.79777,-2.72362,-2.32965,-1.29684,-2.17128,-2.51167,-2.38835,-1.70952,-1.01673,-0.945065,-0.646928,0.0270892,-0.84668,-1.02388,-0.500498,0.334694,1.85869,2.16244
-0.294149,-0.0452866,-0.016768,-0.0512319,-0.33922,-0.861746,-1.31429,-1.41549,-1.12592,-0.909779,-1.107,-1.32478,-1.32564,-1.31904,-1.49107,-2.23631,-1.69269,-1.51015,-2.40539,-2.17679,-2.67649,-1.61069,-2.31488,-2.44445,-1.78103,-2.31788,-2.28217,-1.66047,-1.81094,-1.81842,-2.22444,-2.57249,-2.60435,-2.86404,-2.93608,-2.97589,-3.06322,-3.15442,-3.22537,-2.94626,-2.96825,-3.07878,-3.14745,-3.12242,-3.10125,-2.89546,-2.28299,-2.62366,-2.53165,-1.90607,-2.01185,-2.70293,-1.94441,-1.44529,-0.99945,-0.729579,-0.167103,-0.59002,-0.777369,-1.02644,-0.527116,-0.0338488,1.20465,2.19584
0.612004,0.220056,-0.301715,-0.995489,-1.36833,-1.0941,-0.793432,-0.741,-0.716945,-0.968976,-1.08534,-1.98938,-2.11927,-1.91811,-1.72031,-1.61981,-2.08701,-1.64227,-2.22712,-2.1479,-1.90352,-1.97101,-1.83484,-2.39006,-2.44065,-1.98543,-2.11992,-1.60284,-1.87063,-2.06306,-2.5062,-2.80363,-2.83297,-2.92945,-2.95212,-3.01188,-3.11818,-3.24886,-3.2816,-3.06893,-2.49197,-2.89922,-2.50138,-2.90833,-2.75192,-3.1982,-2.21363,-1.68541,-2.56793,-2.41491,-2.03346,-1.87382,-1.38226,-0.829775,-1.27047,-1.24988,-0.463238,-1.11809,-1.26001,-1.00217,-0.445441,-0.105849,0.449182,1.39944
-0.309924,-1.00911,-0.993107,-0.90355,-1.13699,-1.05669,-0.834189,-0.856676,-1.13767,-1.31681,-1.27995,-2.2406,-2.73088,-2.15075,-1.83601,-1.47474,-2.27451,-2.37879,-2.46328,-2.51031,-1.52266,-2.64157,-2.1013,-2.47784,-2.61814,-2.24148,-1.62617,-1.911,-1.82538,-2.10589,-2.67069,-2.831,-2.92841,-2.95787,-3.0141,-3.13577,-3.28181,-3.13994,-3.04444,-2.99958,-2.31922,-2.97686,-2.8107,-3.16071,-2.3887,-3.0076,-2.34088,-1.81393,-2.06163,-2.12305,-1.7344,-1.20751,-0.970994,-0.294091,-1.49881,-1.32066,-0.752784,-0.633976,-1.14705,-1.33281,-0.8217,-0.185512,0.248468,0.699553
-0.871722,-0.644636,-0.249813,-0.0664738,-0.945665,-1.37279,-0.91023,-1.01253,-1.24199,-1.20453,-1.25363,-1.4754,-2.31264,-1.87995,-1.41308,-2.07736,-2.01183,-2.3027,-2.56002,-2.62194,-1.82118,-2.6138,-2.46731,-2.58007,-2.45405,-2.23226,-1.63049,-2.09599,-1.99182,-2.50004,-2.84645,-2.72908,-2.88038,-2.99432,-3.14119,-3.30555,-3.35851,-2.66166,-2.89183,-3.24963,-2.48769,-2.99831,-3.29129,-2.761,-1.75561,-2.69877,-2.2614,-2.05307,-1.77132,-1.57778,-1.0945,-0.800982,-0.696487,-0.475318,-1.0837,-0.795809,-0.635912,-0.75717,-0.633091,-1.39943,-0.902985,-0.259991,0.094359,0.300759
0.0878798,0.175854,-0.595113,-0.855118,-0.868587,-1.10107,-0.989779,-1.1137,-1.2103,-1.31558,-1.22,-1.12788,-1.17515,-1.73472,-1.67255,-2.39108,-2.45258,-1.96966,-2.41541,-2.66746,-2.1337,-1.65504,-2.54295,-2.20001,-2.14897,-1.88532,-1.95979,-2.2955,-2.46192,-2.75375,-2.86999,-2.81148,-2.95241,-3.10746,-3.28584,-3.41349,-3.32297,-3.0147,-3.16549,-3.52681,-2.57814,-3.09773,-2.8145,-2.17426,-1.89967,-2.10305,-1.79023,-1.53299,-1.39145,-1.14423,-0.877993,-0.755497,-0.68297,-0.676751,-0.829552,-0.63298,-0.733722,-0.942597,-0.674892,-0.893076,-0.622102,-0.365555,-0.0706095,0.186454
-0.186109,-0.243902,-1.11402,-0.842354,-0.707662,-1.01248,-1.42397,-1.52253,-1.48288,-1.30827,-1.23321,-0.953544,-1.25964,-2.02562,-2.53697,-2.29506,-2.66577,-2.36715,-2.0472,-2.57836,-1.93385,-1.72785,-2.4712,-1.945,-1.69381,-1.8711,-2.13578,-2.30978,-2.61234,-2.71516,-2.78014,-2.83124,-3.02499,-3.19196,-3.32616,-3.47561,-3.33113,-3.31944,-2.77293,-3.15915,-2.95139,-2.8429,-2.27364,-2.15203,-2.06966,-1.71497,-1.48654,-1.18612,-1.10145,-1.1169,-1.20638,-1.10365,-0.87535,-0.719374,-0.81014,-0.867377,-0.835482,-0.743188,-0.869719,-0.708496,-0.575794,-0.412649,-0.0843411,0.258108
-0.0944389,0.0262537,-0.342601,-0.363246,-0.653453,-0.967872,-1.39443,-1.56323,-1.63339,-1.25333,-1.70646,-1.22716,-2.00405,-1.74707,-2.3759,-2.6257,-2.241,-2.98984,-2.20387,-2.05906,-1.61805,-2.45478,-1.97091,-1.79875,-1.37772,-1.85823,-2.1987,-2.23339,-2.66193,-2.73899,-2.77946,-2.92372,-2.8831,-3.2199,-3.52282,-3.38165,-2.99392,-2.41341,-3.00158,-2.86372,-2.85728,-2.45486,-2.25285,-2.12656,-1.83427,-1.65167,-1.39546,-1.35983,-1.6726,-1.40337,-2.48884,-2.02223,-1.33989,-1.05433,-0.943895,-1.06944,-0.976662,-1.04412,-1.08434,-0.795183,-0.544616,-0.29948,-0.0490852,0.200462
-0.220628,-0.25123,-0.613222,-0.797098,-0.708613,-1.09033,-1.41657,-0.966353,-1.85092,-1.78848,-2.24421,-2.26934,-1.77468,-1.51425,-1.70279,-2.69096,-2.45314,-3.01361,-2.71797,-1.94554,-1.86833,-2.32083,-1.38643,-1.79734,-1.51159,-1.97369,-2.33126,-2.46994,-2.58387,-2.82806,-2.68158,-2.69405,-2.73205,-3.13866,-3.16327,-3.19203,-2.61657,-1.94086,-3.02539,-3.16686,-2.60919,-2.29549,-2.13617,-1.95882,-1.72505,-1.55554,-1.24719,-2.38626,-2.57863,-1.914,-3.03569,-2.88896,-1.72941,-1.5592,-1.4271,-1.4424,-1.22481,-1.36394,-1.08177,-0.862802,-0.799268,-0.514462,-0.158287,0.125059
-0.643696,-0.996562,-0.793669,-0.7961,-0.872206,-0.946333,-1.27519,-0.770766,-1.98536,-2.42104,-2.00503,-2.58917,-1.71724,-2.1953,-1.89753,-2.61681,-3.09932,-2.58818,-3.04431,-2.10146,-2.18102,-1.96533,-1.32383,-1.9443,-1.80209,-2.22613,-2.49801,-2.3229,-2.292,-2.637,-2.60944,-2.62587,-3.00847,-2.67603,-2.12397,-2.8927,-2.13574,-1.72314,-1.7602,-3.05937,-2.48026,-2.01842,-1.74655,-1.48792,-1.46166,-1.63342,-1.75454,-2.82891,-3.33703,-2.63285,-2.21252,-2.5531,-1.46451,-1.67998,-1.69251,-1.62642,-1.27294,-1.43624,-0.868857,-1.43582,-1.22773,-0.760481,-0.428427,-0.100571
-0.549093,-0.823556,-0.515321,-0.492886,-0.861519,-0.8393,-0.942804,-1.25516,-1.48695,-2.3443,-1.81358,-2.80395,-2.37896,-2.86922,-2.22634,-2.72141,-2.89332,-2.67187,-3.08225,-1.96566,-2.09624,-2.05241,-1.85312,-2.02886,-2.14892,-2.40557,-2.63081,-2.16786,-2.4277,-2.58702,-2.94348,-3.03072,-2.57089,-2.01746,-1.69512,-1.83794,-1.48929,-1.52557,-1.70843,-2.3011,-1.87121,-1.5827,-1.31142,-1.51697,-1.61421,-2.46197,-2.37985,-1.92137,-3.22419,-3.1145,-2.18999,-1.69709,-1.27215,-1.43506,-1.92025,-1.61778,-1.39447,-1.46133,-0.98823,-1.66131,-1.13723,-0.703101,-0.460675,-0.158407
-0.646185,-0.575188,-0.206333,-1.02349,-1.18426,-1.24454,-1.29258,-1.52247,-1.34984,-1.82931,-1.95792,-2.9588,-3.12693,-3.06244,-2.77237,-2.41895,-2.1328,-3.0383,-2.68985,-1.79034,-2.02301,-2.2372,-2.25288,-2.18838,-2.42453,-2.59796,-2.6766,-2.23901,-2.26901,-3.00032,-3.2202,-2.6639,-1.90257,-1.68032,-1.41551,-1.19332,-1.4419,-1.78981,-1.92575,-1.70422,-1.34493,-1.41304,-1.29463,-2.3081,-1.82383,-3.05694,-2.28531,-1.59237,-2.83797,-3.38124,-2.37867,-2.02923,-1.72324,-1.08487,-2.51088,-1.60215,-1.56351,-1.62038,-1.41256,-1.37493,-1.12197,-1.00111,-0.558153,-0.0678002
-0.888312,-0.751068,-0.388366,-1.3565,-1.67258,-1.51419,-1.40834,-1.39448,-1.62649,-1.50534,-1.87821,-2.22356,-3.35737,-3.03002,-3.14231,-2.31158,-2.13696,-2.83871,-2.38118,-1.65683,-2.13258,-2.26793,-2.41877,-2.31599,-2.64221,-2.7247,-2.70505,-2.29056,-1.98346,-2.82915,-2.67767,-2.45254,-1.92141,-1.34499,-1.10746,-1.38506,-1.59851,-1.74653,-1.56289,-1.35157,-1.19421,-1.70942,-1.44436,-3.38163,-1.79748,-3.54584,-2.66435,-2.24596,-3.57334,-3.66375,-2.27873,-3.4352,-2.12781,-1.04487,-2.4523,-1.46088,-1.60295,-1.85641,-1.56935,-1.52435,-1.54521,-1.63267,-1.10063,-0.458344
-0.845041,-1.13384,-1.48128,-1.32931,-1.66268,-1.90161,-1.27506,-1.83229,-1.71631,-1.61452,-1.66041,-1.77331,-3.0704,-3.28072,-2.7272,-2.64638,-2.36049,-2.38634,-2.10403,-1.92568,-2.02671,-2.46579,-2.55879,-2.28761,-2.45282,-2.715,-2.48955,-2.42349,-1.99865,-1.98985,-1.51572,-1.9896,-1.40243,-1.17313,-1.37885,-1.45923,-1.47986,-1.35539,-1.16949,-0.996421,-1.7664,-2.16329,-1.68044,-3.26778,-1.74983,-4.14161,-3.54109,-3.1337,-3.98497,-3.57335,-2.62751,-3.6952,-2.12777,-1.61624,-1.86565,-1.39169,-1.3962,-1.83545,-1.42712,-1.46871,-1.55483,-1.76993,-1.33904,-0.759138
-1.36515,-1.72416,-1.58753,-1.40471,-1.1468,-1.89022,-1.22504,-2.08675,-1.847,-1.76535,-1.79499,-1.83514,-2.58242,-3.59202,-2.71723,-3.21307,-2.45352,-2.44427,-2.05659,-2.42609,-1.95246,-2.55955,-2.37577,-2.27185,-1.88018,-2.37124,-1.77347,-2.14153,-1.71786,-1.22515,-0.689915,-0.838604,-1.09759,-1.52553,-1.56107,-1.26582,-1.09003,-0.812984,-0.865308,-1.00218,-3.10144,-2.82665,-2.5145,-2.22922,-2.61815,-4.53879,-4.1675,-3.70355,-3.63994,-3.23245,-2.84277,-2.85051,-2.41871,-2.26885,-2.05889,-1.58413,-0.99149,-1.54125,-1.27712,-1.07547,-1.30895,-1.59042,-1.31909,-0.624947
-2.0235,-1.64446,-1.18734,-1.20486,-1.17261,-1.35835,-1.2996,-1.54683,-1.99978,-1.76865,-2.51335,-2.01678,-2.68696,-3.42536,-3.0256,-3.66189,-2.59323,-2.40753,-2.35769,-2.70235,-2.09162,-2.2429,-2.00293,-1.91151,-1.75661,-2.00405,-1.30562,-1.0958,-0.679251,-0.251749,-0.0700443,-0.786964,-1.53276,-1.54865,-1.14512,-0.681679,-0.602816,-0.690487,-1.02738,-1.37458,-3.00627,-3.97186,-3.71884,-2.73809,-4.66745,-4.92633,-4.63145,-3.65569,-3.59274,-3.13218,-2.97921,-2.90585,-2.90114,-2.63817,-2.36196,-1.88468,-0.864634,-1.16144,-1.30668,-0.913625,-1.21774,-1.42033,-1.30229,-0.373139
-1.73486,-1.39151,-1.40028,-1.49834,-1.49491,-1.34954,-1.55854,-1.60185,-2.43474,-1.94721,-2.73493,-2.2629,-3.04265,-3.38063,-3.02094,-3.66776,-2.83222,-2.33336,-2.61022,-2.69765,-2.26495,-1.96962,-1.79505,-1.40294,-1.55484,-1.47227,-0.645881,-0.0678429,0.494421,0.440512,0.847839,-1.25648,-1.47016,-0.813336,-0.191458,-0.144041,-0.505742,-1.08404,-1.13486,-1.66522,-1.79678,-4.84065,-4.04371,-3.86947,-5.42608,-5.28935,-5.18364,-3.69731,-3.3035,-3.0172,-3.24821,-3.33423,-3.13393,-2.73731,-2.26572,-2.0729,-1.23461,-1.11429,-1.62177,-1.13442,-1.15328,-1.12789,-1.15572,-0.459589
