public/uploads/wind/vent_json/20200513/wind_field_05.json
{"header": {"parameterUnit": "m.s-1", "parameterNumber": 2, "dx": 0.051, "dy": 0.036, "parameterNumberName": "eastward_wind", "la1": 45.3082, "parameterCategory": 2,"nx": 177, "ny": 123, "refTime": "2018-09-30 00:00:00", "lo1":1.38177}, "data":
[rows 56 to 83 of 123, columns 0 to 63 of 177]
2.71943,1.83052,1.45552,1.02737,0.773353,1.29156,1.4561,1.17001,0.894992,0.712156,1.64896,3.35824,1.93653,0.575267,-1.17343,-3.85871,-3.92125,-1.77615,-0.33029,-0.306145,0.541872,1.09444,1.02429,1.80874,1.62691,-0.725001,-1.64906,1.18247,3.41758,2.47223,1.49029,1.32208,1.02173,0.54792,0.297293,0.0446007,0.373651,0.575248,0.142966,0.337497,0.866742,1.30197,1.91602,1.89391,1.9741,2.13781,1.26547,1.21056,0.568249,0.0386439,0.493422,1.40563,1.82333,0.471937,0.3598,0.890693,-0.0515869,-0.656767,0.424364,0.794898,0.138097,0.143744,0.396678,0.952343
2.63996,1.93826,1.56816,1.01993,0.493669,0.699923,1.16851,1.29586,-0.2166,-2.36297,-0.214802,2.74664,1.27124,-0.576192,-4.05998,-5.38001,-4.0134,-0.481606,1.658,1.19437,0.096167,-0.173909,-0.145376,0.477131,1.11104,0.640039,-0.504169,0.914991,2.36036,2.10604,1.65646,1.55826,1.09535,0.43201,0.23219,0.0577868,0.235861,0.144338,0.205521,1.02936,1.48686,1.62953,1.77639,2.32169,2.31379,1.49781,1.27988,1.18335,0.406443,0.481358,1.11076,1.55977,0.454991,-0.680498,0.248917,0.971143,0.395884,-0.144188,0.633262,0.982496,0.285361,-0.0311116,0.48008,1.26628
4.54643,4.44833,1.35468,0.88464,0.237061,0.274731,0.807826,0.230144,-2.62242,-3.71165,-1.04041,1.8058,1.42569,-0.156317,-3.08963,-3.86441,-2.25127,-0.166098,2.14042,2.24453,0.566006,-0.311526,-1.00556,-1.38053,-0.420595,0.764452,1.36376,2.15561,1.57237,0.509168,1.64191,1.3808,0.856354,0.111796,-0.0488864,-0.18807,-0.156852,0.352417,1.11449,1.55302,1.45065,1.36664,2.24446,2.45567,1.73269,1.57057,1.29561,0.76321,0.342945,0.932641,0.799094,0.556605,0.18845,-0.76044,-0.190632,0.840908,0.183705,-0.59843,0.60632,1.28815,0.52797,0.154406,0.850765,1.50626
3.87326,3.24637,1.29729,0.415024,0.0998623,-0.313464,-0.645727,-2.08436,-2.70738,-3.23078,-0.861382,1.11818,1.5205,0.532456,-0.686746,-1.81179,-1.43001,-0.224326,0.866806,0.747217,-0.240763,-1.42881,-0.821202,-1.55234,-0.686473,0.183701,0.69055,1.95322,1.79716,1.00265,1.754,1.40111,0.18885,-0.37086,-0.396621,-0.259005,0.355967,0.986921,1.32278,1.54584,1.75116,1.81895,2.04285,2.00673,1.65444,1.39091,0.999268,0.328865,0.62818,0.114112,-0.630635,0.537946,0.302952,-0.701082,-0.472609,0.644615,0.496316,-0.391615,0.637452,1.44343,0.863653,0.743863,1.19803,1.54567
3.23899,2.76701,0.229523,-0.494515,-1.12305,-2.2104,-2.43005,-2.6859,-3.2968,-3.19356,-1.87147,0.676642,0.85594,-0.156874,0.129557,-0.23077,-2.17805,-1.9192,-0.545968,-0.697185,-2.70506,-2.17254,-0.171965,-0.495554,-0.439493,-0.437497,-0.667676,1.10343,2.68287,1.26675,0.840896,0.997105,-0.124125,-0.546736,-0.190356,0.375666,0.940846,1.11082,1.12764,1.47739,1.79953,1.94898,2.06073,1.77314,1.49776,1.12595,0.42773,0.327312,-0.118741,-0.540722,0.399733,0.464387,-0.380947,-0.240802,0.00866335,0.350946,0.401793,0.0394567,0.510153,1.03641,1.13071,1.296,1.45619,1.57161
2.22712,1.42383,-0.987553,-1.86486,-2.30064,-2.7048,-3.05912,-3.13804,-3.20512,-2.7838,-0.971846,-0.408432,-1.79447,-2.56377,0.00299997,-0.119913,-3.07064,-3.15635,-1.68728,-1.77406,-3.74389,-2.41309,0.377823,0.120423,-0.238194,-0.377778,-0.742416,0.513252,1.94973,0.98256,-0.348967,0.892674,1.01146,0.0454774,0.416101,0.848573,1.2305,1.11084,1.04575,1.41181,1.61255,1.93465,1.96117,1.63666,1.19895,0.552069,0.116936,-0.286976,-0.570464,-0.0684098,0.0544612,-0.418259,-0.448121,0.282362,0.324003,-0.0310936,-0.235141,-0.350768,0.486072,1.04125,1.15741,1.3041,1.64073,2.27273
0.42636,-0.309176,-1.94126,-2.6897,-2.60596,-3.06235,-3.29547,-3.10302,-3.06647,-2.27782,-0.650613,-1.58262,-4.44649,-3.55913,-0.285221,-0.764777,-3.42044,-3.15921,-1.92305,-2.18416,-2.81358,-1.77738,-0.396619,-0.0702395,0.193133,0.155696,-0.21972,0.275355,1.32061,0.279002,-0.436063,0.48118,1.52926,1.01835,0.689275,1.19045,1.40691,1.02271,1.01349,1.44408,1.78895,2.09424,1.94083,1.33414,0.460553,-0.105819,-0.172657,-0.867193,-0.797893,-0.569477,-0.541469,0.30399,0.396572,0.674831,0.485561,-0.180724,-0.170347,0.0995539,0.382374,0.54892,0.863892,1.31145,1.65553,1.87841
-0.705588,-1.24093,-2.64549,-2.92731,-2.61251,-2.77522,-3.49228,-3.53142,-2.95616,-1.73637,-0.800327,-2.13751,-3.62005,-2.48559,-0.572488,-1.33124,-2.89895,-2.83509,-2.0621,-2.18887,-1.88018,-1.78947,-1.51617,-0.871237,-0.643148,-0.354775,-0.0451742,0.667147,1.17596,0.578414,0.109855,0.714516,1.42708,1.48993,0.819846,1.26696,1.15086,0.749782,1.22393,1.41138,1.641,1.95581,1.56714,0.659297,-0.335695,-0.752863,-0.4171,-0.787757,-1.43818,-1.0536,0.302343,1.04858,0.838501,0.863893,0.608797,0.200458,-0.24646,-0.327465,0.212274,0.630443,0.913825,1.30421,1.75898,2.12985
-1.69546,-2.63739,-2.80542,-3.10472,-2.80976,-2.7196,-3.51354,-4.025,-3.03881,-1.19976,-0.863106,-2.0561,-2.51925,-2.03649,-1.18149,-1.42654,-1.64114,-1.65956,-1.81601,-1.68707,-1.90935,-2.01501,-1.72216,-1.14888,-1.08042,-0.620167,0.15441,0.953627,1.72075,1.80678,0.905789,0.756362,1.66733,1.85989,1.14343,0.967032,0.229714,0.241899,1.23279,1.29545,1.66282,1.94785,1.17083,-0.0607577,-0.907423,-1.06194,-0.418059,-0.684827,-1.42551,-0.542795,0.823875,1.11732,0.769099,0.73829,0.553426,-0.12325,-0.614811,-0.153127,0.466971,0.426793,0.778955,1.37915,1.83437,2.17444
-2.30964,-2.57389,-2.71952,-2.60452,-2.68296,-2.95505,-3.69427,-3.84443,-2.50448,-0.790803,-0.821992,-2.31385,-2.97301,-2.62717,-1.82315,-1.61817,-1.18035,-1.98858,-2.3312,-1.97675,-1.72537,-1.42937,-1.24214,-1.26148,-1.67593,-0.571955,0.58302,0.945228,1.13401,1.44279,1.56935,1.53735,1.70481,1.62156,1.09335,0.374643,-0.274404,0.121091,1.02775,1.20657,1.53757,1.86619,0.749098,-0.690193,-1.18243,-0.831527,0.260345,-0.358963,-1.06457,0.147408,0.969948,0.72917,0.520005,0.583949,0.431751,0.147629,-0.280986,-0.0275282,0.150329,0.245173,0.991944,1.48387,2.00923,2.38456
-2.55831,-2.62845,-2.61464,-2.33638,-1.93098,-2.20135,-3.17026,-3.07781,-1.84566,-1.29315,-1.31212,-2.24013,-3.82831,-3.77187,-3.19921,-2.59378,-2.09576,-2.46765,-1.80183,-1.24748,-0.736203,-0.746081,-0.627529,-0.613878,-0.245144,0.146413,0.177656,0.498999,1.45428,1.9335,1.73903,1.067,0.838261,0.919239,1.14273,-0.24446,-0.959044,0.17475,1.14499,1.31828,1.4927,1.86753,0.189926,-1.02751,-1.20218,-0.485212,0.511553,-0.572248,-1.28886,0.203953,0.851485,0.384164,0.510978,0.710957,0.689817,0.631257,0.101845,0.00408103,0.242974,0.650809,1.18976,1.55076,2.27941,2.79801
-2.38254,-2.52462,-2.70523,-2.36675,-2.11704,-2.15063,-2.23346,-2.07202,-1.9812,-2.62322,-3.63103,-3.89383,-4.06795,-3.81036,-3.30693,-2.52303,-2.37656,-2.66545,-2.0565,-0.706476,0.065297,-0.0824811,-0.260247,-0.172998,0.672945,1.05346,0.440287,1.06492,1.96195,2.4881,1.95801,1.53867,0.999252,0.48422,0.930248,0.22361,-0.894478,0.0558097,0.568022,0.459573,1.21089,1.26745,0.125067,-0.965245,-1.12228,-0.771958,0.264,0.208376,-0.821445,-0.304612,0.662979,0.289779,0.469292,0.83116,1.05264,0.993991,0.377691,0.323154,0.722512,1.18977,1.41399,2.05641,2.61248,2.78991
-2.55516,-2.57847,-2.43246,-2.23502,-2.07285,-2.24803,-2.08368,-1.41849,-2.13066,-4.39068,-5.67508,-5.22398,-4.62555,-4.21021,-3.37348,-2.4126,-2.10924,-2.75001,-2.22223,-0.0531389,0.511291,0.320683,0.29223,-0.15619,0.372979,1.27681,1.95327,1.78111,2.85879,1.27382,1.33405,2.13159,1.05557,-4.50386e-05,0.687179,0.532954,-0.292406,-0.493025,-0.507216,0.231439,1.02413,0.951156,-0.244708,-1.21527,-0.838535,-0.697855,-0.0643438,0.221932,-0.499241,-0.234772,0.827372,0.441599,0.592964,1.05872,1.41534,1.17301,0.484542,0.660667,1.30432,1.6239,1.77063,2.3715,2.3675,2.39678
-2.84986,-2.74451,-2.413,-2.20174,-2.06788,-2.3559,-1.7258,-0.2455,-2.06477,-5.2799,-5.65701,-4.7622,-4.38886,-4.1251,-3.30543,-1.41549,-1.17667,-2.53389,-0.969414,2.06059,0.522167,-1.34882,-0.243154,-0.00706901,0.0283231,0.766026,2.20403,2.40787,2.60221,1.57481,1.36783,1.71218,1.01723,0.56329,1.4503,1.43858,-0.102713,-1.10035,-0.851809,-0.308311,0.205987,0.121527,-0.60594,-1.33989,-0.735481,0.309662,0.602029,0.817169,0.110909,0.00577077,0.518131,0.443625,0.806018,1.4263,1.73507,1.04548,0.371989,1.07243,1.53697,1.88235,2.34417,2.22414,2.27639,1.87797
-2.71835,-2.56285,-2.37585,-2.15934,-1.87827,-2.10072,-1.59346,-0.0137567,-0.015683,-1.6786,-3.59377,-3.71309,-3.40824,-2.91653,-1.84412,0.0522097,0.703516,-0.542474,0.143688,0.752053,-1.683,-2.92901,-1.08022,0.539747,0.561991,-0.0729773,0.687691,2.94271,3.562,2.54381,0.0859699,0.202513,1.10175,0.93555,1.11525,1.33482,0.04379,-0.605537,-0.786563,-1.17243,-1.2453,-0.925209,-0.805948,-1.01626,-0.716024,0.833897,0.976605,1.00206,0.404678,0.231209,0.746991,0.724845,1.01951,1.67082,1.75795,0.782306,0.604231,1.05719,1.8736,1.81848,2.51632,2.62947,2.94714,2.64534
-2.21185,-2.29253,-2.554,-2.25957,-1.82556,-1.72068,-1.54058,-0.427457,0.748209,1.29968,0.173933,-2.10252,-2.65493,-2.02147,-0.861616,0.789494,1.21694,-1.00004,-3.04048,-4.11029,-4.07466,-3.86096,-2.85855,-1.15358,0.880289,1.57366,0.648141,1.86369,3.54522,2.04029,-0.593244,0.341613,1.69221,1.3067,1.06867,1.17105,0.899239,0.318133,-0.147145,-0.770042,-1.86968,-2.17782,-0.831597,0.130861,0.296772,1.02943,1.66622,1.15206,0.722749,0.513788,0.745209,0.606649,1.12445,1.28556,1.28911,1.10186,1.01832,1.87661,2.0045,2.23421,2.1314,2.79738,2.74968,2.80318
-2.23214,-2.59638,-2.48782,-2.31175,-2.08157,-1.64339,-1.51976,-0.585703,0.746477,0.735386,-0.581761,-1.30569,-1.38386,-1.28526,-0.414894,-0.067104,-0.715438,-4.56585,-5.73694,-5.26498,-3.63796,-2.94875,-3.13118,-2.66595,-0.533622,1.63993,2.47957,2.14737,1.95079,0.583198,-0.254388,0.65661,1.95382,1.26192,0.838104,0.722345,1.25272,1.61202,1.34595,0.00734542,-2.1614,-2.8022,-0.768364,0.935019,1.5974,0.840913,1.07396,0.91674,1.19184,1.14292,0.865375,1.20565,0.803995,0.821398,1.1526,1.26357,1.83844,2.10024,2.44609,2.48689,2.34669,2.53434,2.64261,2.61964
-1.39022,-2.19221,-2.40955,-2.38904,-2.26724,-1.87998,-1.39322,-0.800944,-0.491796,-1.13876,-1.29995,-0.762897,-0.520613,-0.643657,-1.09102,-2.96241,-4.43973,-5.07122,-4.84868,-3.64396,-2.18882,-2.28902,-2.13384,-2.18415,-1.92018,-0.162633,1.86588,1.54669,1.04976,2.27676,3.04727,1.00875,-0.0963799,0.192542,1.21244,1.59154,2.05627,2.30176,2.21488,0.595969,-1.68818,-2.64481,-1.06981,0.48744,1.16534,1.08016,0.862765,1.07358,1.36093,1.45594,1.29887,1.34179,1.64782,1.66133,1.51393,1.53894,1.98588,2.32204,2.69397,3.02571,2.95796,2.93716,2.85141,2.86268
-1.81088,-1.72538,-2.43247,-2.49902,-2.42539,-1.81944,-1.43373,-1.27251,-1.38523,-1.70707,-1.20369,-0.0522319,-0.234062,-0.616096,-1.7446,-3.73488,-4.84896,-4.36121,-3.74616,-3.55211,-3.98416,-3.93915,-2.5285,-1.50878,-1.41117,-2.34191,-1.1885,0.617715,2.74218,4.10531,4.09704,1.9124,-0.385903,-0.984876,0.850292,2.18104,2.57281,2.63787,1.72229,-0.0821769,-1.78623,-2.94393,-1.33459,0.320721,1.32598,1.53626,1.13997,1.31812,1.31817,1.53962,1.25859,1.38844,1.4795,1.91923,1.97207,2.04496,2.30065,2.48582,2.58449,2.97873,2.76646,2.87881,3.05404,2.98622
-2.09689,-1.73895,-2.47685,-2.50181,-2.2591,-1.75051,-1.54926,-1.54866,-1.4826,-1.46656,-1.26887,-0.929483,-1.4969,-1.74983,-1.47713,-2.85785,-4.70451,-4.40907,-3.39117,-3.86419,-5.0275,-4.88764,-3.64715,-1.68486,-0.0303776,-0.469324,-1.80728,-0.242036,2.70515,3.84932,3.24037,2.30134,1.46424,-0.622512,-0.13802,2.20348,2.92937,1.41506,1.08249,-0.0262138,-0.868479,-2.19051,-2.42231,0.18549,1.07238,1.61304,1.45244,1.40544,1.39219,1.52166,1.2878,0.81727,0.933126,1.23607,1.53022,1.69909,2.65196,2.78567,2.81691,2.70385,2.95349,3.01961,2.31371,1.23032
-2.15599,-1.64726,-2.47028,-2.44531,-2.0356,-1.68603,-1.63562,-1.6057,-1.40558,-1.58087,-2.48679,-2.15924,-2.30207,-3.22496,-3.45621,-3.79482,-4.32098,-3.77544,-3.38388,-3.27762,-3.92397,-3.79106,-3.31609,-2.07014,0.603281,2.12627,0.648271,0.544276,1.91764,2.2735,1.92191,2.96995,2.73474,-0.545877,-0.519069,2.14231,2.59722,0.0908844,-1.22397,-0.900124,0.714084,-0.293166,-1.93641,-0.0860117,1.11862,2.09307,1.61233,1.0948,1.48941,2.27876,1.40919,0.500815,0.808062,1.0585,1.31706,1.36128,1.7976,2.69006,3.18031,3.17639,2.97679,2.53333,1.40525,0.734534
-2.66824,-2.19483,-2.48633,-2.29257,-2.07302,-1.65901,-1.58374,-1.6578,-1.94013,-3.00842,-2.88045,-1.88488,-1.68648,-2.75941,-4.26337,-5.08158,-4.54218,-3.66709,-3.04397,-3.03964,-2.5898,-2.67681,-2.88223,-1.79733,0.0830855,0.555853,0.407754,2.2276,1.58279,-0.234623,0.985988,2.94397,1.57912,-0.995837,-0.61081,2.18446,1.24811,-1.21138,-2.437,-1.55125,1.35738,1.69855,-0.284437,0.376718,1.77499,2.83365,2.56113,2.20447,2.00235,3.55131,2.93781,1.35609,0.931514,0.986894,1.54925,1.23709,1.29835,1.52847,3.11695,3.47616,3.02649,2.14495,1.38101,0.496174
-2.15516,-2.25593,-2.5461,-2.21005,-2.28766,-1.97407,-1.75374,-1.94186,-2.27996,-2.7844,-1.82178,-1.24701,-1.12775,-1.8118,-3.88885,-4.3618,-4.45595,-4.29038,-4.00119,-3.42437,-3.14278,-3.1367,-2.32393,-0.762606,-0.211397,-1.16406,-0.278414,2.59576,2.14478,-0.48524,0.29396,1.76823,0.00971785,-2.48336,-0.777895,1.22871,0.0102625,-1.96628,-2.41239,-0.603179,1.38161,3.36106,2.43974,1.09422,1.99011,1.89147,2.56886,2.73812,2.1297,2.85057,2.26888,0.805697,0.732503,1.24412,1.37921,0.715109,0.897117,0.907809,1.74115,2.61154,3.39435,3.0158,1.76834,0.191366
-2.74828,-2.60016,-2.64601,-2.53771,-2.39786,-2.09107,-2.35302,-2.85656,-2.77478,-2.44665,-1.78581,-1.44397,-1.44562,-1.78684,-3.29127,-3.58135,-3.49983,-3.81903,-3.82663,-3.58483,-3.8002,-2.54737,-0.130773,1.15898,-0.318557,-1.43314,0.0337563,1.82262,0.749169,-1.70293,-1.41367,-0.615047,-1.45293,-3.14429,-1.22225,0.119852,-0.644121,-0.873129,0.152537,0.618196,1.5343,3.26008,3.60604,2.6537,1.39615,1.39077,2.67263,3.32674,2.86156,2.56521,1.53755,0.245321,0.0470756,1.18889,1.22285,0.90685,0.907546,1.08676,1.48439,1.62256,3.2132,3.15222,2.62612,2.27402
-4.22149,-3.75253,-2.67318,-2.77422,-2.50745,-2.13091,-1.70816,-2.67356,-2.86279,-2.46477,-1.73767,-2.00328,-2.4591,-3.04502,-3.59822,-4.10494,-3.93735,-3.77345,-3.68445,-3.67012,-3.45093,-1.02581,1.49484,1.00413,-0.348632,-0.538637,0.411639,-0.535619,-2.5702,-2.50516,-2.34546,-1.90416,-2.81398,-3.02924,-1.62395,-0.287269,0.190037,0.769755,1.43343,2.44542,2.44945,2.71729,3.78206,4.20501,2.46796,1.08713,2.60048,3.44737,3.58115,2.8614,-0.100301,-0.863778,-0.0390905,1.03925,1.0088,0.613788,1.05402,1.22661,1.16972,1.37207,3.00955,3.08557,2.64425,2.25353
-4.68214,-3.95921,-2.81091,-2.91522,-2.75959,-2.47739,-2.36572,-2.52101,-2.81735,-2.5493,-1.80574,-2.18066,-2.7637,-2.48825,-3.05287,-3.72271,-3.89741,-3.90007,-3.39684,-3.53352,-2.68173,-1.06543,0.052037,-1.25913,-1.16224,0.826464,-0.0592605,-3.03529,-3.53409,-2.01546,-1.5251,-2.249,-2.72067,-2.67353,-1.75665,0.0571685,0.664737,0.676609,1.34638,2.32748,2.13659,2.35379,3.50814,3.81202,1.44662,0.72392,2.49952,3.06833,3.18863,3.28562,0.291561,-1.08967,0.0586242,1.68616,1.1496,0.882825,0.687545,0.78846,1.25575,2.32233,3.2839,3.00786,2.48848,2.75635
-4.38845,-3.96516,-3.2019,-2.91306,-2.79923,-2.68138,-2.42145,-2.18394,-2.40312,-2.56847,-2.37478,-2.62812,-2.58408,-2.59393,-3.01795,-3.49753,-3.92012,-4.3795,-4.05864,-3.30794,-2.87636,-2.19412,-2.56148,-2.93215,-0.99235,0.203494,-1.16078,-3.31837,-3.15774,-2.08612,-2.64333,-3.77506,-2.87896,-1.40525,-1.09104,0.25279,0.871428,0.357667,0.928791,0.930018,1.81867,3.08308,3.34735,3.22804,1.377,0.727447,2.61156,3.24476,2.97736,3.31292,1.27818,-0.107084,0.392884,1.61996,1.68749,0.824789,0.128502,0.434947,1.20062,2.83503,3.29543,2.37926,1.89509,2.07466
-4.16534,-4.04682,-3.85753,-3.02331,-2.93642,-3.50766,-2.96462,-2.21145,-2.06202,-2.31568,-2.70185,-2.9584,-2.48968,-2.94081,-4.27583,-4.53461,-3.95859,-3.66348,-3.57959,-3.37311,-3.57893,-3.84975,-3.99891,-2.17094,0.341916,0.437679,-1.24343,-3.12811,-2.54041,-1.91566,-3.44264,-3.51791,-1.85989,-0.420416,0.363047,0.125755,-0.653335,-1.08172,-0.743672,0.51676,2.46041,3.38744,2.92787,1.16334,-0.220432,0.372322,2.65292,2.88438,2.94931,3.6466,1.70743,-0.34507,0.0264657,0.881829,0.90175,0.192042,-0.158538,0.143306,0.961142,1.94387,2.42158,1.24601,1.11349,2.46596
