public/uploads/wind/vent_json/20200513/wind_field_22.json
{"header": {"parameterUnit": "m.s-1", "parameterNumber": 3, "dx":  0.051, "dy": 0.036, "parameterNumberName": "northward_wind", "la1": 45.3082, "parameterCategory": 2,"nx": 177, "ny": 123, "refTime": "2018-10-03 01:00:00", "lo1":1.38177}, "data":
[rows 56 to 83 of 123, columns 0 to 63 of 177]
0.776563,1.19332,1.62067,2.01484,2.16698,1.95516,2.34714,2.10917,1.71118,0.923812,0.255586,-0.292602,-0.688696,0.302495,0.576689,-0.765259,-1.56079,-2.19757,-2.49923,-2.70106,-3.70205,-4.27028,-4.2521,-4.48753,-3.98018,-3.001,-3.4221,-5.43393,-6.90914,-4.24915,-2.51751,-0.284043,-1.11685,-1.73875,-2.68234,-3.36178,-2.21155,-0.372518,0.0775223,-0.330066,-0.865023,-1.20309,-1.38302,-1.53423,-2.02663,-1.8953,-2.60235,-2.84345,-2.63313,-3.0439,-2.72356,-0.928113,0.11893,0.169077,-0.150399,-0.415661,-0.536644,-0.699821,-0.957519,-1.23658,-1.43744,-1.57287,-1.70285,-1.78505
1.54597,1.48869,1.85665,2.12851,2.55833,2.08191,2.32954,1.91069,1.30763,0.749098,-0.269154,-0.885023,-1.093,-0.351687,-0.516786,-1.67178,-1.89036,-2.4323,-2.44941,-2.11635,-2.6735,-3.37837,-3.37394,-3.72437,-3.94208,-2.93785,-2.10666,-2.71057,-4.47489,-5.06712,-1.13328,0.361882,-1.05323,-1.84532,-3.35043,-3.8899,-3.42013,-1.93018,-0.683698,-0.51869,-0.737,-0.898466,-1.0301,-1.12564,-1.39418,-1.35997,-1.64475,-2.33088,-2.22605,-2.50195,-2.34294,-1.16855,0.263791,0.617324,0.534475,0.311523,-0.023037,-0.34263,-0.604968,-0.862474,-1.10249,-1.26831,-1.40938,-1.55587
1.79917,1.91256,2.14226,2.32626,2.46627,2.46556,2.24701,1.58299,0.992428,0.59209,0.160399,-0.186778,0.19958,0.622854,0.577625,0.106546,-0.329099,-1.21501,-1.96694,-1.96463,-1.85791,-2.24913,-2.62753,-3.03712,-3.74323,-3.09377,-1.85871,-1.3422,-2.47301,-3.55386,-3.08281,-1.2984,-1.20323,-1.55925,-2.82538,-3.59184,-3.60382,-3.12098,-1.82033,-1.07093,-0.898596,-0.895776,-0.955787,-1.0249,-1.02603,-0.909703,-1.62722,-1.68466,-1.96819,-2.13346,-1.97613,-1.51267,-5.3835e-05,0.895324,0.966887,0.697702,0.319888,0.00554088,-0.232989,-0.482515,-0.745679,-0.978243,-1.1275,-1.30793
2.35856,2.15706,2.32601,2.27286,2.31525,2.35139,2.22517,1.36763,1.01968,1.00318,0.479253,0.314586,1.0855,1.49226,2.02437,2.06862,0.924339,-0.271591,-1.13453,-1.86224,-1.8725,-1.71234,-1.90751,-2.00513,-2.58415,-3.14804,-3.00951,-1.86168,-0.658062,-0.548477,-2.47393,-2.22967,-1.63949,-0.929018,-2.17507,-2.92741,-3.07109,-3.09346,-2.39095,-1.69857,-1.35308,-1.25306,-1.28781,-1.27129,-1.27184,-0.915781,-1.79485,-1.67133,-1.65267,-1.90673,-1.75146,-1.53835,-0.308325,0.76028,0.947411,0.804036,0.58359,0.307776,0.016228,-0.275226,-0.54627,-0.799527,-0.976529,-1.11714
2.04296,2.24332,2.15201,2.09336,1.8256,1.64755,1.54962,0.926341,1.00693,1.32168,0.881683,0.375641,0.615685,0.845494,1.35359,1.75993,0.955707,-0.206976,-1.17655,-2.19583,-2.67468,-2.60352,-2.25449,-1.05727,-1.04332,-1.85618,-2.86611,-3.10076,-1.84833,-0.301632,-1.91554,-2.97254,-1.84838,-0.318942,-0.658241,-1.77519,-2.05641,-2.69623,-2.47473,-2.16926,-1.97798,-1.93162,-1.92476,-1.92387,-1.8461,-1.47215,-1.91844,-2.29714,-2.10098,-2.07899,-1.91179,-1.47736,-0.456535,0.647087,1.11126,1.16453,0.976057,0.615086,0.246202,-0.0627358,-0.331406,-0.565606,-0.775778,-0.943881
1.63653,1.73148,1.64961,1.59627,1.43906,1.03268,0.861277,0.907068,0.993277,1.1579,0.881161,0.354517,-0.234304,-0.275492,0.601526,1.60018,1.27199,0.447768,-0.79117,-1.99849,-2.44637,-2.69102,-2.88838,-2.21835,-1.18048,-0.817526,-1.57644,-2.39285,-2.85029,-1.29683,-1.25972,-2.36238,-2.43923,-0.339303,0.320708,-0.643148,-1.3881,-2.20676,-2.34194,-2.36116,-2.59398,-2.44628,-2.60248,-2.40422,-2.66376,-2.34626,-2.54616,-2.83226,-2.62121,-2.37179,-2.19012,-1.70856,-0.816041,0.554717,1.45723,1.61407,1.34165,0.900276,0.482157,0.161475,-0.105674,-0.343143,-0.573012,-0.797233
1.08118,1.01109,0.952218,0.895102,0.754545,0.740414,0.882336,1.00996,0.987826,0.781723,0.703858,0.416631,-0.00994876,0.0855909,0.546963,1.09072,1.42942,1.08758,0.411079,-0.38975,-0.637171,-1.03076,-2.06717,-2.52423,-1.36304,-0.239475,0.18326,-0.386661,-2.18853,-2.14129,-1.46028,-1.41005,-1.21046,-0.949807,-0.145883,-0.485381,-1.30724,-1.9098,-2.22664,-2.28704,-2.66518,-2.37826,-2.6168,-2.44299,-2.62656,-2.78361,-2.56085,-2.5526,-2.53233,-2.43775,-2.38581,-1.86907,-1.33708,0.209978,1.58346,1.84068,1.51991,1.06918,0.658822,0.346492,0.0972337,-0.153014,-0.415235,-0.666012
0.6723,0.587337,0.538508,0.506693,0.648665,0.85022,0.937463,0.810079,0.68423,0.871364,1.01621,0.88033,0.819,0.64743,0.0320644,-0.224058,0.461191,0.718001,0.674146,0.812582,0.859841,0.369037,-0.304895,-1.26619,-1.40266,-0.456414,1.35248,1.54389,0.0657125,-1.36643,-1.34176,-0.861533,0.0766779,-0.830817,-0.832267,-0.713367,-1.07576,-1.46437,-1.74388,-1.80517,-1.9354,-1.59945,-1.93466,-1.77806,-1.60091,-1.8944,-1.85212,-1.8743,-1.92046,-1.95262,-2.07354,-1.88437,-1.60649,-0.0580034,1.57353,1.89726,1.57008,1.17234,0.871225,0.635982,0.396502,0.12703,-0.173247,-0.470423
0.474028,0.441362,0.42742,0.49256,0.61023,0.720104,0.728128,0.577542,0.639317,1.0244,0.880188,0.0846873,0.00533957,-0.166828,-0.74747,-0.910255,-0.265266,-0.15479,-0.111357,0.368397,0.894608,1.29252,1.15549,0.745289,-0.404131,-1.2048,0.757035,2.65846,1.56541,0.289322,-0.704586,-1.12251,-0.638754,-0.889919,-0.950814,-0.647266,-0.276848,-0.526729,-0.768263,-0.913712,-1.09208,-0.83494,-1.41625,-1.38803,-1.65066,-1.82087,-1.6923,-1.45835,-1.27939,-1.22634,-1.31243,-1.45063,-1.39714,-0.310657,1.38603,1.78553,1.5109,1.26288,1.1586,1.02549,0.75899,0.405386,0.0318265,-0.297762
0.329298,0.320331,0.349968,0.455382,0.494438,0.501543,0.571198,0.595737,0.725578,0.394346,-0.433135,-0.950236,-0.981255,-0.882175,-0.97635,-0.899082,-0.893339,-0.371613,-0.483212,-0.335507,1.2557,2.00613,2.44197,1.67163,0.41823,-0.695582,0.0940513,1.13521,1.90336,1.00787,-0.308322,-1.24013,-1.15879,-1.93628,-0.919206,0.0989392,0.22764,-0.189111,-0.509201,-0.523474,-0.665454,-0.521415,-1.57499,-2.60946,-3.17516,-3.09927,-2.51566,-1.89732,-1.50182,-1.1752,-1.00892,-0.807959,-0.784965,-0.396298,0.927874,1.51011,1.40167,1.43939,1.50212,1.46906,1.17516,0.776759,0.350676,-0.0636021
0.086037,0.0479954,0.0526007,0.173047,0.142317,0.170176,0.288463,0.36569,0.0500887,-1.02846,-1.7665,-1.86053,-1.93545,-2.18884,-2.29505,-2.79451,-2.98412,-3.34605,-3.25904,-1.70976,0.96734,1.75457,1.58274,1.14831,0.0508063,-0.693711,-0.538829,2.61354,3.02334,2.17552,1.65676,0.434442,-1.5061,-2.20932,-1.5509,-0.942011,-0.705851,-1.29662,-0.92073,-1.2803,-1.56112,-3.93681,-3.31092,-4.47955,-4.59338,-4.0465,-3.27783,-2.60542,-2.15502,-1.77275,-1.58822,-0.975035,-0.630507,-0.310248,0.715107,1.48091,1.52826,1.64655,1.77686,1.77096,1.51641,1.03866,0.514479,0.0335341
-0.211114,-0.360878,-0.403543,-0.323823,-0.322783,-0.340539,-0.349231,-0.433346,-1.2174,-2.56187,-3.72064,-4.74833,-5.14138,-5.16779,-4.93579,-4.80214,-5.0401,-5.63828,-6.73185,-6.94228,-5.50226,-4.779,-4.06315,-4.09141,-4.68631,-5.45776,-5.23045,-2.3241,1.57744,2.07776,1.53247,0.0228479,-1.48769,-1.39442,-1.51582,-1.70358,-2.58318,-3.11236,-2.43435,-2.7848,-3.13854,-3.45888,-4.1485,-3.94591,-3.64344,-3.26886,-2.91962,-2.66434,-2.42312,-2.13942,-2.19391,-1.48627,-1.55526,-0.853696,0.810567,1.88814,1.92447,2.04862,2.07041,1.95692,1.7954,1.19633,0.721628,0.15532
-0.512351,-0.712152,-0.794394,-0.765328,-0.770286,-0.907668,-1.16574,-1.44871,-2.36203,-4.07048,-5.72221,-6.31991,-6.19014,-6.08574,-6.0954,-6.38681,-7.18349,-8.62851,-9.90806,-10.313,-10.7318,-10.993,-10.3933,-9.64606,-9.89933,-10.0872,-9.71277,-8.1384,-4.92088,-1.54916,-0.508213,-0.377158,-1.3169,-1.35061,-1.88042,-2.51867,-3.5386,-3.27987,-3.13943,-2.96899,-3.19541,-2.92706,-2.28602,-2.19884,-1.55429,-1.64382,-1.82375,-2.14606,-2.35097,-2.45017,-2.67051,-2.05452,-2.36799,-1.11307,1.18263,2.36228,2.64652,2.23885,2.14994,1.99625,1.76467,1.52092,0.890285,0.314296
-0.765899,-0.8737,-0.968917,-1.03207,-1.1879,-1.36844,-1.66095,-2.00703,-2.53141,-3.32762,-3.97824,-4.44209,-5.11234,-5.74922,-6.50245,-7.01115,-7.23273,-7.56537,-7.98405,-7.90177,-7.1113,-6.83269,-6.56299,-5.80593,-4.59384,-4.88156,-6.24033,-6.79608,-5.36703,-2.85992,-0.70581,-0.985529,-1.91356,-2.82643,-3.31556,-3.19246,-3.21381,-2.95429,-2.81957,-2.83829,-2.44467,-1.40063,-1.34222,-1.07886,-1.58446,-1.55981,-1.4186,-1.79153,-2.46076,-2.78345,-3.19647,-2.72384,-2.05296,-0.334393,1.66963,2.76943,2.58539,2.53094,1.89428,1.91845,1.51723,1.34142,0.622606,0.0695527
-1.00073,-0.948929,-1.02606,-1.21669,-1.42686,-1.54707,-1.70076,-1.95419,-1.88769,-0.539569,0.694254,0.478306,-1.53726,-3.21491,-4.30401,-4.61663,-3.36506,-1.6358,-0.884409,-1.30368,-1.52391,-1.80693,-3.21558,-2.86517,-0.727464,1.09626,0.485456,-1.26118,-2.63852,-2.43638,-2.4327,-3.92984,-3.70027,-3.55998,-3.5227,-3.16832,-2.89358,-2.92231,-2.59878,-1.22673,-2.10312,-2.006,-1.7164,-1.02995,-1.04042,-1.51694,-1.76693,-2.09791,-2.67177,-2.51253,-2.90676,-2.38387,-1.76265,0.0507723,1.61215,2.50549,2.13351,2.33698,2.21061,1.86523,1.51705,1.22153,0.513828,-0.385845
-1.09814,-1.00552,-1.01548,-1.33965,-1.60087,-1.73782,-1.77897,-1.78979,-1.60245,0.195488,2.2283,3.32041,2.89162,1.96346,0.796691,0.29404,0.480488,1.39239,-0.0626716,-2.2633,-3.3841,-4.73834,-6.39582,-7.66587,-6.65207,-3.10011,1.1104,1.22442,0.306218,0.146696,-2.15725,-3.18077,-3.10971,-3.49852,-3.20235,-3.51265,-3.65301,-3.5598,-3.5249,-1.23172,-2.00739,-3.17348,-3.83014,-3.06721,-1.76354,-1.62147,-2.28989,-2.27044,-1.9709,-1.59965,-1.80502,-1.45464,-1.66883,-0.178834,1.05508,1.56798,0.790708,1.56387,1.61674,1.44841,1.188,0.662264,0.0617854,-0.489154
-0.985266,-0.994171,-0.885992,-1.44885,-1.74348,-1.89972,-1.91723,-1.83552,-1.81581,-1.14575,-0.3618,1.74299,3.25085,3.33688,2.54422,1.25889,-0.172312,-1.18878,-4.76748,-6.24831,-6.73997,-6.28763,-7.54509,-9.15669,-11.0611,-11.7714,-8.78638,-4.00871,0.387305,2.5809,2.09247,1.45637,-1.20608,-3.40781,-4.134,-4.46441,-4.76387,-4.80914,-4.38202,-2.45845,-1.79564,-3.71089,-4.55441,-4.20149,-3.96422,-2.49083,-2.17725,-2.06508,-1.91591,-1.32037,-1.26306,-1.87676,-1.30603,-0.857335,0.0939206,0.0893897,0.676806,0.978837,0.966736,0.78783,0.59223,0.154025,-0.334484,-0.360581
-0.488384,-0.73997,-0.645714,-1.53276,-1.81261,-1.99298,-2.03393,-1.92309,-2.01418,-2.0503,-2.44243,-0.982515,1.03272,1.64019,0.960607,-0.0475125,-1.79216,-3.96848,-5.64155,-6.30582,-6.48539,-7.00125,-6.17131,-5.85221,-6.66845,-9.50303,-12.3089,-12.9326,-10.7765,-5.77338,1.08149,2.9253,-0.917255,-4.84033,-4.87502,-3.87756,-4.23693,-4.31778,-3.9043,-1.7526,-0.397126,-0.608755,-2.21013,-3.37404,-4.27048,-3.86824,-3.11907,-2.48293,-2.04548,-1.34,-1.70106,-1.24759,-1.38633,-0.747378,-0.872287,-0.246254,-0.0561175,-0.0920432,-0.0650651,0.0720283,0.125582,-0.0991564,-0.198721,-0.201707
-0.157099,-0.641501,-0.551636,-1.64668,-1.93847,-2.10808,-2.10703,-2.13223,-1.99799,-1.60644,-1.47345,-1.35477,-0.47366,-0.247677,0.0792492,0.0855656,-3.19204,-4.39947,-3.7492,-3.54126,-5.02851,-6.68555,-7.22718,-6.28038,-4.46133,-4.7905,-8.04084,-11.6849,-12.6204,-10.9587,-6.11992,-1.22743,-0.992895,-4.78556,-7.22772,-6.21173,-3.1205,-1.00386,-1.45383,0.156129,1.14909,2.58905,0.471434,-1.32597,-2.87427,-3.16297,-3.40063,-3.06023,-2.17074,-1.68434,-1.42001,-1.47651,-1.07109,-0.762213,-0.783087,-0.785352,-0.712513,-1.0478,-1.26627,-0.82447,-0.410815,0.236894,0.475888,0.305915
-0.465306,-0.856376,-0.737802,-1.81937,-2.06519,-2.16966,-2.14242,-1.9553,-1.10818,-0.361449,-0.313307,-0.636376,-1.19753,-0.772323,-0.22498,-0.833381,-2.79364,-3.12761,-3.04109,-3.66602,-4.53504,-6.3932,-7.88301,-8.72336,-7.87174,-6.31605,-5.46741,-6.31999,-7.34252,-8.46033,-9.48308,-6.65068,-1.59116,-3.58012,-6.73201,-7.80015,-4.4951,0.300104,-0.484033,0.445691,2.07723,3.83725,1.43909,-1.52835,-2.83169,-3.24482,-3.03519,-2.74698,-1.78042,-1.60466,-1.8233,-1.44404,-1.00963,-0.856272,-0.797978,-0.497036,-0.628534,-1.18322,-1.57744,-1.72917,-0.639577,0.419846,0.642741,0.711615
-1.54426,-1.37995,-1.37087,-2.05863,-2.06678,-2.09313,-2.05422,-1.33614,-0.914618,-1.26365,-1.65062,-1.93978,-1.82007,-1.06555,-2.11738,-3.05744,-2.85585,-2.14823,-1.56996,-3.03842,-3.30638,-3.38518,-4.84198,-6.42367,-7.55906,-7.092,-5.33035,-3.31703,-4.3533,-7.32862,-9.69288,-10.2629,-7.54295,-5.92455,-6.28719,-6.15781,-4.64083,-3.65688,-4.7124,-4.90773,-1.99651,0.716882,-0.906289,-2.49836,-3.74406,-4.24337,-3.548,-2.35981,-1.90838,-2.43713,-2.3178,-2.28557,-1.57442,-1.33078,-1.50551,-0.300302,0.115456,-0.410451,-0.672729,-1.12858,-0.928651,-0.0923843,0.23279,0.681034
-2.72294,-2.06193,-2.14825,-2.25543,-2.06931,-2.03514,-1.63706,-0.979283,-1.36784,-2.04428,-1.91666,-1.88543,-2.08329,-1.57451,-2.12536,-2.77918,-2.25494,-1.56899,-1.47562,-1.31703,-1.56139,-1.09653,-1.89663,-2.38407,-3.80245,-5.74514,-6.0709,-4.7801,-3.60869,-5.40029,-7.49788,-8.98384,-9.74936,-9.08438,-8.02551,-6.16455,-4.34138,-6.40339,-9.02953,-10.8954,-10.7925,-7.85046,-6.03916,-3.35581,-3.1808,-3.5448,-3.64552,-2.11767,-0.806806,-2.15447,-2.4681,-2.64824,-1.67626,-1.91659,-1.27495,-0.764433,0.0455784,0.473184,0.249783,-0.715373,-1.26261,-0.710552,0.213839,1.09116
-2.48074,-2.52591,-2.52135,-2.30933,-2.07652,-1.89592,-1.00774,-1.01329,-0.851287,0.0137866,0.260902,-0.185064,-0.700201,-0.545082,0.4296,-0.192416,-0.970339,-0.435347,-1.14856,-1.36701,-1.34764,-1.70346,-1.57802,-1.07482,-1.13009,-2.7675,-4.52222,-4.9156,-4.31844,-3.40904,-3.77247,-5.76912,-7.79688,-9.17015,-10.1082,-9.43898,-7.92017,-9.08152,-9.3757,-9.52711,-9.42898,-8.80576,-6.41633,-3.00023,-2.17736,-2.39795,-2.5876,-2.78473,0.624928,-0.614646,-1.5816,-2.30923,-1.9369,-2.60889,-1.77692,-1.45325,-0.767501,0.150661,-0.0247256,-0.822355,-1.32125,-1.01643,-0.253739,0.364956
-2.48093,-2.70509,-2.6708,-2.40297,-2.29277,-1.79766,-0.904664,-1.24664,-1.11278,0.116729,0.727146,0.156838,-0.160269,-0.10086,-0.0850817,0.0488234,-0.310173,0.207482,-1.0864,-2.33504,-2.19429,-2.79889,-1.3673,0.661379,1.7968,0.301824,-0.798993,-1.83502,-2.79387,-2.89799,-3.53051,-5.17885,-6.29865,-7.8207,-10.0209,-11.0035,-10.4753,-10.3394,-7.95421,-6.18013,-5.58764,-5.36002,-4.59949,-3.31568,-1.00858,-2.01868,-2.85357,-4.61472,-1.47826,0.110365,-0.481565,-1.41933,-1.81196,-2.93424,-2.50521,-1.37996,-1.66296,-1.26238,-1.05548,-2.1822,-1.66715,-1.09964,-0.485753,-0.971945
-2.47101,-2.73049,-2.71983,-2.34347,-2.3203,-1.49114,-0.92486,-0.776497,-1.00138,-1.09276,-1.2292,-1.44175,-1.54277,-1.09379,-0.598644,-0.468207,-1.16094,-1.30932,-2.44249,-2.94139,-2.99083,-2.33244,-0.231999,1.19999,2.14384,2.69337,1.75891,-0.636039,-2.52195,-2.54151,-2.57877,-3.7204,-4.61994,-5.62364,-7.50506,-9.08479,-10.0023,-9.58321,-6.80914,-4.28718,-3.13037,-3.81631,-3.85332,-3.17562,-1.17633,-0.642639,-2.00414,-5.85268,-5.73671,-2.20866,-0.138445,-0.906772,-2.25955,-1.79721,-2.19663,-1.74544,-1.82359,-1.62249,-1.17906,-1.85261,-2.99417,-1.52422,-0.92897,-1.17853
-2.33648,-2.64983,-2.68782,-2.37321,-2.28117,-1.10231,-0.786523,0.190292,0.808834,0.207145,-0.87629,-1.1696,-1.46555,-1.08688,0.200508,0.0259283,-0.838082,-1.61844,-1.72954,-1.63144,-0.678955,-0.418182,-0.0443766,-0.402604,-0.312079,0.948066,0.569225,-1.19976,-1.97055,-1.92729,-2.48977,-3.66653,-4.99191,-5.65364,-5.69965,-7.74138,-8.71451,-8.71918,-7.03,-4.8404,-2.23965,-2.20143,-2.40297,-2.27121,-1.19695,0.3678,-1.46954,-5.41864,-6.86945,-3.79329,-0.801049,-1.50511,-3.77397,-2.35306,-1.84636,-1.42251,-1.44252,-1.3762,-1.45791,-1.62275,-2.13781,-1.74263,-1.38427,-1.48473
-2.16252,-2.64989,-2.70117,-2.30363,-2.46247,-1.33064,-1.64609,-1.09987,0.561277,0.832288,0.217503,0.0192542,0.112561,-0.252435,0.631352,0.807827,0.692363,0.295813,0.182112,1.10321,1.25493,0.788438,-0.113847,-0.501181,-0.0273269,0.105812,-0.242908,0.325498,-0.190727,-1.11567,-3.16817,-4.49933,-5.84239,-5.58008,-4.39027,-6.19916,-7.96736,-8.95169,-8.87427,-6.76038,-3.62662,1.64517,0.900076,-0.315352,-2.98228,-2.71256,-4.65731,-5.93827,-6.24954,-3.32042,-1.20504,-3.06973,-2.62305,-1.87965,-2.94133,-1.54212,-1.14786,-1.02868,-1.14019,-1.20123,-1.9397,-2.26285,-1.37366,-3.00072
-1.86624,-2.24089,-2.36626,-2.10396,-2.25765,-2.0027,-2.05255,-2.49215,-1.65875,-0.567407,-0.523945,-0.454917,0.764748,0.467857,0.698177,-0.156503,-0.255993,-0.144825,0.357339,0.829547,0.0919161,-0.812183,-0.629341,0.923263,1.05863,0.794381,0.00442952,0.999968,-1.01273,-1.12851,-3.03748,-4.16251,-4.53195,-4.9748,-4.12395,-4.38382,-5.10283,-7.50869,-9.90846,-9.86698,-6.94269,0.557136,4.14326,0.928003,-4.58641,-6.61828,-6.57495,-6.68714,-6.50709,-4.35222,-1.88923,-3.43926,-3.16654,-2.52363,-2.29952,-2.50977,-2.38453,-1.42744,-1.16395,-1.45681,-1.893,-2.69384,-2.68606,-3.54536
