public/uploads/wind/vent_json/20200513/wind_field_09.json
{"header": {"parameterUnit": "m.s-1", "parameterNumber": 3, "dx":  0.051, "dy": 0.036, "parameterNumberName": "northward_wind", "la1": 45.3082, "parameterCategory": 2,"nx": 177, "ny": 123, "refTime": "2018-10-03 01:00:00", "lo1":1.38177}, "data":
[rows 84 to 111 of 123, columns 64 to 127 of 177]
-3.19007,-2.30343,-0.8054,-0.15605,0.175891,0.420217,0.990925,0.756554,-0.0480901,-0.379784,-0.384132,0.184823,0.460564,0.110705,-0.153421,-0.587434,-1.07528,-0.132417,1.24993,2.23458,2.88208,2.71119,2.72015,2.44908,0.12614,-2.41332,-1.81424,0.627692,0.947581,0.0405605,-0.640011,-1.37358,-2.33471,-0.821369,0.945919,-1.34189,-3.50649,-4.17733,0.603224,1.89853,2.19235,2.92343,3.26959,1.98922,1.71998,2.20598,1.86166,2.17023,1.52567,0.216167,0.388279,3.08208,2.48852,-0.223219,1.42051,3.29982,2.15753,1.53095,1.32459,1.48713,1.06162,-1.02376,-1.53731,-1.99099
-2.65393,-2.06803,-0.901042,-0.348156,0.0108224,0.445827,0.938677,0.381029,0.00564056,-0.0398032,-0.214518,0.424494,0.456976,0.536983,0.775704,0.38044,0.28678,-0.0898229,-0.248099,0.659992,0.889668,-0.294337,0.234203,-0.662343,-1.976,-3.22646,-2.81536,-0.350833,1.75631,0.758126,-0.276871,-1.20471,-3.22524,-4.25231,-2.42408,-0.931879,-0.474528,-4.6629,-5.90796,-5.3398,-0.40149,4.13815,3.95358,1.27344,0.498658,0.513029,0.480694,1.56488,1.91624,1.26481,1.7418,2.30064,0.282475,-2.34625,-1.7649,1.52817,2.98845,1.34278,0.689679,1.26219,0.914487,-0.655983,-0.37744,0.378417
-2.08741,-1.8136,-0.727407,-0.393332,0.16641,0.309094,1.04112,0.637501,0.463126,0.376033,0.644198,1.03016,1.18203,0.466612,0.446781,1.20296,1.40883,-0.747027,-2.05992,-2.51605,-2.87209,-2.75446,-2.64229,-3.28419,-4.14246,-5.08857,-4.40498,-2.69655,-0.424894,1.36439,0.750612,-0.393041,-2.24016,-4.77595,-6.13238,-2.86296,0.710856,-3.31992,-5.93285,-6.99023,-3.81525,2.22779,3.74846,1.67921,-0.0441897,-0.152862,1.06031,1.8988,0.533656,0.142146,2.50924,1.04952,-1.15296,-2.01903,-2.67066,-0.164359,2.2318,2.29974,1.39658,1.26849,0.666574,0.183991,0.163315,1.11912
-2.44784,-1.79007,-0.698898,0.0374231,0.881209,1.46871,1.63961,1.11558,1.31259,1.59502,1.58539,0.932774,0.847314,1.75012,1.23693,0.898109,0.471219,-1.9464,-1.9418,-2.00258,-1.38359,-0.778306,-1.34267,-1.89364,-3.47949,-4.16403,-2.9408,-2.13598,-1.59167,0.0875778,1.1897,1.12145,-0.706667,-2.89773,-5.26018,-6.76841,-3.80243,-2.52308,-3.94543,-4.15172,-3.81176,0.304341,2.96888,0.301449,-1.16363,-0.503409,1.00932,2.83472,-0.303559,-2.37177,-1.84491,-1.69303,0.297613,0.876236,-0.449552,-0.962528,1.95716,1.95365,0.0900214,0.153973,1.88569,1.39057,2.04483,1.41661
-2.20483,-1.55707,-0.439366,0.536432,1.07399,1.55945,2.18972,1.79219,2.23911,1.72095,1.28389,-0.0536228,-0.624731,1.56668,1.7063,-0.280226,-0.773223,-0.280723,-0.0732011,-0.177854,0.386409,0.543089,-0.667094,-1.61897,-2.37183,-2.48737,-0.918543,-0.613093,0.400666,-0.531627,0.783723,1.35158,-0.112319,-1.1146,-2.97889,-5.65579,-6.71513,-3.81673,-3.76013,-4.80349,-6.21191,-4.10394,0.683087,2.96111,2.2776,1.26541,0.973997,0.914054,-0.071662,-0.0679161,-0.817037,-0.336687,1.12876,1.1121,0.364973,-1.63731,0.0423592,-0.028511,-0.304478,-1.49574,-1.03133,-0.653189,1.46075,2.27421
-2.19967,-1.81468,-0.844479,0.599859,0.975326,1.53545,1.74344,1.84475,1.0617,-0.458923,-0.568672,-1.2454,-0.306881,1.73601,1.49839,-0.128582,0.0722864,-0.133542,-0.17143,0.0334317,0.415803,0.563842,-0.661019,-1.22166,-1.69832,-1.56263,-0.999254,-0.677664,-1.0276,-0.792037,-0.539728,-1.1915,-1.40473,-1.56003,-1.60139,-2.38452,-4.31849,-4.08054,-4.44245,-6.24896,-7.95305,-8.41738,-4.86728,4.05356,4.222,0.553415,0.623569,0.30427,0.0341189,0.51164,2.14261,1.98595,-0.493249,-1.66567,-1.25387,-2.54765,-2.30004,0.159179,0.851003,0.278121,-0.277386,-0.1494,0.242848,1.46577
-1.96453,-1.683,-0.917935,0.511288,1.51191,1.25027,0.612259,0.708255,0.412254,-0.40303,-0.68927,-0.962597,0.290235,1.54629,1.00806,0.887917,0.836187,-0.134245,-0.512103,-0.646629,-0.490891,-0.545675,-0.203318,-0.468042,-1.2305,-1.08876,-1.02341,-1.54411,-2.44786,-1.08906,-1.33587,-1.51932,-1.60428,-1.82979,-1.743,-2.37569,-2.29242,-2.24614,-4.16537,-5.71961,-6.66516,-5.6519,-4.34272,-1.14379,-2.28958,-4.69524,-0.59853,2.34008,3.63616,2.48915,1.9901,0.0736464,-2.22029,-2.23472,-1.94818,-2.65498,-1.35529,-0.0960076,-1.83051,-0.389602,1.41802,0.161911,-1.49684,-0.229872
-1.82409,-1.11509,-0.397996,0.629676,1.46737,1.11515,0.709976,0.211917,0.304951,0.311503,0.143799,-0.0177376,0.055592,0.333919,1.62047,1.64383,1.35752,1.06209,0.409222,-0.602682,-0.847075,-0.602311,0.267692,-0.152369,-0.79871,-0.722315,-0.603689,-1.09014,-1.14378,-1.96089,-0.194474,-0.812899,-1.05856,-0.806555,-1.67121,-3.53274,-3.24779,-1.04159,-1.13985,-2.06748,-3.43559,-3.56844,-4.03077,-5.39647,-6.20113,-4.04957,-0.449649,1.94711,2.24357,2.16782,0.389072,-1.34527,-1.41145,-1.43055,-1.95962,-2.87215,-2.48352,-1.45344,-2.93864,-2.97598,-2.59719,-3.0035,-2.53705,-0.98505
-2.23048,-1.01491,0.00788021,1.15609,1.96021,1.67047,1.181,0.531534,0.429198,0.756479,0.592346,0.0914432,0.343718,0.00187711,0.966484,0.691243,1.29857,1.6663,1.24566,0.609204,-0.083823,-0.354886,0.213661,0.284965,0.273924,0.390927,0.360202,0.357822,-0.000211317,-1.17275,-0.364378,-0.858932,-0.71298,-0.334965,-0.995075,-1.96366,-2.46924,-0.293795,1.4043,2.22977,0.240229,-2.57954,-5.52825,-6.99991,-3.31483,0.415664,0.0623891,-0.471435,0.0746273,0.24721,-0.919729,-0.658717,-0.332421,-0.42893,-1.34496,-2.53186,-2.83342,-2.45994,-2.27591,-2.0287,-2.28488,-1.8978,-1.31196,-0.851078
-2.59853,-1.55385,-0.376639,1.4112,1.96374,1.73355,1.09926,0.829427,0.257187,0.213025,-0.0555331,0.555556,0.883374,-0.0198998,-0.595226,-0.128469,1.12091,2.02955,1.67714,0.913185,0.120479,-0.156823,0.551554,1.08778,1.27998,1.18387,0.74005,0.556854,0.134147,-0.377607,-0.79699,-0.541217,0.415137,0.68564,1.49818,1.31678,-0.402188,-0.420005,1.15495,3.19508,2.60864,0.000301549,-3.24547,-3.73419,-1.357,-0.814866,-5.52534,-7.2955,-3.22577,0.0101591,0.484956,1.07852,0.993215,1.06245,0.0779452,-1.21513,-1.70232,-1.65096,-1.54661,-1.55339,-1.22526,-0.90541,-0.698098,-0.539994
-2.49951,-2.13107,-1.21008,1.17052,1.02147,0.606991,0.692158,1.0755,-0.359475,-0.641997,-0.24343,0.696024,0.629534,0.677906,0.714098,0.817699,0.791113,1.35363,1.16014,0.769906,0.240249,0.739537,1.31632,1.4093,2.03624,1.01523,-0.329464,-0.375113,-0.425601,-1.29347,-0.831091,-0.838942,0.311304,0.898129,1.56652,0.602359,0.0991395,0.347075,0.142962,0.265299,1.81912,1.85977,-0.216662,-1.74662,-3.27855,-3.88712,-5.04387,-6.41373,-5.41988,-2.40951,-0.52031,0.653916,1.0144,1.72405,0.693332,-0.887397,-1.55544,-2.01673,-1.66793,-1.227,-0.934162,-0.420504,0.0131795,-0.0858389
-2.63213,-2.72888,-1.71712,0.569069,1.2009,0.354555,0.246531,1.52923,0.666213,0.697273,1.00006,-0.00538607,-0.268463,0.660529,1.95904,1.83386,1.19212,0.820122,0.473559,0.397641,0.0793577,0.529774,0.602149,0.67389,1.54156,0.47854,-1.7346,-1.20515,-0.692092,-0.692512,-0.676297,-1.03014,-0.582929,0.33332,2.01706,1.40908,0.082195,-0.846042,-0.806582,-1.3766,-0.739361,-0.642937,-0.484348,-2.58349,-3.12246,-0.301594,1.97905,3.63898,1.99,-0.788786,-1.02471,-0.265499,-0.0226514,1.01699,0.289257,-2.01364,-3.06144,-2.90774,-2.00193,-1.0732,-0.298147,0.224066,0.344508,0.272972
-2.09518,-2.66275,-2.36193,-0.509263,1.0532,0.784656,0.831156,2.13417,2.36137,2.04642,1.66394,0.206099,-0.371625,0.0278684,1.24542,1.86302,1.77944,1.19259,0.53695,0.121107,0.415225,0.494428,0.212922,0.249525,0.382001,-0.364741,-0.916629,-1.21954,-0.00422816,0.764624,0.158692,-0.662233,-0.886661,-0.969317,0.211553,1.06075,0.523347,-2.12752,-2.82769,0.497089,-0.358974,-3.09871,-3.99674,-3.68369,-2.31414,-0.523962,3.58562,4.70844,2.60471,-0.0591471,-0.0304065,0.38246,0.837449,1.35007,0.119991,-3.07804,-3.59889,-3.10543,-2.03032,-1.20043,-0.478356,0.304228,0.663027,0.8144
-1.22902,-2.12628,-1.9984,-1.30269,-0.508788,0.480526,1.29604,1.56471,2.57171,3.09471,2.74823,2.03985,1.36695,0.67714,1.23365,1.65867,1.29254,0.74898,0.317592,-0.406806,0.580561,0.798113,0.310524,-0.294105,-0.160342,-0.687279,-0.199734,-0.258588,-0.445366,-0.432348,-0.11203,0.6138,0.476745,-0.578168,-1.48687,-0.774126,0.754577,0.738129,-0.529378,-0.529572,-0.440627,-3.61207,-5.18193,-4.94125,-6.30903,-6.34428,-1.61187,-1.1056,-1.72284,-0.88851,0.446589,0.953221,1.45483,0.960838,-1.49016,-3.77305,-4.06604,-3.06242,-2.13217,-1.39223,-0.527266,0.359157,0.825631,1.29353
-0.517199,-1.32897,-1.21653,-1.22656,-0.982088,-0.474028,0.666238,0.675875,0.17293,2.16656,2.61172,2.56483,2.48455,1.28663,1.73504,1.76964,0.977504,0.735282,0.168039,-0.152841,1.03004,1.4428,0.899821,-0.340911,-0.280842,-0.293203,-0.0933756,0.674421,-0.430471,-0.477347,0.495026,0.962797,0.447516,-0.117821,-0.838377,-0.153777,0.161239,1.07182,1.83747,-2.39222,-4.21284,-2.61636,-2.2531,-4.25812,-5.15327,-5.5264,-2.44214,-1.09425,-0.791465,0.161078,0.262542,-0.130016,-0.965298,-2.37899,-3.72466,-4.54317,-4.1224,-2.94962,-1.9805,-1.4482,-0.760305,0.0305888,0.690447,1.38221
0.105729,-0.760613,-0.641764,-0.572804,-0.554747,-0.34829,0.455429,1.06521,-0.312581,0.175564,1.93755,2.34263,2.28941,1.66221,2.36424,1.97661,1.78958,1.07458,0.520389,0.806944,1.47217,1.07088,0.862895,1.10263,0.736039,0.853088,0.829763,0.842991,-0.175264,-0.108191,-1.05327,-2.52615,-3.11603,-3.35301,-3.12448,-1.45277,0.435145,1.08342,2.46613,-0.202208,-3.01018,-1.31482,1.44432,-0.356402,-1.22176,0.306201,-0.271256,0.198248,0.394264,0.631866,0.112537,-0.908398,-2.46619,-3.94389,-4.32905,-4.60394,-4.06656,-2.89867,-1.88152,-1.47034,-1.10319,-0.59518,0.32077,1.27345
0.911547,0.244865,0.0591445,0.370487,0.0491257,0.396792,0.906816,0.859982,0.67951,0.892957,2.11636,1.83289,1.60977,1.12397,1.69317,1.99179,2.16913,1.52151,1.30529,1.77308,1.69127,0.773095,0.704048,0.842964,0.637709,0.918628,0.797843,0.391754,0.0102015,-0.645184,-2.42551,-3.55615,-3.48783,-3.05815,-2.15724,-1.75139,0.0832738,3.81082,4.05147,3.51838,3.31656,3.08735,2.73849,1.00825,0.606907,0.356756,-2.57752,-4.50626,-2.73432,-1.90948,-0.905608,-2.25742,-3.43805,-3.72869,-3.91955,-4.36141,-3.78975,-2.66467,-2.00379,-1.669,-1.26894,-0.761577,0.417195,1.59933
0.900913,0.168186,-0.520578,0.0120142,-0.215904,0.626454,1.28044,0.728946,0.763007,1.12803,0.751309,-0.0137798,-0.0570024,-0.784227,-0.733704,0.486278,1.26284,1.94879,2.33299,2.75126,2.73052,1.81373,1.24121,0.352449,-0.661903,0.41577,0.402657,0.428641,0.473515,-0.5187,0.566441,0.676435,0.431684,-0.782407,-1.59819,-2.15505,-2.3983,0.566853,3.5273,4.36556,6.09707,5.14577,3.90629,3.26997,1.81089,-2.17402,-5.82138,-4.87445,-2.22252,-1.24024,-1.28665,-2.87444,-2.91956,-3.18746,-2.76042,-3.00333,-2.73397,-2.37458,-2.01757,-1.91693,-1.4829,-0.658391,0.496703,1.53093
0.37875,-0.305044,-0.926668,-0.631707,-0.444884,0.0114294,0.734339,0.23555,-0.663301,-1.2079,-1.5453,-0.497482,-0.394415,-0.214978,-0.689787,-0.201779,0.0285927,1.86558,2.2664,2.61917,2.26397,1.76316,1.16997,0.677885,0.0964716,0.0834353,0.421477,0.307075,-1.12497,-2.2586,0.241711,1.40036,0.389356,-0.318194,-1.78583,-1.98126,-1.5057,-1.1995,-1.34717,-0.138643,3.26142,4.14529,5.44822,5.84069,3.08952,-0.830772,-0.859616,1.00321,1.9637,-0.0592764,-2.48055,-3.37504,-3.68542,-3.034,-2.75576,-2.76962,-2.80943,-2.43212,-2.39624,-2.20669,-1.5967,-0.20061,0.849428,1.28588
0.144635,-0.207931,-0.636345,-0.506606,-0.189356,-0.173148,0.117841,-0.35141,-0.598796,-0.504575,-0.764358,-0.500442,-0.48305,1.09794,1.71038,0.930308,0.0851181,2.02643,2.85467,1.77875,-0.0982264,0.365302,1.74324,1.38231,0.852835,-0.496841,-0.0178547,-0.183721,-2.37033,-3.5775,-3.95423,-3.98249,-3.61383,-1.14333,0.97221,1.84013,2.69084,0.271142,-1.42415,-1.36296,-0.299353,2.00516,5.34444,6.87445,6.14879,4.96212,4.6363,4.04866,1.37099,-0.314945,-2.77797,-3.37384,-3.09646,-3.54027,-3.45009,-3.35032,-3.16772,-2.90725,-2.55366,-2.46349,-1.77357,-0.313077,1.1384,1.05431
1.17244,0.414863,0.0730084,-0.245689,-0.12174,0.509142,1.01415,0.547487,0.765041,0.803647,0.401332,-0.971936,-1.15048,-0.395794,1.47491,1.21971,1.21247,2.9928,3.66851,1.7562,-1.26315,-0.479862,1.58519,1.74852,0.138466,-0.360282,0.501275,0.404324,0.103086,-0.610468,-3.64952,-4.6278,-4.03182,-1.24623,1.65422,2.73992,3.05872,1.21689,0.959629,1.20945,-0.90459,-0.0442858,3.07804,6.0456,6.40416,6.682,7.52118,4.07721,0.281396,-1.17971,-3.11797,-1.43148,-1.62089,-3.5117,-4.25274,-4.28321,-3.96691,-3.23486,-2.65247,-2.5495,-1.9025,-0.707467,0.791653,0.756239
1.52391,1.18764,0.893419,0.539771,0.346572,1.30379,2.24043,1.86751,0.971301,0.271025,-0.549226,-1.1741,-0.455402,-0.376123,0.754971,1.92916,3.25181,3.66413,2.19632,-0.256268,-1.32459,-0.541268,-0.166683,1.04794,0.435385,0.889726,0.785188,0.386771,1.95283,1.36144,-2.25705,-4.14889,-3.85091,-1.98473,0.715168,1.27229,0.867726,1.97074,2.36508,2.56691,-1.0005,-2.06559,-0.704939,1.61253,1.60903,1.11916,2.23146,0.882986,-0.468126,-1.25727,-1.47366,-0.251483,-2.43612,-3.94369,-4.22279,-3.97792,-3.8681,-3.37333,-2.53584,-2.40171,-1.89842,-0.847318,0.20957,0.535676
1.07206,1.63374,1.55695,1.12669,1.02286,1.59029,1.92301,2.62556,2.32959,0.914566,0.423255,0.119648,0.0870742,0.890038,1.69375,2.18047,3.61808,3.35588,-0.238208,-1.43433,-1.12682,-1.37024,-1.32423,0.390545,0.777103,0.815452,-0.389651,-2.06676,-2.30684,-3.81477,-5.21407,-5.35452,-5.23357,-3.7056,-0.778322,-0.259935,-0.649071,3.11573,4.78171,3.76084,0.791924,0.152883,-1.15836,-2.47641,-1.30771,-0.636503,-0.596498,-0.718156,0.388151,0.575237,0.31598,-0.766487,-3.67939,-4.12742,-4.06531,-3.77455,-3.69572,-3.20234,-2.30414,-1.85088,-1.66879,-0.904818,-0.197417,0.248826
0.925354,2.10339,2.19777,2.11873,1.54303,1.47955,1.25709,1.52534,3.79173,3.02592,2.06713,1.42662,1.56203,2.4214,2.80808,2.33984,3.38073,3.09946,0.307719,-0.345929,-0.35876,-1.05597,-0.457628,0.43809,0.813483,0.585604,-0.179262,-2.87287,-3.78576,-4.69106,-4.54287,-3.65451,-3.14566,-3.87023,-3.53066,-3.69119,-1.29429,0.399779,3.54364,5.23509,5.57938,5.69265,3.64983,0.456735,-0.800065,0.02414,-0.487026,-0.644738,0.871815,1.00588,0.281006,-0.817326,-3.94899,-4.22598,-4.02607,-3.96005,-3.95982,-3.20435,-1.93603,-1.29134,-1.2365,-1.0039,-0.627144,-0.157341
2.2859,2.14439,2.31543,2.38191,2.02991,1.64034,0.985312,0.401617,2.36847,5.12618,4.93888,4.21494,3.45207,3.86362,3.82837,2.93615,3.52621,4.56095,2.98761,1.19004,0.55794,0.0945517,0.552725,0.946537,0.0906661,-0.423237,-1.28989,-2.34363,0.753953,1.77349,2.23867,1.03949,-0.692579,-3.43343,-5.43246,-4.27348,-0.109081,-0.452689,-1.59245,3.40013,5.89861,8.56554,8.09377,5.93838,2.07204,1.73674,0.857419,-1.28436,0.674682,1.39847,0.928569,-1.3528,-3.7317,-4.18615,-4.13463,-4.34457,-3.84007,-2.66626,-1.31594,-0.917806,-1.05112,-1.14502,-0.943958,-0.852627
3.35769,2.70213,2.23847,2.46387,2.28723,1.6724,0.990895,0.36848,0.394381,3.48585,5.6346,5.3316,5.49928,5.51323,4.8723,4.08017,3.37818,3.3024,4.03164,3.25479,2.5365,2.12602,1.58584,1.72084,0.456217,-0.377048,-0.416574,1.30377,3.26993,3.21049,3.1938,3.25067,2.18846,-0.035267,-1.46454,0.132359,1.54489,-1.85963,-2.77254,-1.44766,1.99922,4.9288,6.16904,6.8422,5.21853,3.30541,0.791925,-0.670526,1.14768,2.35053,0.601352,-2.78243,-4.23341,-4.14202,-4.24671,-3.67123,-3.4993,-2.07503,-0.67018,-0.702953,-1.06062,-1.35221,-1.27596,-1.32662
3.67966,2.94996,2.67933,2.42921,2.13967,1.46944,0.74358,0.232319,-0.102786,0.783431,1.62103,-0.403167,1.96397,3.50414,3.83818,4.31373,2.46209,0.952909,3.26922,4.18021,4.38454,4.4173,3.78748,3.20993,3.14517,3.69245,4.72604,5.19123,2.89149,1.20257,0.619487,3.42899,5.43134,6.12445,4.23976,1.4854,-0.145855,-1.41905,-0.730195,-0.895401,0.761583,2.36491,3.93331,6.47882,6.69406,3.64586,1.42286,2.11345,2.72455,2.11611,-1.53373,-4.13215,-3.97729,-3.68492,-3.6629,-3.40804,-3.09562,-2.50384,-0.631072,-0.409431,-1.27428,-1.69611,-1.33476,-1.2494
2.30243,3.03494,3.13809,1.95333,1.61758,1.21948,0.338261,0.0675376,-0.354687,0.256848,0.231983,-2.48577,-2.09479,-0.568028,1.08375,3.24573,2.81454,1.39396,3.27107,4.22188,5.35877,5.70769,5.34665,4.86383,4.70657,6.23806,5.89371,4.8707,4.26072,5.53369,6.2774,7.09136,6.4401,4.48752,-0.727363,-4.62054,-3.89364,-0.581103,2.44005,4.84136,4.64444,4.76512,5.72933,5.36071,6.38723,5.0895,2.13672,2.1765,1.29775,1.21111,-1.65848,-3.41241,-3.25861,-3.61663,-3.59031,-3.36848,-3.33541,-3.12849,-1.77638,-0.968202,-1.52301,-1.77479,-1.57966,-1.27213
