public/uploads/wind/vent_json/20200513/wind_field_08.json
{"header": {"parameterUnit": "m.s-1", "parameterNumber": 3, "dx":  0.051, "dy": 0.036, "parameterNumberName": "northward_wind", "la1": 45.3082, "parameterCategory": 2,"nx": 177, "ny": 123, "refTime": "2018-10-03 01:00:00", "lo1":1.38177}, "data":
[rows 0 to 27 of 123, columns 64 to 127 of 177]
-2.37406,-2.46325,-2.17487,-2.05243,-2.08311,-2.18929,-2.14939,-1.91355,-2.47002,-2.46859,-2.44937,-2.53234,-2.41916,-2.43607,-2.09316,-2.14959,-2.29886,-2.431,-2.55145,-2.40337,-2.04867,-1.455,-1.40098,-1.64648,-1.86866,-1.70578,-2.07651,-2.03829,-2.12643,-2.00983,-2.21832,-2.25877,-2.36722,-2.43492,-2.36726,-2.45372,-2.41466,-2.1629,-1.95267,-1.25636,-1.50602,-1.97266,-2.23825,-2.12875,-2.0671,-2.08195,-1.77304,-1.81508,-1.90067,-1.78831,-1.60758,-1.68768,-1.77557,-1.61308,-1.53685,-1.73668,-1.64794,-1.86789,-2.07366,-1.69683,-1.60377,-1.4513,-1.277,-1.23952
-2.56334,-2.66348,-2.53351,-2.33281,-2.34327,-2.6508,-2.35621,-2.03292,-2.72789,-2.5692,-2.70736,-2.91965,-2.66702,-2.73745,-2.36361,-2.14769,-2.36497,-2.47004,-2.57104,-2.51636,-2.16227,-1.75492,-1.62545,-2.15827,-2.40405,-2.3198,-2.63673,-2.4228,-2.41628,-2.4699,-2.5427,-2.65441,-2.39851,-2.41598,-2.53379,-2.73466,-2.9282,-2.80964,-2.69756,-1.80776,-2.1903,-2.43832,-2.54264,-2.5095,-2.53266,-2.4668,-2.36164,-2.50239,-2.37052,-2.19319,-2.23581,-1.99834,-2.10246,-2.21308,-2.1695,-2.33362,-1.81784,-2.01751,-2.35092,-2.21736,-2.2699,-2.13529,-1.71391,-1.61624
-2.50788,-2.57521,-2.56955,-2.36893,-2.19241,-2.73924,-2.2766,-2.11827,-2.56991,-2.37599,-2.51707,-2.99083,-2.81575,-2.89925,-2.27093,-1.894,-1.96841,-2.40408,-2.37677,-2.47022,-1.92627,-2.08181,-2.04207,-2.49913,-2.64768,-2.78447,-2.71011,-2.53361,-2.38535,-2.57287,-2.93167,-3.00585,-2.54811,-2.72545,-2.96942,-3.25413,-3.33888,-3.25596,-2.92223,-2.53173,-2.4345,-2.73258,-2.68576,-2.83851,-2.79737,-2.62674,-2.45208,-2.74327,-2.27055,-2.10075,-2.49478,-1.99014,-1.8644,-2.2759,-2.30135,-2.4738,-2.0285,-2.29856,-2.36794,-2.36971,-2.25232,-2.19522,-1.66431,-1.53584
-2.42443,-2.38982,-2.40663,-2.62252,-1.96771,-2.61283,-2.10741,-1.75522,-2.52414,-2.74459,-2.27789,-2.70689,-2.98792,-2.85051,-1.73122,-2.12471,-1.77609,-2.22202,-2.33856,-2.26507,-1.75207,-1.45121,-2.27863,-2.40855,-2.50021,-2.47617,-2.78954,-2.69357,-2.78229,-2.22215,-2.74431,-2.89811,-2.90337,-3.23312,-2.80762,-3.19636,-3.15198,-2.95037,-3.06499,-2.7357,-1.76748,-2.5981,-2.56963,-2.60912,-2.68357,-2.81102,-2.00612,-2.4452,-2.63966,-2.38004,-1.86039,-2.14585,-1.75003,-2.31401,-2.59262,-2.44461,-1.53682,-1.92347,-2.2349,-2.28056,-1.64833,-2.00014,-1.49452,-1.66299
-2.19203,-2.26724,-1.82676,-2.46279,-1.76011,-2.46695,-1.82315,-2.17931,-2.28196,-2.42947,-2.36166,-2.05288,-2.5072,-2.57326,-1.70052,-2.21992,-2.23335,-1.80781,-2.13577,-1.52415,-1.90806,-1.5909,-2.34213,-2.22473,-1.99431,-1.56294,-2.22077,-2.63587,-2.67828,-2.54494,-2.33971,-3.05854,-3.25078,-3.55894,-2.76122,-3.13369,-2.81547,-2.18947,-2.74804,-1.9801,-1.8329,-2.51766,-2.19442,-2.05161,-2.09712,-2.10978,-1.66818,-2.10722,-2.49998,-2.66504,-1.58803,-2.56187,-2.00107,-1.72115,-2.17734,-1.62744,-0.83755,-1.57259,-2.08692,-2.10094,-1.42837,-1.4051,-1.51621,-2.08744
-1.76274,-2.40726,-1.59914,-2.47426,-1.87326,-2.24056,-1.6245,-2.28868,-2.34441,-1.81045,-2.25277,-1.54263,-1.89265,-2.38281,-2.37776,-2.05376,-2.34387,-2.01469,-1.94721,-1.29395,-2.05835,-2.54258,-1.98009,-2.22655,-1.83385,-1.43318,-1.43424,-2.43305,-1.89499,-2.99412,-2.97126,-3.51481,-2.80355,-3.08818,-3.18021,-3.10171,-2.99162,-2.2368,-1.96299,-1.86467,-2.60113,-2.48595,-2.0126,-1.79841,-1.74173,-1.76784,-1.76329,-2.61343,-1.97759,-2.85229,-1.63387,-2.64517,-2.12607,-1.11559,-1.70427,-1.39043,-0.972563,-1.78856,-2.11969,-2.04211,-1.9601,-1.26741,-1.89432,-1.89721
-1.65427,-2.1314,-1.44417,-2.14095,-1.95267,-1.73427,-1.58333,-1.54729,-2.31387,-2.10584,-1.87796,-1.30819,-2.14732,-2.14845,-2.40315,-2.32731,-1.89469,-2.06579,-2.1196,-1.65107,-1.54712,-2.13058,-2.10678,-2.26405,-2.34056,-1.97128,-1.60729,-1.94,-2.1827,-3.16707,-3.23733,-3.17453,-2.84908,-2.59937,-3.07002,-3.062,-3.15539,-3.04978,-1.87694,-2.93077,-2.8225,-2.61962,-2.3684,-1.9526,-1.85918,-1.84951,-2.33539,-3.11264,-2.2062,-2.75874,-1.70784,-2.18168,-2.01326,-1.27843,-1.76149,-1.89505,-1.46875,-1.45716,-1.78006,-2.00174,-2.11762,-1.59689,-1.56532,-1.12632
-1.41025,-1.34399,-1.11644,-1.62418,-2.04164,-1.62136,-1.70845,-1.54138,-1.62187,-2.05772,-1.4603,-1.22419,-1.9009,-2.08044,-1.77857,-2.04888,-1.49432,-1.26741,-1.89505,-1.67653,-1.45518,-1.42879,-2.20789,-2.38432,-2.57646,-2.35372,-1.92928,-2.3679,-3.00638,-3.25497,-2.46572,-2.69995,-3.16803,-3.03352,-2.5283,-3.14763,-2.67089,-3.12389,-2.26458,-2.92619,-2.92419,-2.88624,-2.68523,-2.04463,-1.84303,-1.66614,-2.64336,-2.69928,-2.71634,-2.36855,-1.99283,-1.96155,-2.27992,-1.81282,-1.52089,-1.7765,-1.76369,-1.30728,-1.25001,-1.71585,-2.06613,-1.67279,-1.22507,-1.08077
-1.09485,-1.29679,-1.31877,-1.82173,-1.84039,-1.24856,-1.71971,-1.49246,-0.934366,-1.55242,-1.18113,-1.05434,-1.06215,-1.74501,-1.39264,-1.11694,-1.57308,-1.44863,-1.16862,-1.89194,-1.65256,-1.7963,-1.8617,-2.68622,-2.2083,-2.80278,-2.14241,-2.75577,-3.03927,-3.10609,-2.79628,-3.15171,-3.23177,-3.39151,-2.53132,-2.62766,-2.27198,-2.58368,-2.33336,-2.26303,-2.88124,-2.80028,-2.86431,-2.21933,-1.82015,-2.18438,-2.2125,-1.68484,-2.48457,-1.88344,-2.15789,-2.26159,-2.25549,-2.03635,-1.59394,-1.36665,-1.66156,-1.6805,-1.36144,-1.20127,-1.85515,-1.203,-1.56099,-1.35381
-1.2824,-1.42944,-0.882678,-1.6435,-1.28562,-0.710691,-1.41236,-1.60129,-1.03026,-1.41392,-1.49663,-0.928059,-1.3733,-1.27013,-1.45713,-1.17898,-1.95798,-2.14851,-1.37834,-2.08362,-2.20026,-2.63617,-1.97366,-2.77262,-2.19088,-2.66306,-2.83156,-2.47598,-2.86705,-3.20367,-3.2511,-3.3496,-3.30211,-3.2972,-2.68473,-2.38075,-2.36978,-2.41691,-2.4529,-2.20808,-2.79729,-2.68913,-2.94258,-2.53897,-2.2546,-2.42699,-1.65963,-1.29682,-1.73377,-1.38213,-2.13946,-2.40476,-1.86943,-1.98696,-1.81518,-1.14784,-1.5327,-1.79137,-1.83908,-1.21641,-1.31911,-0.433038,-1.29103,-1.4319
-1.31015,-0.905765,-0.344392,-1.55457,-1.55979,-1.31294,-1.35456,-1.94082,-1.76937,-1.51304,-1.79107,-1.1591,-1.60851,-1.53809,-1.91794,-1.99617,-1.75854,-1.96992,-2.38672,-2.0673,-2.51872,-2.90541,-2.14418,-2.50901,-2.73984,-2.40237,-2.88459,-3.10146,-2.83152,-3.13688,-3.05876,-3.20779,-3.14952,-3.36175,-2.64507,-2.96765,-2.69756,-2.60457,-2.7168,-2.52252,-3.01093,-2.94082,-3.03884,-2.70068,-2.49408,-1.6513,-1.76405,-1.62734,-1.37081,-1.33767,-1.49667,-2.23988,-2.0853,-1.8061,-1.8203,-1.18598,-1.66168,-1.82692,-1.97869,-1.49464,-0.979478,-0.513656,-0.525327,-1.41272
-0.851494,-0.866971,-1.254,-1.76473,-2.01618,-1.82143,-1.63354,-1.73805,-1.90984,-1.43939,-1.30411,-0.768554,-1.33045,-1.86056,-2.26597,-2.04285,-1.85224,-1.56076,-2.45178,-2.21153,-2.01055,-2.37242,-2.55834,-2.12212,-2.66939,-2.87847,-2.58636,-3.12412,-3.23602,-2.42558,-3.30254,-2.78852,-3.41126,-3.39199,-2.69772,-3.34755,-3.01724,-3.01367,-3.12514,-2.98799,-2.87442,-3.01124,-3.09544,-2.45346,-1.88573,-1.55989,-2.21068,-1.71842,-1.39919,-1.3055,-1.5241,-2.13427,-1.94856,-1.76309,-2.08156,-1.41399,-1.74291,-2.06601,-1.56386,-1.63978,-1.19366,-0.952177,-0.229428,-1.48302
-1.04031,-1.49021,-1.60519,-1.35027,-1.65996,-1.41942,-1.29878,-0.849123,-1.40551,-0.879233,-0.979334,-0.792019,-1.78975,-1.66204,-1.81717,-1.8465,-2.14309,-1.66982,-1.63386,-2.39014,-2.0544,-1.68692,-2.64881,-1.9054,-2.64065,-3.11668,-2.99203,-2.53158,-3.25141,-2.27164,-3.47563,-2.74469,-3.33285,-3.57708,-3.14537,-3.33419,-3.31968,-3.50956,-3.46251,-3.3897,-2.85276,-2.96657,-3.14772,-2.65979,-2.25768,-2.49915,-2.12455,-1.53472,-1.3166,-1.10676,-1.89144,-2.09267,-1.48729,-1.92352,-2.25207,-1.59561,-1.89587,-2.37232,-1.51289,-1.79757,-1.71359,-1.20505,-0.615872,-1.46251
-1.1457,-0.914754,-0.47033,-0.334409,-0.837116,-0.61356,-0.491581,0.148998,-0.859394,-1.00053,-1.53549,-1.54936,-1.37837,-1.2876,-1.03379,-1.9807,-1.85146,-1.6705,-1.32197,-2.17436,-2.50144,-1.80042,-2.21696,-1.91896,-3.07006,-2.39902,-3.42547,-2.65546,-3.02465,-3.0046,-3.38562,-3.36307,-2.91522,-3.34226,-3.72164,-3.5387,-3.60807,-3.62466,-3.54562,-3.44932,-2.94994,-2.58706,-2.89126,-2.76776,-2.60172,-2.61951,-1.91143,-1.47519,-1.2672,-1.14788,-1.34606,-1.81676,-1.70332,-2.01012,-2.1076,-2.02356,-1.85744,-2.03616,-2.03389,-1.60319,-1.61209,-1.56118,-1.28468,-1.31761
-0.139573,0.47248,0.548222,0.36053,0.048482,-0.0738911,0.00784642,-0.179959,-1.08532,-1.7817,-1.45019,-1.60357,-0.764503,-1.51416,-1.36207,-1.93623,-1.5059,-1.98281,-1.84524,-1.62152,-2.50429,-1.94244,-2.4824,-2.20198,-3.15475,-2.31426,-3.11841,-3.12289,-3.2971,-3.17424,-3.45,-3.53505,-3.33837,-2.86136,-3.41899,-3.77919,-3.69721,-3.57754,-3.53588,-3.40162,-2.86018,-2.4589,-2.48328,-2.24337,-1.74578,-2.42444,-2.12171,-1.69143,-1.35228,-1.16265,-1.08944,-1.53574,-1.8201,-1.83654,-2.03348,-2.1996,-2.10581,-1.71896,-1.96075,-1.75028,-1.14341,-1.34845,-1.64298,-1.40351
-0.180695,-0.224806,0.328422,0.177242,0.500573,-0.275155,-0.751594,-1.52113,-1.45824,-1.69727,-0.773539,-1.28529,-1.57349,-2.21397,-1.73404,-2.12127,-1.73026,-2.33098,-2.52515,-2.02693,-2.20103,-1.68994,-3.02217,-2.45153,-3.02166,-3.09013,-2.48175,-3.14838,-3.28374,-3.25448,-3.54044,-3.63574,-3.62142,-3.30199,-2.63205,-3.60372,-3.62899,-3.62542,-3.53747,-3.46314,-3.12741,-3.11812,-2.7498,-2.5192,-1.94551,-2.39865,-2.22004,-1.85772,-1.56378,-1.29169,-1.15719,-1.72155,-1.73677,-1.49098,-1.92591,-2.0328,-2.16893,-2.00897,-1.53055,-1.7676,-1.039,-0.630826,-1.24542,-1.39827
-0.544389,-0.798385,-0.340115,-0.8455,-0.68391,-1.29006,-1.41201,-1.69006,-0.888263,-1.00516,-1.26116,-1.56698,-2.25346,-2.58501,-1.7562,-2.23352,-2.48752,-2.16076,-2.62626,-2.92349,-2.37923,-1.77266,-3.22678,-2.53459,-3.05629,-3.45718,-2.3117,-3.1517,-3.52524,-3.46377,-3.61623,-3.50337,-3.53569,-3.64863,-2.49697,-3.63287,-3.63689,-3.49559,-3.53916,-3.36526,-3.25968,-3.08822,-3.21965,-2.89716,-2.6101,-2.22454,-2.1881,-2.01093,-1.80619,-1.59536,-1.32643,-1.89159,-1.74258,-1.3597,-1.71739,-2.10651,-1.68343,-2.09939,-1.71111,-1.65414,-1.22015,-0.461302,-1.02624,-1.40603
-1.27632,-1.49781,-1.45699,-1.68504,-1.45087,-1.21599,-0.540794,-0.652019,-0.731574,-1.04883,-2.06552,-1.92595,-1.62885,-2.02641,-2.15311,-1.95393,-2.52627,-2.04009,-2.04002,-2.69834,-2.94564,-2.25545,-2.95484,-2.93969,-3.16851,-3.59406,-2.6344,-3.27929,-3.87681,-3.07128,-3.43304,-2.7603,-3.30743,-3.5245,-3.27314,-3.69918,-3.63915,-3.30837,-3.54831,-3.29473,-3.23123,-2.86604,-3.04741,-2.70515,-2.6611,-2.41482,-2.28365,-2.07925,-1.94873,-1.80669,-1.69382,-1.88692,-1.98024,-1.37591,-1.87733,-2.07013,-1.51532,-1.69887,-1.90942,-1.63488,-1.65037,-0.969059,-1.29172,-1.5184
-1.89627,-1.71531,-0.998757,-0.677026,-0.436845,-0.428075,-0.0178468,-0.560754,-1.44867,-1.76882,-1.74203,-1.80007,-1.09926,-1.76191,-2.32833,-1.93216,-1.77493,-2.30322,-2.11017,-2.06603,-2.76196,-2.7525,-2.46358,-3.07241,-2.63565,-3.26524,-3.16725,-2.89779,-3.39145,-3.43292,-3.02852,-2.98864,-2.94851,-3.41859,-3.48254,-3.72676,-3.46526,-3.53419,-3.43399,-3.27871,-3.14938,-3.46144,-2.557,-2.77528,-2.77488,-2.50988,-2.22523,-2.0655,-1.96621,-1.90581,-1.874,-1.93534,-2.09354,-1.32106,-1.9616,-1.95192,-1.42122,-1.66075,-1.50668,-1.4565,-1.93266,-1.2341,-1.35857,-1.52538
-0.117754,0.595498,0.479736,-0.372636,-0.78601,-1.06979,-0.792024,-1.63946,-1.84425,-1.67206,-1.0274,-1.72374,-1.42051,-2.35047,-2.07041,-2.27559,-1.86466,-2.56108,-2.77915,-2.12818,-1.8219,-2.83267,-2.82116,-2.72929,-2.46016,-2.51496,-3.69832,-2.96695,-2.91069,-3.52066,-3.34514,-3.59758,-3.39932,-2.95509,-3.17142,-3.41717,-3.27912,-3.39422,-3.28817,-3.15854,-3.08895,-3.31279,-2.52755,-2.91387,-2.58052,-2.29698,-2.1652,-2.08713,-2.01416,-1.94822,-1.91629,-1.94064,-1.9395,-1.33527,-1.78866,-1.53139,-1.34919,-1.68886,-1.50238,-1.73854,-2.06502,-1.2379,-1.48028,-1.05697
0.735256,0.105051,-1.18866,-1.73904,-1.54426,-0.91885,-1.00832,-1.61809,-1.36539,-0.793014,-1.28674,-1.77792,-1.51621,-2.47542,-1.93518,-2.33348,-2.65947,-2.26513,-2.60451,-2.11024,-1.35694,-2.73582,-2.85731,-3.10873,-2.96231,-2.42116,-3.40087,-3.45409,-3.45156,-3.0513,-3.51025,-3.53388,-3.58239,-3.0244,-3.3103,-3.27699,-3.35952,-3.14359,-3.24757,-3.45731,-3.27404,-2.83892,-2.92948,-2.76788,-2.30598,-2.23275,-2.22625,-2.16821,-2.08756,-2.02798,-1.99829,-1.98531,-1.79842,-1.55357,-1.63683,-1.07472,-1.66866,-1.44351,-1.71685,-1.89176,-1.96338,-1.29475,-0.991817,-0.123545
0.800099,-0.55593,-1.44283,-0.839408,-0.432122,-0.820184,-1.48389,-1.1931,-1.15459,-0.959886,-2.06025,-1.9108,-1.48121,-2.13516,-2.38885,-2.07713,-2.50733,-1.98238,-1.76131,-2.23828,-1.82788,-2.72198,-2.311,-3.05939,-3.26612,-2.74071,-2.36416,-3.31431,-3.57238,-3.50057,-3.03656,-3.44911,-3.37115,-3.54471,-2.77974,-3.40651,-3.46684,-3.46462,-3.20399,-3.28088,-2.94335,-2.92862,-2.78929,-2.4486,-2.27411,-2.25989,-2.22566,-2.1786,-2.14519,-2.13213,-2.0996,-2.03662,-1.8886,-1.79905,-1.4182,-1.27864,-1.69542,-1.59337,-1.34064,-1.88934,-1.72662,-1.1802,-0.477633,0.194753
0.56364,0.808673,1.19056,0.472065,-0.911506,-1.82054,-1.62561,-1.029,-1.6714,-1.87099,-1.8637,-2.19986,-1.85554,-1.75602,-2.23161,-2.13469,-1.81376,-2.26675,-1.90508,-2.61211,-2.72037,-2.93948,-2.31547,-2.01852,-3.09714,-2.61414,-2.03834,-2.80581,-2.88777,-3.37548,-3.22027,-3.49903,-3.4142,-3.56128,-2.50386,-3.28758,-3.29785,-3.66103,-3.45127,-2.88401,-2.89362,-2.8822,-2.36646,-2.28804,-2.28658,-2.23447,-2.16719,-2.17284,-2.23995,-2.271,-2.2061,-2.08008,-1.97889,-1.663,-1.17448,-1.78378,-1.20557,-1.78539,-1.30495,-1.7856,-1.78931,-1.26897,-0.68584,0.0223402
1.01555,0.918613,0.496219,-1.06465,-1.95406,-1.16385,-0.523433,-1.34792,-1.99844,-1.8049,-1.28143,-2.07162,-2.31905,-1.85352,-1.4638,-2.39406,-1.92862,-2.5058,-2.80378,-2.42192,-2.76499,-3.09396,-2.37635,-2.00599,-2.37536,-2.34307,-2.18825,-2.95162,-2.97594,-2.55756,-3.2155,-3.24519,-3.1767,-3.21934,-3.16959,-3.20791,-2.73972,-3.17032,-3.28452,-2.96059,-2.86806,-2.57114,-2.29019,-2.24543,-2.19264,-2.15114,-2.1276,-2.21538,-2.35315,-2.3762,-2.25254,-2.09739,-1.98929,-1.71508,-1.26474,-1.6947,-1.27561,-1.63348,-1.70537,-1.36172,-1.68874,-1.26655,-0.642308,0.0213982
0.834969,-0.429552,-1.18645,-1.11194,-0.559358,-0.21752,-0.866085,-1.94733,-2.20026,-1.79558,-1.61252,-1.58962,-2.1182,-2.16862,-1.42512,-2.32244,-2.58698,-2.39913,-2.74149,-2.77668,-2.18615,-2.73589,-2.72601,-2.73387,-2.31484,-2.84469,-2.52628,-3.08514,-3.35405,-2.21266,-3.11385,-2.55312,-3.23599,-2.84709,-3.13569,-3.524,-2.6066,-2.73154,-2.96917,-2.85757,-2.53549,-2.31237,-2.20576,-2.11808,-2.08831,-2.10689,-2.17833,-2.33863,-2.45079,-2.40304,-2.2491,-2.11461,-2.03673,-1.93007,-1.62848,-1.20082,-1.76195,-1.5142,-1.53867,-1.42356,-1.37376,-0.925572,-0.366157,0.146234
-0.86962,-0.83948,-0.270156,0.624378,-0.552853,-1.2754,-1.73168,-1.65992,-2.02885,-2.30011,-1.92098,-1.57177,-1.39346,-2.24207,-1.77122,-2.30734,-2.61885,-2.73135,-2.36698,-2.85627,-1.98117,-2.53693,-2.9448,-2.67953,-2.85609,-3.10114,-3.05107,-2.47318,-3.03903,-2.07962,-2.97753,-2.78743,-3.2856,-3.05056,-2.61066,-3.06241,-2.70409,-2.84861,-2.82604,-2.54437,-2.31052,-2.13395,-2.02419,-2.01493,-2.05778,-2.1506,-2.31159,-2.48087,-2.50591,-2.39665,-2.25163,-2.16016,-2.13228,-1.72011,-1.62259,-1.3685,-1.6318,-1.62964,-1.03025,-1.25607,-0.965532,-0.55001,-0.579781,-0.27079
0.863533,0.796109,0.48731,-0.0252243,-1.22241,-1.5794,-1.16046,-1.5665,-1.55464,-2.01966,-2.10211,-1.92589,-1.33835,-2.58602,-2.21622,-2.46075,-2.06161,-2.62201,-2.74263,-2.21323,-2.5198,-3.02037,-2.40768,-2.67036,-2.95882,-2.86973,-3.0199,-2.18189,-2.30739,-1.83753,-2.76669,-3.18109,-3.08195,-3.24015,-2.35924,-2.47365,-2.76896,-2.81952,-2.54304,-2.30367,-2.10505,-1.9721,-1.93006,-1.96103,-2.06435,-2.23919,-2.4386,-2.56232,-2.52125,-2.3977,-2.29438,-2.24383,-2.26815,-1.628,-1.37613,-1.71354,-1.11277,-1.296,-0.985429,-0.763967,-0.571321,-0.0405664,-1.04136,-0.936657
0.681203,0.250262,-0.16739,-1.09481,-1.13462,-1.21327,-0.928552,-1.80403,-1.55961,-1.44223,-2.07267,-2.25544,-1.87797,-2.47929,-2.83882,-2.21163,-2.24359,-2.20167,-2.81989,-2.1207,-2.93185,-3.28261,-2.27248,-2.84915,-2.82159,-2.85155,-2.52418,-1.81614,-2.55309,-2.19848,-2.86352,-2.9901,-2.97027,-3.02833,-2.20956,-2.6862,-2.83891,-2.53348,-2.29457,-2.09084,-1.94015,-1.86912,-1.87706,-1.94423,-2.10703,-2.33587,-2.52564,-2.59486,-2.53308,-2.44243,-2.39993,-2.38611,-2.37982,-1.92758,-1.50135,-1.46772,-1.20176,-0.992701,-1.25737,-0.792114,-0.548777,-0.0769463,-1.10461,-0.877046
