public/uploads/wind/vent_json/20200513/wind_field_07.json
{"header": {"parameterUnit": "m.s-1", "parameterNumber": 2, "dx": 0.051, "dy": 0.036, "parameterNumberName": "eastward_wind", "la1": 45.3082, "parameterCategory": 2,"nx": 177, "ny": 123, "refTime": "2018-09-30 00:00:00", "lo1":1.38177}, "data":
[rows 84 to 111 of 123, columns 0 to 62 of 177]
-4.46126,-4.47316,-4.42523,-4.32459,-3.94263,-3.74626,-3.32952,-2.70021,-2.57558,-3.02197,-3.55787,-2.94973,-2.80225,-3.29168,-6.45314,-7.39974,-6.81021,-5.21647,-4.24573,-3.73542,-5.20661,-5.58127,-3.67167,-0.138246,0.94215,-1.04481,-4.54303,-3.85927,-1.23015,-0.967346,-3.13047,-3.30096,-3.25426,-3.38059,-1.3467,0.0232539,-0.648,-3.04639,-2.47263,0.401009,2.239,3.22473,2.99298,0.225649,-2.06757,0.30442,3.55564,3.28,2.50582,2.47512,0.75319,-0.029168,-0.127989,-0.324242,-0.642273,-0.380588,1.26391,2.47926,1.96219,0.966375,-1.04513,-1.29633,-0.137869
-4.19439,-4.35789,-4.70648,-4.72318,-4.31433,-3.92819,-2.75566,-2.30183,-2.91568,-4.2199,-4.87777,-4.20872,-3.36177,-4.38733,-6.24261,-6.76262,-6.08934,-4.95497,-4.67693,-4.52476,-4.05246,-3.61653,-3.04902,-1.6493,-0.57831,-2.71781,-5.14841,-4.16182,-1.23653,-1.44379,-2.86679,-3.35475,-3.47396,-3.4038,-1.41312,0.730916,0.337193,-3.04299,-3.87907,-1.03649,2.26215,3.67903,4.11018,1.14413,-1.95645,1.32172,4.43234,3.85519,2.6757,2.97927,2.73254,0.747156,-0.381316,-1.08331,-1.51588,-0.817941,1.10377,2.15095,1.16502,-0.985632,-1.18623,0.182896,1.51163
-3.26898,-3.97339,-4.94274,-5.05871,-4.5559,-4.73073,-4.11914,-3.43724,-3.28712,-4.14692,-4.36647,-3.09316,-2.03303,-3.54745,-5.44224,-6.39706,-5.22438,-4.48538,-3.9781,-4.12333,-4.05996,-4.35137,-4.63658,-3.95925,-2.44874,-1.91811,-2.55127,-2.48482,-0.86823,-2.15587,-2.08505,-2.52901,-2.59664,-2.62792,-1.76895,-0.899081,-2.05829,-3.04932,-3.80251,-1.94768,1.66154,4.40193,4.74471,2.53873,0.455505,2.68446,4.10977,3.53986,2.62953,2.42004,2.65422,0.48094,-0.930125,-1.58897,-1.7994,-0.760778,0.80646,1.12184,0.38732,0.0802847,0.918979,1.99085,2.1853
-3.58057,-4.61245,-4.61564,-4.24463,-4.44044,-4.55328,-4.45736,-3.36611,-1.78347,-3.25546,-4.53582,-3.27706,-1.85723,-2.76498,-4.57618,-5.33897,-5.12117,-3.58763,-2.78833,-3.70428,-4.59086,-4.91357,-4.93162,-4.57516,-3.29117,-1.87772,-1.75858,-1.11004,0.239715,-0.373381,-1.7099,-2.33541,-2.70795,-2.7384,-1.89136,-2.97812,-3.93178,-3.28251,-3.2298,-2.47829,0.5015,3.59457,4.39302,4.08305,3.21501,2.6763,2.83253,2.45837,1.97123,2.677,3.60946,0.635424,-1.13583,-1.19158,-1.94008,-0.734463,0.469705,0.659135,0.367993,0.968161,1.62234,2.84756,2.82411
-3.24849,-4.43097,-4.85956,-5.25827,-5.51828,-5.58596,-5.09759,-2.15474,0.590883,-1.14528,-5.36992,-4.74044,-2.69253,-2.87222,-3.81104,-4.69118,-3.77655,-2.08437,-1.94282,-3.77514,-4.44614,-5.09621,-5.17267,-4.99567,-4.06697,-3.47713,-2.89543,-1.20172,1.13178,1.59373,0.277268,-0.678926,-2.74344,-3.07498,-2.56296,-3.68325,-3.87204,-2.92566,-1.53455,-2.05396,-0.972889,1.47746,4.24099,4.66672,3.65436,2.78296,2.27838,0.636676,0.587823,3.72693,3.82109,0.138412,-1.16338,-0.541633,-1.47083,-0.966218,0.557821,1.06976,2.00726,1.88935,1.92237,1.98745,1.66244
-2.84765,-4.11181,-5.09733,-5.48147,-4.96472,-4.38689,-3.5078,-1.49466,0.158954,-1.34003,-4.58351,-5.40474,-4.35927,-3.08739,-3.15571,-4.30712,-3.68559,-1.71425,-2.27607,-2.96751,-3.71913,-4.48502,-4.8958,-4.7672,-3.74834,-2.93393,-2.60652,-1.46152,1.24438,2.55393,1.67732,0.731565,-0.585689,-1.87668,-2.76661,-3.38431,-3.12028,-2.46697,-1.4905,-1.62897,-1.46667,0.764739,3.24305,3.88676,2.93922,1.93634,0.441071,-0.331212,1.71308,4.62881,3.9379,1.05842,0.316935,0.954851,-0.409914,-1.04142,0.205603,0.965364,2.22178,1.50987,1.18691,1.14657,1.09779
-3.97871,-4.76846,-5.18246,-5.35685,-4.81633,-3.91894,-3.18773,-2.26814,-2.96966,-2.90628,-3.24667,-4.53617,-5.12144,-3.90914,-2.70522,-3.11071,-2.95745,-3.37083,-3.14736,-2.21673,-1.51352,-3.2051,-4.13412,-3.74583,-2.48731,-2.23368,-2.74616,-2.16463,0.316308,1.34535,1.34408,0.499088,-0.486143,-1.71058,-2.96329,-3.53757,-3.12135,-2.99251,-2.31875,-1.10636,0.58791,2.29295,2.86595,2.34882,1.24344,1.09587,1.78243,1.57535,2.97529,4.22746,3.49877,2.24784,2.60572,1.50124,0.105985,-0.65447,-0.544068,1.24045,2.1332,1.26544,1.1384,2.10969,2.38199
-3.21987,-3.94783,-4.96391,-5.07174,-4.96769,-4.31932,-3.23862,-4.07613,-4.9841,-4.48932,-3.80289,-3.26199,-4.93848,-4.85508,-3.89733,-1.79671,-1.41901,-3.774,-3.91587,-1.73842,-0.900499,-2.65281,-3.68699,-2.97482,-2.01368,-2.10191,-2.72458,-2.10394,-1.44891,-1.04487,-0.710497,-0.480245,-1.88612,-2.68492,-3.05661,-3.28207,-3.26918,-3.09038,-2.38927,-1.27114,0.878249,3.29211,2.8051,0.0274125,-0.584238,1.35067,3.15926,3.4959,3.18652,3.30338,3.39307,3.39497,3.13924,2.5756,1.48998,-0.0627297,-0.659366,0.419045,1.13273,1.27836,2.21702,3.20504,2.35232
-3.33064,-3.88148,-4.69821,-4.78928,-4.63913,-3.77849,-2.28028,-3.97862,-3.98607,-3.76168,-3.18801,-4.04795,-4.78136,-5.11976,-4.63627,-3.17006,-2.48614,-3.03572,-4.10057,-1.95727,-1.23927,-1.00971,-2.25514,-2.60834,-2.35362,-2.84593,-3.23789,-2.77004,-2.33867,-0.887693,0.133304,-1.10414,-2.72667,-3.25102,-1.8247,-1.00135,-1.92273,-2.30102,-1.60339,-0.601984,-0.140271,1.6568,1.93412,-1.97656,-2.53863,0.860588,2.73334,3.37803,3.69256,3.24983,2.68194,3.18377,2.60586,1.61613,1.77866,0.0885205,-0.83387,-0.622899,0.566656,1.45602,2.65484,3.08564,1.81682
-2.80382,-3.30015,-4.15497,-4.45115,-4.38357,-3.77559,-3.25565,-3.67773,-3.45309,-1.6638,-2.53381,-4.54625,-4.60654,-4.83152,-4.10356,-3.31228,-1.80415,-2.41541,-3.06927,-1.89527,-0.168287,0.147173,-1.39471,-3.0717,-3.64162,-2.69871,-3.11785,-2.55425,-0.974257,0.575933,-0.00129548,-2.04809,-3.2163,-3.35684,-0.964509,0.0264664,-0.290513,-1.45126,-1.35803,-0.443019,-0.528827,0.962289,0.802862,-2.65502,-3.22883,-0.836871,1.11655,2.725,4.26446,3.42933,1.16285,1.83653,2.65004,0.758181,0.54783,0.306665,-0.00555042,-0.144318,0.175003,1.02229,1.12073,1.83035,2.21228
-2.23108,-2.81237,-3.33998,-3.1088,-3.1354,-3.6156,-3.43664,-3.64147,-2.45187,-0.597446,-1.16316,-4.36902,-4.55136,-3.97035,-3.66042,-2.32853,-1.99039,-1.62158,-1.48053,-0.634999,0.184364,-0.258353,-1.7873,-3.56888,-4.11802,-3.22816,-1.34314,-0.658713,0.000956582,-0.93659,-2.36622,-3.31291,-3.73181,-3.33834,-1.20185,-0.499225,-1.13525,-1.14784,-1.69469,-1.13346,0.300403,0.444784,-0.583572,-1.44974,-1.69609,-1.18554,-0.175913,2.4327,5.03016,3.81095,1.07912,3.01132,3.81488,0.284785,-0.19548,-0.228677,0.184109,-0.115145,-1.00115,-0.651751,0.410512,1.94931,3.02037
-2.71389,-3.00077,-2.99269,-2.89232,-3.32921,-3.70452,-3.5854,-3.22607,-2.76104,-0.493343,0.780664,-0.792866,-3.35752,-2.45845,-2.60683,-2.02851,-1.69967,-1.10625,-0.278281,-0.365322,-1.53359,-1.27096,-0.662943,-1.34171,-3.1194,-1.47363,-0.0744411,-0.280812,-2.01458,-3.90498,-4.0535,-2.84527,-2.7877,-2.07774,-1.06258,-1.53311,-2.20097,-1.27375,-2.63184,-1.61875,-0.421644,-1.77408,-2.12538,-0.52125,0.441969,1.01546,1.65892,4.34554,5.35879,4.00946,1.60634,3.54994,3.72606,1.22883,-0.0607333,-1.05393,-0.952686,-0.688036,-1.58616,-1.19494,0.790375,2.7177,3.35022
-2.29861,-2.81303,-2.92376,-2.53829,-3.0061,-3.96138,-3.97934,-3.14298,-2.45985,-1.76416,-0.589131,-1.98993,-3.60175,-2.73813,-1.49177,-1.83913,-2.12557,-1.29268,0.536563,-0.889765,-3.23934,-2.99893,-1.43091,-1.09468,-1.33339,-1.80998,-1.93,-2.92862,-3.73211,-4.21942,-3.67308,-3.18947,-2.65908,-2.12788,-1.82064,-2.22467,-1.74836,-1.22712,-1.82302,-1.34439,-1.29505,-3.46076,-3.26965,0.535812,4.24727,5.1544,4.47337,4.02617,4.02377,3.42748,3.04233,3.19877,2.42701,1.57976,0.85826,-0.508429,-1.70161,-1.66141,-1.72623,-1.07401,0.770779,2.64226,3.08704
-2.38634,-2.67757,-2.79903,-2.86339,-2.92385,-2.96751,-3.03526,-2.77975,-2.80623,-2.94953,-2.09212,-2.04503,-3.66243,-3.48996,-1.51803,-1.07982,-1.99849,-1.08824,0.783512,-0.18045,-2.99079,-3.01651,-1.1373,-0.913639,-2.24338,-3.04599,-3.83512,-4.09858,-3.43516,-2.99197,-3.46794,-3.81705,-3.28501,-2.09815,-2.27789,-2.42827,-1.76116,-0.883224,-1.37904,-0.742675,-0.540823,-2.53974,-1.80525,1.83583,3.63115,3.76117,3.41295,3.17952,2.97481,2.3076,1.57962,1.19557,1.56471,2.30908,1.97257,0.217508,-1.38776,-2.21664,-2.31,-1.29161,0.345068,2.67297,3.19451
-2.5766,-2.68617,-2.86745,-3.12058,-2.93965,-2.96018,-2.76325,-2.74357,-2.32435,-2.31404,-2.35443,-1.42403,-1.70958,-2.81544,-1.87157,-0.597871,-1.43994,-1.3328,0.0166725,-0.628862,-2.84088,-3.40751,-2.54057,-1.48609,-2.12317,-2.99212,-3.21751,-3.59911,-3.6013,-3.34768,-4.05713,-4.51071,-2.96238,-1.43906,0.420097,-0.577227,-1.4872,-1.60169,-1.15629,-0.671384,-0.593718,-1.47951,-2.03978,-1.10822,-0.681793,0.51521,1.8484,2.05039,2.07455,0.989564,0.659148,1.80109,2.73506,2.87552,2.20884,1.1323,-0.0233841,-1.03664,-1.65383,-1.52246,-0.0912056,2.63834,3.37198
-3.69436,-2.79677,-2.99199,-2.36136,-2.39371,-3.11206,-3.46254,-3.31291,-2.72102,-1.76816,-1.95339,-2.43393,-1.72774,-3.04532,-2.13327,-0.603085,-1.6984,-2.38535,-1.97836,-2.1336,-3.38677,-2.58745,-2.72089,-1.23121,-0.366259,-1.77293,-2.90893,-3.12376,-3.48529,-4.67101,-4.17375,-4.32567,-2.56827,-0.154753,2.13143,2.01764,-0.71651,-1.92694,-1.85304,-0.824372,-0.577819,-0.969781,-1.29086,-1.98531,-2.72373,-1.36362,-0.103305,1.84042,3.14697,1.08872,0.232809,1.71028,2.18053,1.82443,1.69999,1.86227,1.84816,0.277511,-1.31883,-2.36711,-0.592311,1.71203,2.34379
-3.9531,-3.3391,-3.30238,-3.10897,-3.02597,-2.19777,-3.08477,-3.7004,-3.65226,-2.66711,-1.86386,-1.49482,-2.01994,-3.38908,-2.69598,-0.581116,-2.04493,-3.21714,-3.34606,-3.47657,-4.09722,-3.58767,-2.96882,-1.45113,-0.870869,-3.06014,-4.17638,-3.45014,-3.89584,-4.15244,-4.09489,-2.23029,-0.366968,1.42671,3.0121,3.10273,0.45831,-1.68602,-2.74024,-1.42181,-1.01135,-0.843205,-0.0469231,-0.166557,-1.59825,-2.42066,-0.352006,1.97805,3.49654,0.731148,-1.21504,0.405448,2.0823,2.56207,2.78463,3.25427,3.34569,1.90599,-0.757551,-1.61193,-1.00073,0.758493,2.27542
-3.55719,-3.18787,-3.48076,-3.29472,-3.24196,-2.91211,-3.02026,-3.27537,-3.91301,-3.37802,-1.80311,-2.01598,-1.93243,-3.0306,-2.22787,-0.462078,-2.53517,-4.02076,-3.45694,-3.40074,-4.10029,-3.41224,-3.57654,-3.343,-4.05085,-3.97904,-3.86687,-3.15177,-4.05074,-4.25564,-3.38634,-0.196135,1.44983,1.36591,2.36305,3.21472,1.49094,-0.790167,-2.15129,-2.37394,-1.66542,-0.165826,1.91332,2.17013,-0.426913,-1.82397,-0.299247,2.2537,2.48703,-0.912622,-2.0439,0.624767,3.40078,3.70759,3.35024,3.17649,2.91888,1.71208,0.10435,-1.52017,-1.31241,0.599648,2.68987
-4.44699,-3.75145,-3.51187,-3.58565,-3.49279,-3.45123,-3.16725,-3.25408,-3.08724,-2.63668,-3.15654,-3.37407,-3.18327,-2.85379,-1.78909,-1.26084,-2.30846,-2.85187,-3.28162,-3.34016,-3.3885,-1.61272,-0.439564,-3.00567,-4.50146,-3.47529,-3.51041,-3.77751,-4.43659,-3.65956,-0.45929,1.52419,0.988101,0.852806,1.86571,2.36409,1.39001,-0.211155,-1.16096,-2.63535,-1.93316,1.19788,3.93627,2.08014,0.178835,-0.633103,0.277411,1.75231,0.0239059,-3.02409,-1.08022,1.74157,3.75036,3.83175,3.32187,2.08048,1.38649,0.632138,-1.06554,-2.81064,-1.27305,1.19311,3.34869
-4.34648,-3.65862,-3.88616,-3.97019,-3.95588,-3.93965,-3.58016,-3.81918,-3.75273,-3.23143,-3.55844,-4.21507,-3.2303,-1.73206,-0.311216,-1.21938,-3.9465,-3.62204,-2.86326,-3.73587,-3.90607,-1.10279,0.599321,-2.11241,-3.62296,-3.9442,-3.22898,-4.46792,-4.29646,-1.67553,1.56809,1.2669,-0.149565,1.22304,2.45052,2.06923,1.24141,0.0921348,-1.10521,-2.98054,-2.69996,3.04856,5.24787,1.82835,0.179462,0.570957,1.27804,1.08209,-1.85229,-3.08016,-1.15885,1.71801,3.4236,3.75304,2.9197,0.90148,0.144748,0.739513,-0.253482,-0.379262,1.14414,2.71776,3.05573
-4.21769,-3.76492,-3.83743,-3.96565,-3.74298,-3.03167,-2.63422,-3.23625,-4.70771,-5.55215,-5.23487,-4.07201,-3.53578,-2.12645,-0.331049,-0.066994,-3.53468,-4.58565,-4.10649,-4.48207,-4.60983,-0.665218,0.842625,-1.05142,-2.73942,-3.55517,-3.43104,-4.00443,-3.26887,0.180341,1.98339,-0.3059,-0.926012,2.04479,2.84104,1.99913,1.38566,0.627073,-1.40913,-3.0075,-2.31972,3.36744,5.73679,1.39925,0.067667,1.89683,1.44871,-1.35369,-3.25121,-2.65864,-1.16944,0.756231,2.26433,3.34978,2.71696,0.772616,0.5721,1.46432,1.58858,2.59578,3.6519,3.63824,3.09966
-4.69566,-4.41993,-4.05105,-3.79661,-3.20072,-3.32169,-2.27354,-2.89129,-4.08639,-5.85896,-5.58503,-5.10319,-3.87437,-2.41247,-0.311396,0.424009,-3.10395,-4.69761,-4.76841,-3.47154,-2.7384,0.144206,0.806688,-1.5833,-2.32423,-2.53015,-3.43545,-3.22506,-2.19495,0.191571,0.557605,-0.911881,-0.700075,2.02875,3.24136,2.46532,1.61009,0.565609,-1.15039,-2.52116,-0.775925,4.26972,5.1141,0.541046,0.306767,1.87788,-0.0397729,-2.86205,-2.83726,-1.61309,-0.456032,0.64402,0.494619,1.06626,2.14489,1.63587,2.14967,3.22028,3.37295,3.66018,3.57936,3.38584,2.72914
-4.4669,-4.48309,-4.11091,-3.80539,-3.4898,-3.4611,-2.88325,-2.55038,-3.57395,-4.89428,-5.91677,-4.78362,-4.82432,-3.03001,-0.422164,0.247934,-1.62972,-4.36738,-5.18584,-3.70017,-1.13754,0.478605,-0.910435,-2.6126,-2.45194,-2.81718,-3.27851,-2.91406,-1.43909,-0.933529,-0.979758,-0.320139,0.321368,1.28756,2.24249,1.64047,0.738387,0.114585,-1.26882,-2.20518,1.23696,4.70853,3.6266,0.33997,1.28673,0.769322,-1.62695,-2.61853,-1.23751,-0.549768,-0.0857758,-0.464012,-2.25069,-1.16989,0.927379,2.32265,2.64731,3.1219,3.30431,3.37401,3.81566,3.55532,2.32149
-3.36033,-3.94605,-3.83989,-3.73373,-3.54895,-2.86054,-2.12231,-2.58017,-3.74696,-4.34896,-4.94917,-5.13272,-5.61235,-3.41715,-1.62331,-0.641941,-1.69182,-3.57239,-4.02371,-3.56098,-2.32554,-0.5431,-0.788014,-2.30015,-2.90225,-2.05757,-2.91748,-2.09439,-0.808956,-0.492496,-0.597739,0.00878314,0.382284,0.33655,0.228691,0.201551,0.548841,-1.05812,-2.52051,-1.36124,2.94402,4.77898,2.14286,1.02072,1.20928,-1.70854,-3.06815,-0.954204,0.420542,-0.22049,-1.57297,-2.87167,-3.0114,-0.843039,1.90028,3.32943,2.86081,1.95029,1.41197,2.01308,3.20401,3.25199,1.84746
-3.59088,-3.71579,-3.01095,-3.23419,-2.71061,-2.29639,-1.62046,-2.00647,-2.87167,-2.79395,-3.92753,-5.13402,-6.07524,-4.12919,-2.27134,-1.80252,-2.41698,-2.60105,-2.80841,-3.4316,-4.07602,-3.1549,-0.791956,-1.65134,-3.44785,-2.68738,-2.05179,-1.99958,-0.816812,0.336465,0.510868,0.276042,-0.167103,-1.14013,-1.81942,-0.379864,0.0554532,-2.32892,-2.94879,0.813448,4.23462,3.94514,2.39375,1.35441,-0.774714,-3.39984,-2.09964,0.919344,1.42386,-0.948242,-2.76019,-3.284,-2.51805,0.49789,3.50098,4.45622,4.0459,2.54866,1.42179,1.68689,2.1293,2.74745,2.65298
-1.98741,-2.11376,-3.34785,-2.73279,-2.58734,-1.56957,-1.62859,-1.01032,-0.781638,-0.763943,-3.30859,-5.44845,-6.00127,-3.98406,-2.18211,-1.16691,-2.01829,-2.86686,-2.10432,-2.63202,-3.67203,-3.52152,-2.12872,-3.42451,-3.76249,-3.04924,-1.25776,-0.986381,-1.18164,-0.19966,0.0591431,-0.548332,-0.805709,-1.38904,-1.47031,-0.418046,-1.2237,-3.32211,-2.39603,2.64848,4.96325,3.062,2.29073,1.78617,-2.13647,-3.27261,0.624954,2.70814,1.64919,-0.858124,-2.27339,-2.38567,-1.91594,1.70358,4.13482,4.19041,3.87061,2.64082,0.961348,1.47878,2.12967,2.47679,2.18528
-2.26089,-1.78986,-2.50685,-2.45554,-2.24648,-1.78497,-1.68313,-0.895223,-0.559521,-1.01612,-3.6248,-5.45667,-4.74028,-3.6484,-1.87959,-0.922955,-0.819453,-1.91557,-2.63945,-2.21352,-3.99194,-3.64649,-3.07873,-3.83742,-4.1145,-3.09668,-1.03187,-1.05027,-1.37014,0.00823229,0.239825,0.081303,0.108895,-0.132618,-0.12594,-1.93809,-3.15357,-3.64322,0.187027,4.18187,4.45209,1.42232,2.37768,1.62255,-2.65795,-1.72466,2.4955,3.24733,2.09439,-0.165022,-1.92094,-2.28082,-1.45447,1.64806,3.6735,3.92591,3.62233,1.14133,-0.385665,2.60134,3.82142,1.69149,0.0678046
-2.28673,-2.70377,-2.9053,-2.65089,-2.42521,-2.62789,-2.26569,-1.4239,-1.05263,-1.25667,-2.97499,-4.48331,-4.03351,-3.12412,-2.3316,-1.25665,-1.56256,-2.33292,-2.12749,-3.76566,-4.93162,-4.77705,-3.26997,-3.18815,-4.35607,-3.58196,-0.621145,0.157852,0.0230658,1.05207,0.935694,0.779308,1.15465,0.920221,0.289393,-2.36473,-4.39431,-2.22256,2.81688,4.81636,3.28601,1.64136,2.12804,-0.802352,-3.26282,-0.253948,3.25789,3.18045,1.94947,0.473882,-1.48767,-2.67322,-2.17189,0.143607,2.55726,3.4256,3.46003,0.692445,0.337862,3.22278,3.7011,1.7148,1.35068
