public/uploads/wind/vent_json/20200513/wind_field_12.json
{"header": {"parameterUnit": "m.s-1", "parameterNumber": 3, "dx":  0.051, "dy": 0.036, "parameterNumberName": "northward_wind", "la1": 45.3082, "parameterCategory": 2,"nx": 177, "ny": 123, "refTime": "2018-10-03 01:00:00", "lo1":1.38177}, "data":
[rows 0 to 27 of 123, columns 63 to 125 of 177]
3.45988,3.42826,3.35542,3.11592,2.91571,2.86993,2.90965,2.89107,2.83572,2.70658,2.5145,2.2637,2.0965,2.06765,1.9091,2.01443,2.11099,2.12143,2.05398,2.03663,1.99064,1.98146,1.87234,1.77331,1.68662,1.64586,1.65592,1.84186,1.77846,1.826,1.81924,1.98358,1.94118,1.86497,1.74976,1.61376,1.37206,1.20881,1.13599,0.909383,0.895291,0.817029,0.835351,0.789047,0.764966,0.70198,0.6487,0.740411,0.853341,0.853881,0.746217,0.43705,0.26543,0.288572,0.527672,0.601755,0.588721,0.499772,0.410003,0.20651,0.135225,0.0520284,-0.0132012
3.65887,3.68506,3.67032,3.45605,3.22997,3.14466,3.26586,3.04761,2.91862,2.79543,2.53373,2.39001,2.29835,2.21151,2.00959,1.9662,1.92741,1.92653,1.92855,1.92253,1.9505,1.96052,1.95478,1.86149,1.83696,1.80333,1.79031,1.88803,1.76126,1.76617,1.72819,1.8306,1.67075,1.55376,1.42687,1.33154,1.12788,0.97834,0.877294,0.628188,0.66109,0.475096,0.447262,0.387766,0.354564,0.290499,0.279385,0.23923,0.207033,0.267486,0.236415,0.0118935,-0.0384829,-0.00870631,0.0863412,0.131287,0.113312,0.182932,0.0817704,-0.257567,-0.490107,-0.6603,-0.673988
3.2453,3.21612,3.22281,3.14653,3.01978,2.84937,3.08598,2.62372,2.45596,2.52402,2.20267,2.1911,2.20311,2.01922,1.97834,1.57604,1.33894,1.31492,1.52876,1.57014,1.70882,1.64092,1.80956,1.84262,1.84102,1.77598,1.72129,1.65302,1.67895,1.49894,1.41912,1.38761,1.18481,0.97613,0.951802,0.892828,0.867035,0.731048,0.573132,0.419107,0.381751,0.132242,0.118574,0.0563375,-0.000467263,-0.0513272,-0.0230146,-0.105839,-0.181304,-0.139643,-0.155394,-0.332862,-0.267407,-0.249545,-0.281428,-0.261074,-0.341972,-0.275426,-0.432985,-0.639627,-0.857037,-0.974112,-1.02535
3.08878,3.14076,3.06391,2.99452,3.05265,2.38754,3.07742,1.94189,1.3629,2.42931,2.04486,1.70844,2.21265,2.17444,1.8777,1.63492,1.33454,0.98399,1.6184,1.77003,1.84897,1.34884,0.82952,1.51896,1.77716,1.89844,1.95077,1.02703,1.33049,1.07317,1.16394,1.43864,1.14774,0.511827,0.690492,0.460059,0.546142,0.515854,0.348841,0.0760015,-0.0847008,-0.399966,-0.255065,-0.107702,-0.0622012,-0.0911395,-0.175412,-0.246866,-0.26641,-0.338186,-0.351478,-0.311714,-0.455335,-0.48257,-0.54608,-0.644801,-0.663034,-0.393629,-0.646328,-0.762784,-0.970627,-0.72228,-1.17128
2.78968,2.78603,2.43017,2.46937,2.79552,1.66004,2.39738,1.42261,1.09859,2.30765,2.03578,1.58008,1.71163,1.59911,1.27644,1.02759,0.489005,0.435571,1.28822,1.50321,1.3469,0.695741,0.286486,1.43064,1.6915,1.03331,0.916359,0.14807,0.857055,1.08967,0.933118,0.729811,0.381734,-0.166352,-0.015322,0.255618,0.618948,0.683832,0.622168,0.639101,0.834109,0.610721,0.594065,0.364115,0.0941032,-0.00455931,0.100196,-0.11135,-0.205585,-0.386923,-0.447118,-0.357325,-0.520851,-0.450224,-0.34172,-0.566332,-0.709352,-0.377576,-0.815365,-0.710441,-1.02311,-0.654537,-1.11946
2.00969,1.43135,1.3423,2.01934,2.43146,2.08651,1.95694,2.35494,2.49945,1.82334,1.17894,1.00612,1.22837,1.20798,1.01832,0.310188,0.068224,0.31262,1.08656,1.43241,1.31915,1.07306,1.26299,1.11083,1.14275,0.848308,0.90067,1.34449,1.79166,1.33147,0.142229,-0.56159,-0.52335,0.0256814,0.652774,0.925735,0.518569,0.222586,0.532467,0.923958,1.07301,0.621449,0.305346,-0.019944,-0.0826243,0.104949,0.277545,0.0533464,-0.280309,-0.451852,-0.367829,-0.503849,-0.57147,-0.671177,-0.50276,-0.651991,-0.877307,-0.511835,-1.03847,-0.823507,-1.12199,-1.28998,-1.09476
1.15985,0.586069,1.4882,2.07215,2.15665,2.72006,2.54871,2.45567,2.17573,1.10156,0.754697,1.08536,1.74559,2.21009,2.19547,1.80868,1.80085,1.73841,1.62612,1.33891,1.38844,1.8664,1.59712,0.576249,1.13607,2.00572,1.99754,2.01392,1.49523,0.375426,-0.212501,0.223332,0.906521,1.5106,1.68168,0.973648,0.358629,0.214657,0.101125,-0.199195,-0.483773,-0.591364,-0.248607,0.111294,0.292103,0.334458,0.194534,-0.0918482,-0.360327,-0.392125,-0.32424,-0.513309,-0.459752,-0.590934,-0.580431,-0.683221,-0.877183,-0.599336,-0.986197,-1.26771,-1.2326,-1.42271,-1.42488
0.832643,1.41902,2.41959,2.37558,2.09702,2.4221,2.01008,1.27841,1.36491,1.78246,2.22701,2.32975,1.6107,2.37572,2.29039,2.31138,2.48161,2.2564,1.43596,1.19222,1.51096,1.91535,1.64637,1.38753,1.39105,1.4526,1.12521,0.649331,0.232184,0.594801,1.39806,1.88373,1.52995,0.946023,0.459468,0.530082,0.692855,0.637452,0.117081,-0.0521592,0.290574,0.594671,0.697401,0.398916,0.141613,-0.112904,-0.163475,-0.197589,-0.2575,-0.101313,-0.250364,-0.451301,-0.504277,-0.484938,-0.849184,-0.872678,-1.00845,-1.08147,-0.999779,-1.33634,-1.49494,-1.18965,-1.54379
2.21416,2.83943,1.96223,2.27428,2.75557,2.13752,1.4465,1.7217,2.274,2.82131,2.57226,1.93539,0.987469,1.14631,0.772642,0.947626,1.1201,0.538029,1.03764,2.19993,1.8175,1.35451,1.89478,1.94995,0.985646,0.307969,0.148783,0.447684,1.26346,1.93623,2.10898,1.54619,0.606206,0.106664,0.164363,0.440642,0.465927,0.236126,0.359622,0.801896,1.0004,0.604614,0.272624,-0.0308262,0.169148,0.397749,0.354135,0.379667,0.217021,0.142506,-0.0943416,-0.499603,-0.763146,-0.79004,-1.17795,-0.940916,-1.08998,-1.21344,-1.18794,-1.07752,-1.5321,-1.58231,-1.24185
2.76256,1.99513,0.550389,1.42302,3.00675,2.47321,2.56872,3.00142,2.79185,2.21821,1.55249,1.08075,1.05863,0.978957,0.959579,0.775707,0.447111,0.627272,1.5509,1.53156,0.768271,1.02545,1.64787,1.55557,0.869403,0.598433,1.09001,1.62775,1.61924,1.04894,0.751307,0.805517,1.06899,1.34243,1.30086,0.735675,0.638419,0.554788,0.733891,0.626055,0.393229,-0.0041478,0.351202,0.415961,0.399138,0.481876,0.261132,0.119013,0.0377658,-0.111899,-0.268537,-0.485813,-0.737984,-0.638691,-0.943114,-0.722025,-1.07296,-1.26551,-1.49787,-1.04449,-1.50145,-1.86955,-1.18988
2.2598,1.17852,1.16528,1.77012,2.90659,3.40229,3.3633,2.92278,2.1262,1.52046,1.381,1.49675,1.76505,1.65675,1.39847,1.27016,1.78063,2.27721,1.45315,0.52351,1.13486,1.51853,1.01058,1.06558,1.23515,1.97972,2.41647,1.89607,0.775464,0.212283,0.369464,0.891768,1.0905,1.20014,1.11421,0.854359,0.984712,0.727689,0.532761,0.328542,0.751829,0.531462,0.469595,0.114323,-0.22718,-0.24756,-0.0337589,0.0273781,0.113639,0.120971,-0.0687161,-0.0723711,-0.476269,-0.485704,-0.971504,-1.14667,-1.21633,-1.46597,-1.66944,-1.04051,-1.45276,-1.63929,-1.31394
2.95899,2.33912,2.34253,2.66025,2.99291,3.12394,2.53878,1.98759,1.80992,1.89919,2.00027,2.02223,1.8528,1.79316,1.96114,2.21265,2.29996,1.75536,1.29681,1.53407,1.73626,1.19945,0.918379,1.41315,1.79983,2.01905,1.77729,1.3,0.913756,0.909878,0.784047,0.833953,0.853659,0.902585,0.866977,0.661325,0.603475,0.0865887,0.162724,0.381628,0.576881,0.061913,-0.348605,-0.373621,0.0150198,0.319428,0.752746,0.554713,0.352212,0.0672292,-0.308485,-0.417331,-0.836024,-0.942058,-1.19293,-1.48191,-1.21645,-1.49091,-1.82671,-1.21035,-1.50275,-1.66319,-1.35615
2.45681,2.11509,1.74674,2.15215,2.55863,2.35736,2.17321,2.19146,2.24942,2.14957,2.11653,2.3097,2.4167,2.64057,2.66509,2.10645,1.07943,1.10592,1.94259,1.85051,0.779179,0.835717,1.79068,2.1327,1.7059,0.977614,0.598497,0.704532,1.14017,1.66563,1.73561,1.36662,1.21221,1.10282,0.719902,0.415852,0.309016,0.403058,0.43362,0.458857,0.244938,0.321109,0.591762,0.665703,0.806577,0.72665,0.539531,0.114291,-0.249858,-0.52211,-0.652948,-0.578367,-0.978249,-1.05103,-1.03927,-1.42901,-1.31365,-1.68472,-2.0809,-1.49806,-1.75223,-1.9361,-1.39938
1.34414,1.83392,2.28513,2.04022,2.21038,2.1702,2.26543,2.25037,2.18021,2.29091,2.48992,2.67288,2.75363,2.6593,1.68081,0.987848,1.29728,1.81276,1.55279,1.3473,1.37902,1.57504,1.62938,1.43473,0.984429,0.733354,0.800557,0.963205,1.48088,1.74579,1.88858,1.23441,0.768088,0.425121,0.435035,0.496028,0.509767,0.735042,0.518463,0.411694,0.267403,0.522907,0.710387,0.384174,0.176821,-0.0267763,-0.197307,-0.182477,-0.462386,-0.451154,-0.537199,-0.331303,-0.751953,-0.983549,-0.88212,-1.19897,-1.4659,-1.56175,-1.89854,-1.94121,-1.72142,-1.7708,-1.63163
1.88559,2.3444,2.68354,1.7232,1.66187,1.80676,1.85624,2.08545,2.51532,2.77736,2.43273,1.77183,1.65249,1.23547,0.912173,1.54336,2.14698,1.50581,1.03072,1.69607,2.14776,1.48371,0.659552,0.659485,0.84406,1.04861,1.70603,1.28988,0.903981,0.514738,0.678821,0.507683,0.509494,0.410835,0.539176,0.701963,0.557039,0.203579,0.220672,0.369306,0.367855,0.111733,-0.104145,-0.380297,-0.356459,-0.280061,-0.300077,-0.199605,-0.341864,-0.532886,-0.801043,-0.686829,-0.569974,-1.09623,-0.956327,-1.12262,-1.46634,-1.67471,-1.65003,-1.93827,-1.85028,-1.48556,-1.67184
2.81727,2.49934,2.30093,1.95947,1.94938,1.8057,2.17333,2.54547,2.39753,1.87096,1.33487,0.971745,0.75794,0.85116,1.74756,2.16119,1.46643,1.15137,1.74073,1.69673,1.26328,0.737809,0.804054,1.0716,1.87417,1.40457,0.895344,-0.101112,-0.0589096,0.220769,0.56825,0.581971,0.409114,0.365826,0.201438,0.296617,0.278978,0.321985,0.556548,0.655935,0.6643,0.490473,0.414485,0.432454,0.216295,0.290892,-0.096491,-0.316036,-0.191256,-0.657714,-0.767415,-0.571042,-0.429077,-1.038,-0.725781,-1.36344,-1.40605,-1.76105,-1.82633,-1.6101,-1.85201,-1.69136,-1.46164
2.38182,2.42443,2.38843,2.37632,2.84052,2.48954,2.58237,2.30528,1.57546,1.35823,1.1835,1.04314,1.18624,1.9066,2.11327,1.27439,0.895912,1.86395,2.05551,1.36058,0.990396,1.01085,1.49777,1.50041,1.82759,1.0251,0.567323,0.556318,0.766887,0.650276,0.407829,0.562913,0.483693,0.235407,0.0114474,0.184836,0.267767,0.503901,0.670755,0.740786,0.662459,0.69416,0.712569,0.644109,0.309223,0.272629,-0.218677,-0.43563,-0.454056,-0.840256,-0.759704,-0.72287,-1.15386,-1.19298,-1.0486,-1.52372,-1.73199,-1.36558,-1.91138,-1.63939,-1.28514,-1.906,-1.51916
2.16307,2.22559,1.78926,1.42347,2.33318,2.60035,2.4873,1.80681,1.27431,1.2142,1.22006,1.68739,2.15092,1.83373,0.928451,0.698837,1.65564,2.00831,1.29042,1.42291,1.53131,1.47446,1.32046,1.18183,0.834641,0.637365,0.933463,1.50431,0.740646,-0.0174806,0.00973055,0.23709,0.577901,0.802932,0.509827,0.472884,0.275926,0.252447,0.345495,0.517638,0.677877,0.791769,1.05333,0.66181,0.244278,-0.00341404,-0.472528,-0.494314,-0.964237,-1.05849,-0.726484,-1.25972,-1.43822,-0.881481,-1.47092,-1.39136,-1.66966,-1.43449,-1.75477,-1.72046,-1.15169,-1.66356,-1.72437
2.46282,1.97419,1.41121,1.55202,1.87402,1.76093,1.62341,1.39648,1.53452,1.62761,1.96027,2.02119,1.47345,0.558682,0.274204,1.25544,1.59919,1.06215,0.839539,1.25491,1.52022,1.50575,0.992996,1.12244,1.11143,0.773991,0.361319,0.478806,0.318775,0.48475,0.476756,0.228556,0.0791019,0.552862,0.234928,0.262818,-0.00177285,0.0491038,0.254378,0.393549,0.696863,0.7848,1.13468,0.731171,0.128063,-0.168105,-0.633925,-0.665445,-1.10355,-1.26828,-0.880452,-1.34674,-1.32999,-0.857577,-1.38811,-1.55867,-1.3603,-1.63531,-1.76877,-1.82697,-1.45258,-1.17342,-1.57184
2.49902,2.24485,2.17312,2.49775,2.20914,1.73521,1.63992,1.79658,2.12336,2.09355,1.89239,1.36531,0.247261,0.230061,1.16118,1.51146,0.674634,0.494891,1.07193,1.11151,1.05043,1.12093,0.98225,1.0759,1.31968,0.664432,0.33628,0.247796,0.569654,0.710513,0.254293,0.0573771,0.162991,0.0993776,-0.29045,-0.143909,-0.124724,-0.157649,-0.00172973,0.217881,0.484256,0.809187,0.873401,0.724288,0.223718,-0.127453,-0.626326,-0.660563,-0.986999,-1.31862,-1.38578,-1.08944,-1.47985,-1.12045,-1.22345,-1.52655,-1.50757,-1.41715,-1.61166,-1.74891,-1.32219,-1.24888,-1.22376
2.43633,2.65556,2.70671,2.35948,1.83027,1.82719,2.36031,2.31248,1.60891,0.841152,1.24632,1.45815,0.987287,1.21604,1.29089,0.452525,0.426966,0.870401,1.35679,0.888666,0.544042,1.21472,1.16927,0.83509,0.65556,0.163224,0.484565,0.602274,0.283297,-0.342986,-0.313726,-0.0295678,0.547051,0.104462,-0.137895,-0.111311,0.0599288,-0.0688209,-0.163671,0.149142,0.40704,0.684381,0.436226,0.207305,0.0104977,-0.506599,-0.829834,-0.524351,-1.20574,-1.08677,-1.57223,-1.09392,-1.39471,-1.29413,-1.48518,-1.20708,-1.68664,-1.49941,-1.41846,-1.39127,-1.381,-1.65714,-1.19133
2.58344,2.81918,2.54738,1.92241,1.81112,2.02668,2.13855,1.34669,0.787819,1.18811,1.23389,0.906637,1.80711,1.69949,0.540129,0.503695,1.02826,0.981825,0.859999,0.877453,1.02132,1.39448,0.921176,0.735074,0.650832,0.33705,0.408962,0.736178,0.273945,-0.432286,-0.278387,0.247126,0.649866,0.0516471,-0.409351,-0.266547,-0.180923,-0.0294505,-0.226874,-0.221055,0.08161,0.0730957,-0.236393,-0.417251,-0.158165,-0.861453,-0.973678,-0.406258,-1.38445,-1.12616,-1.38471,-1.40862,-1.12463,-1.31655,-1.6783,-1.20686,-1.64385,-1.38916,-1.58753,-1.27188,-1.55652,-1.66133,-0.927627
2.99664,2.88518,2.55412,2.27697,2.56224,2.68969,1.97912,1.03468,1.6895,1.90817,0.85345,1.24408,1.74946,1.24051,0.848948,0.827503,0.435318,0.270728,0.822285,0.886437,0.607304,0.115317,0.105574,0.565279,1.33284,0.885497,0.574324,0.426336,0.813404,0.771988,0.405917,-0.00511224,0.0579485,-0.370642,-0.777929,-0.444471,-0.41797,-0.280716,-0.169028,-0.209003,-0.221607,-0.313237,-0.606262,-0.935808,-0.604795,-0.972396,-1.32338,-0.724507,-1.38105,-0.871564,-1.09218,-1.31558,-1.29919,-1.17016,-1.4215,-1.51719,-1.62697,-1.23929,-1.58703,-1.54854,-1.20648,-1.61698,-0.886408
2.61763,2.36111,2.11797,1.94414,1.91192,2.50933,2.59046,2.51918,2.19697,1.38043,1.09447,1.30817,0.703681,0.573268,0.894778,0.277689,-0.253567,0.368943,0.607779,-0.0247241,-0.570287,-0.357508,-0.0777737,0.393869,0.924877,0.705657,0.716143,0.797862,1.03035,0.892745,0.0855702,-0.433818,-0.499589,-0.348398,-0.423025,-0.419377,-0.425428,-0.15078,-0.00783855,0.233471,-0.104328,-0.487486,-0.666985,-1.10394,-1.19461,-0.956221,-1.31305,-1.31743,-1.34761,-0.615465,-1.17264,-1.38929,-1.59037,-1.59649,-1.32621,-1.62448,-1.66031,-1.66252,-1.21862,-1.68388,-1.13334,-1.35668,-1.33377
2.21896,2.14161,2.03534,2.0435,1.95871,2.30556,2.5532,2.28062,1.2994,1.4276,1.4134,0.315753,0.159813,0.921661,1.02372,0.783811,1.13372,0.893901,-0.128106,-0.440768,-0.406041,0.26688,0.103884,-0.13666,-0.192413,0.241848,0.13934,0.61195,0.194023,-0.59059,-0.766214,-0.355045,0.153967,0.0169005,-0.121398,-0.324732,-0.552153,-0.132883,-0.16921,-0.153602,-0.263115,-0.963133,-1.0717,-0.94853,-1.59299,-1.30474,-1.06641,-1.46397,-1.35997,-0.728694,-1.34619,-1.66729,-1.48745,-1.78426,-1.69025,-1.50135,-1.67426,-1.65468,-1.2548,-1.47673,-1.47474,-1.03874,-1.2707
2.41308,2.38858,2.64132,2.81032,2.71391,1.88483,1.13168,0.921423,1.42397,1.43922,0.940486,1.07842,0.873494,0.305371,-0.230273,0.563785,0.914396,-0.0225265,-0.343839,-0.241431,-0.0664598,0.378634,0.310395,-0.279084,-0.303416,0.208682,-0.151466,-0.0813184,0.117104,-0.28328,-0.325517,-0.0505995,0.594931,-0.11846,-0.432996,-0.327186,-0.453614,-0.319282,-0.0925548,-0.44004,-0.51636,-1.11181,-1.49568,-1.15236,-1.71554,-1.79888,-1.45192,-1.13353,-1.60308,-0.915389,-1.2814,-1.68851,-1.34827,-1.67705,-2.08966,-1.365,-1.79068,-1.25222,-1.6059,-1.19865,-1.27563,-1.15755,-1.09293
2.60548,2.64595,2.61902,2.52548,2.162,1.04401,0.630639,1.28724,1.46698,0.952703,0.975937,1.09538,0.50151,-0.577213,-0.385202,0.411605,-0.150689,-0.610502,-0.517568,-0.286552,0.364091,0.487913,0.139851,-0.179769,-0.0427465,0.297664,0.297344,0.485643,0.660261,0.87917,-0.232593,-0.378489,0.0791045,-0.263498,-0.616089,-0.281048,-0.462438,-0.483682,-0.199018,-0.545713,-0.99908,-1.14923,-1.48299,-1.72006,-1.50087,-1.77415,-1.82527,-0.839453,-1.71074,-1.35766,-1.18965,-1.56306,-1.54153,-1.88768,-2.23132,-1.54576,-1.88037,-1.61827,-1.73662,-1.38652,-0.922254,-1.26097,-0.88418
2.58904,2.30423,1.85556,1.62111,1.2838,1.16124,1.63741,1.74093,1.09864,0.507636,1.37768,1.2698,0.638663,1.06789,1.51108,0.582897,-0.280316,-0.472194,-0.25485,0.312482,0.156622,-0.375589,-0.713093,-0.650423,-0.406219,0.0195972,0.270608,0.674013,-0.228622,0.0157409,-0.624584,-0.866567,-0.268756,-0.501178,-0.592291,-0.0308184,-0.301296,-0.466683,-0.451551,-0.621724,-1.19058,-1.12416,-0.818233,-1.50857,-1.28968,-1.02011,-1.89166,-1.08395,-1.71836,-1.28156,-1.55124,-1.33996,-2.03029,-1.99951,-2.16034,-2.16031,-1.79481,-1.79954,-1.64222,-1.61162,-1.01652,-0.928963,-0.297397
