public/uploads/wind/vent_json/20200513/wind_field_09.json
{"header": {"parameterUnit": "m.s-1", "parameterNumber": 2, "dx": 0.051, "dy": 0.036, "parameterNumberName": "eastward_wind", "la1": 45.3082, "parameterCategory": 2,"nx": 177, "ny": 123, "refTime": "2018-09-30 00:00:00", "lo1":1.38177}, "data":
[rows 56 to 83 of 123, columns 0 to 62 of 177]
0.485108,0.159139,0.998141,0.77149,0.752753,0.902544,0.818851,0.70596,0.219739,-0.432993,-0.781612,-1.11679,-0.720058,0.159099,-0.523221,-2.26816,-2.43301,-1.8137,-1.03709,-0.585167,-0.582054,-0.717103,-1.33598,-1.38321,-1.0556,-1.6326,-2.61259,-2.46161,-1.29516,-0.630216,0.223555,0.532444,-0.161302,-0.714371,-1.71701,-2.81555,-2.63112,-1.92475,-2.27349,-2.47055,-2.03103,-1.7722,-1.3997,-1.14415,-0.993963,-2.00184,-2.75925,-2.24599,-2.13111,-2.21323,-2.19345,-1.9522,-2.05116,-1.55741,-0.900999,-1.31568,-2.14777,-1.4636,-0.644673,-0.701237,-0.682476,-0.636664,-0.271566
0.439915,0.251695,0.965127,0.842397,0.664265,0.411117,0.394965,0.046997,-0.457823,-1.10527,-1.30262,-1.05943,-0.595896,-0.110304,-2.3545,-3.11479,-2.20724,-0.93323,-0.140229,-0.407527,-1.2578,-1.5639,-1.82697,-2.38703,-2.16033,-2.2363,-2.666,-1.90296,-0.613901,-0.43357,-0.295055,-0.406456,-0.745546,-0.817041,-1.67363,-2.18093,-1.49289,-1.06971,-2.02758,-2.8906,-2.24875,-1.23495,-0.782548,-0.864064,-1.67226,-2.55021,-2.56876,-2.60264,-2.53248,-2.13289,-2.14592,-1.87882,-1.54282,-1.42159,-0.649702,-0.536505,-1.79999,-1.44114,-1.07134,-1.58281,-0.647459,-0.119187,-0.272628
1.24594,1.20479,0.339263,0.104117,-0.225727,-0.609157,-0.974245,-0.729134,-0.84646,-1.60219,-1.83254,-1.17239,-0.281311,0.280351,-0.0988269,-1.11324,-1.43455,-1.00862,-1.72619,-2.26363,-2.1355,-2.42767,-2.42984,-2.94926,-2.6304,-2.66656,-2.44989,-1.79396,-0.736154,-0.102199,-0.350204,-0.679687,-1.04195,-1.09441,-1.05792,-1.12584,-1.3236,-1.24423,-1.17507,-1.47254,-1.74959,-1.21854,-0.644308,-1.6091,-2.84481,-2.65212,-2.37551,-2.40335,-1.7104,-1.25313,-1.72916,-1.66377,-1.05156,-1.46288,-1.09234,-1.10331,-2.12622,-1.66778,-1.43533,-1.20194,-0.389659,-0.23694,-0.002554
1.05614,0.549523,-0.508158,-1.27567,-2.03035,-1.88124,-2.00585,-2.06406,-1.99838,-2.90989,-2.0615,-1.03197,-0.13247,0.402377,0.577026,0.901751,-0.259061,-2.48348,-3.46065,-3.38744,-3.41002,-3.50865,-2.98009,-3.10671,-2.76567,-2.56166,-2.30206,-1.91132,-1.08278,0.528723,1.09777,-0.360182,-1.46206,-1.2913,-1.57493,-1.69336,-1.21934,-1.2224,-2.15228,-2.50561,-1.85124,-1.36298,-1.62238,-2.88945,-2.68587,-1.5308,-1.95647,-2.38078,-2.20566,-2.0189,-1.91904,-1.86582,-1.283,-1.46622,-1.99392,-1.76792,-2.00543,-1.80388,-1.23083,-0.729928,-0.143764,-0.0701381,0.293072
-0.0117885,-0.626228,-1.55166,-2.38071,-3.38859,-3.79434,-3.81502,-3.98236,-4.22464,-3.43296,-2.55362,-2.12234,-2.0225,-1.82891,-1.00277,-0.741468,-2.72939,-4.52826,-4.42116,-4.11469,-4.33912,-4.09853,-3.7048,-3.23565,-2.77085,-2.12204,-2.14545,-2.36063,-1.38802,0.0965365,0.213048,-1.67071,-1.54973,-1.42223,-1.269,-1.31723,-1.23178,-1.2413,-1.47331,-1.73322,-2.6299,-3.03932,-2.86832,-3.13147,-2.32486,-1.65108,-1.83644,-2.57989,-3.25191,-2.9609,-2.39936,-1.64354,-1.71502,-2.38352,-2.23008,-1.77378,-1.61253,-1.32389,-1.00262,-0.717262,-0.160287,0.191751,0.427687
-0.800561,-1.55315,-2.71297,-3.51414,-3.89616,-4.47996,-4.92993,-4.88598,-4.39784,-3.70002,-3.32947,-3.67917,-4.48722,-4.06481,-3.37187,-3.24123,-4.74097,-5.41676,-5.52714,-5.24158,-4.77572,-4.03104,-3.24076,-2.76364,-2.26907,-1.47419,-1.36364,-2.02564,-1.30444,-0.591081,-1.22979,-1.66336,-1.66493,-1.1709,-1.28352,-1.45139,-1.26279,-1.19681,-1.91709,-2.68001,-3.18627,-3.21605,-2.79357,-2.59801,-2.38332,-2.34619,-2.22608,-2.82418,-2.91162,-2.22933,-2.43574,-2.42206,-2.20292,-2.16041,-1.763,-1.23362,-1.16777,-1.12106,-0.846754,-0.600635,-0.219806,0.0631223,0.276783
-1.69412,-2.53569,-3.70547,-4.22082,-4.13421,-4.6212,-4.94424,-4.97929,-4.73009,-4.56713,-4.4243,-5.38351,-6.19216,-5.4768,-4.59254,-4.63535,-5.47715,-5.52118,-5.11058,-4.51548,-4.06225,-3.24934,-2.93236,-2.69225,-2.26429,-1.66384,-1.93293,-1.58039,-1.37107,-1.02941,-1.54127,-1.53498,-1.40645,-1.38614,-1.04595,-1.27919,-1.26161,-1.07852,-1.37484,-2.44972,-3.0981,-2.63518,-2.4743,-2.09343,-1.61601,-2.43067,-2.39024,-2.09882,-2.73507,-2.78152,-2.88406,-2.69274,-1.91569,-1.69981,-1.702,-1.45047,-1.22958,-1.15916,-0.940161,-0.472541,-0.248889,-0.181317,0.360236
-2.67466,-3.46126,-4.31352,-4.72726,-4.97838,-5.347,-5.83037,-6.03405,-5.91554,-5.60992,-5.65205,-6.18598,-6.36736,-5.89352,-5.26899,-5.50291,-5.38398,-5.62433,-5.13529,-4.60584,-3.56522,-3.06377,-2.91344,-2.50595,-2.31684,-1.25619,-1.11433,-1.08597,-1.30818,-1.16574,-1.52795,-1.99721,-1.17281,-1.2817,-1.47873,-1.02504,-1.14316,-1.2102,-1.57772,-2.12679,-2.57374,-3.4822,-3.7608,-2.87639,-2.08014,-2.62439,-2.88136,-2.01448,-1.96846,-2.13014,-2.07739,-2.02508,-2.01426,-1.91675,-1.50775,-1.34166,-1.15331,-1.0051,-0.84254,-0.398073,-0.294426,-0.135212,0.635621
-3.77392,-4.34387,-4.66971,-5.08853,-5.431,-5.88962,-6.3502,-6.69192,-6.38677,-5.87106,-5.86475,-5.80989,-5.39836,-5.24551,-4.73172,-4.72724,-4.47182,-4.42849,-4.47311,-3.64651,-3.09825,-2.76972,-2.60921,-1.87976,-1.96625,-1.72267,-1.1792,-1.29106,-1.21598,-0.980949,-1.78633,-2.05104,-2.03801,-1.57312,-1.56336,-1.35043,-0.785095,-0.714376,-0.804552,-1.61843,-2.24067,-1.97469,-1.98063,-2.17553,-2.19487,-2.00524,-2.30483,-2.62409,-1.98909,-1.92687,-2.12694,-2.28198,-2.22285,-1.71179,-1.39037,-1.2056,-0.971,-0.827978,-0.682279,-0.291796,-0.27806,0.0134585,0.782401
-4.45907,-4.68168,-5.23162,-5.33581,-5.71313,-6.08181,-6.67361,-6.83172,-6.14415,-5.05654,-4.62026,-4.91389,-5.56326,-6.3269,-5.81423,-5.80463,-4.83541,-5.08519,-4.42797,-3.87156,-2.98348,-2.67296,-2.27722,-2.2155,-2.55853,-2.28702,-1.08701,-0.570445,-0.49937,-0.915238,-1.86994,-2.09349,-1.92413,-1.82175,-1.67217,-1.32068,-1.32651,-0.810067,-1.02314,-1.33157,-1.07745,-1.99154,-2.50698,-2.30581,-2.8795,-3.09852,-2.26562,-2.27064,-2.5729,-2.37105,-2.33454,-2.13129,-1.72542,-1.48547,-1.31048,-1.20076,-0.98229,-0.751052,-0.550396,-0.322623,-0.279313,0.214485,0.809818
-5.11283,-5.31022,-5.54207,-5.74239,-5.86415,-6.14475,-6.56963,-6.38035,-5.33409,-4.51637,-4.74238,-5.72859,-6.81007,-7.25346,-7.22594,-6.8394,-5.11647,-5.57887,-4.99555,-4.82537,-3.16754,-2.98581,-2.50544,-2.85892,-2.88861,-2.60988,-1.65208,-0.967132,-0.803143,-1.17794,-1.45814,-1.42366,-1.76363,-1.29631,-1.86755,-1.65503,-1.29761,-0.66194,-0.887627,-1.05029,-1.51583,-1.68597,-0.869908,-1.43286,-2.08452,-2.64612,-2.68728,-2.02339,-2.01457,-2.10784,-1.9037,-1.73036,-1.52812,-1.42807,-1.17085,-1.08225,-0.909551,-0.687816,-0.563163,-0.448195,-0.214423,0.323531,0.747541
-5.14742,-5.39623,-5.66276,-5.7197,-5.709,-5.57661,-5.49681,-5.0599,-4.49375,-4.40543,-5.10133,-5.47751,-5.88433,-5.75884,-5.94896,-5.27354,-4.91077,-4.56746,-4.05439,-3.71556,-3.05224,-3.21903,-2.9366,-3.0214,-2.40594,-2.15219,-1.41023,-1.66146,-1.79213,-1.72118,-1.64115,-1.74206,-1.20057,-1.62431,-1.99105,-1.74871,-1.44901,-0.766469,-0.612334,-0.946044,-1.44256,-0.675757,-1.10932,-1.65488,-2.35231,-2.44562,-1.68972,-1.85667,-2.20781,-1.93363,-1.74912,-1.64907,-1.46459,-1.38709,-1.16492,-1.00196,-0.858622,-0.679962,-0.62499,-0.451752,-0.207326,0.295797,0.730539
-5.1107,-5.28036,-5.42166,-5.32212,-5.23225,-5.00144,-4.4703,-3.81756,-3.7897,-4.59425,-5.69593,-6.0446,-5.64555,-5.32877,-4.46619,-3.50511,-2.7896,-3.06778,-3.12703,-1.97492,-1.31581,-1.96243,-2.43992,-2.24946,-2.04444,-1.41319,-1.62472,-1.43743,-1.19891,-0.610578,-0.973939,-1.467,-1.41848,-2.01625,-2.0186,-2.07891,-1.64711,-1.16946,-0.871781,-0.985351,-1.12849,-1.41979,-0.815993,-2.14551,-1.5721,-1.6458,-1.8726,-1.97141,-1.69357,-1.53686,-1.60985,-1.46145,-1.20119,-1.30019,-1.19303,-0.916747,-0.775326,-0.661694,-0.597231,-0.402732,-0.259769,0.312659,0.699957
-4.78688,-4.82997,-5.02748,-4.87256,-4.57499,-4.21789,-3.37995,-2.44037,-2.54466,-4.60118,-5.76142,-5.20083,-4.57204,-4.20631,-3.19039,-2.37939,-1.86502,-2.05991,-0.432073,0.524534,-1.22626,-2.68292,-2.75535,-1.92847,-1.40741,-0.928495,-1.28239,-1.35272,-0.942045,-0.479295,-0.734714,-1.44058,-1.43793,-1.75925,-2.34604,-2.28778,-1.95287,-1.37385,-0.809549,-0.919536,-0.934626,-1.15483,-1.36468,-1.58819,-1.77023,-1.79374,-1.01642,-1.06119,-1.30289,-1.33561,-1.3245,-1.22404,-0.933741,-1.04744,-1.07853,-0.72029,-0.645143,-0.668525,-0.434045,-0.44603,-0.268124,0.163598,0.555432
-4.45502,-4.47235,-4.4895,-4.15007,-3.62799,-3.19893,-2.33734,-0.969339,0.724604,0.776653,-1.75269,-3.6686,-3.84696,-3.30514,-2.27799,-0.619313,-0.0425289,-0.676385,-0.593262,-1.76021,-3.41216,-3.82862,-3.27002,-1.67066,-0.623414,-0.442825,-0.485675,-0.408249,-0.75298,-0.95897,-0.894992,-1.47038,-1.80324,-1.64792,-2.055,-2.43228,-1.96849,-1.65209,-0.933103,-0.379989,-0.400815,-0.721286,-1.18827,-1.37006,-1.4835,-1.53647,-0.814535,-0.755015,-0.978617,-1.1291,-1.03534,-0.942096,-0.750598,-0.586837,-0.722848,-0.520725,-0.966221,-0.725115,-0.599051,-0.570294,-0.245482,0.12638,0.592423
-3.80043,-3.96129,-3.89077,-3.40351,-2.7593,-2.23909,-1.42339,0.0538704,1.35478,1.80073,1.76476,0.554736,-1.21959,-1.75947,-1.08249,0.158047,0.160577,-1.78887,-3.6738,-4.95018,-4.50685,-4.25911,-3.29747,-2.05917,0.0448008,1.01548,0.789123,0.52466,0.274753,-0.0233961,0.988262,0.481119,-1.5645,-1.56779,-1.6296,-2.09618,-2.36215,-2.17258,-1.37272,-0.0937286,0.0413131,-0.349904,-0.951172,-1.37427,-1.09796,-1.23655,-0.990685,-0.468357,-0.537565,-0.811582,-0.754044,-0.604935,-0.933754,-0.30376,-0.344289,-1.05102,-1.03506,-1.0094,-0.843207,-0.50938,-0.169512,0.251122,0.648928
-3.06977,-3.26225,-3.18823,-2.85211,-2.22078,-1.34931,-0.205095,0.613675,1.08539,1.35283,0.726068,-0.0371665,0.288857,0.46529,-0.100706,-1.71748,-2.57457,-5.80351,-6.06571,-5.14791,-3.40307,-2.88288,-3.2244,-2.62273,-0.490043,1.39025,1.81181,1.37209,1.31927,1.50988,2.2962,1.74639,-0.746061,-1.27253,-1.34086,-1.25758,-1.73344,-1.89613,-1.35305,-0.245595,0.257552,0.448133,-0.370748,-1.54131,-1.23126,-0.500226,-0.459443,-0.336246,-0.504201,-0.820838,-0.534402,-0.786533,-0.60476,-0.498361,-0.757515,-0.744707,-1.31315,-1.62593,-1.16286,-0.548541,-0.057082,0.51354,0.759835
-2.31286,-2.50245,-2.60665,-2.2351,-1.62552,-0.617237,0.127956,0.386496,0.516227,0.150333,-0.202,-0.021493,0.212695,-0.432871,-2.40468,-4.49945,-4.37629,-4.89552,-4.6525,-3.3545,-2.08393,-2.19464,-1.93267,-1.86701,-1.6155,-0.490284,1.04826,1.86943,2.52435,3.02274,1.88198,-0.604597,-1.72453,-1.58213,-1.51266,-0.955538,-1.19854,-1.29455,-1.22212,-0.618806,0.346269,0.616166,0.0439177,-1.36007,-1.16832,-0.551458,-0.276697,-0.288556,-0.386906,-0.546051,-0.54352,-0.408119,-0.670711,-0.723334,-0.923291,-1.41674,-1.62944,-1.47607,-1.08387,-0.547817,-0.0547013,0.589208,0.879677
-2.41751,-1.94257,-1.99321,-0.829287,-0.510447,-0.521467,-0.0419474,0.0299717,-0.19091,-0.522109,-0.316586,0.171612,0.260005,0.329121,-2.27639,-3.92442,-4.02522,-3.46917,-3.07156,-2.85968,-3.20647,-2.8979,-1.92096,-1.02815,-0.844402,-1.23571,-0.613704,1.05652,2.96641,3.42424,0.338244,-2.05948,-1.98172,-1.57166,-1.28426,-0.621836,-0.804496,-1.01481,-0.830344,-0.848481,-0.571251,-0.26677,-0.593993,-0.750465,-0.812916,-0.459924,-0.127007,-0.158428,-0.193218,-0.355947,-0.276039,-0.32541,-0.541454,-0.751294,-1.06285,-1.29538,-1.28621,-1.37563,-0.916602,-0.531759,-0.167232,0.304283,0.468889
-2.50162,-1.66401,-1.07485,-0.885187,-0.983792,-0.740195,-0.635424,-0.735558,-0.469229,-0.206978,-0.169112,-0.1711,-0.586275,-0.414402,-0.68911,-2.82787,-3.41538,-3.20247,-2.89038,-3.20212,-3.9059,-3.95191,-2.90058,-1.35411,-0.0188194,0.243795,-0.467463,0.450591,2.95332,2.2692,-1.17139,-1.99748,-1.47774,-1.48408,-1.07303,-0.530473,-0.761843,-1.01323,-0.752961,-0.603948,-0.606532,-0.525422,-0.234619,-0.623703,-1.0548,-0.640448,-0.137489,-0.145309,-0.0698382,-0.321587,-0.371917,-0.14504,-0.135617,-0.433924,-0.885029,-1.04118,-0.730552,-0.813357,-0.917988,-0.699886,-0.427951,-0.0179121,0.136939
-2.34836,-1.5212,-1.30386,-1.04108,-0.998093,-0.934149,-0.673067,-0.362689,-0.333361,-1.0326,-2.09152,-1.74469,-1.00735,-2.08676,-2.83937,-2.9358,-3.30544,-3.09393,-2.97605,-2.71306,-3.22603,-3.26702,-2.8537,-1.59964,-0.0355423,1.17936,1.05955,1.30663,2.23512,0.537698,-1.20954,-0.871603,-0.822078,-1.24342,-1.01126,-0.690728,-0.718574,-0.375485,-0.347761,-0.0736528,0.186373,0.00897138,0.0663083,-0.108043,-0.779488,-0.925204,-0.285548,0.142691,0.00972562,-0.365766,-0.486125,0.0502969,0.0764194,-0.421882,-0.715087,-0.585082,-0.488924,-0.784909,-1.17309,-1.11609,-0.736079,-0.29607,0.136864
-2.41734,-1.50506,-1.14395,-0.807465,-0.839506,-0.692223,-0.175065,0.152375,-0.114297,-1.83927,-2.83053,-1.93972,-1.24872,-2.40944,-3.57289,-4.04632,-3.54,-2.99376,-2.31258,-1.89481,-1.64867,-2.13795,-2.25071,-1.3933,-0.1976,0.875832,1.14084,1.99346,1.55143,0.249044,-0.373298,-0.944352,-1.3775,-1.00325,-0.0891995,0.704298,0.793725,0.99553,1.49285,1.65788,0.873636,-0.205164,0.194467,0.0986448,-1.06721,-0.939538,-0.300346,0.103448,0.0925919,-0.741458,-0.754017,0.0488351,-0.0282363,-0.375554,-0.307986,-0.426728,-0.608571,-0.721224,-1.159,-1.34977,-1.09689,-0.519783,0.077645
-1.54957,-1.38693,-1.0614,-0.743823,-0.853077,-0.81723,-0.791225,-0.806384,-0.264592,-0.521251,-1.3509,-1.29622,-0.01096,-0.535819,-3.1551,-3.5323,-3.52312,-3.19801,-2.46693,-1.64168,-1.31374,-1.38124,-1.0748,-0.340859,-0.0162542,-0.0575357,0.880129,2.18168,1.32479,-0.11536,-1.3868,-2.08217,-1.78112,-1.02573,0.615947,0.936477,0.699967,1.25309,2.15808,2.50668,1.42574,-0.383915,-0.619973,-0.267146,-1.22816,-0.94607,-0.253459,0.173994,0.289319,-0.670224,-1.11136,-0.363664,-0.0700172,-0.40772,-0.186527,-0.0315295,-0.615579,-0.746712,-1.07804,-1.26762,-1.29489,-0.559354,-0.239526
-1.70367,-1.52062,-1.82059,-1.68343,-1.42092,-1.36272,-1.0985,-1.79101,-2.09149,-1.98207,-1.6981,-1.08129,-1.10495,-1.09105,-2.01277,-2.75773,-2.63296,-2.81025,-2.46859,-2.03674,-1.91068,-0.906757,-0.510849,-0.124101,0.341715,0.0848347,0.47127,0.199559,-1.2692,-2.05667,-2.5635,-2.26853,-1.46381,-0.655684,0.275186,0.567262,1.3596,1.85082,3.00412,2.68098,1.12356,0.314622,-0.114733,-1.08083,-1.72665,-1.34724,-0.639528,0.153046,-0.092196,-0.623762,-0.998881,-0.551373,-0.111031,-0.508509,-0.384115,-0.0963348,-0.349112,-0.737296,-0.965353,-1.20081,-1.38606,-0.728217,-0.19984
-2.0866,-2.10603,-2.31047,-2.12816,-1.84344,-1.82198,-1.89592,-2.09824,-2.40095,-2.16337,-1.5591,-1.27641,-1.18365,-1.92532,-2.68614,-2.93282,-2.78183,-2.53041,-2.33258,-1.96416,-1.49194,-0.837999,-0.677892,-0.605749,-0.944451,-0.544015,-0.331648,-1.16761,-1.63732,-1.52869,-1.6813,-1.72819,-1.5053,-1.01424,-0.180727,0.792843,1.61345,2.74773,3.10432,1.83877,0.254302,0.945194,1.11194,-0.926677,-1.6163,-1.09874,-0.900604,0.0572905,0.0730213,-0.591201,-1.04732,-0.453099,-0.331145,-0.422367,-0.26391,-0.157289,-0.0145005,-0.189582,-0.713265,-0.979293,-1.04589,-0.426866,0.0714244
-2.5089,-2.53621,-2.65293,-2.74624,-2.62265,-2.44298,-2.38671,-2.50231,-2.40661,-2.04186,-2.08664,-2.21503,-1.95255,-1.09814,-1.40873,-2.49945,-2.46874,-2.16023,-1.80531,-1.76795,-1.6238,-2.20931,-1.71273,-1.74692,-1.12247,-0.296918,-0.555296,-1.11626,-1.2783,-1.25371,-1.45811,-1.85193,-1.65235,-0.771293,0.137371,0.741256,1.456,2.38685,2.09321,1.59674,1.11487,1.05039,1.98818,-0.102546,-1.80322,-1.02515,-0.287908,0.0880687,0.286491,-1.08311,-0.98823,-0.175056,0.207822,-0.40667,-0.0782903,0.10554,-0.255744,0.147711,-0.278021,-0.511066,-0.256933,0.183891,0.151487
-2.7895,-2.91934,-2.98441,-3.01887,-3.09907,-3.06906,-2.86607,-2.68904,-2.73196,-2.87812,-2.99682,-3.01669,-2.87006,-2.76292,-2.91389,-3.14058,-3.26292,-3.40894,-3.42024,-3.24926,-3.3828,-3.10645,-2.81728,-2.16977,-1.05316,-0.250667,-0.173402,-0.695715,-2.08964,-2.60443,-3.20549,-3.02284,-1.6971,-0.363111,0.320998,0.421806,1.17545,1.61327,1.779,1.60189,1.68181,1.60236,2.04489,-0.00185756,-1.20023,-0.393895,0.155076,0.0393242,-0.12956,-0.837852,-1.05029,-0.865127,-0.0821925,0.0700224,0.0567283,0.343694,0.116492,0.24385,0.0141474,0.0762168,0.159653,0.208064,-0.226493
-2.41794,-2.65077,-3.33272,-3.31211,-3.28563,-3.39995,-3.32942,-2.91908,-2.95428,-3.18651,-3.31171,-3.21416,-3.27182,-3.8636,-4.79968,-4.92908,-4.48758,-4.15988,-4.20214,-4.01278,-4.76829,-4.55991,-3.79562,-2.25845,-0.869909,-0.944499,-1.72328,-2.31599,-1.50525,-0.976623,-2.34934,-2.42721,-0.872738,-0.543413,-0.0414425,0.113543,0.186976,0.504541,1.09999,1.82738,2.177,1.46323,0.383761,0.633997,0.940299,1.14918,0.324012,-0.878195,-1.49804,-1.93283,-2.03826,-1.46434,-0.491535,0.102128,0.187792,0.288614,0.219758,0.417909,0.610639,0.856048,0.192026,-0.486596,-0.836638
