public/uploads/wind/vent_json/20200513/wind_field_17.json
{"header": {"parameterUnit": "m.s-1", "parameterNumber": 2, "dx": 0.051, "dy": 0.036, "parameterNumberName": "eastward_wind", "la1": 45.3082, "parameterCategory": 2,"nx": 177, "ny": 123, "refTime": "2018-09-30 00:00:00", "lo1":1.38177}, "data":
[rows 0 to 27 of 123, columns 0 to 63 of 177]
4.25226,4.31022,4.35527,4.2947,4.1155,3.98348,3.96528,3.96588,3.97728,3.96713,4.03382,4.18441,4.26219,4.33385,4.37753,4.32689,4.21652,4.1439,4.20404,4.43886,4.69943,4.8314,4.84366,4.82132,4.75252,4.57669,4.43393,4.43107,4.60289,4.82536,4.98071,5.11433,5.1913,5.20866,5.14357,5.04563,4.95629,4.90201,4.84415,4.74049,4.58732,4.46256,4.4363,4.52165,4.61325,4.61206,4.5184,4.38384,4.26466,4.16728,4.10641,4.10811,4.17656,4.23539,4.20628,3.9991,3.7344,3.35216,2.51858,1.7438,1.5083,1.50847,1.56075,1.71506
4.44833,4.35197,4.20479,4.18197,4.11238,4.0049,3.95914,3.95241,4.13332,4.54927,4.71113,4.50228,4.30215,4.38233,4.68315,4.71793,4.54936,4.4961,4.33095,4.28085,4.48328,4.62096,4.65795,4.6485,4.56761,4.36249,4.404,4.63909,4.60886,4.55751,4.67897,4.82329,4.94096,5.00744,5.14504,5.24607,4.9763,4.67303,4.75111,4.88394,4.83076,4.83423,4.76097,4.65353,4.71513,4.77157,4.90847,4.85425,4.43238,4.12467,4.178,4.43327,4.54268,4.48951,4.34158,4.18318,4.2431,4.18577,3.63651,3.05298,2.88923,2.63018,2.39713,2.80595
4.39405,4.23885,4.1276,4.37794,4.65112,4.67009,4.66009,4.47569,4.29906,4.40253,4.72618,5.00515,4.76695,4.41571,4.57791,4.81932,4.57779,4.27547,4.2315,4.32415,4.48115,4.72798,4.98685,4.76396,4.64801,4.82253,4.77581,4.72709,4.90894,4.82623,4.65068,4.70816,5.01455,5.33131,5.38522,5.35345,5.02789,4.64715,4.54158,4.73985,4.98308,4.78827,4.46875,4.39263,4.43132,4.47064,4.72108,4.95237,4.61566,4.18089,4.22766,4.52683,4.63947,4.45276,4.07659,3.85281,4.04263,4.19751,3.92953,3.53131,3.14195,2.54862,2.52888,3.3143
4.62235,4.68021,4.28156,4.08983,4.26291,4.40762,4.52285,4.51672,4.76213,5.20427,5.03106,4.98102,5.21275,5.10428,5.01995,5.03011,5.13826,5.31736,5.10117,4.80037,5.06173,5.16291,4.99787,5.05519,4.69513,4.52815,5.07974,5.21875,5.06819,5.25653,5.18442,4.83092,4.70085,4.71651,4.72909,4.68892,4.87573,5.16613,4.82522,4.6589,5.21046,5.49938,5.20908,4.85077,5.0102,5.30334,5.41335,5.30846,4.68941,4.32709,4.58999,4.71717,4.6659,4.48086,3.92361,3.71758,4.08354,4.24301,4.13565,3.83717,3.23264,2.77826,3.10741,3.98509
4.5582,4.64135,4.67539,4.76317,4.94756,5.19417,5.26346,5.51494,5.90352,5.84502,5.8625,5.72633,5.86482,5.54244,4.99464,5.29234,5.60012,5.51246,5.43001,5.36307,5.37913,5.5006,5.25736,4.83163,5.12865,4.75437,4.20709,5.22609,5.52987,5.1201,5.36522,5.38859,5.37676,5.36227,5.4171,5.41754,5.50381,5.44344,5.44061,4.70617,4.18901,5.07874,5.02831,4.45605,4.35574,3.93556,4.06922,4.92307,5.10061,4.4967,4.01078,4.41383,4.12416,3.5511,4.08935,3.75923,2.9677,2.79304,2.81903,2.56489,2.65262,3.77366,3.98994,3.22306
4.97556,4.87823,4.87466,5.10025,5.28037,5.47232,5.74982,5.85565,5.97087,5.74823,5.93924,6.13665,6.04632,5.96899,5.81279,5.78625,5.80114,5.71234,5.60608,5.55119,5.49145,5.49095,5.44498,5.40351,5.34915,4.97037,5.17853,5.70498,5.79249,5.73472,5.86337,5.88034,6.04395,5.85776,5.54536,5.78024,5.90901,5.83233,5.49669,5.66224,5.53901,5.11971,5.16365,5.18456,5.23511,4.96947,4.84421,5.19714,4.85476,4.29525,4.37116,4.62157,4.42531,3.91914,4.09816,3.9714,3.038,3.05668,3.75993,3.906,4.0798,3.93888,3.6435,4.09247
6.18139,5.65194,4.82223,4.32231,4.69098,5.66713,5.95607,6.21622,6.51578,6.42139,6.37577,6.35989,6.25114,6.17268,6.11215,6.04494,5.97591,5.88992,5.76926,5.64364,5.52182,5.46119,5.46366,5.48961,5.52411,5.54381,5.65064,5.74286,5.82461,5.89302,5.97752,6.03052,6.11226,6.19231,6.16427,6.26908,6.19882,6.26534,5.95529,5.2595,5.58473,5.75545,5.80008,5.63062,5.21304,5.34565,5.27666,5.32297,5.56562,5.13103,4.54732,4.56366,4.52308,4.37488,4.05641,2.97458,2.75124,3.84684,4.1778,3.32675,2.81114,3.24729,4.29527,4.50152
6.06246,5.44617,4.66123,4.9033,5.75082,6.24411,6.46739,6.35235,6.49651,6.69801,6.58628,6.50487,6.41583,6.33024,6.29239,6.25901,6.15075,5.96418,5.73065,5.53552,5.39725,5.31075,5.30884,5.23842,5.13834,5.07169,5.18807,5.59943,5.93072,6.06551,6.15333,6.19445,6.2375,6.34467,6.40065,6.44242,6.40011,6.3429,6.24703,5.94511,5.79248,5.91136,5.71486,5.302,5.36067,5.41997,5.49619,5.73811,4.89561,4.26323,4.67511,4.60637,4.59952,4.28678,3.61511,3.99533,4.32627,3.71697,3.44157,4.10301,3.83274,2.96519,3.09812,3.21617
5.48785,5.3251,4.64245,4.79181,6.10279,7.00612,6.99866,6.95632,6.94893,6.97965,6.88836,6.80904,6.73953,6.60152,6.43511,6.35115,6.24616,6.03437,5.80265,5.62235,5.51612,5.50823,5.41861,5.12181,4.93729,5.14451,5.60186,5.89934,6.00705,6.14201,6.27273,6.36457,6.43506,6.5232,6.58366,6.60326,6.56973,6.46628,6.31232,6.15422,5.96892,5.94531,5.91177,5.89249,5.7088,5.05879,5.38889,5.24972,4.47363,4.73055,4.8316,4.75291,4.11983,3.46975,4.08044,4.30535,3.40755,3.10726,3.93061,4.16964,3.30247,2.41953,2.12475,2.14196
5.65112,3.77539,4.35941,5.50245,7.00722,7.43115,7.36732,7.16854,7.00232,6.89975,6.86897,6.90836,6.91106,6.82929,6.65826,6.4339,6.21576,5.99877,5.78542,5.62103,5.52045,5.48426,5.49262,5.51879,5.55293,5.63417,5.7928,5.94247,6.05814,6.1867,6.32044,6.44222,6.56159,6.69937,6.80258,6.82429,6.77637,6.6489,6.42853,6.22104,6.04837,5.98073,5.9562,5.9733,5.93406,5.93037,5.66087,5.0767,5.01221,5.0134,4.84035,4.63119,4.72023,4.85572,4.04922,3.6168,4.02559,4.05014,4.18744,4.0239,3.09942,2.25964,1.78997,2.08222
4.00004,4.32626,4.68185,4.67076,5.8401,5.84428,7.8172,7.9691,7.89278,7.82169,7.5808,7.25209,7.05096,6.89707,6.71426,6.45607,6.17523,5.94374,5.7663,5.631,5.52444,5.43196,5.42183,5.51769,5.63947,5.723,5.7703,5.82823,5.91406,6.03182,6.19432,6.39422,6.60329,6.80448,6.93266,6.93992,6.84993,6.67874,6.43716,6.25414,6.12343,6.1064,6.07352,6.07702,5.88205,5.1978,5.5479,5.60132,5.02514,4.94639,4.8219,4.71109,4.342,3.52436,3.30422,4.18045,4.34162,3.66919,4.17844,4.33446,3.34197,2.38633,1.75546,1.2185
3.81403,4.10062,4.3475,4.63128,4.83871,5.55548,5.90976,5.85584,5.41028,6.09913,5.79516,7.17045,7.02364,6.76345,6.54725,6.35496,6.16462,5.98713,5.82525,5.70263,5.64243,5.61378,5.62385,5.65392,5.68102,5.69143,5.68709,5.71709,5.79934,5.96242,6.18267,6.38558,6.57518,6.76034,6.87411,6.85223,6.71128,6.52827,6.38309,6.28898,6.26601,6.22602,6.27131,6.05416,5.35998,5.60677,5.74284,5.30018,5.21949,5.03345,4.78542,4.67219,4.62118,4.45172,4.54085,4.06867,3.52773,4.27744,4.13102,3.57701,4.5082,4.65424,3.90547,3.9277
4.33019,4.3793,4.2441,4.22044,4.3908,5.46118,5.74358,4.77369,3.97413,4.65038,5.00894,6.83163,6.97376,6.81037,6.60122,6.42275,6.2486,6.06355,5.90878,5.84406,5.88328,5.97668,6.02253,5.95886,5.84308,5.75733,5.72778,5.81189,5.97215,6.13498,6.3179,6.45825,6.53724,6.58704,6.57238,6.48907,6.39888,6.34977,6.3595,6.38858,6.39443,6.39116,6.33204,6.25651,6.06472,5.96043,5.79871,4.47876,3.90723,4.77481,4.8939,4.74205,4.58159,3.51216,3.3852,4.49121,4.0432,3.41578,4.30789,4.02025,3.71729,4.69863,4.48493,3.79743
3.83495,3.93729,4.47255,4.13652,4.49368,5.5612,5.5661,3.71626,3.12233,3.42234,4.74935,5.02384,6.57934,6.65276,6.52898,6.38459,6.18713,6.00508,5.90488,5.91942,6.01124,6.12145,6.1777,6.12089,6.03304,5.99832,6.01802,6.11209,6.25413,6.35988,6.40854,6.42519,6.4263,6.38024,6.28842,6.22315,6.23839,6.30771,6.40369,6.48424,6.55311,6.48806,6.44895,6.07312,5.44807,5.53669,5.52859,5.52603,5.33966,4.66915,4.82795,4.5274,3.96421,4.48558,4.0972,3.13842,3.43235,4.39097,4.40614,4.08887,4.24327,3.93886,3.16966,3.26327
3.64335,4.63554,3.7431,4.4229,4.49492,5.61656,5.25414,3.26607,2.71196,3.71862,3.7118,4.11295,4.36767,5.90029,6.17273,6.08615,5.96892,5.90825,5.92088,6.01101,6.09582,6.09281,6.07733,6.1343,6.2524,6.34809,6.3791,6.36552,6.34187,6.31679,6.27972,6.24722,6.22503,6.20393,6.19508,6.23656,6.34749,6.44149,6.50027,6.48132,6.46991,6.39966,6.30842,6.13154,5.88968,5.50915,5.05506,5.33793,5.50676,5.14249,4.27832,3.73974,4.59113,4.58324,4.00901,4.34195,3.98603,3.27224,3.58434,4.57004,4.25892,2.62766,2.65375,4.14121
2.07189,2.69834,4.39216,4.17849,4.30497,5.35085,4.24852,2.95372,2.78589,3.38319,3.53476,2.90372,2.08654,3.2362,4.76926,5.70601,5.7966,5.8341,5.9662,6.06128,6.03379,5.99137,6.08915,6.31318,6.53118,6.63004,6.56868,6.40133,6.22997,6.11827,6.07717,6.08177,6.11377,6.16746,6.2569,6.37957,6.51107,6.60755,6.64429,6.58642,6.40831,6.33356,5.97065,5.40632,5.49958,5.56639,5.53015,5.03048,4.4615,5.06773,5.44429,5.17082,4.47912,3.8124,4.53787,4.5044,2.96639,2.19966,2.33112,2.98008,3.38777,2.81557,2.31094,2.76965
1.94804,2.48066,4.36177,4.23533,4.63843,4.58327,3.77976,3.1726,3.32103,3.42825,3.27261,2.77758,2.29415,2.18988,3.48343,4.05654,5.5321,5.76371,5.81449,5.87102,6.05033,6.2881,6.45983,6.57986,6.64283,6.58467,6.41636,6.22689,6.0805,5.99123,5.96645,6.03062,6.13226,6.25479,6.39308,6.53114,6.65233,6.72307,6.65204,6.57382,6.30925,6.22177,5.85089,5.16402,5.33335,5.45466,5.498,5.31024,5.32747,5.54484,5.04064,4.27712,3.87958,4.36178,4.50129,3.20784,1.97791,1.80778,1.52494,1.40328,2.09608,2.59467,2.43399,2.36674
2.22919,2.39095,3.73582,4.45948,4.15098,3.82454,3.30046,3.22617,3.48928,3.64912,3.22396,2.87911,2.37849,2.06865,2.16801,3.22194,3.58223,5.19794,5.99694,6.22685,6.15322,6.21287,6.55119,6.86239,6.8917,6.65637,6.32193,6.03265,5.8595,5.81675,5.87743,6.01389,6.17944,6.34914,6.49451,6.60792,6.67948,6.69267,6.62753,6.51854,6.33991,6.18179,5.96894,5.00616,4.79638,5.42019,5.4686,5.49879,5.05487,4.26127,3.94815,4.24512,4.7083,4.86472,4.86402,3.88615,1.99726,1.86497,3.53227,3.5089,2.22753,1.98971,2.1498,1.9142
2.75281,3.03652,3.67967,3.80493,3.60101,3.08384,2.78148,3.02862,3.39643,3.57265,3.38326,2.93249,2.77903,2.22145,1.40637,1.62644,2.3846,4.10103,4.39998,5.80258,6.43303,7.00407,7.08167,6.86306,6.60566,6.34487,6.0762,5.82638,5.68052,5.69636,5.84544,6.06408,6.27944,6.43638,6.54245,6.63231,6.67229,6.6748,6.63626,6.58495,6.41387,6.36323,6.02732,5.49131,5.464,5.49547,5.46074,5.44369,5.38992,5.05914,5.13705,5.37417,4.46224,3.78498,4.66512,4.52889,3.51212,3.94417,4.41005,3.73771,2.5342,1.51679,1.97182,3.66714
2.94309,3.21844,2.97307,3.36959,3.04556,2.64775,2.43713,2.68716,2.99503,3.12617,3.03769,2.94017,2.95306,2.66388,1.93088,1.37524,1.88947,2.74049,3.24989,3.74301,5.68751,6.06973,7.93255,7.63597,6.70201,5.97414,5.57789,5.51218,5.67671,5.90187,6.05885,6.16351,6.26894,6.38744,6.49443,6.58566,6.64084,6.66259,6.64132,6.61064,6.53622,6.4474,6.40067,6.19505,6.16728,5.81792,5.26055,5.41221,5.46265,5.42998,5.41833,4.75379,4.09791,4.42923,4.3859,4.05519,4.61015,4.64151,3.69463,3.45746,4.04503,4.02491,4.01558,4.23069
3.96145,3.33914,2.36274,2.89671,2.80001,2.2362,1.7334,2.3193,2.48567,2.53254,2.65104,3.03348,2.79662,2.90281,2.57516,2.16369,1.63374,1.73859,2.14889,3.37261,4.94185,5.42472,5.95492,5.287,6.40861,5.96327,5.59647,5.63438,5.95393,6.21182,6.32844,6.37045,6.36048,6.33779,6.35621,6.43654,6.54255,6.61749,6.64115,6.66446,6.66896,6.66688,6.58176,6.53872,6.13469,5.50776,5.45581,5.56615,5.73439,5.2009,4.10492,3.8649,4.56966,4.53765,3.88891,4.29821,4.68267,3.52959,2.75656,3.90427,4.39788,3.51634,3.16554,3.26846
6.83626,5.59794,1.34968,2.63445,2.67254,1.38786,0.45156,0.779216,0.8195,1.28703,2.25995,2.90804,2.96726,2.6385,2.83863,2.90017,2.2235,1.52407,1.85513,2.89116,4.59326,4.18129,2.43567,3.21626,3.8133,4.95379,5.27476,5.7569,6.22065,6.27614,6.15442,6.20342,6.25472,6.2853,6.32747,6.40109,6.5094,6.62176,6.70262,6.77151,6.81061,6.81327,6.71684,6.57146,6.38545,6.08286,6.08063,5.92537,5.59429,5.83959,5.93342,5.51635,4.63482,4.07459,4.37786,4.35686,3.96549,4.22307,4.27899,4.06398,4.39497,3.81742,2.71142,2.43075
5.73833,4.58346,1.96124,2.85076,2.83212,0.98135,-0.445635,-0.29777,-0.116347,0.676825,1.87259,2.25969,2.20667,2.38446,2.75082,2.77614,2.29978,2.48151,2.89639,3.1212,3.46391,2.31119,0.411686,0.0629274,1.08604,2.40706,4.70653,5.35008,7.10015,7.18619,6.79791,6.39526,6.20315,6.17218,6.22819,6.35979,6.5254,6.66501,6.75906,6.83133,6.8697,6.84883,6.75455,6.53563,6.38776,6.11701,6.18921,6.07542,5.42221,5.80671,5.68414,4.51639,4.07243,4.69358,4.6236,4.00598,4.32502,3.87024,3.31151,3.98634,4.21637,3.25268,2.27208,2.10157
5.32941,4.6806,2.62717,2.75434,3.33366,2.68426,0.270703,-0.719545,-0.177734,0.408498,0.83993,1.1788,0.530318,0.805724,1.52693,1.53039,2.06085,2.70822,2.35464,2.15496,2.31516,0.926775,-0.572221,-1.05254,-0.638362,1.10171,3.50566,5.58522,4.98003,6.30417,6.5577,6.42623,6.21021,6.16258,6.21962,6.33208,6.55863,6.79264,6.90915,6.91558,6.90228,6.83254,6.7531,6.51646,6.377,6.08636,5.33251,5.93113,6.26045,5.85404,5.8885,5.4661,5.14571,4.77043,4.14788,4.61199,4.57613,3.71333,3.94765,3.95165,3.51543,3.93495,3.37272,1.81482
4.70269,4.28856,3.08153,2.77436,2.01963,2.95975,2.01486,0.81948,1.06537,0.721975,1.05885,1.60607,1.03291,0.613089,1.20286,1.81063,2.33827,2.70069,1.21241,0.836185,1.82219,1.48123,0.00140053,-1.0818,-0.70995,0.89671,2.66425,3.10154,3.51371,3.40835,5.00262,5.85911,6.25503,6.35125,6.43869,6.50497,6.62455,6.81184,6.94781,6.977,6.94407,6.84658,6.72607,6.53927,6.36277,6.27788,6.22759,6.07854,5.92632,6.16244,6.00986,6.02081,5.93785,4.98561,4.88175,4.54931,4.12428,4.56485,4.34546,3.68953,3.95699,3.88862,3.38778,3.51577
3.46632,2.15812,3.31841,2.86711,2.84237,3.18893,2.65504,1.06271,0.668597,0.759042,1.29439,1.85939,0.891629,0.634588,1.07434,1.75632,2.91947,0.941381,-0.939278,-0.168964,1.4664,1.27234,-0.0520262,-0.831184,-0.263472,0.435434,0.661862,1.53925,2.98319,2.60254,2.64859,4.04251,5.32392,6.18574,6.54432,6.74679,6.83842,6.88895,6.96422,7.02873,7.00577,6.86884,6.68985,6.51675,6.43293,6.34889,6.31041,6.16848,5.2152,4.91156,5.97788,6.33723,5.63788,5.33574,5.15577,5.09328,4.19332,3.1058,3.45565,4.25723,3.93201,3.3984,3.77689,3.61426
4.71871,4.07161,3.00517,2.2158,2.06498,3.07945,2.38215,1.83237,1.41585,1.62472,2.0739,1.75542,1.1051,0.297444,0.0649544,0.55358,1.18537,0.37022,-1.13965,-0.190157,0.401926,-0.128538,-1.21842,-1.10957,-1.01326,-0.969665,-0.887019,1.57911,3.2065,1.88431,1.44,2.28234,2.638,4.49665,5.98483,6.65359,6.84722,6.90523,6.92996,6.97279,6.98492,6.89259,6.7247,6.56093,6.40906,6.41977,6.18603,5.88611,6.00451,6.1928,6.11242,5.64497,5.70965,6.05374,5.71773,5.25151,5.18852,5.12583,4.68591,4.52824,4.27957,3.57145,3.65005,3.99577
4.54603,3.99301,3.78368,2.32033,3.17536,3.4198,3.10703,1.73989,0.607772,0.933947,1.25441,1.34102,1.25879,0.613667,-0.329609,-0.898479,-0.739613,-0.541238,-1.05297,-0.990295,-0.402374,-1.28442,-2.10615,-2.61132,-1.28638,-0.969845,0.271467,2.03157,1.96424,0.115345,-0.329446,-0.14062,1.17448,2.26256,3.97453,5.75002,6.62854,6.78235,6.85938,6.8762,6.84903,6.78841,6.69514,6.68235,6.58264,6.39767,6.32936,6.10576,5.83566,5.98253,6.19229,6.06114,6.09617,5.89251,5.43921,5.35985,4.74065,3.9794,3.98721,4.53112,4.64516,4.18875,3.58373,2.95947
