public/uploads/wind/vent_json/20200513/wind_field_07.json
{"header": {"parameterUnit": "m.s-1", "parameterNumber": 3, "dx":  0.051, "dy": 0.036, "parameterNumberName": "northward_wind", "la1": 45.3082, "parameterCategory": 2,"nx": 177, "ny": 123, "refTime": "2018-10-03 01:00:00", "lo1":1.38177}, "data":
[rows 56 to 83 of 123, columns 0 to 63 of 177]
3.9165,4.21441,4.83536,5.44572,5.76265,5.53334,5.96853,5.37218,5.21715,4.74825,3.59276,1.59511,-0.38846,-0.267927,0.536344,2.42654,2.80627,3.93057,4.5032,5.51308,5.19865,4.36388,4.07142,3.23066,1.96528,1.09081,2.72982,3.10335,1.05174,-1.25839,-1.85921,-2.13093,-1.75361,-2.09119,-2.54377,-2.37275,-2.21501,-1.76621,-1.81314,-1.66616,-1.82361,-1.91814,-1.78213,-1.85491,-1.92434,-1.60056,-1.81885,-0.977176,-2.33811,-2.01738,-0.819013,-0.827851,-0.0783945,-1.48689,-1.08343,-1.17811,0.618645,-0.231693,-1.02832,-1.89561,-1.44799,-1.93844,-2.38539,-2.48636
3.90415,3.74272,4.42362,4.89547,5.30727,4.9346,6.10661,4.58762,3.44975,2.94877,2.2431,1.03816,-0.00588421,1.15835,0.955576,0.835023,1.88542,3.46936,3.86329,5.08431,5.46262,5.22128,4.44077,3.2852,1.02164,-0.529587,0.313798,2.23528,0.838064,-0.811902,-1.24811,-1.49967,-1.54911,-2.52007,-2.56828,-2.20112,-2.2541,-1.62949,-1.65136,-1.6371,-1.94858,-1.6922,-1.56779,-1.48111,-1.65481,-1.65679,-1.52438,-0.888912,-1.08718,-1.37033,-1.20617,-1.13319,-0.576185,-1.3368,-1.40706,-1.19401,-0.570495,0.187893,-0.852461,-1.11297,-1.26479,-2.12444,-2.17713,-1.92206
3.99168,3.81343,3.91343,4.21181,4.70611,4.71264,5.07274,2.42156,1.85529,2.14921,3.3931,2.28779,2.4749,3.17655,3.10895,4.05711,5.10214,5.48305,5.05952,2.79113,0.411216,1.82154,2.57855,2.07251,1.56397,0.408492,0.783337,1.16661,0.389506,-1.81801,-1.54533,-0.956667,-1.48785,-2.70955,-2.81582,-2.78561,-2.46081,-2.18721,-1.70646,-1.85492,-1.97023,-1.73909,-1.63628,-1.46934,-1.57667,-0.875464,-0.860505,-1.83761,-1.07964,-1.71234,-1.83108,-1.30043,-1.70182,-0.61282,-0.51835,-0.811535,-1.04444,-0.0593278,-0.63151,-0.387187,-1.78856,-1.93226,-1.87944,-1.98692
4.87762,3.87828,3.58501,2.48315,3.34911,3.20688,2.47208,1.89202,1.50774,1.8382,1.42546,0.388549,1.23599,1.56658,1.40233,4.07737,5.58106,5.81039,4.83,1.87617,-0.512883,-1.32024,-0.106344,1.8049,2.92446,1.9507,0.598087,-0.739939,-0.674359,-2.04468,-1.91018,-0.785297,-1.5344,-2.95595,-3.33463,-3.51461,-2.71736,-2.66505,-2.24659,-2.12218,-1.89792,-1.95745,-1.59089,-1.49156,-1.10106,-0.309251,-1.12931,-1.97593,-1.79117,-1.76796,-2.16213,-1.43647,-1.02704,-0.990324,-0.162528,-0.784053,-0.451383,-0.202731,-0.702015,-0.788866,-1.38989,-1.65179,-1.88159,-2.23556
4.15676,3.52089,2.51904,1.79538,1.0824,1.61921,1.63989,0.833905,0.814584,1.06707,1.83791,0.805996,-0.0697,-0.883992,-1.4681,0.167174,3.13175,3.64481,2.94041,1.96436,0.131966,-1.43089,-0.910731,1.26869,2.24551,1.07872,-0.0198336,-1.30842,-1.92319,-2.37678,-2.78872,-1.70674,-1.34615,-3.05626,-3.3976,-3.50429,-2.8262,-2.91913,-2.54348,-2.21811,-1.94335,-2.00585,-1.46144,-1.16884,-0.8019,-1.08598,-0.870474,-1.36249,-1.40576,-1.24715,-1.83136,-1.34455,-0.742889,-1.49033,-0.158743,-0.384191,-0.90317,-1.22008,-1.49864,-1.61536,-1.44467,-1.66054,-2.073,-2.17996
3.55317,3.29756,2.57103,1.70426,1.51506,1.33466,1.22022,0.717495,0.738531,1.50658,1.871,1.10339,-1.77951,-3.59315,-3.75918,-1.46245,0.651346,1.99702,2.4174,1.58335,0.565744,0.872403,0.170694,1.1316,1.24879,1.16023,0.30206,-0.639961,-1.71381,-1.8663,-1.81483,-2.54119,-2.10176,-2.28286,-3.14327,-3.32014,-2.80384,-3.06908,-2.82626,-2.32565,-2.038,-1.74162,-1.72768,-1.2679,-1.47984,-1.20235,-0.550981,-1.27273,-1.17758,-1.26623,-1.15171,-1.36072,-1.68647,-1.61819,-0.665426,-0.4981,-1.70403,-1.58354,-1.35064,-1.17435,-1.41407,-1.64314,-1.86464,-1.76217
1.90326,2.3751,2.03121,1.54094,1.51294,1.41163,1.28952,1.01161,1.1752,1.59295,1.36663,0.0147733,-1.34478,-1.68295,-1.939,-1.67703,-0.446955,1.13679,2.06419,1.75415,1.82516,2.59988,2.17568,1.10897,0.84374,1.01999,0.780156,-0.0467876,-0.679635,-0.876106,-0.876546,-1.25335,-1.62986,-1.45831,-2.06363,-3.08178,-2.86105,-3.1038,-3.0469,-2.67449,-2.29476,-1.97716,-2.27319,-1.8268,-1.56787,-1.09126,-0.982475,-0.879668,-0.832125,-0.855946,-1.34091,-1.77494,-2.02307,-1.8325,-1.18717,-0.264605,-1.11162,-0.621629,-0.563874,-0.653662,-1.01398,-1.26383,-1.42006,-1.52709
1.29988,1.87192,1.82788,1.80633,1.75771,1.56694,1.4771,1.18779,1.32044,2.23898,2.04705,0.917176,1.51979,2.0938,1.27683,-0.463626,-0.14529,0.380521,0.352953,0.934261,1.60034,2.12752,2.02415,1.23981,1.12388,1.11626,0.872482,0.321736,-0.262639,-0.838674,-0.207346,-0.503432,-0.897194,-1.03836,-1.30783,-2.06942,-2.83826,-3.23328,-3.13729,-2.99615,-2.80926,-2.64296,-2.61857,-2.04592,-1.06101,-1.70238,-1.07893,-0.948084,-0.937609,-0.989634,-1.32183,-1.50962,-1.55292,-1.97532,-1.77033,-0.514288,-0.826396,-0.595507,-0.523858,-0.693053,-1.04036,-1.26289,-1.40896,-1.65988
1.43375,1.82907,1.9744,2.169,2.20542,2.05059,1.92814,1.8909,2.35901,3.12203,2.67766,1.89092,2.37647,2.7991,2.11958,0.594865,0.15147,-0.0978569,-0.322674,0.00822796,0.234549,0.321822,0.545625,1.12351,0.6442,0.196078,-0.206732,0.0608269,-0.303335,-0.843342,-0.41482,-1.165,-1.76841,-1.93958,-0.991481,-1.58523,-2.06124,-2.76531,-2.38541,-2.44909,-2.88017,-2.94487,-2.6689,-1.99405,-1.4086,-2.14585,-1.38506,-1.12699,-1.23084,-1.35201,-1.09482,-1.29439,-1.62066,-1.9647,-2.07504,-1.59297,-1.66651,-1.67851,-1.55334,-1.72815,-1.74811,-1.73509,-1.69285,-1.99158
1.57465,1.95998,2.19995,2.45582,2.62629,2.7608,2.88631,3.25841,3.88451,3.97259,2.74385,2.17573,1.52531,0.0761416,-1.00799,-1.13281,-1.37651,-1.19893,-2.42683,-2.8559,-2.62356,-1.13104,-1.77142,-1.15564,-1.49672,-2.20436,-1.88727,-1.28883,-0.857854,-1.28244,-1.47343,-2.71014,-1.90329,-3.09048,-1.42135,-1.2743,-1.62814,-2.91938,-1.43022,-1.97679,-2.10906,-2.04788,-2.34085,-1.94159,-1.75487,-1.64026,-1.76812,-1.41947,-1.27502,-1.87651,-2.00204,-2.22531,-2.48276,-2.36547,-2.7822,-2.62829,-2.99269,-2.96853,-2.80795,-2.74929,-2.40546,-2.31227,-2.22538,-2.30806
2.04955,2.34087,2.55239,2.93659,3.01926,3.35319,3.70074,4.23364,4.4748,3.85869,2.48741,0.775093,-0.847627,-2.49289,-3.66505,-4.11429,-3.6402,-3.46261,-4.54252,-4.15933,-4.21074,-3.85627,-4.97825,-4.37056,-4.54653,-3.79556,-2.98019,-3.03634,-3.54225,-3.49306,-3.38515,-3.05854,-2.34603,-1.7699,-1.50234,-1.66315,-1.02542,-2.66641,-0.749149,-0.930354,-1.39384,-1.96508,-1.73659,-1.7349,-1.3834,-1.41734,-1.62739,-1.69633,-1.76374,-2.46297,-2.61264,-2.9863,-3.40261,-2.89289,-3.71746,-3.48219,-3.54432,-3.40558,-3.08682,-2.88933,-2.68752,-2.53662,-2.44228,-2.37112
3.6023,3.54503,3.57199,3.53773,3.39867,3.64953,3.91364,4.39203,4.27796,2.87107,0.336037,-2.06306,-2.67836,-3.07307,-3.92021,-4.73496,-4.33401,-3.67996,-3.96729,-4.10911,-4.23117,-4.45727,-5.21775,-4.59024,-4.92656,-4.20318,-3.34494,-3.35485,-3.61987,-3.79043,-3.82692,-3.34671,-2.02873,-1.39789,-1.66268,-1.26236,-1.57271,-2.57408,-1.61001,-1.63858,-1.37579,-1.12489,-1.55453,-1.20919,-1.15265,-1.75685,-2.2114,-1.86211,-2.04584,-2.60837,-2.94651,-3.18905,-3.69896,-3.28404,-3.7975,-3.56012,-3.68781,-3.3917,-3.15727,-2.88615,-2.63964,-2.93582,-2.10214,-1.98905
4.89551,4.5464,4.4016,4.12537,3.86103,4.05649,4.15074,4.46679,4.05102,1.47231,-0.933425,-1.94615,-2.18043,-2.27908,-2.48607,-2.71871,-2.47988,-2.4267,-2.39859,-1.02324,0.0613321,-1.41273,-3.41679,-3.48701,-3.58077,-3.86755,-3.74883,-2.22162,-1.7749,-1.70873,-2.61108,-2.54251,-2.54109,-2.19916,-2.49873,-1.7261,-2.20402,-2.36939,-1.9185,-1.75084,-2.74459,-1.6562,-1.27279,-1.45011,-1.00102,-1.43419,-2.72877,-2.35205,-2.22017,-2.51069,-2.90549,-3.06783,-3.66398,-3.6053,-3.54501,-3.18758,-3.254,-2.71347,-2.94332,-2.72784,-2.40992,-2.16665,-1.69414,-2.47408
5.05943,4.79017,4.59855,4.23784,4.22458,4.36466,4.07121,2.83504,1.46336,2.84553,2.62625,1.49189,0.905926,0.801164,0.752957,1.21349,2.52611,3.55319,4.67254,5.30799,4.6062,2.74137,-0.147333,-1.04744,-0.632009,-0.990576,-2.60553,-3.26186,-2.40884,-1.25732,-0.8714,-2.13331,-2.75593,-3.30234,-3.3315,-2.67723,-2.91676,-1.59443,-1.76197,-3.01539,-3.37184,-2.33074,-1.31601,-1.5933,-1.7591,-1.68904,-2.54072,-2.5875,-2.43682,-2.4827,-2.6782,-2.84103,-3.23453,-3.45986,-3.32143,-2.69816,-2.45945,-2.49847,-2.15299,-2.41347,-2.22911,-2.27449,-1.8713,-1.55806
4.06465,4.27808,4.13774,3.76351,3.74164,3.4949,3.04565,1.05785,-0.615876,1.18667,4.2779,5.55225,5.09236,4.7539,5.04608,5.84267,7.54116,7.95348,8.22651,5.95265,3.01517,0.501857,-2.12456,-3.08679,-1.85372,0.226746,0.969994,-1.03073,-2.21613,-2.29633,-3.27378,-3.79769,-3.62285,-3.62199,-3.70885,-3.52841,-3.08471,-2.20565,-1.06361,-2.71486,-3.32006,-3.63643,-2.20583,-1.42565,-1.25078,-1.59543,-2.12814,-2.25444,-2.39135,-2.65652,-2.80774,-2.55405,-2.78977,-2.99019,-3.16975,-1.87689,-2.12613,-1.96252,-2.00281,-1.72649,-1.9781,-2.02183,-1.71565,-2.17589
2.57524,3.2868,3.01772,2.44351,1.59851,1.40367,1.86489,1.21143,-1.08802,-1.40956,-0.135944,3.3736,5.48974,6.73692,7.60074,8.14123,6.86685,4.48971,2.92547,0.729094,-0.706989,-1.28506,-2.15371,-3.73036,-4.23513,-3.36317,0.576262,1.62414,-0.0119829,-1.97163,-3.83743,-3.56102,-3.39841,-3.68329,-3.61687,-3.77474,-3.59298,-3.3608,-2.01651,-2.24254,-1.83307,-2.12037,-1.88151,-1.02147,-0.679241,-1.55985,-1.81518,-1.681,-1.65207,-1.94021,-2.68779,-1.76054,-1.67067,-1.91963,-2.3001,-2.20299,-1.84537,-2.0956,-1.70288,-1.61906,-1.51178,-1.61231,-1.75552,-1.77787
1.43795,2.10914,1.64465,1.07655,0.434373,0.334062,0.541635,0.0465347,-1.48043,-1.64956,-2.67919,-1.94782,0.226459,3.8593,4.9179,4.36117,1.52112,0.4306,-0.126794,0.638346,1.55847,2.96192,3.41041,2.74216,-0.0307641,-3.45582,-3.64961,-2.54729,-2.85804,-3.25597,-1.24317,0.905693,-1.47261,-3.45375,-3.45491,-3.37553,-3.13364,-3.4537,-3.06829,-1.98223,-0.978814,-0.997235,-0.359759,-0.278151,-1.56842,-1.21385,-0.852005,-1.21341,-1.52812,-1.6296,-2.18028,-1.78691,-1.44359,-1.50978,-1.35411,-1.7101,-2.07206,-1.76717,-1.59135,-1.2535,-1.5192,-1.59968,-1.76885,-1.54353
0.312302,0.758156,0.544402,0.419782,0.650894,0.445728,-0.012415,-0.889166,-1.79302,-3.01434,-3.56552,-3.63939,-2.14598,-0.282071,0.637952,0.614739,1.0542,1.89085,3.16908,4.30322,4.19058,3.80301,3.84586,4.5296,4.52621,3.2842,-2.36909,-4.10582,-4.25807,-2.67594,-0.83698,1.05891,-0.278093,-2.4391,-2.53926,-1.48679,-1.60308,-2.16615,-2.30394,-1.59405,-0.0809576,1.12979,1.63099,0.543043,-1.65361,-1.35261,-1.30402,-1.44908,-1.40535,-1.10858,-2.25134,-1.64951,-2.14979,-1.59207,-1.31275,-2.81519,-1.95045,-1.35611,-1.08144,-1.0252,-0.845011,-1.10053,-1.62686,-1.3746
-0.318343,-0.148882,-0.0132452,0.286369,0.403769,0.243986,-0.302932,-0.877238,-1.26146,-1.08148,-1.16237,-1.66502,-1.47155,-0.890928,0.19151,1.06997,1.93008,2.68865,4.28336,4.4071,3.49624,1.19619,-1.10829,-2.01007,-0.187526,3.93526,2.85578,0.401241,-0.102026,1.8363,1.08273,-0.798783,-1.4616,-1.9007,-1.62683,-2.10392,-0.225375,0.104559,-0.468451,-0.630959,0.47165,1.33764,1.3146,0.0735298,-1.43331,-0.817904,-1.36041,-1.50918,-1.62638,-1.39421,-1.44608,-2.54127,-1.79836,-1.84705,-1.31266,-2.58864,-3.12896,-2.30156,-1.22981,-0.82622,-1.01044,-1.47615,-1.35202,-1.32157
-0.565643,-0.427273,-0.228411,0.213092,0.329307,0.0999479,-0.0671384,0.0247722,0.306497,0.431665,-0.0998639,-1.20568,-1.69465,-1.45847,-0.661211,1.21839,2.5649,2.93976,3.1991,3.31749,3.32269,2.21725,0.0603186,-2.38471,-2.87239,0.76504,4.49593,4.7172,4.3865,3.66688,-0.357642,-2.95896,-2.95052,-1.8912,-1.219,-1.94225,-0.651678,0.0928291,-0.336895,-1.29779,-1.06232,-0.385523,-0.716534,-0.80555,-1.15992,-1.08135,-1.1546,-1.20973,-1.38192,-1.265,-1.37157,-1.59656,-1.3703,-1.14038,-0.466872,-1.78591,-3.14045,-3.17506,-2.50743,-0.764758,-0.494635,-0.973881,-1.05819,-0.916752
-0.167837,-0.197673,-0.108002,0.129278,0.0837736,-0.0309878,0.312359,0.683344,0.615709,-0.309269,-1.79298,-2.37803,-2.01205,-1.07202,-0.887634,-0.467255,1.38402,2.80894,3.23511,3.58371,4.61874,5.15178,4.85971,4.07386,3.29867,2.0556,4.24619,5.77484,5.80412,3.12717,-1.04073,-1.09026,-1.46862,-2.05025,-1.07586,-1.25252,-1.90718,-2.96591,-3.11589,-3.5595,-3.43265,-2.26083,-3.05036,-2.20707,-1.9062,-2.09482,-1.9053,-1.08854,-1.45531,-1.22796,-1.16567,-1.35531,-0.998104,-0.908805,-0.698613,-1.08259,-1.26101,-2.19043,-2.6279,-1.46991,0.156204,0.265747,0.228633,0.00606023
0.332646,0.11161,0.0297178,0.0055152,-0.0880335,-0.0586201,0.179028,0.44439,0.230087,-0.604599,-0.773415,-0.266199,-0.104216,0.402996,0.823154,0.362132,0.401905,1.647,2.09198,3.18864,3.56986,5.24174,6.01726,6.23859,6.33671,5.43239,4.0817,4.0728,3.80359,3.63542,3.08404,2.38677,-0.112429,-1.93436,-1.33055,-1.90458,-2.25904,-3.69093,-3.87802,-3.68315,-3.25449,-2.93676,-2.27142,-1.37709,-1.52632,-2.38207,-2.48005,-1.40381,-0.958037,-1.29606,-1.351,-1.31851,-0.949287,-1.63845,-1.13284,-0.711363,-0.396724,-0.610647,-1.72277,-2.45896,-0.481254,0.951333,0.716972,1.06461
0.351966,0.148025,-0.023204,-0.228747,-0.440167,-0.279171,-0.123268,-0.246527,-0.371698,0.273256,1.41111,1.4047,0.975894,1.2554,2.4505,2.69151,2.52518,2.18855,1.15373,1.47197,0.947352,2.01273,4.22424,6.07102,6.77076,5.49744,4.90404,4.11119,3.48238,3.85917,4.27239,2.87149,-0.415468,-1.0414,-0.717643,-3.00063,-3.62869,-3.76555,-3.01161,-1.21865,-1.72342,-2.3544,-1.65089,0.558248,-0.713516,-1.68252,-2.32655,-1.6664,-0.585466,-1.08558,-1.52115,-1.48633,-1.42116,-2.11806,-1.91574,-1.42362,-0.620826,0.178825,-0.264845,-1.50326,-1.89047,0.210081,0.518016,1.11923
0.0339733,-0.106986,-0.295093,-0.565493,-0.974637,-0.898657,-0.431225,-0.550337,-1.01784,-0.493977,0.428358,0.315461,-0.0907277,-0.129339,1.60107,2.60993,3.23714,3.40348,2.79403,1.86816,0.715807,0.835815,3.01876,3.01668,2.80122,4.96056,5.82496,5.02756,2.90183,2.08667,2.72371,1.74644,0.461943,1.59643,1.28048,-0.78792,-2.62608,-1.757,-1.60396,-0.506938,-0.436463,-1.62819,-2.1497,-0.818192,-0.311381,-2.93291,-2.88064,-1.86031,-1.68234,-0.480307,-0.936759,-1.6424,-2.42827,-2.80947,-2.30357,-1.78031,-1.68322,-1.05532,-0.281264,-0.474777,-1.55223,-0.629541,0.254751,1.05756
-0.241648,-0.320058,-0.48753,-0.612327,-0.898804,-1.2214,-0.811472,-0.402701,-0.614111,-0.971604,-0.480919,0.0588433,-0.238211,-0.299601,1.02145,1.58524,1.50773,1.74701,1.99244,1.87679,2.54296,3.02256,2.5967,-0.25959,-0.675938,1.00054,3.02565,1.94347,-0.291901,-0.102306,1.5716,2.19772,1.94964,2.60248,2.79559,1.04509,0.0875775,-0.144478,-0.955017,-0.684616,-0.158679,-1.40578,-1.83261,-1.8539,-0.806107,-1.7165,-1.98322,-1.19587,-2.37477,-1.8821,-1.06236,-2.30528,-2.30939,-1.49716,-1.51295,-1.50829,-1.64597,-2.42927,-2.20835,-1.79836,-1.93488,-0.954425,0.609671,1.26286
-0.0715954,-0.22098,-0.424114,-0.591772,-0.626156,-1.17611,-1.1897,-0.802919,-0.124379,-0.230447,-0.359633,0.208802,0.88332,1.34201,1.95203,2.59464,2.62633,2.4478,2.13965,2.58567,3.19329,3.69455,2.39716,-1.37743,-3.12479,-2.13579,-0.722344,0.261072,0.451282,-0.184354,-0.573588,-0.715255,-1.16057,0.274917,2.03158,1.69875,0.239084,-0.871259,-1.56563,-2.22759,-2.47673,-2.50465,-1.33375,-1.33588,-1.41115,-1.20124,-0.412634,0.868726,0.233067,-0.587936,-1.69224,-1.66583,-0.909591,-0.631502,-0.30856,-0.355181,-0.486183,-1.00688,-1.84337,-2.39679,-1.88684,-1.12522,0.592481,2.70648
0.48836,0.174017,-0.225396,-0.597408,-0.563868,-1.26574,-1.57371,-1.75456,-0.862123,-0.335904,-0.432475,-0.622608,-0.0719214,0.738445,0.881967,1.84262,2.71071,3.24404,3.1854,2.94829,3.09042,2.78276,0.520369,-2.05704,-1.37444,-1.01596,-0.85076,-0.249089,1.17343,1.63631,-0.177751,-1.54209,-1.54295,-0.957509,0.30661,1.33618,-0.237671,-1.7235,-2.3343,-1.88547,-2.006,-0.366379,0.644792,-0.73499,-3.08073,-2.51445,-1.14953,0.196884,1.19629,0.552647,-1.37116,-0.452268,0.499867,0.517731,-0.307467,-7.35662e-05,0.160686,0.416435,0.624132,-0.207301,-0.808845,-1.67952,-1.01928,-0.855114
1.12736,0.648876,0.0809465,-0.5011,-0.724771,-1.23408,-1.83172,-2.25383,-1.9379,-1.20418,-1.02153,-1.11807,-0.562597,-0.094743,-0.309347,-0.811985,-0.589638,0.14933,1.30752,1.99474,1.7823,0.678272,-0.678257,0.623874,1.59038,0.80126,-1.17107,-2.09632,-1.73789,0.70462,2.07275,2.3882,2.63436,0.407361,-0.0950271,1.42967,1.59542,-0.4535,-2.93328,-2.90305,-1.58399,0.388654,1.37726,-0.279093,-3.29656,-4.09069,-2.98528,-2.362,-2.07393,-1.08419,-0.946103,-0.252717,0.614269,0.267146,-0.830234,-1.06414,-0.992034,-0.252473,0.680504,0.0753753,-1.12355,-4.36286,-4.93415,-4.70691
