public/uploads/wind/vent_json/20200513/wind_field_18.json
{"header": {"parameterUnit": "m.s-1", "parameterNumber": 2, "dx": 0.051, "dy": 0.036, "parameterNumberName": "eastward_wind", "la1": 45.3082, "parameterCategory": 2,"nx": 177, "ny": 123, "refTime": "2018-09-30 00:00:00", "lo1":1.38177}, "data":
[rows 87 to 115 of 123, columns 64 to 127 of 177]
0.343068,0.602822,1.06267,1.07059,1.2909,0.42659,-1.01142,-1.39821,-2.52295,-3.13267,-3.05549,-1.32801,2.88448,3.81643,-0.170837,-2.17846,-0.738396,0.223748,1.69315,1.2192,0.242228,1.32231,2.72497,3.60252,2.73601,-0.613042,-2.74705,-1.70987,-1.39158,-0.207685,0.401861,-1.18591,-3.30464,-3.56494,-0.633024,2.79692,1.46157,-4.01221,-3.35674,5.53128,9.35484,4.78609,-1.28401,-3.51271,1.47056,6.90118,5.15055,-2.06547,-3.88541,1.90981,3.92184,1.50088,0.14032,2.7534,7.57213,8.4468,3.45624,-1.96223,0.646492,3.75641,3.25868,1.56774,1.41079,0.783699
0.644339,0.456632,0.843707,0.634679,0.674239,-0.819953,-0.85598,0.0838747,-1.11579,-3.56451,-3.34055,0.376923,3.86746,2.70533,-2.43517,-3.25466,0.220886,1.82972,1.76199,1.24882,1.27438,2.80479,2.79464,2.06814,-0.334468,-3.04787,-3.72202,-2.98359,-1.69128,-0.225154,0.254374,-0.844158,-2.34346,-3.28902,-4.50679,-0.38933,3.24108,-0.933738,-3.25315,3.96583,6.10111,4.06634,3.63647,1.00723,1.73677,7.43964,3.73675,-4.55495,-4.39218,1.31253,5.22284,6.08673,5.37594,4.08863,5.96116,7.96198,1.92531,-2.8715,1.73765,5.31369,3.35719,2.02365,3.04499,3.27217
-0.0433989,0.137487,0.746039,0.639735,0.131533,-1.42903,-1.36722,-0.22002,-0.822759,-2.69702,-1.75909,0.740307,2.0311,0.190671,-2.41671,-1.47653,0.593413,1.6955,0.531895,-0.78721,0.254589,3.35388,4.14969,2.47517,-1.82327,-3.85037,-3.25627,-2.87507,-1.92541,-0.271531,-0.136092,-0.709139,-0.469446,-1.23552,-3.81065,-3.47342,2.43827,3.07239,-1.85743,-0.459127,1.9373,3.89283,8.59091,7.73471,3.51812,2.66223,1.54802,-3.79322,-3.10143,3.73949,6.65984,6.11363,5.44969,3.64887,3.93504,4.66101,0.515647,-2.2712,0.173755,2.13746,4.4194,4.91988,4.44599,4.29412
-0.267731,0.0341763,0.874126,0.682055,-0.316306,-1.09897,-1.32011,-0.879467,-1.01868,-1.76401,-1.87579,-1.23578,-0.921995,0.0676917,-0.468178,-1.42064,-0.191549,2.04793,1.49338,-1.03377,-0.370463,2.98623,4.01169,2.05158,-1.8533,-4.01708,-3.78967,-3.23119,-2.25339,0.00785125,0.581527,-0.014393,0.0677232,-0.730387,-2.44258,-2.25569,2.56838,3.31695,-1.89723,-2.32469,0.312267,6.38169,10.6811,8.50511,0.364966,2.88052,6.27509,1.70289,-0.482106,3.84546,6.41218,6.17601,4.55815,2.74533,2.49732,2.55462,-0.793477,-1.0128,0.253229,0.391045,2.48335,3.4089,1.93163,1.86683
-0.689484,-0.160055,0.811048,0.142944,-1.0195,-0.961236,-0.199151,-0.131808,-1.03205,-0.648163,-0.493737,-1.27776,-1.31175,-0.096499,-0.29033,-1.62415,-0.983811,2.75922,3.42732,1.22218,0.992188,2.54721,3.39739,1.24555,-1.46351,-3.78301,-4.08694,-3.89318,-2.93554,-0.598773,0.706826,1.74373,0.978351,-2.41995,-3.39989,-1.13658,3.47503,2.22634,-3.48098,-3.29174,1.35651,7.01984,9.65042,5.45012,2.5842,7.72502,10.8623,5.50536,0.506118,1.90659,4.26673,4.34877,2.88659,0.819974,0.409351,0.266438,-2.1083,-0.20491,1.25672,0.318788,1.38168,2.32025,1.70946,1.10789
-0.106762,-0.38569,0.262229,-0.547944,-1.69822,-1.18732,0.23294,-0.229737,-1.49887,-0.709444,1.0548,0.372145,-1.70418,-1.68799,-0.669366,-0.642219,-0.131119,1.79787,3.58796,3.56375,2.65835,2.34695,2.58454,0.395162,-2.29742,-3.20065,-3.8226,-3.77471,-3.39222,-2.82863,-0.643971,2.54995,1.73484,-3.7195,-4.37861,-0.170432,4.73014,3.39753,-1.97797,-4.16659,-0.391415,4.78669,6.95118,4.82569,7.51015,11.4519,11.5421,5.78472,1.93843,2.59944,2.8721,2.44595,0.986922,0.011415,-0.138921,-0.312371,-0.26591,0.270323,0.817492,1.00558,1.49822,1.83699,1.42093,1.50649
0.642703,-0.691089,0.0422616,-0.309616,-1.59028,-1.24247,0.0882519,-0.00876611,-1.07766,-0.759603,0.25904,-0.888148,-2.81983,-1.26336,-0.00247673,-0.527748,-0.901653,0.0101532,1.9192,4.20907,2.74945,-0.6054,0.532919,1.77009,-0.887706,-3.52882,-3.29445,-3.11747,-2.08599,-2.38469,-1.1723,1.43019,-1.23108,-5.14059,-3.16228,0.865546,3.79173,3.45154,-1.06337,-4.00277,-2.54615,1.64597,5.56281,8.05926,10.5639,11.1378,7.9288,7.27481,6.19063,4.07029,3.18402,2.94539,2.12624,1.5025,1.46408,0.732973,0.51283,1.00068,0.871518,1.37727,1.56511,1.57484,1.43712,1.57846
-0.0236047,-0.338662,-0.256095,-0.0428985,-1.08007,-1.8954,-1.755,-1.13307,0.159181,0.488173,-1.41817,-2.8241,-1.43212,-0.267389,-0.204968,-1.09972,-1.80483,-1.29247,0.910387,4.54735,2.96681,-2.01456,-1.64924,1.90169,1.67311,-2.81828,-3.91354,-0.758667,1.14566,0.634133,-0.857649,-1.87047,-4.77209,-3.58641,0.500647,0.770951,1.49726,1.78744,0.0351688,-2.75699,-4.21831,-0.989548,2.92145,8.79447,10.237,11.0989,9.77917,10.5459,11.3022,7.68506,5.15834,3.84592,2.46889,1.91109,2.84935,2.37147,1.99893,1.77942,1.8383,2.07157,2.30557,2.035,1.87153,1.77997
-0.0820915,-0.847478,-1.07563,-0.796008,-0.591617,-0.906634,-1.8336,-1.22654,0.654478,1.56339,-0.963443,-1.89681,-0.827775,-1.36489,-1.98146,-0.468094,-0.653906,-0.709875,1.90461,4.2493,0.968092,-3.65819,-3.15464,1.08954,3.11898,1.1094,-1.58992,-0.511175,2.52483,0.989473,-2.03007,-2.91728,-3.66083,-2.9841,-1.56688,-1.28665,0.125259,1.40188,2.70774,1.53891,-2.93466,-4.4558,1.04621,6.68086,10.6637,12.4532,10.9142,9.62867,10.0611,8.75655,5.17563,2.82639,2.17006,2.36417,3.09877,2.46915,1.362,1.13405,2.57879,2.66479,2.2153,2.45265,1.57392,-1.057
-0.0446993,-1.70574,-1.96762,-1.17432,-0.822858,-0.757118,-1.48779,-1.04808,-0.106825,-0.147004,-0.886796,0.37975,1.11853,-0.865186,-2.80484,-1.44036,-1.71305,-1.21085,2.96852,4.38888,0.955327,-3.56509,-3.76093,0.287626,3.01047,3.87397,0.363505,-1.95098,-0.417655,-0.901009,-0.267962,-0.677215,-3.37594,-4.83704,-3.22268,-1.17391,-0.611427,0.870213,5.44436,6.37461,-1.34696,-5.27547,-0.954597,7.30705,11.1793,12.9203,7.54436,4.2495,4.9746,5.34567,4.0181,2.37169,2.8938,3.35558,3.41046,3.00219,2.87506,2.33387,2.68161,2.28067,1.11113,0.71053,-0.830149,-3.85011
0.742995,-2.08498,-2.49167,-1.19723,-0.770072,-0.574463,-0.80471,-1.04955,-1.81408,-2.0957,-0.802094,1.06538,1.20687,-0.0212956,-2.0172,-1.37282,-0.615098,-0.497513,2.52134,4.47753,0.681218,-2.81215,-3.61951,-1.62435,1.37352,5.14219,3.20563,-2.07921,-3.33335,-0.308132,3.28406,2.48049,-2.36292,-2.96609,-0.550096,-0.111406,-1.68191,-1.25368,4.66474,7.61078,-0.388237,-5.86986,0.266464,6.75967,10.6578,12.2085,9.2668,1.15963,-0.101613,2.92749,1.80451,1.00813,2.59501,3.62683,3.5809,3.16396,2.85819,2.16918,2.38427,1.42754,-0.160921,0.398462,-0.509279,-4.70287
0.984541,-1.52148,-1.58625,-0.76822,-0.68535,-1.23544,-1.7819,-1.47837,-2.19741,-2.34263,-1.03232,-1.05814,-2.31908,-1.62997,-0.149367,0.593251,0.315683,-0.604152,1.43191,3.09655,0.709641,-1.35607,-3.05606,-3.08207,0.611672,4.02183,2.7291,-0.905733,-3.46195,-2.09446,-0.614189,0.103237,-0.500862,-0.147166,0.104763,-2.60321,-4.7988,-3.52466,2.55853,3.94511,0.301924,-5.46931,-1.47519,6.04179,8.94419,12.6187,11.5594,1.74948,-0.730023,3.28327,2.36224,2.03731,3.69331,3.83295,3.68768,3.56046,2.94096,2.03813,2.18183,1.22033,-0.452601,0.314788,0.429686,-3.815
1.33289,-0.406517,-0.76038,-0.905327,-1.4239,-2.3405,-2.61442,-1.78336,-2.26156,-3.64911,-1.48203,-1.14802,-3.91104,-1.26015,2.51309,1.87654,-2.31192,-2.61466,0.787152,1.70336,-0.6879,-1.05531,-0.860651,-1.27465,-0.0449528,1.33137,1.68622,0.911339,-1.80374,-3.21643,-3.02931,-1.3848,0.0451802,0.649092,2.72929,0.894481,-4.74798,-4.03074,0.398299,0.195058,-1.20266,-2.47143,-2.64078,1.93436,8.77324,12.1032,11.4465,6.96353,2.93949,3.46185,3.27367,3.3805,3.44974,3.25432,3.46241,3.46843,3.11036,2.07634,1.8343,1.13902,-0.445451,-0.258594,0.622495,-2.81411
2.13198,-0.784397,-1.32691,-1.22599,-2.06877,-3.11472,-2.4574,-2.01849,-3.60748,-3.56145,0.205028,0.335747,-3.34361,-0.645955,2.11867,-1.77471,-3.91295,-3.06904,-0.123832,0.121162,-2.545,-1.90118,-1.33907,-1.31223,0.547549,1.4713,3.05065,3.3945,-2.00183,-5.19254,-4.44064,-2.2416,-1.48399,0.676316,5.09512,5.40128,-0.441754,-3.38235,-2.00513,-4.19731,-1.50397,0.475415,-3.09573,-0.932287,8.75086,10.7411,8.59508,6.8428,5.61846,4.12898,3.67752,3.45097,2.76157,2.49825,2.94145,3.37944,3.31395,2.316,1.43388,0.781711,-0.502586,-0.748729,-0.47539,-3.05458
2.70068,-0.530151,-1.53661,-0.602217,-1.32006,-3.09602,-2.63687,-2.94093,-3.96806,-2.62282,1.03947,-0.325025,-1.9417,1.76382,1.26526,-3.40711,-3.85642,-3.54869,-1.72565,-1.99505,-3.87818,-3.35842,-3.14376,-1.6882,1.53328,3.83817,5.5594,4.04299,-2.12562,-5.73011,-5.702,-4.42634,-4.48649,0.0763413,5.7907,6.4172,4.58702,1.0752,-2.82357,-4.35005,-0.707512,-1.37569,-4.88379,-0.859806,7.16122,7.18309,5.77467,8.39201,9.93402,6.82515,4.64389,2.74813,2.63362,2.05735,2.07077,2.98553,3.3059,2.51379,1.3794,0.546206,-0.693742,-1.26215,-0.98914,-2.24145
1.96704,-0.326711,-1.58297,-0.257787,0.736632,-0.607587,-2.34354,-2.48452,-2.52006,-1.02981,-0.0559302,-2.36844,-0.20812,3.16132,-0.272751,-3.50936,-3.61854,-3.56819,-1.84783,-1.22241,-4.03188,-4.09648,-0.720499,0.259442,1.16909,3.69117,4.26193,-1.01215,-3.58539,-2.08334,-3.33684,-5.1989,-5.60016,-1.7352,5.26486,7.96986,8.04932,2.47782,-4.21202,-5.13043,-2.05554,-3.4634,-4.85259,-1.63182,3.89441,5.7359,6.77909,11.5601,11.0246,6.25909,3.40705,1.5409,3.13733,1.93046,1.79526,1.63806,2.48532,2.02499,1.42903,0.207775,-1.4125,-1.79363,-1.08746,-0.405128
0.865168,0.25755,-0.879794,0.180707,0.910114,-1.16685,-2.41356,-1.7396,-2.30025,-2.41732,-1.36293,-2.83806,0.133796,1.33636,-2.69546,-2.52556,-1.1038,-2.31483,0.04085,1.97795,-1.54119,-4.29789,1.5608,4.10489,2.26703,3.85006,1.81021,-4.3714,-3.5579,0.918474,0.518714,-4.37146,-4.5373,1.83564,7.84841,9.61709,7.86724,0.72182,-4.32775,0.167252,0.408953,-4.40922,-4.59847,-1.64957,3.77184,6.14557,8.30048,12.2766,9.94707,5.96582,2.92723,1.38776,2.65187,3.46762,2.27997,2.12986,3.04001,2.49886,1.56123,-0.154285,-2.88776,-2.43617,-1.62181,-0.958438
1.6252,2.00621,0.351698,-0.315622,-1.28628,-3.32715,-3.55633,-1.57091,-2.21852,-2.48946,-0.623343,-0.333959,-0.319853,-1.51639,-4.99742,-3.11334,0.916072,1.72793,2.80942,2.91181,-1.75256,-5.11874,-0.345712,3.69524,4.20422,2.26952,-4.15476,-6.75301,-5.04648,0.427355,-0.240535,-4.33947,-2.84725,4.06576,9.46888,9.18532,3.6694,-4.73402,-4.83516,2.29229,4.30818,-2.07515,-2.98037,0.955741,5.26589,7.08987,9.80298,9.91833,9.41547,5.44698,1.67589,1.22296,2.28168,3.00815,2.69006,2.81748,2.68934,1.93429,1.44529,-0.498202,-3.01024,-2.41736,-2.00206,-1.10764
1.44579,1.53399,-0.305231,-2.27276,-3.29764,-3.71037,-3.70639,-2.37537,-0.995991,-1.28984,-0.41705,0.593395,-0.377278,-2.76323,-4.78544,-3.08921,2.32478,5.35574,4.08075,2.0662,-3.19523,-5.1695,-0.9986,3.08021,1.5324,-2.59367,-4.57213,-4.8595,-3.49399,-3.56012,-3.03955,-3.94828,0.920525,7.69755,10.162,8.59778,-0.841355,-7.33612,-2.96499,1.11206,2.5268,0.693133,2.24135,2.22635,2.68839,8.28229,11.8769,8.92203,4.19897,2.46856,0.940246,1.89267,2.56612,2.72842,2.87936,2.52502,2.02369,1.53188,0.223355,-1.56198,-3.28273,-3.12008,-2.19811,-1.02263
1.48768,2.67631,0.907768,-2.24565,-2.98882,-3.04161,-3.48685,-3.4865,-1.76364,-1.20358,-0.365915,-0.336255,-1.21213,-2.58213,-4.45133,-1.38712,3.72936,6.37337,3.6616,0.170447,-3.82583,-3.64166,0.00973568,-0.253309,-3.51133,-4.52491,-3.1162,-1.29828,-0.771124,-1.23891,-1.36067,-1.77933,2.83474,8.71442,10.493,5.10265,-2.05952,-5.62206,-3.90501,-1.94743,-1.08443,1.17538,4.30099,5.02328,4.36041,7.81347,12.3336,10.2794,4.54073,0.325074,0.16192,1.96393,3.11251,2.41513,2.25089,1.89064,1.52442,0.574974,-0.860941,-1.9099,-2.87568,-2.83849,-2.37854,-1.23495
0.792224,3.51924,2.96931,-0.0544064,-1.43215,-2.05197,-2.64847,-3.25992,-3.5671,-3.00322,-2.21997,-1.31026,-1.60923,-3.22393,-4.07614,-0.683953,4.63423,6.4342,3.88304,-1.5286,-2.93294,-0.330687,-2.01935,-5.23622,-5.86588,-4.831,-3.84176,-1.80274,0.260426,2.84322,3.04015,0.788531,3.08374,8.78366,10.1939,4.56569,2.72635,1.53812,-3.71062,-3.78252,-2.20177,0.688269,4.07107,6.13292,5.34318,6.04965,9.78917,10.4893,7.29891,1.82763,0.196326,1.36453,1.96732,1.29898,1.43817,1.47911,0.828084,-0.223017,-1.78818,-2.70217,-2.99022,-2.69229,-2.71859,-1.95729
1.51947,3.94196,3.07855,1.18065,-0.301204,-1.07984,-1.6336,-2.56804,-3.76577,-3.70999,-3.07594,-1.87805,0.286555,0.413278,-2.96517,-1.77777,3.35026,6.34967,4.6702,-3.10881,-2.96536,1.42197,-2.7597,-4.68481,-3.33359,-4.21465,-4.47622,-1.66015,1.28966,3.88831,3.92897,-0.493568,0.791509,7.77771,10.5624,9.22214,9.07833,6.47646,-2.58692,-4.39954,0.190919,1.40577,2.55406,3.89666,5.67575,6.32024,8.48985,8.72531,6.49227,0.260161,-0.773417,0.388281,0.86564,1.38141,1.38683,0.849205,0.196861,-0.948573,-2.41596,-2.70661,-2.98912,-3.04493,-2.9925,-2.44784
2.90733,4.22972,3.34085,1.97291,0.277928,-0.549825,-1.20958,-2.16722,-3.52225,-3.28255,-1.77746,-1.91368,-0.285802,1.74377,-2.20513,-2.4879,3.45023,5.78214,4.09533,-3.01387,-3.87171,-1.22747,-3.53524,-3.60268,-0.557954,-3.93716,-4.5667,1.18883,3.73243,1.04023,-1.54079,-5.21701,-0.511554,8.38002,12.604,13.2911,9.00792,2.45505,-2.40716,0.269844,3.38479,1.82418,-2.13596,0.127347,5.15151,8.76452,8.85439,4.94008,1.76179,-0.498091,-0.487581,0.456032,1.18984,1.39417,1.10502,0.409232,-0.549533,-1.67369,-2.32343,-2.49013,-2.70888,-2.50601,-2.52939,-1.68966
2.96692,3.85724,3.71526,2.75687,0.567348,-0.191785,-0.62318,-1.46662,-2.73724,-2.95482,-1.20572,-1.72865,-1.64361,0.397794,-2.445,-3.28909,3.16826,6.10836,4.0019,-1.71487,-4.74022,-4.45108,-4.86327,-4.09265,-2.74705,-3.99266,-1.89826,2.04852,-0.992201,-3.78939,0.0723055,2.96888,4.39581,9.55474,11.4802,10.4387,3.45207,2.10868,-0.322848,1.60209,7.38152,1.27207,-4.37946,-2.34621,2.58686,8.87726,10.7443,3.95967,-0.406323,-0.63476,0.179426,1.65155,2.24122,1.40989,0.883264,0.511178,-0.638847,-1.1262,-1.31782,-0.883998,-1.5055,-2.16832,-2.65145,-1.64629
2.72226,3.46502,3.27835,1.88218,-0.479567,-0.475129,0.047997,-0.808056,-2.41842,-3.30187,-0.898713,-0.0674211,-1.66822,-1.99113,-3.68793,-3.69773,0.824686,5.19286,4.88243,-0.547254,-4.01292,-3.78043,-4.66759,-4.64926,-1.22005,0.977586,1.82659,0.728241,-4.01308,-2.62601,2.66183,6.56314,8.67574,9.67528,9.42295,6.09221,7.32308,8.56147,6.03052,2.93045,7.96795,3.08981,-3.98897,-2.05747,1.61082,8.96832,12.1159,5.92226,1.32828,3.70989,3.77769,1.59819,0.785822,-0.865392,0.0762888,0.842322,-0.976027,-1.53383,-1.63437,-1.28414,-1.24771,-1.60601,-2.6319,-1.29562
3.26513,3.67204,3.24619,1.69687,-0.32818,-0.368511,0.473991,0.142224,-1.42733,-3.03933,-0.637314,0.740209,-2.41881,-4.30014,-3.92334,-2.50366,-0.100324,3.39566,5.47287,2.21737,-1.87114,-2.9552,-4.62706,-4.66206,1.29671,4.9337,1.75096,-2.9037,-4.83968,-3.64094,0.978217,3.31538,4.42936,4.30806,5.69168,6.84241,9.70767,11.8251,10.5361,5.8,5.92545,2.62393,-0.443083,0.517879,3.40415,8.53752,8.22168,6.06811,7.05011,7.40579,3.79527,0.153822,-1.02262,-3.76191,0.123691,2.27359,-1.04802,-0.868356,-0.976135,-1.27789,-1.21089,-1.12084,-1.91835,-2.85824
4.26702,4.07484,2.42709,0.517429,-0.825078,-0.302175,0.710854,0.963629,-0.435608,-1.37276,-1.09614,-1.15771,-4.02089,-5.22299,-4.05434,-1.88265,-0.757939,1.56201,4.61592,3.49526,-1.30648,-4.32416,-5.401,-4.38536,1.61637,4.29077,-2.99581,-5.15767,-1.35679,-1.64696,-1.01731,2.34964,4.9857,7.19527,4.54808,5.94828,9.28877,11.1334,11.2176,7.63097,3.93978,6.3388,6.80004,4.90029,4.62463,7.7864,8.59992,7.9449,8.23846,6.3575,0.106708,-0.694146,0.947245,-1.29617,-0.568006,1.90399,-0.404773,-0.587843,-0.185902,-0.551322,-1.07638,-0.840784,-1.01227,-1.90661
4.65953,4.63495,2.87956,-0.104978,-1.28968,-0.581439,0.657149,1.3792,1.62425,1.53284,0.472571,-1.47281,-3.72692,-4.72222,-3.77517,-0.96509,-0.428911,0.700804,4.04626,3.63696,-0.618722,-4.28471,-5.51584,-4.46716,-0.910741,1.91409,-4.76523,-7.20148,-0.788657,0.659705,-0.556377,2.0784,8.17231,8.81014,4.60232,1.99824,5.65262,9.79832,10.1211,8.161,6.96334,9.44617,12.3577,12.7773,8.54702,5.56541,4.94977,4.14729,2.80943,0.17053,-1.57092,-0.758029,0.831026,0.212283,0.31166,1.22258,1.5491,0.55588,-0.759807,-0.817086,-0.484526,-0.859091,-1.06605,-1.28569
4.41693,4.26546,2.82668,0.0262673,-1.37424,-0.848293,0.285298,1.50682,2.18082,2.87338,1.23242,-0.635967,-2.77136,-3.59877,-2.85926,-1.16462,-0.854603,0.257479,3.65512,4.00507,0.429422,-3.4962,-4.68165,-4.29021,-1.89218,0.470445,-0.946576,-4.26854,1.01573,4.56816,2.58666,2.70999,5.82324,6.92825,2.60554,0.701409,4.18748,8.00873,7.53529,5.23864,7.85314,10.3526,13.5896,15.6751,14.1514,6.5571,2.01611,2.96802,1.51046,-0.523727,-0.268649,0.503252,1.35269,1.15856,0.938502,1.60041,2.14027,2.48911,0.806018,-0.642024,0.477587,0.266033,-0.726441,-0.860615
