public/uploads/wind/vent_json/20200513/wind_field_03.json
{"header": {"parameterUnit": "m.s-1", "parameterNumber": 2, "dx": 0.051, "dy": 0.036, "parameterNumberName": "eastward_wind", "la1": 45.3082, "parameterCategory": 2,"nx": 177, "ny": 123, "refTime": "2018-09-30 00:00:00", "lo1":1.38177}, "data":
[rows 84 to 111 of 123, columns 0 to 63 of 177]
-3.65235,-3.68038,-3.81193,-3.72097,-3.26362,-2.78625,-2.71281,-2.46292,-2.07532,-1.93938,-2.89328,-2.29994,-1.0211,-0.458727,-3.78817,-5.61438,-5.49592,-4.39939,-4.28338,-3.97477,-4.86172,-4.75721,-3.54173,-1.92174,-1.23575,-2.61388,-3.45735,-2.98547,-1.20985,-1.13479,-2.9845,-2.77599,-1.42964,-0.091457,1.42807,2.29394,0.371492,-2.07574,-2.76537,-0.222618,2.16547,3.27727,2.5662,-0.0384643,-2.2488,-0.54621,2.69637,2.40208,0.285478,0.739706,0.447645,0.435424,1.94513,3.14783,2.89172,0.495282,0.0480546,1.43444,2.16813,1.03942,2.16036,2.55538,1.1521,1.37994
-3.9637,-3.94925,-3.9636,-4.03798,-3.52147,-2.85822,-2.6223,-2.90506,-2.87449,-3.00242,-3.16032,-3.30266,-2.7432,-2.57117,-4.12303,-5.32505,-5.33669,-4.79171,-4.60543,-4.34807,-4.0066,-3.9345,-3.51522,-2.14472,-0.988377,-2.41793,-3.84573,-2.77712,-0.496674,-0.66095,-2.91897,-2.7259,-1.4086,-0.584861,1.0185,2.7388,0.543066,-2.05975,-4.06615,-1.50481,1.4667,3.45676,3.83612,1.52462,-1.82596,0.0548593,3.51277,3.79687,1.60674,1.03947,1.62337,2.1651,2.31669,2.88631,2.26668,0.58318,-1.10226,-1.25709,-0.0374486,1.49301,2.74249,1.15317,0.722644,2.98318
-4.77452,-4.8916,-3.8303,-3.85672,-3.70748,-3.80616,-3.12122,-2.85466,-2.84219,-2.96915,-3.03022,-3.17063,-3.05757,-2.55911,-3.41533,-4.8626,-4.21404,-3.89727,-3.57202,-3.58432,-3.91235,-4.07623,-3.9818,-3.0212,-1.48673,-1.18084,-1.63641,-1.14129,0.267687,-0.679297,-2.15239,-1.88968,-1.05243,-0.763361,0.596832,0.629661,-0.755808,-1.64476,-3.68428,-2.73684,0.864017,3.83412,4.56481,2.87617,0.605434,1.72607,4.11329,4.00887,2.81099,1.31187,1.9793,1.76361,1.18649,0.0866767,-0.13974,0.727876,0.730174,-0.5315,-0.0524842,1.10513,0.931777,1.25147,2.83317,3.36333
-2.22056,-2.8278,-3.69253,-3.18079,-3.59363,-3.74972,-3.66426,-2.59098,-0.97836,-2.13503,-3.0615,-2.973,-2.32217,-2.6314,-3.36995,-4.27176,-4.23763,-3.05211,-2.65199,-3.17834,-3.75409,-4.16656,-3.87842,-3.34736,-1.81752,-1.11975,-0.785176,-0.40072,0.191556,-0.376298,-1.12218,-0.937882,-1.08275,-0.629716,0.0198865,-1.39759,-3.04647,-1.75872,-3.44926,-3.43857,0.982495,3.60936,3.63611,3.50945,3.24624,3.35658,3.48574,2.74178,1.41043,1.87945,2.19206,0.65457,-0.747142,-1.09681,-1.03149,0.0492881,0.995188,0.947314,0.0877399,0.439865,1.33485,2.61169,3.05729,2.20638
-2.64396,-3.26771,-3.73462,-3.74893,-3.91067,-4.03823,-3.99583,-2.35802,-1.2734,-2.09118,-3.61334,-3.3266,-2.85737,-3.5624,-3.85982,-3.9472,-3.20103,-1.83866,-2.19654,-3.21812,-3.44695,-3.70452,-3.81391,-3.57238,-2.65783,-2.06199,-0.82994,0.0504931,1.30999,1.37715,0.178113,-0.438742,-0.8817,-0.854946,-0.387825,-2.41401,-3.55381,-2.51133,-2.1371,-3.08697,-0.0332855,3.40306,3.91086,4.00189,3.98212,3.60922,2.23095,0.125989,0.00305081,2.44493,2.67696,0.903077,0.0637009,-0.6124,-1.02638,-0.0691875,1.66656,1.61493,1.0941,1.61165,2.99147,2.99345,1.92393,2.13047
-2.74799,-3.22455,-3.49348,-3.76358,-3.69943,-3.75052,-3.30776,-2.0639,-1.16262,-2.09442,-3.43103,-4.21401,-4.31833,-3.6319,-3.61506,-4.0745,-3.63416,-2.18133,-2.32438,-2.62394,-2.51042,-2.53996,-3.07448,-2.99081,-1.7876,-0.918297,-0.381431,0.716466,1.84567,2.50953,1.78455,1.02017,0.0944679,-0.449652,-1.10176,-2.71354,-3.04722,-2.23931,-1.31938,-2.82044,-1.44011,2.27319,3.84654,3.91396,3.40851,2.72775,1.04649,-0.887549,0.24443,3.47037,2.98,0.92583,0.748177,0.597694,-0.284459,-0.685474,0.728245,1.72871,2.16669,1.92748,2.61104,1.50821,2.52784,2.34812
-3.5045,-3.69479,-3.39915,-3.80142,-3.65423,-2.80794,-2.53802,-1.76028,-1.92541,-2.18383,-2.59226,-3.1169,-3.93357,-3.44737,-2.65089,-3.01652,-2.87105,-3.1568,-3.07152,-2.24883,-1.27444,-1.96974,-2.03825,-1.81102,-1.12595,-1.2849,-1.2972,-0.0695665,1.3938,1.39808,1.68018,1.12892,0.0459963,-0.694979,-1.44141,-2.46122,-2.86678,-2.77711,-3.03517,-2.48788,0.277116,2.74816,3.13846,2.90108,2.06044,1.42534,1.07083,0.775284,1.69864,3.10133,2.3093,0.877881,1.43975,1.42786,0.131455,-0.541347,-0.244405,1.70235,2.1467,-0.0806494,0.303254,2.11638,3.79301,3.61571
-3.30021,-3.51697,-3.18311,-3.31376,-3.58804,-3.59485,-2.4282,-2.92199,-3.64585,-2.83897,-2.30005,-2.64243,-3.76238,-3.69619,-3.672,-2.5717,-2.20396,-3.35547,-3.66419,-2.33194,-1.54017,-2.24421,-2.99215,-1.96001,-1.64655,-1.70923,-1.42509,0.526872,1.19788,0.340671,0.233296,0.427854,-0.725731,-1.51419,-1.41435,-1.91539,-2.92286,-3.15944,-3.23517,-2.07166,0.403919,2.62468,2.53173,1.09018,0.132494,0.964598,2.58566,2.88013,2.76783,2.78573,2.16869,1.38928,2.40926,2.94316,1.5529,1.06196,0.62001,1.55804,1.2067,-0.759578,-0.160101,2.41503,3.30258,3.05774
-3.20083,-3.25807,-3.05521,-3.20775,-3.46156,-3.39132,-1.74158,-2.63173,-2.28175,-2.60126,-2.63641,-3.09451,-3.45183,-3.85849,-3.80627,-2.91771,-2.84087,-2.67953,-3.82294,-2.46488,-1.84752,-1.47854,-2.07267,-2.13048,-1.87683,-1.8521,-1.35075,-0.89986,-0.875904,-0.611832,-0.0574131,-0.664288,-2.56267,-2.93161,-0.944813,-0.160451,-1.22911,-3.04605,-2.98333,-1.81436,-0.492249,1.94298,2.64162,-0.460761,-0.695749,1.6812,2.73733,2.57304,2.94729,3.10401,2.91548,2.61594,2.11319,1.52718,1.55872,1.17619,0.873034,-0.193864,-0.503839,0.713611,1.44067,1.55791,1.33458,0.516299
-3.04092,-3.08998,-3.0278,-3.08278,-2.96617,-3.42836,-2.92198,-2.92037,-2.83473,-2.58537,-2.60442,-3.17828,-3.13816,-3.37175,-3.08301,-3.4562,-2.88812,-2.76371,-3.31401,-2.7327,-1.1613,-0.650921,-1.22097,-2.27996,-2.32176,-1.5772,-1.57712,-0.934594,-0.339617,0.00245864,-0.35936,-1.3417,-2.61795,-3.03642,-0.668738,0.910375,0.300937,-1.48246,-2.31033,-1.37926,-0.585925,1.76068,1.96439,-1.41197,-1.9732,1.19414,2.38678,2.31313,3.61812,3.5951,1.78023,2.66087,2.17106,0.93699,0.882515,0.319018,-0.668759,-2.01576,-1.24589,0.922028,0.571724,0.249568,0.538303,0.157753
-2.88281,-2.8864,-2.92718,-2.9424,-1.89325,-2.47968,-2.16385,-2.87548,-2.04847,-1.96126,-2.15165,-3.61663,-3.24873,-2.73148,-3.1442,-2.64384,-3.37729,-3.21855,-2.76857,-2.02782,-1.34556,-0.468496,-0.556726,-1.70994,-2.28513,-1.5075,0.0434272,0.219107,-0.202482,-1.07985,-0.893029,-1.23784,-3.3078,-2.87107,-0.7424,0.0212404,-0.596938,-0.928557,-1.79165,-0.974049,0.581412,1.49101,0.470362,-0.666255,-0.536002,1.00245,2.58358,3.56379,5.01507,4.21882,1.345,2.65806,3.71125,0.969952,-0.02854,-1.45936,-1.59204,-1.14369,-1.59182,-1.55849,-0.920915,0.465312,1.462,0.845795
-3.17084,-3.06853,-2.63512,-2.52296,-2.03762,-2.81032,-2.52667,-1.45587,-1.84109,-1.25917,-1.16902,-1.40376,-2.57679,-2.34633,-2.53468,-2.21432,-2.86776,-2.68251,-1.98969,-1.56405,-1.3569,-1.18553,-1.01739,-0.781617,-1.604,-0.656302,0.399714,0.151706,-1.00382,-1.61817,-1.40342,-2.24916,-3.76394,-2.74577,-1.59073,-1.12616,-1.53983,-1.40644,-2.39263,-1.59292,-0.157826,-0.804784,-1.29947,0.183428,1.52084,2.6691,3.99314,5.34785,5.84461,4.35764,2.39876,3.88667,5.02597,1.73261,-0.707318,-1.74817,-1.40361,-0.936636,-2.70726,-2.937,-0.556861,1.45828,2.75079,1.57633
-2.35804,-2.18276,-2.28074,-2.31199,-2.08017,-2.91731,-2.73402,-1.56574,-1.14188,-1.62069,-0.858198,-1.28335,-1.53262,-1.90565,-2.15029,-1.9969,-2.03312,-1.98467,-0.799509,-0.848276,-1.55033,-1.1614,-0.790149,-0.154478,-0.090742,-0.177569,-0.4114,-0.923518,-1.45037,-1.74433,-1.68551,-2.27483,-2.27403,-1.91765,-1.86059,-2.11077,-1.88654,-1.69561,-1.92747,-1.53693,-1.40106,-3.12201,-2.41921,0.493789,3.98059,5.04188,4.76617,4.5409,4.79412,3.87318,2.87863,3.28327,3.40519,3.36955,0.905126,-0.650512,-1.08868,-1.62048,-3.01023,-3.26931,-0.678932,1.22176,2.32105,2.40753
-2.58847,-2.37436,-2.50655,-2.09585,-1.6237,-1.95616,-2.23365,-1.35461,-1.02403,-1.03688,-1.31627,-1.20627,-1.64732,-2.27039,-2.26441,-1.81107,-1.4175,-1.29631,-0.535067,-0.412079,-1.40461,-1.53624,-0.908472,-0.474785,-0.0948746,-0.308654,-1.24274,-1.68849,-0.331053,0.0326945,-1.33551,-1.89011,-1.61996,-1.25709,-1.98372,-2.62773,-1.47217,-0.679731,-1.75916,-1.1039,-0.804956,-2.09319,-1.39152,1.30648,3.04238,3.27271,3.14001,3.11777,3.65004,3.66881,2.74859,2.65234,3.45968,4.13904,3.42736,0.360101,-1.31401,-1.32691,-2.91447,-2.79808,-0.932264,0.665313,2.04017,1.97431
-2.66135,-2.33172,-1.98199,-1.89537,-1.05421,-0.495311,-0.830538,-1.45696,-1.55571,-0.933012,-1.06697,-1.36719,-1.40592,-1.55206,-1.2856,-1.12914,-1.15129,-1.03644,-0.478658,-0.148804,-0.867791,-1.99804,-1.5528,-0.383629,-0.45691,-1.45461,-1.3371,-1.0034,-0.751276,-0.268977,-0.754932,-1.09772,-0.130718,0.740578,0.26176,-1.15921,-1.32026,-1.53013,-2.03424,-2.21269,-1.28298,-2.02756,-2.15984,-1.28925,-0.731811,0.125856,1.87467,2.70631,3.5123,3.59343,2.96521,3.18311,3.89837,4.02209,3.64151,2.24955,0.379003,-0.696568,-1.88393,-2.16873,-1.20424,0.170943,0.923775,0.43083
-4.11298,-2.6936,-1.86938,-1.35547,-0.659401,-0.105393,0.00945714,-0.963609,-1.94924,-1.42928,-0.981855,-1.716,-1.22393,-0.906098,-1.3697,-1.63399,-1.75661,-2.28826,-0.847127,-0.10698,-0.815719,-0.770324,-1.95575,-1.49864,-1.19319,-2.44526,-1.74731,-1.346,-0.894941,-1.04093,-0.976469,-0.804257,1.35264,2.67832,1.86477,1.41865,-0.638839,-1.94243,-2.53835,-1.40463,-1.34195,-2.04298,-2.33162,-2.58308,-2.90344,-0.396048,2.06389,3.21568,3.73513,3.20455,2.80575,2.99334,2.78908,2.19738,1.99952,2.81645,3.41341,1.72849,-0.393254,-1.42073,-1.74836,-0.255313,0.138722,-0.834039
-3.9114,-2.88891,-2.15627,-1.37485,-1.14214,-0.258073,-0.272043,-1.74922,-2.95361,-2.39162,-1.47634,-0.981708,-0.584015,-1.55405,-2.05389,-1.65582,-1.32783,-1.697,-1.49663,-1.06439,-1.12237,-1.10889,-1.63543,-1.79811,-1.57217,-1.95718,-2.20906,-0.760101,-0.63776,-1.22784,-1.14457,-0.181425,3.26789,4.8335,2.35206,1.4518,0.428164,-1.91728,-2.70708,-1.20796,-0.113918,0.323469,0.850121,-0.0654882,-1.48015,-0.491807,1.77212,2.85749,2.8986,1.71821,0.916933,1.71859,2.06549,1.87348,2.25451,3.75734,4.61789,3.65738,1.28947,-1.41373,-2.48253,-0.570167,0.793194,0.423215
-3.23355,-2.42638,-1.73851,-1.51703,-1.51089,-0.148901,-0.221788,-1.465,-3.05003,-2.554,-0.375437,-0.144581,-0.761168,-1.23672,-1.73708,-1.32203,-1.38845,-1.57034,-1.51277,-1.43563,-1.52948,-1.30482,-1.45712,-1.51525,-2.11992,-2.01404,-1.62242,-0.589013,-1.06478,-1.39705,0.190688,2.81881,4.52972,4.87209,2.58162,0.336143,-0.0830201,-2.36768,-3.27808,-2.6045,-0.827178,1.84144,3.6163,1.77468,-0.924184,-0.377073,2.21261,3.13842,2.03742,-0.0767036,-0.694345,1.18598,3.09206,3.6476,4.07486,4.66051,4.62943,3.17907,0.601526,-2.74443,-2.79945,-0.217909,2.02388,2.02955
-2.67077,-1.97776,-1.45141,-1.08236,-1.20398,-0.544466,-0.223824,-1.23001,-1.51461,-1.28925,-0.915643,-1.52868,-1.36592,-1.44607,-1.47317,-1.25403,-1.5811,-1.33426,-1.5672,-1.72995,-1.21731,-0.940285,-0.807869,-0.715885,-1.89775,-1.65142,-1.47185,-1.38471,-2.25901,-0.632896,3.29742,5.07701,3.82843,2.52658,0.717931,-0.874116,-0.683899,-2.01975,-2.90283,-3.26337,-2.34499,0.823882,3.71371,2.26849,0.195467,0.500193,2.3805,2.49838,0.210474,-2.26862,-1.11338,2.7075,4.28635,4.25432,4.41522,4.02372,2.76633,1.55643,-1.08988,-3.46264,-2.77341,1.00056,3.80361,3.01896
-1.94565,-1.35472,-1.47645,-1.18824,-1.65479,-0.929778,0.205576,-1.01667,-1.9054,-1.68409,-1.4282,-1.64423,-1.28703,-1.75475,-1.38333,-1.23488,-3.19276,-3.05882,-1.84736,-0.907515,-1.2122,-1.23272,0.0673153,-0.211966,-1.58201,-1.79852,-1.17395,-2.29427,-1.82284,0.971888,4.94338,4.02125,1.18813,0.755404,-0.165477,-1.31781,-0.478976,-0.437165,-2.02785,-3.35728,-2.87219,1.15311,3.69138,2.86122,1.54991,1.91245,2.07741,0.978096,-1.26643,-3.23653,-0.668624,2.97479,3.83678,3.48789,2.88727,1.46801,0.232476,0.414167,-0.706173,-1.75809,0.328304,3.45741,4.35006,2.28736
-2.44202,-2.03703,-1.57763,-1.19581,-1.53719,-0.289985,0.506028,-1.15913,-2.06766,-2.29314,-2.23997,-1.77909,-1.46787,-1.89151,-1.49391,-0.747677,-2.87097,-3.00666,-2.32506,-0.80387,-0.640562,-0.751271,-0.119334,-0.680991,-2.22387,-2.19856,-1.79913,-3.08864,-2.42335,1.55338,3.55683,-0.021399,-0.314838,1.63652,0.594598,-1.08042,-0.137773,0.947038,-0.598348,-3.42554,-1.91579,1.22056,3.36259,2.95874,2.97347,2.68807,1.23297,-0.703107,-2.87483,-3.14943,-0.454181,1.83362,3.17441,3.07552,1.81585,-0.341271,-0.515102,0.608171,0.363128,0.891049,3.15261,4.25566,3.60782,2.1083
-2.89026,-2.47887,-1.7704,-1.79071,-1.7087,0.389611,0.964131,-0.75876,-1.37593,-2.1873,-2.11366,-2.80357,-2.94019,-2.34241,-1.49762,-0.727193,-2.82164,-2.26277,-1.44527,-1.2314,-1.43142,-0.583318,0.142735,-1.22779,-2.3686,-2.05115,-2.21368,-2.52479,-1.77761,1.48669,1.88731,-0.166046,-0.348055,2.50179,2.06287,-0.979725,-0.619765,1.44473,0.196848,-3.09189,-1.01622,1.7179,3.19562,2.12802,2.90041,2.39664,-0.11506,-2.59297,-3.00469,-2.25793,-0.325542,1.53944,1.14104,1.27971,0.877088,-0.747292,-0.284011,1.35597,2.28042,3.41633,4.04421,4.13009,3.2145,2.8635
-3.41425,-2.99049,-1.85367,-1.96277,-1.6848,0.734401,1.53224,-0.810544,-1.35434,-1.63608,-2.18679,-1.62484,-2.84844,-3.15877,-1.84086,-1.01239,-1.61514,-1.45476,-0.813331,-1.40332,-1.90932,-0.636571,-0.037372,-1.40586,-1.32403,-2.29492,-2.61594,-2.41253,-1.10869,0.11749,0.239582,0.277487,0.44711,1.28454,1.13221,-0.535078,-0.700896,1.2305,0.107272,-2.91922,-0.477875,1.81432,2.602,2.34491,2.38606,0.539666,-1.45076,-2.72448,-1.68149,-0.66636,-0.245384,-0.351475,-1.61287,-1.67421,0.250756,0.820897,1.69375,2.73944,3.058,3.72044,4.44842,4.42466,3.41258,2.44609
-2.94252,-2.6762,-1.72553,-1.86421,-1.33943,0.865108,0.976904,-1.02349,-1.14597,-1.1084,-1.57732,-1.7494,-2.85634,-2.46221,-1.04051,-0.896859,-1.27037,-0.838625,-0.177422,-1.14424,-1.83266,-0.475066,-0.0110597,-1.1911,-1.7653,-0.982605,-2.11666,-1.49267,-0.521494,-0.30748,-0.308424,0.519339,1.01255,0.509527,-0.0519487,-0.9055,-0.699149,0.306612,-0.828167,-2.42924,0.498228,2.34663,2.59358,2.68652,1.71531,-1.16921,-3.19986,-1.74996,-0.00419995,-0.0616126,-1.33886,-2.36674,-2.94666,-1.60397,1.06047,3.29968,2.88419,1.76065,2.03668,3.68428,4.40983,4.46676,3.92014,2.77628
-2.68278,-1.97771,-1.14136,-1.33259,-0.921553,0.247809,0.0898812,-0.538189,-0.487312,-0.420499,-1.06153,-1.73597,-2.6165,-1.96097,-0.744739,-0.652539,-0.851195,-0.376346,-1.07241,-0.998959,-0.822128,-0.814466,-0.235216,-0.937937,-1.81395,-1.47115,-1.4955,-1.39728,-0.674659,-0.339061,-0.419987,-0.0607289,-0.036539,-0.537516,-0.788543,-1.38492,-0.514856,-0.0719019,-2.42538,-0.798228,1.52257,2.36352,2.33411,2.35956,-0.0206461,-2.95605,-1.64383,0.20468,1.33104,-0.432934,-2.2735,-3.35158,-3.44947,-0.755755,2.76116,4.06635,3.48111,1.94798,1.80293,3.25254,3.52671,3.64651,3.76965,3.10981
-2.23448,-1.49878,-0.987295,-0.513727,-0.217657,-0.0998776,-0.760433,-1.14759,-1.01124,-1.29029,-1.20949,-0.830493,-1.24974,-0.819313,-0.606866,-0.92046,-0.448711,-0.729197,-2.60944,-0.773111,0.517395,-0.302691,-0.137388,-0.458698,-0.972574,-1.22962,-1.4617,-1.35334,-1.29799,-0.726288,-0.00394903,0.169386,-0.405299,-0.645657,-0.824409,-1.73228,-0.404527,-0.595645,-2.80536,0.199966,2.74396,1.91387,2.30258,2.19002,-1.71704,-3.00524,-0.0520689,1.97411,1.66431,-0.644157,-2.49977,-3.01892,-3.11211,-0.60549,2.17331,4.07246,4.02354,2.61877,1.26403,2.45889,2.381,2.76561,3.14567,3.12824
-2.55762,-1.44646,-0.59798,-0.277773,-0.56631,-1.09385,-1.43659,-1.84765,-1.81587,-1.43748,-0.925514,-0.993728,-0.87198,-0.741033,-0.462699,-0.662579,-0.850586,-1.72466,-1.75989,0.0454359,0.273046,-0.586815,-0.758997,-0.530288,-0.250962,0.270315,0.927499,0.066572,-0.159383,0.229229,-0.0677434,-1.17838,-0.880903,0.247883,-0.406929,-1.63834,-0.823001,-1.6444,-1.98039,0.274987,2.16812,1.3087,1.97559,1.38338,-2.48447,-2.34133,1.35901,2.06747,1.38539,-0.258227,-1.98352,-2.67926,-2.89653,-1.75305,0.664361,3.3551,3.82433,1.99112,0.408401,2.08986,3.05813,1.86521,1.34593,2.64021
-1.87184,-1.37299,-0.720475,-0.911503,-1.53933,-1.74665,-1.83139,-2.16852,-2.05761,-1.08925,-0.165638,-0.147198,-0.857002,-0.665929,-0.476122,-0.759706,-0.905278,-1.23666,-0.247966,0.81958,0.530106,-0.207227,-0.644329,-0.805914,-1.5967,0.345533,2.48631,1.25996,1.24528,2.87785,0.793257,-0.517882,-0.719267,-0.432401,-0.836634,-1.40109,-1.46936,-2.01939,-0.42118,0.829074,1.34115,1.14583,1.4967,-0.37232,-3.11038,-1.22843,1.74169,1.89449,1.37797,0.518642,-1.41191,-2.8504,-3.56911,-2.72442,-0.0586247,2.78058,3.30242,1.47169,1.02851,3.25948,3.86621,1.53293,1.49747,2.37476
