public/uploads/wind/vent_json/20200513/wind_field_05.json
{"header": {"parameterUnit": "m.s-1", "parameterNumber": 3, "dx":  0.051, "dy": 0.036, "parameterNumberName": "northward_wind", "la1": 45.3082, "parameterCategory": 2,"nx": 177, "ny": 123, "refTime": "2018-10-03 01:00:00", "lo1":1.38177}, "data":
[rows 84 to 111 of 123, columns 0 to 62 of 177]
0.863427,0.72614,0.244654,-0.439529,-0.954169,-1.1669,-1.34158,-1.6006,-1.79815,-1.53503,-1.34003,-1.39138,-0.786883,-0.342329,-0.18858,-0.689788,-0.998918,-1.10214,-0.441462,-0.171612,0.180233,0.0327482,0.31698,1.23808,1.37807,0.958885,-1.906,-2.86598,-2.51552,-0.914201,0.774047,2.03593,2.68066,1.64511,0.616729,-0.130426,1.32713,1.27339,-1.60638,-3.44503,-4.00971,-3.07749,-2.18793,-0.891319,-2.47059,-3.01218,-1.96692,-1.48567,-1.62919,-1.57471,-1.29087,2.77783,3.07342,0.715991,-1.43008,-2.82062,-2.93117,-2.7696,-2.62448,-2.95914,-3.19135,-3.58196,-3.25383
1.22614,1.1494,0.764768,0.156931,-0.306062,-0.981531,-1.75573,-1.89514,-1.71865,-1.18527,-0.933991,-1.11483,-1.23684,-0.674317,0.379324,0.407336,0.35768,0.255534,0.300532,-0.360231,-0.47365,-0.0859795,-0.432069,-1.79924,-2.1451,-2.3453,-2.5038,-0.89692,-0.376601,-0.582683,0.0880691,0.912073,1.58478,1.69626,1.33075,-0.24251,0.427556,1.56707,1.70246,0.359946,-1.03268,-1.55644,-1.60287,-2.24543,-2.10651,-1.27173,-0.836758,-0.465388,0.0364827,-0.741205,-2.32383,-0.634765,0.733359,-0.530547,-2.2278,-2.87296,-3.623,-3.73544,-3.50769,-2.92991,-1.2075,-0.376394,0.151657
1.44832,1.47952,1.11294,0.666681,0.198861,-0.436412,-1.83595,-2.57117,-2.12975,-0.281376,-0.13526,-0.77929,-0.741794,0.156294,0.985325,1.18027,0.973889,1.13014,1.37876,1.7154,1.21418,0.214682,-0.655533,-2.01353,-3.78369,-4.14197,-2.31502,-2.04569,-1.22332,-0.124733,-0.23626,1.19476,2.64485,2.81923,2.77002,0.832344,-1.07648,-0.495383,2.16419,3.0579,2.78946,1.09643,0.528012,-0.746861,0.911186,2.81264,2.48847,1.66381,-0.0592332,-2.21102,-2.25113,-1.98676,-0.977331,-1.33446,-1.7582,-2.61665,-2.48044,-2.62367,-2.8764,-2.13219,-0.942831,0.467991,1.42817
1.34479,1.3721,1.16298,0.89026,0.813708,0.833229,0.0576253,-1.54815,-1.45995,0.138059,-0.307643,-1.69523,-2.03989,-0.0455345,0.557118,1.27971,1.80943,2.07489,1.61947,2.12269,1.93962,1.63025,1.25605,0.506005,-1.40783,-3.41804,-3.85359,-4.77042,-4.71586,-2.91692,-2.27839,-0.871367,1.28646,1.19208,1.11758,0.677926,-0.843792,-0.588357,0.459823,2.16197,3.02717,0.777347,-0.261309,0.0494581,2.24945,3.13261,2.30055,0.720727,-2.3676,-2.59369,-1.01435,-0.701304,-0.823814,-0.266454,0.228639,-0.034162,-0.589271,-0.655866,-0.524662,-0.350881,0.0538532,0.0562256,-0.177914
0.646299,0.919427,0.800895,0.646146,0.618013,0.734479,0.900188,0.321498,-0.828581,-0.218157,0.138587,-1.21851,-2.27006,-1.47982,-0.81967,0.721109,0.95228,1.42545,1.04255,1.39271,1.60158,1.72214,2.0553,1.79258,1.07572,0.166794,-1.48739,-1.71774,-3.11475,-3.50145,-3.84715,-3.05575,-1.03256,0.829646,0.575764,0.110992,0.915813,1.37108,0.927404,2.05492,2.79764,1.48507,0.617561,0.850618,0.549028,-0.216117,-1.01431,-2.5018,-2.65862,-1.15298,0.0662006,-1.03804,-1.5901,0.276153,2.64542,1.8131,1.22686,0.0407964,0.0746162,0.86345,0.582001,-0.528814,-1.3395
0.237354,0.350545,0.397019,0.458887,0.430286,0.217417,0.329463,0.799391,-0.560701,-1.27537,0.327934,0.653812,-0.577033,-1.42577,-1.46552,-0.354477,-0.309355,-0.323039,-1.00042,-0.479947,1.42979,2.15211,2.85207,3.04621,3.33237,3.81845,3.87001,3.4273,1.33359,-1.4442,-2.96195,-3.11717,-0.798609,1.83082,1.62271,1.2948,1.88034,1.96157,1.18028,1.55409,3.00775,3.68819,2.41902,0.50897,-1.50537,-2.29326,-2.23886,-2.76585,-0.0921246,0.452567,-0.277147,-2.40454,-2.42546,-0.271221,2.84694,2.97598,1.33922,-0.405275,-0.788375,-0.695505,-1.45449,-2.4226,-2.83763
-0.0455349,0.0256215,0.184753,0.467574,0.671266,0.696559,0.475269,0.176052,-1.0466,-2.10334,-0.676539,0.553147,0.393537,-0.802031,-1.67565,-1.79238,-0.947218,-0.790846,-2.03713,-1.91771,-0.291611,0.913553,2.30363,3.24879,4.03426,4.20721,4.12923,3.78776,2.97364,0.415118,-1.85251,-3.33561,-2.5854,-1.04097,-0.608663,0.152275,0.598617,0.714098,0.724143,0.525105,1.44818,2.29506,1.34649,-1.98415,-3.7839,-3.90022,-3.49743,-1.33343,1.81349,1.19143,-1.12625,-1.78433,-0.41857,-0.0408225,0.944188,1.4225,1.97915,0.761094,-0.604044,-2.35181,-2.61595,-2.3107,-1.82339
-0.0990538,-0.0266913,0.177879,0.680816,1.04829,0.886705,0.635002,0.279115,-0.647051,-1.14544,-0.679005,-0.40872,0.585356,-0.167082,-1.7131,-2.87257,-2.44144,-1.62352,-1.69206,-2.91026,-2.57152,-0.161312,1.77983,2.85154,3.29446,3.1509,3.44855,3.58869,3.0142,1.22114,-0.319886,-1.10787,-1.54161,-2.38796,-1.63531,0.364506,1.5475,1.87156,1.65492,1.74815,1.4094,0.636242,0.421574,-0.901897,-3.0237,-3.4643,-2.90589,-1.68505,0.444029,1.03757,1.04131,1.90509,2.07864,0.411852,-0.459262,0.0644369,1.08606,1.04403,-0.624907,-1.68934,-0.906855,0.628496,0.31878
-0.0995049,-0.039556,0.214595,0.716339,0.928192,0.529858,0.486733,0.750547,0.201059,1.18455,1.1309,0.662643,0.9834,0.688058,-0.196047,-1.97537,-2.78429,-2.11579,-0.0289133,-0.968059,-0.814584,0.498862,2.852,3.25838,2.64616,2.67008,2.93621,3.34739,3.24906,3.12425,3.52457,2.93379,1.43353,0.674383,1.45267,1.70232,2.65633,3.02239,3.07112,3.61585,2.68775,2.17577,2.39371,2.24629,0.471169,-1.28704,-3.12832,-3.2293,-2.28165,-0.35486,1.11983,1.55987,1.81553,1.26925,0.395781,-0.50615,-0.222085,0.365118,-0.466212,-0.497211,-0.233285,-0.136276,-0.972984
0.0150428,0.0289167,0.235932,0.609787,0.410206,0.34448,0.450517,0.859684,0.475382,1.38031,1.88176,2.02171,1.45359,1.64881,1.51065,0.863108,-0.0932417,0.0679471,2.08337,2.93866,3.00364,2.78092,2.57846,2.47283,2.34459,1.38147,2.63522,3.5161,3.913,4.80016,4.56513,3.73211,2.99553,2.34188,1.92627,1.11039,0.838625,1.77648,2.81748,3.41627,3.2728,3.13371,2.20609,1.51604,1.04209,-0.679981,-3.3829,-3.98711,-2.98628,-1.70839,-2.91748,-3.1376,-1.33546,1.6041,2.73889,1.15083,0.145117,0.919558,1.27567,-0.569991,-2.73532,-3.66757,-3.57229
0.287825,0.311517,0.400944,0.716805,0.702954,1.13649,0.84183,1.30109,0.606969,1.25555,0.806617,2.1278,2.58872,3.16068,4.05689,3.9777,3.08121,2.29715,2.61826,3.15446,3.13908,2.18867,1.65029,2.28864,2.68564,2.42865,2.97994,4.21004,4.78055,3.79392,1.52324,1.78775,1.45242,1.67712,2.60531,1.42477,1.04278,0.983145,0.874196,0.415705,-0.36035,1.16444,-0.582777,-2.18423,-1.69264,-1.49885,-3.38579,-2.98001,-1.95265,-1.5242,-2.89326,-1.85752,-0.240198,0.44438,1.66758,3.11705,2.96804,2.84914,2.0703,-1.8883,-3.60218,-3.84543,-3.51211
0.6221,0.646393,0.709613,0.905263,1.09707,1.3369,1.34175,1.54371,1.33813,0.888828,-0.163241,0.625246,2.64818,2.18329,3.43521,4.21626,3.18395,2.77925,2.21493,1.712,1.41359,1.73182,0.589651,1.12725,2.80369,3.74975,4.15914,3.84304,2.98901,2.02679,2.03101,2.41321,2.48562,3.09028,3.1957,2.78134,1.39585,0.699017,-0.27614,-1.29627,-2.06707,-3.42837,-4.73107,-5.11983,-4.38034,-2.88355,-1.41889,0.319009,1.04978,0.233785,0.487697,1.76498,1.5401,0.0747483,-0.290697,1.46055,2.97845,2.58448,1.01126,-0.377946,-0.79998,-1.42304,-3.17098
1.0407,0.969124,0.93996,0.942126,0.990788,1.2064,1.43077,1.62487,1.71369,1.57595,0.199927,-0.011412,1.05295,1.27855,1.62337,2.19824,2.07958,2.04843,1.92105,2.35501,1.80268,1.05635,0.595788,0.990909,0.971512,2.60012,2.25197,0.345866,1.50955,2.84371,4.02381,3.75299,2.68971,1.96182,2.17173,1.74534,0.912248,0.739126,-0.0687117,-0.204818,-0.489293,-2.17281,-3.04867,-2.57318,-1.13536,0.714336,2.35557,3.0114,2.01612,-0.204898,-0.389856,-0.603606,-1.91725,-1.29021,-0.0633491,1.29446,1.32791,0.941685,0.869862,1.81292,1.30609,-0.35508,-3.07646
1.37809,1.08794,0.924136,0.950665,1.12038,0.997827,1.33977,1.70541,1.97339,1.79599,1.56336,0.849407,1.79216,1.94958,1.45641,1.12834,2.15194,2.35022,2.90078,2.9925,2.65905,2.59224,2.04119,1.98594,1.79616,1.3344,1.35979,1.78065,2.32476,2.28631,2.52628,0.720835,-1.7551,-1.04322,-1.31518,0.259787,0.175331,0.334687,0.21433,0.302981,0.203152,2.78101,3.91911,3.73364,2.30767,0.932798,0.724227,0.156521,-1.0243,-2.70374,-3.98474,-4.36233,-4.12452,-3.08651,-0.516079,0.970674,1.46739,1.36367,1.33035,1.55856,1.93147,0.864704,-0.048743
1.65113,1.16959,0.918154,0.838413,0.893859,0.984888,1.38062,1.54847,1.61064,1.6264,1.31972,0.649943,1.64819,2.39584,2.46646,2.37214,2.72336,3.38979,3.87377,3.43499,1.63456,2.37379,1.28684,0.121597,0.226835,1.8603,2.08963,2.2806,1.46317,-0.522862,-2.4805,-3.24541,-4.48795,-3.62628,-3.62396,-1.61231,-0.372186,-0.968378,-1.29542,-1.18204,-0.557274,0.985867,3.03986,2.45898,0.0848359,-2.8621,-3.24788,-3.19618,-2.80286,-3.26524,-4.07342,-3.59039,-2.65962,-2.72663,-3.13649,-1.83525,-0.346388,0.975597,1.51834,2.03024,1.56627,0.621408,0.144498
2.08846,1.13829,0.884527,0.770384,0.705806,1.22624,1.32256,1.0477,0.477509,0.546147,0.939495,0.413067,0.2668,1.58192,2.43677,3.04685,2.94987,1.97231,2.38934,1.73716,0.272466,0.229112,0.106495,-1.51659,-0.982295,0.501134,-0.267859,-1.58287,-1.55816,-2.36814,-3.66842,-3.90328,-4.28031,-3.18428,-2.96055,-2.50011,-2.62868,-2.52074,-2.95637,-3.54635,-2.64889,-3.05702,-3.14214,-2.96864,-2.41962,-2.70392,-2.44187,-1.76049,-1.32756,-1.96736,-2.57812,-3.46872,-3.78541,-3.93962,-4.15664,-3.77905,-2.61668,-0.564722,1.17606,1.82004,1.25369,-0.434842,-2.16423
1.66325,1.14604,1.00595,0.852345,1.19638,1.13616,0.586541,0.845425,1.01827,1.18198,0.997947,0.98257,1.57443,1.73034,2.31934,2.29903,1.80252,0.819246,0.631195,0.200331,-0.315799,-0.304118,0.182715,-0.269538,-0.96948,-1.88608,-2.25081,-2.53202,-2.08554,-1.96153,-2.35679,-1.30773,-0.763095,-0.257522,-0.689543,-1.83371,-3.62824,-2.10028,-1.66747,-3.0251,-3.67284,-3.79509,-3.11336,-2.67688,-2.825,-2.87232,-2.25998,-0.82872,-0.707328,-1.64024,-1.87275,-3.46674,-3.87097,-3.48247,-2.65382,-1.60971,-1.00789,-0.97021,0.525524,0.632285,-1.33012,-3.93219,-5.05937
1.35369,1.22835,1.12391,0.905532,1.03029,0.485432,0.274003,1.20308,2.66312,1.84938,1.29351,0.951762,1.22099,1.04012,1.56889,1.12515,0.354566,0.749046,1.14827,0.477232,1.0228,2.13297,2.35558,1.88324,-0.224027,-1.4042,-0.452676,-0.751417,-1.34054,-1.73027,0.171293,1.65091,2.53245,1.93716,0.995912,-0.910537,-2.73268,-0.698017,0.437261,-0.31868,-1.7451,-2.46412,-0.475325,0.455102,-0.803705,-1.33803,-1.3788,-0.982172,-1.07086,-2.86156,-2.2869,-0.156572,1.40332,1.36368,1.18216,0.798386,-0.128388,-1.13154,-0.740412,-1.25029,-3.96474,-4.91943,-4.64489
1.56022,1.62198,1.36905,1.12239,1.18922,0.779725,1.34559,1.27156,1.33145,1.21371,1.27861,0.999134,0.55197,-0.109674,0.062608,0.329323,-0.0372029,-0.0231468,0.427205,0.652798,1.85463,2.26761,2.47398,2.18874,1.82044,1.08127,0.931677,-0.306545,-1.30064,-1.02724,0.996948,3.59991,3.26367,2.23421,1.58098,0.888169,-0.138135,0.953399,1.83544,0.732518,-0.281901,-0.622517,-0.24707,0.0935526,0.50637,0.804463,1.20344,0.787253,-0.361767,-2.22607,-2.89361,-0.075863,2.34862,2.13034,1.27619,0.167736,-2.24649,-3.13715,-3.00595,-3.36166,-3.70282,-1.60253,-0.667109
1.65383,1.72648,1.77761,1.61206,2.65161,1.58616,2.24261,1.25025,0.983128,0.909513,1.4122,1.8965,0.265677,-0.447941,-0.249954,0.413852,0.036243,-0.680411,-0.578355,0.170948,0.161192,-1.17646,-0.751933,0.683648,1.2619,1.26739,1.01204,0.369891,0.357245,1.25488,2.61757,3.14436,2.05489,1.74122,2.14074,1.79616,1.00206,1.39037,1.39173,0.753773,1.42155,2.09029,0.52847,-0.792462,0.653787,2.04098,2.36544,1.74528,-0.351069,-1.34778,-2.41174,-2.50235,-2.34825,-2.46671,-2.93181,-3.7045,-4.55446,-4.50236,-4.428,-4.15782,-2.29085,0.567843,1.58608
2.29606,2.36899,2.16291,2.57774,3.08866,1.76515,2.32346,1.43102,1.43672,1.7048,1.93803,1.33798,1.21824,0.0218902,-0.640954,-0.671949,-0.466912,-0.668059,-0.715611,-0.34394,-0.167957,-0.391514,-1.06916,-0.289195,0.403104,0.498339,0.984224,1.66837,2.81522,3.88954,2.8381,2.0577,2.79645,1.9733,2.26028,2.27871,1.74042,1.42268,0.952279,1.14303,2.13579,2.84486,1.33167,0.884817,0.941984,1.95643,1.96103,0.57894,-1.14568,-1.2433,-1.47232,-2.46513,-2.51751,-3.59468,-4.46928,-5.17956,-5.44726,-5.1258,-4.48085,-2.91424,-0.226023,0.911939,-0.386004
2.68839,2.4722,2.47146,2.7183,2.02385,1.75418,2.78516,1.53809,1.60219,2.9457,2.81697,2.53639,2.17833,1.01531,0.283654,-0.265923,-0.162794,0.0254798,-0.440922,-0.992875,-0.752141,0.544436,-0.378629,-0.848703,0.364678,0.753568,0.979305,1.88082,3.51965,3.94587,2.24703,2.16172,3.43617,3.28531,3.21253,2.63478,1.63071,1.10328,0.962838,1.60275,2.43821,3.05302,2.1294,2.42636,2.38617,2.14814,0.777106,-0.0344169,-0.299488,0.247555,0.0403451,0.599895,-0.260361,-3.03164,-4.25931,-4.26979,-3.58832,-3.19029,-2.43081,-1.41552,0.102601,0.440603,0.342195
2.98556,2.63235,2.76503,2.44939,1.94829,1.99429,2.9975,2.28296,2.09872,3.21686,3.67181,3.45716,2.80626,2.215,2.05683,1.32298,0.918301,-0.054559,-0.311155,-0.732697,-1.13757,-0.285177,-0.0751734,-0.673019,-0.0698903,0.607961,1.2263,1.77467,3.31558,3.71389,3.40588,3.40371,3.76972,3.94479,3.9635,3.16408,2.08981,1.56942,1.08049,1.20328,2.55658,3.00228,2.34691,2.54983,2.30363,1.21943,0.065597,0.301013,2.22283,3.02549,3.04297,1.89944,-1.06781,-3.68372,-3.35058,-0.988092,1.24727,1.65547,0.0108504,-1.87133,-2.1802,-0.873137,0.557704
3.21936,3.09835,2.91955,2.44295,2.20586,1.96407,2.95175,3.58582,3.1166,3.48169,3.32623,3.73401,3.12716,2.64917,2.46937,1.32469,0.916346,0.432602,0.309672,1.35555,0.762811,-0.110465,-0.443222,0.174652,0.134531,-0.179427,0.815645,1.59438,2.62898,2.90299,3.68873,4.06741,3.7779,3.65056,4.29879,3.57124,2.95211,2.20622,0.869238,1.06378,2.88344,3.06162,2.48471,2.30741,2.10236,0.44737,0.0510231,1.59131,3.36346,3.19067,2.41514,0.256969,-2.37874,-2.65706,-1.56957,1.11927,2.84615,3.1507,2.06734,0.159452,-1.16414,-3.02965,-4.30357
3.02132,2.86529,2.61378,2.51487,2.49583,1.34622,2.11896,2.021,3.15055,3.18634,3.03157,2.95573,2.66118,2.76049,2.17563,2.2113,1.56591,0.81979,0.502658,0.919321,1.4643,0.96502,-0.0958201,0.0622298,-0.091336,-1.25236,-0.883126,0.220061,0.863427,0.130121,0.679048,2.19975,3.07129,3.23752,3.41058,4.19038,3.94895,1.9613,0.864954,1.61756,3.02833,3.09046,3.0324,3.13402,2.75326,0.786846,1.55953,3.50001,3.45072,2.2993,1.16374,0.00200492,-0.315599,-1.00789,-1.03254,-0.239621,0.0833092,0.947282,1.76064,1.32598,-0.662894,-3.23187,-4.46592
1.88096,1.82595,2.54856,1.87063,2.50589,0.964923,1.00897,0.967935,1.7028,1.56923,1.26283,1.14253,2.08628,2.36051,2.15968,2.4599,1.21874,0.580735,1.76856,1.09408,1.54707,1.98303,1.62115,-0.475187,-0.716778,-0.857037,-1.48685,-1.32095,-1.62306,-2.28303,-2.02921,-1.91904,0.405132,2.55665,3.87454,4.04798,3.00527,1.57631,1.67716,3.05686,3.07209,3.35898,2.84772,2.32914,2.30145,2.12581,3.35156,4.29999,3.96097,3.56241,2.89644,2.15431,1.86399,0.981905,-0.21875,-1.25255,-1.15076,-1.23822,-2.31821,-2.5875,-2.17323,-0.713884,-1.30294
1.50272,1.17473,1.40708,2.54054,2.75153,2.03506,1.57664,1.40502,2.0067,1.58062,1.09787,1.09445,2.3256,2.76315,1.53628,1.95804,1.95476,1.84675,2.91249,2.01605,1.88173,1.42559,1.26822,0.481384,-0.314834,-1.30685,-0.85325,-1.06207,-1.69911,-1.49876,-1.06562,-1.75903,-1.87296,0.233156,1.9562,1.90016,2.24425,1.59856,2.45883,3.54002,2.97128,2.91114,3.12884,2.61934,2.2278,2.97677,3.74645,3.98555,3.79772,3.86612,3.63618,2.97952,2.85551,3.38779,1.88781,0.545278,-0.982786,-3.01284,-3.29385,-2.24544,-0.379306,1.36445,2.42905
1.20487,1.30354,1.7402,2.69847,2.84204,1.98005,1.72126,1.80012,1.54865,1.13444,1.411,1.23454,2.48247,2.39255,2.38643,2.27053,2.18633,2.72464,1.89439,1.75757,1.37795,1.00477,0.500905,0.103328,-0.958679,-3.32345,-2.12681,-0.435792,-0.699499,0.698316,1.36837,1.13581,-0.183228,0.297426,0.839721,1.06995,1.45835,1.54148,3.01419,3.25493,3.38677,3.54525,3.53537,2.38788,1.73138,2.69137,2.80283,2.79051,2.48032,2.78208,2.61108,2.88396,2.72472,3.42162,3.07163,1.92608,0.0474583,-2.28595,-0.634558,0.368823,-0.270481,-1.16145,0.763865
