public/uploads/wind/vent_json/20200513/wind_field_14.json
{"header": {"parameterUnit": "m.s-1", "parameterNumber": 3, "dx":  0.051, "dy": 0.036, "parameterNumberName": "northward_wind", "la1": 45.3082, "parameterCategory": 2,"nx": 177, "ny": 123, "refTime": "2018-10-03 01:00:00", "lo1":1.38177}, "data":
[rows 28 to 55 of 123, columns 0 to 63 of 177]
1.81855,1.75204,1.70328,1.9509,1.9157,1.86068,1.8569,2.1816,2.26206,2.03203,1.84758,1.69714,1.90995,1.86655,1.28067,0.823481,0.629574,-0.126189,-0.849718,-0.991544,-1.53443,2.87627,6.37922,5.7866,5.08977,4.8065,5.19567,5.22556,5.05724,4.49034,4.4452,4.64957,4.38888,6.50191,7.80906,7.87274,7.37888,6.7969,6.38338,6.12064,6.06393,6.07381,6.05948,5.60223,6.40131,7.00972,7.1146,7.25112,6.2784,6.65709,6.72389,7.18899,6.65893,6.85754,6.45764,6.11952,5.92119,5.04293,5.53003,5.60215,5.28372,5.79616,5.48532,4.7302
0.336046,1.06011,1.33355,1.75127,2.24573,2.24789,2.25751,2.27835,2.53125,2.20622,1.54384,1.53767,1.76565,1.40367,0.788867,0.0423669,0.202555,0.0353619,-0.651975,-0.727155,-0.0535891,2.50367,4.26379,4.10747,4.70965,4.66611,4.64619,4.0634,4.57434,3.9861,3.41818,3.53857,3.63652,5.27525,7.07364,7.98342,7.72986,7.08451,6.6553,6.28644,5.98976,5.82628,5.26662,5.41292,4.98168,6.02116,5.26803,6.22924,5.94523,5.95606,6.46326,6.71662,6.62773,6.83485,6.48233,5.99276,5.72824,5.48946,5.50775,4.97889,5.46442,4.96136,4.92852,4.13032
0.515379,1.16848,1.50703,1.95209,2.36928,2.43248,2.3971,2.22405,2.34412,2.10516,1.467,1.31379,1.63219,1.69333,0.911119,0.127299,0.031605,0.15516,0.0618174,-0.312129,0.93021,3.01907,4.32132,4.10187,4.05994,3.6084,2.8921,2.49244,3.27309,3.5432,3.23223,3.10934,0.302487,0.368639,2.66205,5.58519,6.68896,6.82187,6.55344,6.22338,6.01075,4.59072,4.6958,4.73599,3.65457,4.45062,3.68765,4.71572,5.59317,5.76356,6.01094,5.89361,6.38855,6.51391,6.24141,5.06055,5.30779,5.2075,4.27147,5.30238,4.70575,3.68138,5.51597,3.71178
2.8102,2.19747,2.61242,2.71304,3.0797,3.20963,3.00545,2.58955,2.15497,2.08419,1.55865,1.48087,1.50399,1.7214,1.57195,0.933987,0.261725,-0.41789,-0.805986,-1.33475,0.74881,3.05892,3.29903,2.70248,2.97015,2.59438,0.929712,-0.761834,0.176443,0.35271,-0.00398361,-0.234182,-2.46849,-2.38736,-0.461039,2.47596,4.60558,6.05589,6.35013,6.03096,5.59143,3.774,3.43162,3.26951,3.06536,3.373,3.28849,3.6529,5.33288,5.46613,5.76723,6.07351,5.05768,5.06234,5.60691,3.89191,4.52123,3.97346,3.57269,4.76181,3.60896,3.50629,4.85121,3.35677
4.83198,3.66006,3.17003,3.60061,3.85824,3.64279,3.29359,2.87528,2.35801,2.07609,1.8105,1.50951,1.07957,1.38662,1.37027,1.18923,0.139943,-1.51272,-1.91365,-1.63314,-0.0173222,1.31366,1.97694,2.05186,1.74664,0.397484,-1.23031,-1.66038,-1.59211,-1.88588,-2.379,-2.45883,-2.29289,-2.28165,-0.479165,1.25672,3.07629,4.32767,5.6011,5.75785,4.91514,4.06008,2.71091,2.86706,3.02117,3.18005,3.18386,3.16033,4.71624,4.33427,4.97212,5.17846,3.34689,3.62717,4.89822,3.635,3.76014,3.52732,3.59911,3.67155,3.68126,3.63244,3.56543,3.35068
4.53823,3.14232,3.18277,3.42823,4.04372,4.08643,3.85297,3.12205,2.43192,2.17892,2.04554,1.83069,1.50955,1.38966,1.36853,0.90326,-1.12425,-1.81112,-1.44954,-0.915013,-0.212897,0.918236,1.01861,1.40952,1.27971,-0.888203,-1.18783,-0.911045,-0.75091,-0.833068,-1.2974,-1.99053,-2.56073,-2.76929,-1.3124,0.797014,2.24181,3.06447,4.2871,4.62047,4.81082,3.75017,3.13581,3.03449,2.93596,2.91522,2.76122,2.72875,3.41559,3.47238,3.61019,3.34173,2.85996,3.56734,5.46669,3.62238,3.76213,3.6082,3.63077,3.49082,3.95708,3.58662,3.16892,3.1955
1.82005,1.16201,1.91308,2.58013,3.32043,3.85682,3.98934,3.69291,3.2299,3.02846,2.84157,2.65313,2.6514,2.44585,1.9366,0.325352,-1.8646,-1.48089,-0.991395,-0.77853,0.190024,0.550772,0.739119,0.727734,0.296339,-0.689891,-0.62342,-0.624122,-0.549313,-0.494087,-0.755861,-1.08301,-2.20358,-2.66377,-2.17338,-0.205465,1.12652,2.12012,2.69997,2.94576,3.29216,2.38587,2.65423,2.85728,2.89803,2.76728,2.45487,2.46593,2.78823,3.01955,3.00121,2.91503,2.97765,3.75198,5.84076,3.60005,3.62879,3.54104,3.46974,3.37204,3.6171,3.29408,3.05103,3.01248
-1.00757,-0.537657,0.192115,1.47295,2.2647,3.18909,4.48997,4.37626,4.04593,3.77836,3.43052,2.8895,3.09109,2.71461,1.94208,-0.354593,-1.08276,-0.943733,-0.292456,-0.0287809,0.286072,0.552254,0.573474,0.269062,-0.284648,-0.979872,-0.759738,-0.0664001,0.223641,0.22494,0.309429,0.674927,-0.769223,-1.77223,-2.45888,-1.46949,-0.891653,-0.332231,0.249042,0.954723,1.05371,0.986157,1.36017,2.05496,2.61911,2.79578,2.63088,2.60474,2.79008,2.91372,3.00052,3.06429,3.18292,3.73993,5.16045,3.5156,3.76777,3.28617,3.27925,3.17498,3.10829,3.0547,3.11544,2.8225
-1.65316,-1.22032,-0.357863,0.75988,1.5259,2.52059,3.32643,4.01864,3.89574,3.59181,3.17523,2.91536,3.0612,2.83446,1.70996,0.366389,0.136216,0.0762855,0.521922,0.967044,1.44326,1.41103,0.565908,-0.0710635,-0.428582,-0.326098,0.0122477,-0.0528189,0.0298214,0.612875,1.47889,1.68606,0.78551,-1.00897,-1.54685,-2.06314,-1.76794,-1.9293,-1.30995,-0.548748,0.0666476,0.362913,0.539203,1.01217,1.68148,2.18267,2.47142,2.6959,3.00513,3.12455,3.12686,3.17691,3.21844,3.60127,4.92625,3.699,4.93594,3.09777,3.30719,3.06139,2.71273,2.80114,3.10421,2.68687
-0.921967,-0.706091,-0.337605,0.274092,0.869465,1.74757,2.60804,3.17764,3.24757,2.96125,3.39048,3.59653,3.2019,3.3344,3.20334,1.98087,1.16536,1.12596,1.47181,2.43267,2.15089,0.791066,-0.0503739,-0.141882,-0.193159,-0.193101,-0.44667,0.0688968,-0.0242746,0.0134408,-0.47226,0.13921,0.0052362,-0.527333,-1.31581,-1.67833,-1.17777,-1.35357,-1.14175,-0.70762,0.0250924,0.695794,0.885122,0.856235,0.939787,1.28983,1.63454,1.93362,2.38707,2.83784,3.01459,3.05199,3.10446,3.31777,4.28028,4.08974,4.97313,2.85153,3.35132,3.01864,2.68746,2.83096,3.03942,2.66838
0.407824,-0.193368,-0.27102,-0.0665701,0.278894,0.916174,1.5201,2.30474,2.84474,2.60258,3.45285,4.20743,3.48243,3.05259,4.09471,2.79391,1.33047,2.05984,2.62907,2.83027,1.46074,-0.394042,-0.18701,-0.144367,-0.351144,-0.849255,-1.08404,-0.916806,-0.70885,-1.38279,-3.5897,-3.59787,-2.92974,-2.14169,-1.45438,-0.941064,-0.764054,-0.728596,-0.671598,-0.424126,0.144119,0.868162,1.43345,1.31992,1.2008,1.16718,1.09285,1.13967,1.55549,2.14241,2.49758,2.86236,2.94346,2.80275,3.17939,3.91523,3.80007,2.84424,3.11698,2.67924,2.46731,2.50246,2.4673,2.33535
0.941425,-0.00393773,-0.151474,0.0135916,0.323548,0.859146,1.33844,1.48879,1.68253,0.848702,2.91489,3.74309,3.00457,1.59223,2.94559,2.80061,2.33834,2.97966,3.01708,2.10365,1.04541,0.641273,0.580853,0.414002,-0.202274,-0.943781,0.150997,0.292062,0.311653,-1.24589,-3.1446,-2.79317,-2.61185,-1.47433,-0.924219,-0.473591,-0.568327,-0.208186,-0.175078,-0.138251,0.257847,0.828146,1.19213,1.87874,1.80561,1.68319,1.60996,1.61621,1.75374,1.91417,2.57944,2.65808,2.51846,2.36629,2.73791,3.34023,2.96015,2.49651,2.26367,1.94319,1.90881,2.03052,2.21637,2.51659
0.269442,-0.269515,-0.196604,0.488521,1.21881,1.73995,1.67768,1.27028,0.731044,-1.39465,1.88586,3.87961,3.42767,1.95132,2.53134,2.8411,2.22645,2.03691,0.125982,-0.986795,-0.299117,1.17356,1.90296,1.7773,-0.873204,-1.99597,0.728395,1.61706,1.21136,-0.817366,-2.27648,-2.27095,-1.72563,-1.11155,-0.846877,-0.431633,-0.422474,0.0834538,0.583868,0.486188,0.776477,1.38716,1.03106,2.28926,1.58203,1.97061,2.33643,2.46754,2.24279,2.53449,3.6526,2.45025,2.63168,2.4669,2.50469,2.38198,1.99018,1.7309,1.76027,1.94496,2.12401,2.29611,2.44535,2.47164
-0.484338,-0.778398,-0.330706,0.72157,1.75014,2.25751,1.66811,0.98668,0.350921,-2.00641,-1.03363,1.06832,1.6867,2.56213,2.476,2.29799,2.52166,1.08659,-0.339956,-1.69446,-2.72576,-1.12472,-0.0750171,-1.16258,-3.6579,-3.50741,0.73222,2.225,1.78361,-1.4252,-2.09379,-1.67676,-1.87731,-1.37263,-0.600918,-0.283969,-0.151856,-0.326741,1.06586,1.17441,1.24352,1.52729,1.14403,1.76982,1.27742,1.99242,2.38276,2.81048,2.87281,2.95631,3.61027,2.47557,2.90224,2.193,1.91169,1.66046,1.69368,1.8859,2.22445,2.42786,2.45498,2.45973,2.34341,2.10653
-0.563211,-0.988152,-0.586377,0.445177,1.491,3.1816,2.81101,1.50534,-0.0461462,-1.24546,-2.04408,-2.04943,-1.52336,-0.0816455,-0.46662,-0.960917,1.28271,2.84697,1.84134,0.0852752,-2.13726,-2.98869,-2.70604,-3.19242,-3.76053,-3.75496,-1.23552,0.606798,-0.243485,-2.44052,-1.89368,-1.33334,-1.0007,-1.01016,-0.405224,-0.567544,-0.578968,-0.618609,0.560674,1.42624,1.7742,1.72674,1.74184,1.59906,1.59765,1.7479,2.08183,3.05746,3.74233,2.63602,2.64977,2.39638,2.49726,1.77051,1.90582,2.00178,2.31982,2.4829,2.51326,2.47619,2.60663,2.66532,2.4558,2.29972
-0.369237,-1.30619,-1.13469,-0.776904,-1.22169,1.91483,2.74393,2.17673,0.998413,-0.259599,-2.4359,-3.13429,-2.76405,-2.25413,-2.33304,-3.40818,-2.23012,-0.167393,1.10255,0.564697,-0.464539,-1.14586,-1.55068,-1.95447,-2.83576,-3.77407,-3.79678,-3.20674,-3.05516,-2.48517,-1.57283,-1.2606,-0.0333388,-0.842761,-0.287727,-1.06432,-0.728713,-0.467489,0.0548974,1.08486,2.00854,2.04911,1.99624,1.86669,1.82441,1.72216,2.55843,3.15736,3.35436,1.82215,1.88002,2.08859,2.10038,2.18432,2.50736,2.74336,2.77358,2.42222,2.08886,2.13985,2.33837,2.30397,2.03686,1.95035
-0.265256,-1.38063,-1.7201,-1.70145,-2.27916,0.0163438,1.9996,2.22376,2.47592,0.415181,-3.1677,-2.14524,-2.18412,-2.38659,-2.07293,-2.7741,-2.77366,-1.95101,-2.20087,-1.25043,0.0231135,-0.606367,-1.13554,-1.45139,-2.07671,-2.95463,-2.65213,-2.28402,-1.80194,-1.60351,-1.65942,-0.487928,-0.442268,-0.964626,-0.0493145,-0.128453,0.172229,-0.0657848,-0.450284,-0.0393555,0.959733,1.0152,1.19027,1.4521,1.72582,2.4033,3.52103,2.12819,1.82057,1.29201,2.05834,1.83627,2.37124,2.07759,2.54987,2.48587,2.144,1.76583,1.70589,1.73166,1.7929,1.88141,1.87042,1.86357
-1.37158,-2.52413,-2.81366,-2.98165,-3.41812,-2.24499,0.303014,0.850682,1.53822,-1.20816,-4.11201,-1.77353,-0.034848,-0.724596,-1.23236,-2.53033,-2.72753,-2.35814,-3.0499,-2.60598,-0.36555,-1.01171,-1.62935,-1.79779,-2.07338,-2.16211,-2.11312,-2.03943,-1.21649,-1.18215,-1.37449,-0.596488,-0.76106,-1.08208,-0.33251,0.72839,0.365634,-0.659996,-0.888062,-0.284293,0.541015,0.66802,0.479156,0.555843,1.51297,2.78899,2.8257,1.39505,1.02851,1.99361,3.10226,1.87165,3.19562,1.10293,1.69747,1.41292,1.60143,1.82996,1.85525,1.75973,1.81038,1.92258,1.86872,1.75333
-4.52869,-3.61444,-3.84863,-3.34375,-3.45957,-3.55891,-3.20413,-2.62219,-0.469829,-2.27157,-4.7314,-3.91031,1.4311,1.97995,-0.230606,-1.78027,-2.79882,-3.20231,-2.67947,-2.15639,-0.881853,-0.770027,-0.916159,-1.31676,-1.5406,-2.01361,-1.86843,-1.99774,-1.54565,-0.583306,-0.621575,-0.536494,0.0799789,-0.645197,-0.452107,0.421935,0.0430987,-0.897425,-0.129555,0.640139,1.09361,0.47938,-0.0345562,0.480224,1.98866,3.0646,1.70756,2.28625,1.34862,2.59661,2.6159,2.07291,2.71722,0.698412,1.40149,1.55442,1.79496,1.56921,1.43129,1.46307,1.27065,0.993488,1.00257,1.01791
-5.64077,-5.22592,-4.45822,-4.14053,-3.64586,-3.28346,-3.49033,-3.38762,-2.72409,-3.16965,-4.8041,-4.91481,-1.14179,1.2234,-0.70785,0.503122,0.084257,-1.12551,-2.04973,-2.07819,-1.40786,-0.967888,-0.876807,-1.01182,-1.4154,-1.62105,-1.92452,-2.10793,-1.94659,-1.13893,0.547,0.187499,0.0229671,-0.693963,-0.469138,0.428411,0.469869,0.338879,0.976887,1.36335,0.885486,0.405909,1.07519,1.5929,2.17092,2.55923,1.7591,2.49037,2.21946,2.69753,1.86573,1.8773,1.33082,1.20408,1.83095,1.69243,1.38641,1.09102,1.19407,1.15963,1.00363,1.03675,1.17137,1.17404
-5.32798,-4.84437,-4.57027,-3.85053,-3.20253,-3.28104,-3.30436,-3.47706,-3.14142,-3.53063,-5.18631,-4.96858,-3.8534,-2.66628,-3.24954,-2.08011,1.16222,0.298171,-0.938195,-0.964835,-0.762017,-0.471028,-0.861243,-1.1923,-1.54798,-1.77221,-1.70331,-1.65639,-1.33057,-0.94544,-0.789554,0.64956,0.0158049,-0.672094,-0.514713,0.599515,1.09927,1.25349,1.72241,1.98618,1.07721,1.84763,2.5714,1.53913,1.79572,2.05762,2.542,1.79666,2.57606,2.01908,1.3289,1.04904,1.01889,1.5168,1.41372,1.20756,1.17592,1.34288,1.40847,1.50362,1.46156,1.23014,0.943732,0.696854
-4.61324,-3.87043,-3.59446,-3.60797,-3.21195,-3.10792,-3.29656,-3.11499,-2.65172,-3.87173,-5.00415,-4.77227,-3.82199,-4.59066,-5.44333,-5.50074,-2.58811,-1.15408,-0.433161,0.184237,0.303436,0.354097,-0.374585,-0.855713,-1.57971,-2.00131,-2.18648,-2.07361,-1.68997,-1.38962,-2.37277,0.309783,-0.269881,0.300554,0.346564,0.836222,1.47277,1.71095,1.95632,2.10588,1.10262,2.14718,1.90212,1.01632,1.53741,2.04514,2.6064,1.43465,1.96395,0.652522,0.633066,0.532509,0.805086,0.468621,0.487111,0.780481,1.04819,1.26926,1.44512,1.24098,0.994075,0.782553,0.348296,0.0733331
-2.92647,-2.80564,-2.99431,-3.16783,-3.25669,-3.3735,-3.28084,-2.93666,-2.78775,-3.63646,-4.65002,-4.31673,-3.24536,-4.34418,-5.89808,-6.29168,-3.97693,-1.39061,-0.385943,0.189047,0.346217,-0.0256125,-0.256973,-0.585175,-1.0018,-1.5987,-1.83707,-2.02547,-2.27264,-2.4466,-3.42222,-1.18839,-1.07273,0.142302,0.269972,0.269041,0.821658,1.33702,1.35606,1.13147,-0.608124,0.440438,0.406276,1.19556,1.65788,1.50229,1.72531,0.836402,0.78909,0.34068,0.928148,1.19099,0.297293,0.51063,0.772115,0.874156,1.00998,1.13912,0.504957,-0.00975061,-0.0602771,0.264793,0.720141,1.33126
-2.6002,-2.86738,-2.93456,-3.32074,-3.5023,-3.43608,-3.35984,-3.23794,-3.62697,-4.65509,-4.97803,-4.12676,-2.91109,-4.19693,-5.14155,-4.9851,-2.56242,-0.712199,-0.263938,0.088627,0.0887651,-0.0812131,-0.0684034,-0.39556,-0.715036,-0.982814,-1.21691,-1.39553,-1.58062,-2.32897,-3.87056,-2.18619,-1.63458,-1.16577,-1.08117,-0.825419,-0.217471,0.294651,0.306325,0.203665,-0.651024,0.183867,0.767397,1.44092,1.88768,0.230139,0.621722,0.498438,0.772827,1.28753,1.72232,1.72524,-0.235156,1.03571,0.950203,1.38018,1.36727,0.470778,-0.296681,0.1504,0.644954,0.754137,0.924045,1.00126
-3.10119,-3.32199,-3.43725,-3.58478,-3.92989,-3.75383,-3.69139,-3.81862,-4.09177,-4.7086,-4.71078,-3.68538,-3.21589,-4.20347,-3.92677,-3.68719,-0.747551,0.724674,0.689985,0.96637,1.21915,0.8987,0.372596,-0.195291,-0.458093,-0.764586,-1.47315,-1.77693,-2.00674,-2.83282,-3.49859,-2.55102,-2.15463,-2.18117,-2.17372,-1.78963,-1.16265,-0.478187,0.0294206,0.223638,0.634519,0.997186,1.53947,0.81443,1.10019,-0.233351,0.260136,0.854246,1.30863,1.31022,1.07476,0.851417,0.0613423,0.888291,1.02715,1.30123,0.931309,0.891785,1.2523,1.62244,1.50159,1.02548,0.543266,0.0944695
-3.81554,-3.88975,-3.91237,-4.00089,-3.87483,-3.69817,-3.83623,-3.83311,-3.89762,-3.94987,-3.72189,-2.99259,-3.15538,-4.06415,-4.00319,-3.4889,-1.71303,0.94655,1.81074,1.40888,1.70252,1.48071,0.884718,0.64836,0.548091,0.079267,-0.371067,-0.761471,-1.09348,-1.45838,-3.07477,-2.29202,-2.2897,-2.12267,-2.17529,-1.99976,-1.74876,-1.24288,-0.702028,-0.216497,0.296294,-0.0715463,0.472531,-0.208502,-0.458035,0.0865371,0.518698,0.972603,0.981385,0.554428,0.184993,0.273215,0.557648,0.625296,0.377522,-0.112787,0.07379,1.06806,1.50843,1.24825,0.575595,-0.160229,-0.203141,0.0863678
-3.94379,-3.93047,-3.89811,-3.79131,-3.65464,-3.48107,-3.42266,-3.28813,-3.34481,-3.40189,-3.35292,-2.99184,-3.4616,-3.77509,-3.4478,-3.71158,-3.19735,-1.95247,0.69979,1.53177,1.60676,1.14937,1.12649,1.4742,0.426012,-0.452616,-0.659659,-1.25578,-1.08563,-1.66439,-2.43162,-2.22929,-2.39786,-2.18674,-2.19949,-2.17334,-2.27741,-2.1097,-1.48482,-0.582781,-0.209651,-0.862021,0.290057,0.533741,-0.591421,0.266223,0.511799,0.511853,-0.338351,-0.166037,0.424088,0.901221,1.22107,0.880357,0.123871,-0.0582505,0.0291457,-0.286394,0.134474,0.34923,0.445307,0.689922,0.527056,-0.370321
-3.25093,-3.64112,-3.64253,-3.65361,-3.50755,-3.37507,-3.42814,-3.0241,-3.0631,-3.23885,-3.01576,-3.12398,-4.27824,-3.99314,-3.509,-2.79167,-2.30443,-2.85992,-1.4444,1.52182,1.30916,0.704679,0.563158,0.0769893,-0.817508,-0.308289,-0.0634621,-0.176867,-0.707858,-1.21753,-1.77906,-1.88863,-2.24343,-2.2181,-2.08416,-1.89666,-1.95053,-2.2137,-2.14596,-1.72997,-1.54005,-1.65382,-0.841633,-0.252753,-0.524113,-0.161717,-0.347101,-0.00764575,0.194191,0.643802,1.22329,1.31069,0.583216,0.0162229,0.174294,0.315375,0.0112738,-0.310973,-0.422399,-0.552961,-0.337936,0.158514,0.252714,0.227728
