public/uploads/wind/vent_json/20200513/wind_field_10.json
{"header": {"parameterUnit": "m.s-1", "parameterNumber": 3, "dx":  0.051, "dy": 0.036, "parameterNumberName": "northward_wind", "la1": 45.3082, "parameterCategory": 2,"nx": 177, "ny": 123, "refTime": "2018-10-03 01:00:00", "lo1":1.38177}, "data":
[rows 84 to 111 of 123, columns 0 to 63 of 177]
0.954958,0.896747,0.754986,0.674358,0.460576,0.0905533,-0.057305,-0.11814,-0.163317,-0.257486,-0.412268,-0.53041,-0.438996,-0.0837264,0.221701,0.364837,0.231621,0.23259,0.288087,0.24932,-0.128219,-0.555014,-0.558001,-0.663454,-1.02709,-0.991785,-1.07103,-1.22991,-1.53492,-0.779071,1.76486,3.56012,4.58435,4.17584,3.32309,2.52095,1.17258,1.34862,1.3428,0.780781,1.24962,2.09007,2.23296,2.61138,2.09898,1.67022,2.23644,2.71431,2.55812,2.59176,2.11342,1.67884,1.76208,1.62066,1.87058,1.59428,1.58464,1.29659,0.792633,0.348523,-0.688098,-1.37985,-1.62094,-2.02355
1.15818,1.10321,1.07848,0.942025,0.743079,0.308349,0.11535,0.0610591,0.076627,0.0898129,0.0222354,0.101531,0.457705,0.877354,1.09759,1.15072,1.18513,1.07688,0.919594,0.678177,0.477571,0.462787,0.268883,-0.310128,-1.09825,-1.70359,-1.45346,-1.26628,-1.41599,-1.65475,-0.690542,2.42124,4.01681,3.95138,3.09786,1.69932,0.289019,1.06817,2.16188,1.86919,1.84493,2.98595,3.32086,2.60508,2.1465,2.04722,2.31377,2.63794,2.44131,2.3251,2.21177,1.71514,1.88567,1.86181,2.05098,1.86788,1.85821,1.48972,1.42315,0.305516,-0.849879,-1.20518,-1.72091,-2.01905
1.27145,1.20207,1.14585,1.07878,0.974997,0.657108,0.281956,0.0101698,0.267828,0.445637,0.393523,0.393105,0.72941,1.26781,1.55816,2.03577,2.09689,1.90364,1.97,2.00566,1.84969,1.45357,0.943954,0.241635,-0.49657,-1.02791,-1.21534,-1.08244,-1.14699,-1.52622,-2.34809,-0.750415,2.1343,3.38292,3.23313,1.7702,1.14604,1.44515,2.62198,2.79903,1.95728,2.4939,3.14545,2.9669,2.8383,2.0687,1.6537,2.17304,2.10266,2.6965,2.51767,1.76039,1.90722,2.27658,2.51352,2.27007,2.2874,1.799,1.92113,1.10132,-0.284097,-0.766777,-1.24211,-1.62033
1.11834,1.04464,1.06929,1.05605,1.07362,0.935134,0.67529,0.499524,0.635232,0.857177,0.864497,0.639338,0.635143,0.953039,1.93516,2.34628,2.43643,2.34256,2.27882,2.2789,2.53705,2.5012,1.98475,1.31649,0.910149,0.349128,0.0709541,-0.264364,-0.867426,-1.20597,-2.16851,-2.26304,-0.184568,2.1299,1.95882,2.03426,2.43302,2.64366,3.16445,3.06648,1.97592,1.61581,2.58032,3.14723,2.93905,1.49578,1.03476,1.81353,2.03604,2.80771,2.44081,1.58857,1.94727,2.38883,2.76673,2.43007,2.38975,2.18603,1.59102,0.165992,-0.330296,-0.436071,-1.07538,-1.88079
0.568188,0.599942,0.701419,0.829892,1.06957,0.986719,1.14668,1.12808,1.37384,1.57713,1.42563,1.17669,0.927188,1.13974,1.87589,2.25003,2.38091,2.5139,2.51568,2.8321,2.93868,2.76704,2.83009,2.677,2.55332,2.65897,2.3933,1.7136,0.707799,-0.0153575,-0.998359,-2.26391,-1.16027,1.69715,1.9544,2.81158,3.58476,3.83272,3.691,2.93264,1.93829,1.27327,1.63975,2.06955,1.73433,0.839903,1.30188,1.77623,2.18747,2.97561,2.40579,1.65552,1.76061,2.34564,2.70218,2.33012,2.02579,1.90237,1.05268,-0.288606,-0.343774,-0.369475,-0.74853,-1.70396
0.0849603,0.223844,0.429146,0.786624,1.09769,0.790167,0.993061,1.31266,1.74182,1.83602,1.75498,1.82813,1.70484,1.65593,1.74277,1.88009,2.19829,1.9846,2.19287,2.50163,3.09703,3.33179,3.36603,3.27905,3.36953,3.25236,3.52769,3.45952,2.47228,1.66877,0.410874,-1.21872,-0.95062,0.725702,1.95828,3.013,3.54378,3.868,3.75114,2.81168,1.97036,0.833418,0.531848,0.62724,1.04728,1.64893,2.05371,2.44874,2.75823,2.75649,2.52316,2.30704,2.57077,2.04216,2.31997,1.90514,2.10071,2.25416,1.1143,0.0992852,-0.176856,-0.106642,-0.541776,-1.55025
0.0108036,0.239159,0.521409,0.889197,1.17497,1.10227,1.33906,1.57379,1.96752,2.06794,1.74641,1.98047,1.85302,1.79741,1.32139,1.24322,1.71463,1.86994,2.29215,2.47956,2.49278,2.88487,3.56031,3.49916,3.2609,3.45869,3.71168,3.3731,3.03373,2.59972,1.01217,0.121953,-0.167078,0.555871,2.13659,2.69293,3.05058,3.4141,3.57723,3.19651,2.26864,1.04983,-0.0381198,-0.590214,0.0700775,1.87327,2.8279,3.15525,2.97872,3.06911,3.06508,3.15894,3.06839,1.96992,1.72766,0.923696,1.10384,1.87676,1.01564,0.156703,-0.149936,-0.447124,-0.509347,-1.19691
0.343493,0.574946,0.913628,1.40689,1.58124,1.73077,1.92229,1.99277,2.47147,2.13864,1.99242,2.20839,2.27502,2.10828,1.70135,1.0733,1.19545,2.10647,2.28298,2.15102,2.5625,2.95731,3.0153,2.69451,2.33079,2.75809,3.23555,3.14222,2.93787,2.54981,2.41856,1.9155,2.00846,2.02485,2.46839,2.96484,3.38855,3.78112,4.13465,3.6973,2.63317,1.87484,-0.0374343,-0.872921,-0.694801,0.598545,2.46814,3.18528,2.88591,3.13472,3.20125,3.0017,2.4585,1.64945,1.23175,0.398961,0.347444,0.940651,0.522247,0.497325,0.185467,-0.280718,0.00622988,-0.750719
0.851091,1.05685,1.47679,1.98034,2.3286,2.56317,2.48718,2.35601,2.78362,2.92926,2.71425,2.79206,2.68855,2.67523,2.38774,1.80269,2.00489,2.49779,2.99568,2.89554,2.8403,2.78456,2.95343,2.3689,1.89194,2.15924,1.98738,2.68092,3.27778,3.5878,4.09392,4.19916,4.10605,3.36487,3.19622,3.14438,3.23355,3.30338,3.47069,3.25377,1.69919,0.939211,-0.0107867,-0.168951,-0.0100164,0.00489164,1.50839,2.93611,2.95545,3.17813,2.45582,1.61981,1.20873,1.4713,1.48754,0.886971,0.421978,0.843985,1.01105,0.838378,0.509232,0.288043,0.620922,-0.34968
1.27847,1.50987,1.90922,2.48717,2.71179,2.62733,2.80214,2.57762,3.14249,2.64316,3.42103,3.54651,3.64742,3.32896,3.26231,3.23809,2.95518,3.43886,3.54932,4.08792,4.06767,3.84368,2.34741,1.50486,1.74396,1.31086,2.62213,3.1457,3.42429,3.42045,3.49902,3.61617,4.16328,3.45135,3.4267,3.11063,2.90891,2.4337,1.83131,1.88192,0.598458,-0.244681,-0.227308,0.417776,0.506295,0.0478453,0.464295,2.82399,3.34758,3.2787,2.33175,1.58114,0.834401,0.387648,0.476964,1.43037,1.4469,1.61533,1.4376,1.34413,0.721703,0.969249,0.990538,-0.14371
1.64652,1.99673,2.36154,2.74097,2.68695,2.94777,3.22733,2.9261,2.71498,3.38838,3.89627,4.20815,3.72362,3.67331,4.07822,4.2885,4.37783,4.1892,4.38832,4.57641,4.3618,3.01704,1.32097,1.29926,2.0231,2.44739,2.44399,2.57949,2.85845,2.28651,2.53718,3.29585,3.64712,3.38257,3.4729,2.98295,2.64692,1.76364,0.995062,1.1749,0.141304,0.164484,1.03661,1.67912,1.43597,0.379629,-0.41369,1.70607,3.2954,3.593,3.08592,1.96519,0.330061,0.00942863,0.0797922,0.818962,1.51837,1.50603,1.23975,1.5527,1.41245,1.37708,0.739456,-0.307374
1.95465,2.2442,2.52827,2.89619,2.7227,2.64133,3.41367,3.0294,3.0625,2.97382,3.94166,4.3026,3.92768,3.51865,3.98828,4.78066,4.04632,4.33202,4.12132,4.00092,3.7314,2.64935,0.180801,0.522765,1.253,1.3915,1.17162,1.16981,0.906789,1.10516,2.28993,2.06313,1.91765,2.03691,1.82894,2.35155,2.44855,2.00099,1.54354,2.04398,1.75925,1.73838,1.81968,1.42306,1.66635,1.18462,0.847046,0.517028,1.63488,2.56598,2.47264,1.14894,0.108104,0.214664,0.372507,0.634107,0.636113,0.777358,1.08542,1.62086,1.42604,1.23711,0.0905718,-0.582572
2.16409,2.53186,2.72166,2.93323,3.24637,3.51182,3.49493,3.12448,2.94016,3.68933,3.21677,3.97587,3.17388,3.47056,3.73093,4.11143,3.36949,3.48666,3.61859,2.8892,2.44699,1.3542,0.621933,0.0194771,-0.115038,0.294483,-0.0420725,-0.258262,0.452182,1.07428,1.36379,0.830656,-0.016859,-0.315603,-0.0114657,0.877906,1.7803,1.78427,1.98334,2.28977,2.30177,2.27722,1.65278,0.900664,0.893161,0.953737,0.220693,-0.45428,0.615142,1.23438,1.40131,0.78111,0.997332,0.987021,0.764962,0.965943,1.2513,1.54642,1.60141,1.27246,1.0318,0.293602,-0.326148,-1.2009
2.26671,2.26018,2.22609,2.55115,3.24911,3.39359,3.57464,3.67962,3.96763,3.90067,3.97366,3.51972,3.43104,2.53869,2.46332,2.82233,2.82702,2.94167,2.41843,1.33653,1.75238,1.13515,0.324161,0.47828,0.65433,0.766573,0.9956,0.951133,0.809678,1.05951,1.01587,0.354697,-0.112236,-0.590575,-0.833548,-0.561078,0.0989985,0.90268,1.07257,1.27291,1.57878,1.08491,0.890823,0.497533,-0.246231,-0.523403,-0.965893,-0.104524,1.17631,1.38414,1.66873,1.70679,1.80092,1.28008,1.09591,1.38984,1.74847,1.94056,1.76974,1.24397,0.633918,0.154924,-0.21032,-0.719765
2.39175,2.09925,1.79366,2.06476,2.43866,2.61829,2.89442,2.8044,2.76193,3.11238,3.00195,2.55567,0.756503,1.64493,2.59375,2.19121,0.877835,0.722912,0.472931,-0.0928346,0.10586,-0.152372,-0.0968538,0.384492,0.748586,1.25519,1.41173,1.49464,1.76465,1.69313,1.71541,1.52058,1.04798,0.653649,0.0129437,-0.302227,-0.407456,0.549628,0.692904,0.708101,0.514877,0.201037,-0.0457092,-0.342112,-0.49729,-0.62053,0.297003,1.15542,2.07604,2.20281,2.09186,1.9735,2.21326,1.55168,1.23136,1.57563,1.84708,1.97702,1.64826,1.3108,0.58918,0.515585,0.574377,0.364324
3.51368,1.95252,1.93357,1.9509,1.8446,1.6113,1.67434,1.46528,0.944843,0.299484,0.259721,0.226919,-0.522799,0.0762307,0.852929,-0.0275624,-0.346728,-0.188574,-0.0308248,-0.220141,-0.282742,-0.415087,-0.193063,0.102577,0.742133,1.43705,1.9841,2.19313,2.38201,2.77247,2.34392,1.53935,1.36341,1.72381,1.78441,0.901794,-0.0569965,0.836089,1.22646,1.22483,1.11097,1.04788,1.03332,1.18011,1.26263,0.687441,0.457809,1.17529,2.12203,2.3217,2.14668,2.05255,2.12458,2.21485,2.17637,2.17154,2.35638,2.03137,2.02439,1.49917,0.993797,0.794972,1.79575,1.44124
3.1676,2.40692,2.29504,2.04373,2.07686,1.80566,1.31999,1.0792,0.398157,-0.542482,-1.12959,-0.750628,-1.11069,-0.438286,-0.0927434,-0.10886,0.494976,0.626047,0.737415,0.549373,0.61371,0.743397,0.870358,1.1286,1.58842,2.06075,2.51495,2.60733,2.82321,2.40604,2.13305,1.25495,1.42494,1.78528,2.533,1.93668,0.810505,1.33989,1.68845,1.61359,1.4079,1.42892,1.64329,2.32599,2.43524,1.67801,0.83575,0.880163,1.79162,2.43604,2.1257,2.11098,2.70429,3.28437,3.26095,2.97133,2.31359,1.85452,1.79879,1.55663,1.05569,0.984309,2.47777,2.53972
2.95222,2.8468,2.63124,2.36721,2.39898,1.78742,1.25545,0.979524,0.613335,-0.155517,-0.838797,-0.962642,-1.03391,-0.696787,-0.210985,0.400255,1.10953,1.22097,1.62045,1.73424,1.82676,2.03452,2.31544,2.52782,2.93902,3.08729,3.22549,3.37376,2.93183,2.27295,2.00248,2.57144,2.41681,1.44092,1.9497,2.42477,2.26146,2.05173,2.00051,1.54729,0.582828,0.0535706,0.721833,1.72268,2.10506,1.96713,1.00621,0.562274,2.20323,1.98461,1.07146,0.951267,1.48472,2.7428,2.45011,2.09678,1.62633,1.28847,1.47519,1.62783,1.48093,1.72689,2.96922,3.08255
3.34676,3.19125,2.98902,2.87732,2.59997,2.19113,1.58694,1.08608,0.789863,0.408332,-0.0484999,-0.481581,-0.950034,-0.642152,-0.308188,0.690391,1.30983,0.960054,1.25679,1.34718,1.44334,2.10166,2.89225,3.46734,3.9494,3.69913,3.6318,3.4857,2.95947,2.78477,3.36731,3.44525,2.16751,1.08384,1.60045,2.7309,2.83967,2.65818,2.33893,1.59159,0.594056,0.119843,0.452112,0.775624,1.14888,1.02382,0.0443797,0.452142,1.96308,0.703668,-0.260187,-0.191314,0.039847,0.829017,0.933025,1.33307,1.2915,1.51162,1.5565,1.75364,2.52876,3.17007,2.54751,2.40964
3.87648,3.59942,3.36435,2.89141,2.89829,2.60223,2.2046,1.72715,1.29391,0.944888,0.545612,-0.305219,-0.746466,-0.769369,-0.512223,0.397597,1.0456,0.66895,0.510862,0.903112,1.33674,1.68695,2.62547,3.71848,4.46373,4.14493,3.86511,3.90257,3.36452,3.40192,3.69651,2.57378,1.59029,1.15388,1.68937,2.67253,2.93523,2.8064,2.34147,1.76612,1.22132,1.01173,0.712611,0.494489,0.707424,0.275641,-0.416041,0.52481,1.07886,0.404187,0.11176,-0.396719,0.99924,1.30576,1.34949,2.09584,1.91495,2.01154,2.27044,2.85651,3.51283,3.11869,1.26928,1.24744
4.28863,4.0652,3.70796,3.40009,3.17941,3.06474,2.89173,2.5945,2.26036,1.71187,1.20057,0.596014,0.00179521,-0.110198,-0.14961,0.364636,1.27357,1.2544,0.93659,1.29056,2.19395,2.50228,2.24856,1.90403,3.95596,3.84942,4.21261,4.12111,3.89944,3.94911,3.11439,2.03676,1.98741,1.71506,1.68302,2.69619,3.05954,2.87392,2.51198,2.07906,1.79922,1.79035,1.43531,1.01519,0.446566,-0.390673,-0.333159,0.529526,0.603222,0.752826,0.645463,0.027196,0.765228,1.64494,2.10633,2.16845,2.35743,2.76916,3.44578,3.99149,3.84985,2.84147,2.058,1.8469
4.54592,4.36945,4.04031,3.66945,3.50415,3.47637,3.45553,3.51675,3.15113,2.68522,2.27945,1.84656,1.14345,0.726496,0.794845,0.805063,1.7018,2.12495,2.08431,2.44964,3.26517,3.2194,2.27495,1.0181,1.70445,3.21707,4.44187,4.41092,4.45725,3.65454,2.43121,2.31939,2.59886,2.0746,1.86606,2.45921,2.99452,2.76168,2.57407,2.74475,2.48436,2.55516,1.8338,0.994208,0.0545364,-0.538111,0.0902888,0.635767,0.905138,1.14086,0.928135,0.148639,-0.234771,0.859965,2.13993,2.55464,2.66761,3.31133,4.08268,3.83921,3.4751,3.28423,3.0087,2.6903
4.59862,4.42828,4.36676,4.17594,4.10632,3.99904,4.1761,3.98506,3.81411,3.24596,3.47328,3.1688,2.56566,2.06535,1.50885,1.61535,2.59168,2.76296,3.1888,3.52455,3.3609,2.82028,2.23895,0.900173,1.52941,1.86839,3.07485,3.90564,3.82869,2.65448,2.42006,2.82748,2.8641,2.17451,1.75355,2.62789,3.54689,3.05657,2.91293,2.86308,2.97059,2.78981,1.77198,0.528379,-0.279549,-0.143301,0.441259,0.882621,1.45869,1.5003,0.695295,-0.25274,-0.26284,0.575052,1.63807,2.69434,2.74548,2.28729,2.75555,3.1138,3.14222,2.87555,2.53707,2.26949
4.49191,4.87595,4.61148,4.22702,4.3282,4.33774,4.56174,4.37327,4.23208,4.20091,3.73889,4.05984,3.41229,2.64711,2.4506,2.6915,3.14519,3.31884,3.57272,4.20074,4.40458,3.4994,2.62045,1.54265,1.56848,0.92843,1.96122,2.07667,1.51684,0.720518,1.032,1.68071,2.33089,2.41176,2.13101,2.60008,3.34493,3.23212,2.9729,3.3214,3.45702,2.89001,1.34976,0.418529,0.0818373,0.394083,0.832973,1.64199,1.99772,1.28663,0.401566,0.196476,0.252196,0.774281,1.63348,1.80407,1.19118,-0.161336,0.868754,2.81489,3.05404,2.7645,2.59161,2.3973
4.40781,4.24681,4.02712,4.44053,4.26139,4.55782,4.46956,4.0884,4.24406,3.74408,3.45575,3.75968,3.34452,3.42061,3.0198,3.52354,4.21725,3.80379,3.85656,4.4545,4.79153,4.00501,3.07817,1.4964,1.72973,1.40121,0.272809,0.0383852,-0.159245,-0.622378,-0.75779,-0.55779,0.63821,2.10502,1.99794,2.45664,3.96092,3.45596,3.68738,3.58665,3.99489,2.67104,1.46768,0.810868,0.721271,0.909335,1.43442,2.43253,2.28738,1.41187,1.10852,1.1702,0.858208,0.771834,0.91428,0.636316,-0.0324205,-0.923964,0.00207722,1.84196,3.05199,3.34697,3.3426,3.25253
4.10053,3.99759,4.67988,3.88613,4.2626,3.71716,4.21015,4.39186,3.51819,2.76179,2.68247,3.10365,3.27881,3.57445,4.09475,4.09724,4.20261,4.31977,3.86319,4.98613,4.87966,3.82417,3.33552,2.19343,1.91049,1.82184,0.969581,-0.7366,-0.483484,-0.0852102,-0.600813,-0.732027,-0.362175,0.483931,1.50438,2.09477,3.51489,3.50542,3.80192,4.14225,3.57553,2.30348,1.53974,1.44244,1.49227,1.70522,2.23876,2.45736,2.10562,1.86152,1.92736,1.80262,1.47078,1.01117,0.621473,0.620028,0.392349,0.359915,0.705598,1.80545,3.25748,4.04024,4.58359,4.54724
4.71767,3.65046,3.30928,4.08508,4.28823,4.34025,4.08868,2.74644,2.27792,2.6873,3.17596,3.25253,3.29123,4.15311,4.35993,4.21107,4.77859,3.68924,3.66274,3.7625,3.29493,2.99391,3.01506,2.83794,2.7409,2.1732,0.704287,-0.60675,-0.0203439,0.771028,0.902113,1.27191,0.735883,0.310967,0.59286,2.1705,4.03492,3.68415,4.04364,4.22841,2.88624,2.40645,2.48782,2.02883,2.34651,2.59788,2.42932,1.41381,1.09012,1.81694,2.24034,1.97734,1.71965,1.34161,0.669117,0.791729,1.24876,1.60233,1.80348,2.53001,3.35462,3.76917,3.73735,4.08087
3.59488,3.27757,3.55696,3.78526,3.837,3.18719,2.61978,1.02997,0.766329,1.17727,2.40553,2.75931,3.12556,3.77627,4.67158,4.09166,3.44606,3.71347,3.56037,3.99939,3.23514,3.40665,3.19364,3.10759,2.8171,2.7729,2.10762,1.16401,1.7578,2.48235,2.95449,3.05843,2.04516,1.06732,1.59172,2.83758,4.3437,4.16568,4.29878,3.9541,3.25164,3.29567,2.72439,1.84929,2.77767,3.05359,2.15297,0.202798,-0.355524,1.29818,1.83136,1.61949,1.37272,1.19744,0.886475,1.07677,1.3167,1.4167,1.6454,2.1505,2.84476,3.02332,3.30708,2.91122
