public/uploads/wind/vent_json/20200513/wind_field_18.json
{"header": {"parameterUnit": "m.s-1", "parameterNumber": 3, "dx":  0.051, "dy": 0.036, "parameterNumberName": "northward_wind", "la1": 45.3082, "parameterCategory": 2,"nx": 177, "ny": 123, "refTime": "2018-10-03 01:00:00", "lo1":1.38177}, "data":
[rows 29 to 57 of 123, columns 0 to 64 of 177]
0.435953,0.117548,-0.424345,-0.908623,-1.21053,-0.4524,-0.583668,-0.88394,-1.25182,-0.27631,-0.453277,-1.09241,-1.29373,-0.166863,0.0684136,-1.47292,-1.59946,-0.110454,0.206339,-0.264412,-0.577057,-1.4277,-1.12459,-0.272618,0.000761987,1.26399,2.02657,1.16337,1.48678,1.16464,0.573725,-0.94319,-1.52406,-1.24129,-0.81638,-0.0852252,0.627331,1.11394,1.29307,1.68675,1.97878,2.222,2.09713,2.35589,2.38338,2.62277,2.6554,2.98556,3.14224,2.95178,3.07053,3.22264,3.55037,3.66118,3.71851,3.70657,3.67593,3.80944,3.83877,3.99355,4.31954,3.63459,4.09146,3.88994,3.16602
-0.0258899,-0.426065,-0.863811,-1.11173,-0.680549,0.0913396,0.256339,-0.128718,-1.07428,-0.974239,-0.650534,-0.961939,-1.10132,-1.24531,-0.979208,-1.52363,-2.86761,-3.44173,-2.92031,-1.41308,-1.89016,-3.57387,-3.40853,-1.38158,-0.741645,-0.414872,1.3767,2.25607,2.05091,1.74205,0.508548,-0.746523,-0.322642,-0.412602,-0.621341,-0.318056,0.0135189,0.520133,0.480826,0.711203,1.11817,1.58835,1.98941,2.23252,2.55289,2.61639,2.78832,2.89098,2.93021,3.2605,3.17479,3.44409,3.50254,3.68381,3.52923,3.95115,3.76625,3.88206,4.06318,4.26467,3.80844,3.99675,3.95623,3.56805,4.0367
-1.88591,-1.77677,-2.07614,-1.61382,-0.644165,0.23387,0.496972,0.184686,-0.514287,-0.550849,-0.168191,0.00911643,-0.579839,-1.50662,-1.9519,-1.23648,-0.470115,-0.255861,-0.222602,-0.954414,-2.78262,-2.95309,-3.04932,-2.08561,-0.817377,-0.588893,-0.162549,0.138782,0.569436,0.306759,-0.371479,-0.969666,-0.777447,-0.599546,0.142354,-0.535356,-0.196125,0.172364,0.322672,0.188345,0.402409,0.91564,1.42716,1.89359,2.24762,2.64889,2.94295,3.07685,3.21292,3.29551,3.48202,3.71606,3.41249,3.45201,3.75892,3.91328,3.86388,3.83644,4.08427,4.11934,3.42908,3.67512,3.58128,4.00866,4.09322
-3.81968,-3.41772,-2.61082,-3.21149,-1.45017,-0.548701,-0.209484,-0.261704,-0.542795,-0.016822,0.592195,0.66894,-0.667406,-2.46972,-3.39437,-2.18907,0.745279,2.85608,0.65631,-2.8939,-1.76322,0.439019,-0.270409,-0.869958,-0.668618,0.238637,0.347277,0.0636921,0.198695,0.112357,0.444395,0.206124,-0.198526,-1.46501,0.124508,-0.80972,-0.663928,-0.374017,0.104091,0.169779,0.175746,0.419132,0.765964,1.2947,1.70622,2.11697,2.71077,3.01356,3.40784,3.5511,3.62015,3.2812,3.85523,3.76721,4.07167,3.75779,3.87222,3.95448,3.57513,3.91534,3.64023,3.2137,3.86708,3.98109,3.6323
-4.49934,-3.78133,-3.44944,-3.41562,-2.33879,-1.61318,-1.23055,-1.04841,-1.05315,-0.597689,-0.0641106,-1.05407,-2.3001,-2.56596,-3.17302,-1.98536,0.505082,2.76518,0.449514,-0.718502,0.262104,1.93855,1.75265,0.503906,-0.296525,-0.348459,0.367838,0.853799,1.33724,1.91469,1.80282,0.688151,-0.685955,-2.33687,-2.05268,-1.59131,-1.43024,-1.33655,-0.91251,-0.354206,-0.163235,-0.119328,0.206417,0.618672,1.19405,1.48795,2.07239,2.76491,3.38521,3.77177,3.90084,3.30181,4.04328,3.9573,4.02733,3.84844,3.83582,3.90731,3.93208,3.52515,3.89339,3.84637,3.86227,3.56554,3.80691
-4.55209,-3.46194,-3.55171,-3.19213,-2.59519,-1.79473,-2.08169,-2.07145,-1.37045,-0.99045,-0.490976,-1.76274,-1.24209,-0.498649,-0.352,0.000231959,0.430963,1.01216,1.36777,1.77421,1.34747,1.87013,2.16064,0.447483,0.441606,0.197358,-0.10491,0.200057,1.10571,0.959736,0.91168,-0.600051,-2.34173,-3.31381,-4.43359,-3.07539,-2.46717,-2.27365,-2.1538,-1.41055,-1.06468,-0.790991,-0.617327,-0.266008,0.295302,0.84842,1.46876,2.1168,2.89641,3.41861,3.96064,3.99996,3.98,4.16909,3.69949,3.77337,3.78296,3.7419,3.66691,3.22051,3.86788,3.82061,3.40446,3.71712,3.83652
-3.89274,-3.46578,-3.13915,-2.88514,-2.01919,-1.4327,-1.11725,-0.947785,-0.260454,0.0207513,-0.125646,-0.679532,0.41064,1.979,2.81116,1.94144,1.01824,0.440192,1.45318,3.19426,3.00449,0.679243,-0.135635,-1.61668,-0.314757,0.027293,-0.551764,-0.665854,-0.550338,-0.0212559,-0.310215,-1.70447,-2.99397,-3.41692,-4.46936,-4.04426,-3.24176,-2.83195,-3.04202,-2.30705,-2.09134,-1.66126,-1.36089,-1.20315,-0.912867,-0.303875,0.58884,1.39081,2.07246,3.06747,3.72698,4.0618,4.12597,4.14698,3.51021,3.7668,3.63078,3.76696,3.25353,3.66463,3.42168,3.14242,3.56178,3.78212,3.80328
-3.10502,-3.23152,-2.95248,-2.29043,-2.37309,-0.692704,1.14913,1.0187,0.299946,-0.79657,-2.20853,-2.82939,-2.82675,-0.986771,0.626494,0.556678,-0.301875,-1.12393,-0.0468817,1.35903,0.177211,-1.81669,-3.36842,-3.3053,-1.56799,-0.853103,-0.204544,-0.790572,-0.940137,-0.72729,-0.714391,-2.03168,-3.14134,-4.75684,-3.40935,-3.83397,-3.35815,-2.7515,-3.20708,-2.77298,-2.56367,-2.34912,-1.85621,-1.61289,-1.63928,-1.37092,-0.69857,0.457942,1.33918,2.38053,3.0273,3.54459,4.11439,3.92312,3.88521,3.8553,3.75412,3.2684,3.51823,3.74047,3.21571,3.43265,3.26861,3.60353,3.64143
-1.32233,-1.42566,-1.43133,-1.5937,-1.70394,-1.63041,-0.992804,-0.855127,-1.85739,-3.24055,-3.46061,-3.29876,-3.35139,-3.78715,-1.6968,-0.785641,-1.56843,-2.30728,-2.32888,-2.37472,-3.33721,-3.26473,-1.98812,-1.20317,-1.60381,-1.74571,-0.41443,-0.810899,-1.36178,-1.67589,-3.2354,-3.96003,-3.79301,-3.92167,-3.55065,-3.11853,-3.06377,-2.31717,-2.68065,-2.70371,-2.46175,-2.55935,-2.09554,-1.58347,-1.5392,-1.64072,-1.46086,-0.753391,0.347861,1.36142,2.31265,2.79579,3.76313,4.12414,3.68073,3.81576,3.70089,3.08506,3.4467,2.88174,3.47447,3.54479,2.90616,3.03414,2.71329
-0.570689,-0.930348,-0.990636,-0.447565,-0.345279,-1.67882,-2.63748,-3.48707,-3.02847,-2.88806,-1.7629,-1.25501,-1.44958,-2.38672,-0.907183,-0.294482,-0.540841,-1.60842,-2.9736,-3.21922,-2.50375,-0.0526451,1.08202,1.05502,-0.237916,-1.34122,-0.696273,-0.633044,-2.09484,-2.60544,-2.72431,-2.35894,-1.75406,-1.75554,-1.9075,-2.38737,-2.59463,-1.93516,-2.21384,-2.37255,-2.19094,-2.41867,-2.33882,-1.58819,-1.19583,-1.32438,-1.38491,-1.33371,-0.590525,0.385028,1.65103,2.28079,2.99194,3.58789,3.27992,3.38132,2.95445,3.47315,3.6316,2.56222,3.06627,2.66958,3.18905,2.62607,2.11634
-1.16198,-1.39446,-1.86944,-0.871934,-1.06926,-1.03693,-0.319683,-1.52764,-2.97652,-3.81701,-3.40258,-2.53652,-2.58871,-2.31599,-0.990517,-0.525002,-0.716815,-0.421046,-0.708099,-0.436631,-0.88961,-0.967099,-0.235977,-0.201522,-0.314575,-1.1532,-0.62245,-0.276278,-0.799492,-1.02887,-0.893151,-0.53994,-1.62126,-0.659792,-1.58573,-2.43491,-2.46948,-1.90789,-2.17461,-2.30889,-2.05723,-2.14846,-2.57572,-2.24573,-1.24507,-0.9941,-1.17128,-1.22974,-0.914979,-0.159842,0.931406,1.92676,2.46444,2.46716,3.39151,2.89942,2.46122,3.40944,3.46179,2.69031,2.37175,2.03318,2.78948,2.54107,2.19841
-3.73213,-3.98463,-4.06139,-3.43242,-3.24509,-1.16477,0.843441,-0.436303,-2.53659,-4.43108,-5.45857,-4.96168,-4.83536,-3.84848,-3.14256,-2.6518,-1.13762,-0.000713277,1.17834,1.17134,-0.0522203,-2.91264,-3.61983,-2.48065,-1.82842,-1.85166,-0.452295,-0.713472,0.153687,-0.0860804,0.0936609,-0.779693,-1.92649,-2.58116,-3.05569,-3.7033,-3.08218,-2.38733,-2.48594,-2.5292,-2.23296,-2.04696,-2.39737,-2.78153,-2.04915,-1.07553,-1.05311,-1.15887,-0.81399,-0.264902,0.625789,1.34786,2.51358,2.21656,2.85036,2.72594,2.33287,3.38793,2.9384,2.54338,2.20635,1.98904,2.17323,2.32111,2.23439
-5.30305,-6.1715,-5.91433,-5.20437,-4.59599,-3.32389,-0.752492,0.789569,0.94046,-0.715019,-3.22539,-5.0117,-4.96314,-4.36273,-4.17046,-4.48789,-3.05352,-0.814394,0.252462,0.498939,0.825695,-0.957236,-4.13544,-4.72628,-4.08951,-4.06065,-4.48497,-6.14445,-5.73115,-4.58997,-2.33029,-2.61067,-4.03898,-4.80929,-4.47375,-4.5804,-3.69862,-2.98788,-2.85211,-2.6184,-2.51826,-2.17628,-2.19581,-2.53418,-2.83771,-1.85578,-1.09435,-1.14451,-0.952684,-0.511408,0.52875,1.01246,2.17691,2.18491,2.08401,2.29533,2.23964,3.06136,2.70259,2.43562,2.20242,2.06819,2.16494,2.29946,2.21583
-6.08009,-6.6637,-6.74149,-6.63493,-6.41814,-6.16185,-2.31487,0.520048,1.47652,2.01094,1.35804,0.0672963,-0.317415,-0.516241,-1.59088,-3.26629,-5.59337,-5.08457,-3.41532,-1.99098,-0.0753836,1.69866,1.25198,-0.270741,-1.81147,-3.46771,-6.64082,-9.39482,-10.1682,-8.4454,-4.99003,-4.24283,-4.74842,-4.79301,-4.30401,-4.16286,-3.6562,-3.24083,-2.99224,-2.44387,-2.46031,-2.15683,-2.09442,-2.36729,-2.73224,-2.76296,-1.74432,-1.25485,-1.09862,-0.83563,0.108497,0.70452,1.42218,1.71726,1.78385,1.89557,2.14324,2.38324,2.39128,2.36166,2.26959,2.28204,2.4077,2.44383,2.30309
-5.85013,-7.40186,-6.78614,-6.61607,-6.42257,-6.59767,-6.15276,-4.22254,-0.770357,-0.0838013,2.56615,3.91347,3.4268,2.72843,1.50519,1.0434,-1.66417,-4.02083,-3.39983,-1.91657,-0.628738,0.717099,3.01388,2.42013,0.558933,0.48244,1.32342,0.809561,-0.106865,-1.13273,-2.40442,-3.28817,-3.71338,-3.61526,-3.45662,-3.41599,-3.39612,-3.23714,-2.96112,-2.40869,-2.1067,-2.06932,-1.94238,-2.33665,-2.40382,-2.75912,-2.58837,-1.93733,-1.32973,-0.893037,-0.216453,0.271268,0.859566,1.29546,1.53436,1.65104,1.91231,2.00378,2.138,2.2486,2.37629,2.5595,2.67344,2.60917,2.3912
-5.94268,-6.09808,-6.3009,-6.13778,-6.04642,-6.31471,-7.23572,-7.59818,-4.93363,-2.66109,0.708843,2.58894,3.86873,4.29054,3.55283,4.2788,3.78674,2.36985,-0.169375,-1.64841,-1.56908,-0.506272,-0.609885,-0.545413,-0.261806,0.20524,3.39844,4.51239,3.4188,1.85956,-0.924063,-2.15189,-2.6677,-2.57062,-2.62171,-2.73572,-3.09774,-3.17732,-2.96502,-2.81878,-1.98149,-2.34816,-2.06298,-1.9156,-2.22026,-2.23081,-2.45905,-2.45459,-1.94333,-1.09992,-0.397131,0.0406906,0.506974,0.969463,1.20678,1.44811,1.74036,1.88272,2.05558,2.21173,2.52129,2.74189,2.86065,2.70631,2.40464
-6.6809,-5.58986,-5.29775,-5.1118,-4.89444,-4.99943,-6.22795,-6.64408,-5.45187,-3.40132,-1.9186,-2.47394,0.558832,2.65704,2.29046,3.20546,4.01576,4.56234,-0.143763,-3.36325,-4.41437,-2.1288,-0.700422,-0.632931,-0.386326,-0.578198,-0.376693,-0.447363,-0.56013,-1.09339,-1.87604,-2.16098,-1.86086,-1.95276,-2.20714,-2.3704,-2.72536,-2.99443,-3.07975,-3.14117,-2.36345,-2.39336,-2.20833,-1.3964,-1.74065,-1.86986,-1.75709,-1.8777,-2.17962,-1.44928,-0.706634,-0.0482052,0.410292,0.78342,1.08101,1.36603,1.66075,1.89243,2.06844,2.23565,2.5573,2.71608,2.87893,2.69533,2.36501
-4.47263,-3.44693,-2.36537,-2.26069,-3.24286,-3.078,-3.7757,-3.85331,-3.7281,-2.1414,-2.2477,-5.08201,-5.61678,-3.90226,-1.99928,-0.366079,1.79644,3.948,3.95421,1.31746,-1.95424,-1.45201,-0.00249955,0.709561,0.520897,0.642724,0.596226,-0.359577,-0.690253,-0.639977,-1.72567,-1.67513,-1.78176,-1.91964,-2.17629,-2.42741,-2.54515,-2.7013,-2.91545,-2.70112,-2.39655,-1.60293,-1.79743,-1.21094,-1.04353,-1.27162,-1.32325,-1.46273,-1.87771,-1.54319,-0.970948,-0.16552,0.523957,0.823892,1.13432,1.2512,1.57958,1.95234,2.12441,2.25569,2.45441,2.58723,2.75111,2.51788,2.19967
-1.24799,-1.06952,-0.3782,-0.145764,-0.606535,-0.225674,-0.431842,-0.656014,-1.54151,-2.5115,-2.22268,-5.31069,-6.85495,-5.20234,-1.79104,0.231356,0.762561,1.52149,3.0313,3.66668,2.50346,1.76972,1.45674,0.849056,0.0168284,0.0289706,-0.0833874,-0.253121,-0.379315,-0.767514,-1.8061,-1.95274,-1.98527,-2.02073,-2.18819,-2.45233,-2.55479,-2.53247,-2.48685,-2.21149,-1.87287,-1.50378,-1.47103,-1.53812,-0.554182,-0.513423,-1.00056,-1.461,-1.481,-1.33709,-1.3356,-0.579297,0.159279,0.520943,0.818429,1.00779,1.5059,1.87056,2.02957,2.04723,2.11211,2.29676,2.45552,2.15622,1.80353
-0.144948,0.208103,0.808022,1.93437,1.81636,2.42161,3.02861,3.02977,1.50305,-0.913825,-2.25732,-2.91806,-2.51269,-2.37743,-2.69422,-2.4863,-1.17264,-1.34527,-3.00623,-1.77541,-0.0420301,0.519668,0.175234,0.164583,-0.754888,-0.95775,-0.951634,-0.33701,0.0651775,-0.643962,-2.28053,-1.84975,-1.70789,-1.73609,-1.92138,-2.17055,-2.41441,-2.44347,-2.22712,-2.14225,-2.00903,-2.17366,-1.73335,-1.87198,-1.29332,-0.97095,-0.871425,-0.749343,-0.609484,-0.926789,-1.24669,-0.827493,-0.498745,-0.0162376,0.407365,0.911301,1.43939,1.71708,1.96719,1.94603,1.95741,2.08516,2.2088,1.96603,1.65718
0.407991,0.315893,0.916925,1.85797,2.20407,2.91305,3.57755,3.16158,2.90691,1.87901,2.74616,2.94183,2.28574,-1.45367,-4.63722,-5.79523,-4.40397,-2.57299,-2.011,-2.40535,-2.03002,-1.75651,-1.60453,-0.93462,-0.49549,-0.920146,-1.02648,-1.08913,-0.939537,-0.848872,-2.14571,-1.56799,-1.61479,-1.51667,-1.44835,-1.53812,-1.72074,-1.80222,-1.57705,-1.6298,-2.0778,-2.51318,-2.35224,-1.90018,-2.05428,-1.84688,-1.5122,-0.911093,-0.753361,-1.22747,-1.21433,-1.13505,-1.088,-0.276599,-0.0905086,0.596256,1.1163,1.52644,1.77556,1.83385,2.01753,2.19299,2.32094,2.14415,1.83472
0.893376,0.0671212,1.06594,1.96596,1.78039,2.21676,2.73061,2.7454,2.22579,1.39935,2.82564,3.97939,3.7863,0.749162,-2.1726,-4.34876,-4.47052,-2.71901,0.903547,1.3041,0.273774,-0.307284,-0.585575,-0.404216,-0.297911,-0.680344,-0.979161,-0.774815,-0.692125,-0.616054,-2.05889,-1.80212,-1.82199,-1.67452,-1.28404,-0.762172,-0.540825,-0.568565,-0.651014,-1.45609,-1.60237,-1.49509,-1.7105,-1.93696,-1.93093,-1.79958,-1.79447,-1.45655,-1.1581,-1.10993,-1.06515,-1.4677,-1.69091,-0.9927,-1.10763,-0.546138,-0.0221576,0.562362,0.845888,1.09048,1.44721,1.77257,2.014,1.99649,1.6843
1.1604,0.375668,1.27631,1.99463,1.66756,1.58737,1.593,2.2347,1.42031,0.366123,0.573396,2.33536,3.04271,2.73962,1.32087,-0.301048,-1.40325,-1.72284,1.08777,1.81409,1.18819,0.297415,0.0202158,-0.0876832,-0.031095,-0.253941,-0.851239,-0.841888,-0.603161,-0.508155,-1.96594,-1.88388,-1.78515,-1.71183,-1.3946,-0.735096,-0.112494,-0.348122,-1.03838,-1.3217,-0.840754,-0.451589,-1.14163,-1.80731,-1.83535,-1.88647,-1.75469,-1.55012,-1.10604,-0.854448,-0.963383,-1.41327,-1.70961,-1.4594,-1.40932,-1.23195,-0.999763,-0.704544,-0.446463,-0.163148,0.187863,0.560052,0.884475,1.12706,1.16696
1.79626,1.2573,1.86979,2.26306,2.28274,1.70447,1.61082,1.17524,1.10975,0.927952,0.592229,1.16214,1.31293,1.71166,1.19737,0.0767631,-1.09512,-2.06188,-0.809776,0.127264,-0.0984918,-0.889127,-1.1593,-0.80911,-0.363382,-0.625511,-1.00822,-1.10714,-1.22131,-1.04978,-1.80614,-1.7184,-1.5408,-1.4516,-1.44183,-1.24133,-0.593098,-0.474031,-0.858351,-0.61101,-0.615844,-1.42476,-1.93832,-1.89056,-2.01059,-2.24154,-2.22115,-2.14675,-1.96939,-1.69773,-1.4878,-1.32224,-1.30541,-1.29201,-1.08263,-0.984511,-0.961156,-0.956548,-0.784487,-0.637322,-0.659238,-0.720535,-0.619729,-0.349363,0.0231129
1.9449,1.59774,2.35525,2.59317,2.59021,2.08759,1.70043,0.659034,0.236394,-0.0381648,-0.202604,0.434461,1.25464,1.45867,-0.216354,-1.72261,-3.37113,-4.68374,-4.24703,-3.48125,-1.87484,-2.26273,-1.78553,-0.775311,-0.386777,-1.96244,-1.40019,-1.28038,-0.693142,-0.304492,-1.46397,-1.46999,-1.44184,-1.2432,-1.28606,-1.36307,-1.18864,-0.983711,-0.990882,-1.1236,-1.0947,-1.43289,-1.7007,-1.83488,-1.77574,-1.84933,-1.94476,-1.93836,-1.92116,-1.78428,-1.5333,-1.27296,-1.22588,-1.32576,-1.29691,-1.24892,-1.25993,-1.27204,-1.14629,-0.94771,-0.896746,-1.02661,-1.14458,-1.09251,-0.777038
1.95869,1.6064,2.28339,2.61028,2.7816,2.27725,1.93696,1.44193,0.427708,-0.386439,-0.164552,0.513503,2.16951,3.1895,1.61676,-0.7919,-3.05754,-4.35691,-5.05259,-5.35641,-4.22096,-3.30529,-1.83931,-0.68752,-0.152458,-1.44953,-2.46831,-1.52956,-0.216175,-0.510065,-0.686588,-1.1028,-1.20924,-1.12315,-0.99752,-1.13205,-1.1222,-1.01263,-1.06923,-1.33057,-1.23213,-0.953668,-1.15839,-1.33294,-1.31217,-1.31539,-1.40686,-1.42016,-1.25691,-1.14549,-1.2465,-1.26465,-1.1681,-0.973576,-0.905661,-0.926445,-0.988775,-1.0334,-1.03444,-0.88838,-0.589731,-0.353788,-0.32645,-0.35796,-0.264028
1.67348,1.5837,2.08849,2.42506,2.60774,1.87918,1.88081,1.90202,1.53519,1.38973,1.44012,0.81941,1.37114,3.00805,2.87908,0.80449,-1.79597,-3.01961,-2.5208,-3.55567,-4.12877,-3.35718,-2.81112,-1.10413,0.924908,0.831922,-0.213602,-0.0107462,0.254607,-0.409261,-0.374973,-0.597937,-0.767107,-0.804587,-0.745337,-0.943336,-1.08017,-1.04139,-1.07675,-1.34103,-1.34768,-1.16933,-1.12267,-1.20796,-1.30773,-1.38139,-1.56661,-1.77578,-1.61444,-1.16504,-0.888257,-0.982049,-1.18613,-1.18896,-1.15275,-1.17992,-1.16528,-1.05695,-0.890937,-0.712368,-0.550935,-0.457269,-0.415548,-0.239283,0.00910624
1.14634,0.929495,1.68679,1.8559,2.12389,0.930135,1.60969,1.25727,1.43472,0.934938,-0.385201,-1.17356,-1.24774,0.327904,-0.292281,-2.91238,-3.71691,-3.49316,-2.12717,-1.33879,-1.72295,-1.92029,-2.26065,-1.04368,1.2023,2.17715,1.98135,1.33049,0.702025,-0.191193,-0.257809,-0.295775,-0.253436,-0.413765,-0.459705,-0.736432,-1.0556,-1.28085,-1.24163,-0.85108,-0.63441,-0.750546,-0.632636,-0.584976,-0.509551,-0.442921,-0.409774,-0.492847,-0.989285,-1.3533,-1.12094,-1.1682,-1.34511,-1.4475,-1.39159,-1.29314,-1.17298,-1.00107,-0.732982,-0.42039,-0.2353,-0.255828,-0.256916,0.0539,0.268765
1.30184,1.09102,1.43802,1.641,1.84383,0.646747,1.19485,0.332715,0.33635,-1.52314,-2.53938,-2.29272,-2.38818,-1.41658,-2.23893,-4.21993,-3.82345,-3.34506,-2.41681,-0.710863,0.0183326,-0.27988,-0.679501,-0.684838,-0.359443,-0.30599,1.05311,2.07441,1.22293,0.550431,0.100575,-0.351308,-0.0582356,-0.0911174,0.0645291,0.105739,0.175754,0.267164,0.328124,0.404522,0.554001,0.495244,0.489356,0.574582,0.661299,0.789314,0.78923,0.326722,-0.321648,-0.636185,-0.775044,-0.831584,-0.798905,-0.808171,-0.722832,-0.558855,-0.388374,-0.231688,-0.0896281,0.100475,0.31635,0.415281,0.406214,0.517431,0.820062
