public/uploads/wind/vent_json/20200513/wind_field_09.json
{"header": {"parameterUnit": "m.s-1", "parameterNumber": 3, "dx":  0.051, "dy": 0.036, "parameterNumberName": "northward_wind", "la1": 45.3082, "parameterCategory": 2,"nx": 177, "ny": 123, "refTime": "2018-10-03 01:00:00", "lo1":1.38177}, "data":
[rows 28 to 55 of 123, columns 64 to 127 of 177]
0.738161,0.4472,-0.264001,-1.10068,-1.18199,-0.887107,-0.777972,-0.761454,-1.31457,-1.22064,-1.03255,-1.70418,-1.42777,-1.21072,-2.01517,-2.09985,-2.03408,-2.34052,-1.94738,-2.44814,-2.4616,-2.92968,-3.23584,-2.46337,-3.27296,-2.7866,-2.24432,-3.15984,-3.59546,-3.18255,-3.27812,-3.37369,-3.2513,-3.17238,-2.6192,-2.97301,-2.64634,-2.50946,-2.27734,-2.12168,-2.10495,-2.21358,-2.43134,-2.70671,-2.94507,-2.91927,-2.57331,-2.38164,-2.2172,-2.44687,-2.49098,-2.51736,-2.12677,-1.5098,-1.13518,-1.25631,-1.31408,-0.761479,-0.711719,-0.343725,0.0281827,0.379931,0.254163,0.402953
0.00178586,-0.0424374,-0.674498,-0.852472,-0.714124,-0.430997,-0.592891,-0.779418,-1.53356,-1.77739,-1.2728,-1.48884,-1.26693,-0.802077,-0.725404,-1.98944,-1.60228,-2.33798,-2.33182,-2.66842,-3.00455,-2.45401,-3.14058,-2.00342,-3.4233,-2.75181,-2.38304,-2.28021,-2.99329,-3.05465,-3.19135,-3.2083,-3.11866,-2.93621,-2.86086,-2.79536,-2.63735,-2.38271,-2.19141,-2.14085,-2.24812,-2.43801,-2.71934,-2.99449,-3.11777,-2.79097,-2.81368,-2.72139,-2.55837,-2.58666,-2.63325,-2.38435,-2.16984,-1.84515,-1.0059,-0.664298,-1.06402,-1.24469,-0.876145,-0.460859,-0.0431225,0.310109,0.609359,0.876722
-0.280651,-0.984726,-0.931721,-0.445077,-0.235472,-0.345315,-0.631276,-0.978363,-1.03883,-1.75333,-1.55598,-1.34422,-1.05496,-0.674976,-0.986868,-1.6374,-1.88899,-2.15938,-2.74255,-2.18415,-2.93464,-2.30307,-2.41404,-2.10761,-3.17768,-2.95065,-2.54776,-2.23368,-2.04398,-2.89988,-3.0802,-3.06869,-2.98355,-2.90558,-2.64919,-2.59647,-2.43624,-2.2591,-2.16742,-2.23742,-2.44068,-2.70261,-2.99091,-3.15213,-3.13462,-2.96781,-2.98272,-2.84371,-2.76978,-2.73892,-2.52765,-2.35744,-1.72212,-1.92863,-1.19776,-0.560596,-0.481215,-0.945272,-1.19355,-0.927227,-0.564554,-0.113836,0.412314,0.920223
-0.432246,-0.71205,-0.811948,-0.511502,-0.266761,-0.242145,-0.474115,-0.789998,-1.06093,-1.68911,-1.60939,-1.332,-0.956897,-0.668057,-2.08407,-2.03485,-1.98088,-2.5738,-2.80123,-2.24352,-2.05553,-2.90879,-2.38036,-2.86493,-2.74359,-2.98873,-3.08077,-2.78247,-2.16572,-2.42411,-2.96772,-3.04681,-2.96408,-2.71327,-2.61698,-2.51488,-2.3167,-2.14917,-2.16592,-2.37002,-2.66384,-2.96831,-3.1678,-3.18444,-3.13276,-3.08591,-2.94607,-2.85127,-2.80209,-2.8237,-2.44218,-2.37945,-2.01033,-1.93224,-1.64301,-1.08429,-0.58207,-0.430265,-0.951242,-1.15606,-0.871219,-0.416823,0.179708,0.878806
-0.759169,-0.943166,-0.666297,-0.514472,-0.616256,-0.545173,-0.610073,-1.087,-1.60217,-1.49175,-1.92266,-1.56396,-1.15636,-1.10948,-2.13039,-2.5813,-1.80577,-2.57642,-2.73024,-2.80114,-2.14896,-3.04428,-2.46423,-3.04084,-2.94421,-2.71765,-3.03561,-3.0702,-2.50091,-2.11547,-2.85431,-2.92851,-2.7971,-2.58087,-2.49836,-2.32767,-2.12838,-2.07021,-2.23692,-2.54953,-2.89203,-3.13751,-3.23978,-3.19329,-3.12802,-3.01998,-2.92648,-2.89151,-2.90916,-2.97236,-2.65958,-2.46359,-2.2625,-2.22773,-1.93344,-1.67319,-1.11117,-0.52517,-0.178926,-0.899763,-0.505306,-0.48993,-0.0942352,0.507659
-0.473282,-0.608524,-0.295312,-0.575029,-1.0263,-0.991145,-1.00493,-1.41355,-1.4171,-0.936538,-1.82749,-1.64593,-1.55783,-1.43007,-1.60271,-2.35264,-1.97079,-1.91049,-2.61363,-2.91398,-2.32902,-1.89518,-2.52645,-2.57648,-2.96855,-2.95523,-2.52052,-2.80146,-2.70198,-2.06259,-2.54115,-2.69247,-2.48638,-2.45694,-2.25451,-2.05857,-1.98236,-2.13151,-2.43131,-2.79075,-3.07491,-3.22116,-3.15045,-3.19725,-3.12709,-3.04144,-2.95668,-2.95641,-2.88022,-2.79686,-2.62977,-2.61991,-1.82538,-2.06459,-1.87805,-2.03514,-1.41107,-0.70905,-0.0352921,-0.0541722,-0.270685,-0.833072,-0.494684,0.174021
0.215975,0.353766,-0.471105,-0.645553,-0.993713,-1.00641,-1.22531,-1.34131,-1.11066,-0.507786,-1.61404,-1.73605,-1.85785,-1.40431,-2.03695,-1.97199,-2.3045,-1.86936,-2.57872,-2.36672,-1.9333,-1.49577,-2.58851,-2.8741,-2.51411,-2.75211,-2.69665,-2.24492,-2.50814,-2.46275,-2.44063,-2.48715,-2.20847,-2.13099,-1.99897,-1.91074,-2.01641,-2.30966,-2.66577,-3.00754,-3.19524,-3.29062,-3.02747,-3.13031,-3.09298,-3.06522,-3.04284,-3.08559,-2.98904,-2.66427,-2.70918,-2.57722,-1.72081,-1.69491,-2.09306,-2.07753,-1.24322,-1.31916,-0.847163,0.181577,-0.660586,-1.1474,-0.633181,0.214757
0.511477,0.279693,-0.687817,-0.638018,-0.846151,-0.954212,-0.957105,-0.885617,-0.68135,-0.668344,-1.93796,-1.95605,-1.84081,-1.52535,-2.33215,-2.37207,-2.40264,-2.29375,-1.9413,-2.2681,-2.09257,-1.90251,-1.90823,-2.43738,-2.5661,-2.1564,-2.43493,-2.35292,-2.00583,-2.33688,-2.50423,-2.01652,-1.93619,-1.89369,-1.79862,-1.87498,-2.16317,-2.53917,-2.89964,-3.19103,-3.33398,-3.36872,-3.10915,-3.13753,-3.11243,-3.12089,-3.16584,-3.18662,-2.9853,-3.1878,-2.30657,-2.51179,-2.14856,-2.04023,-2.17821,-2.03517,-1.25662,-2.02588,-1.22175,-0.344684,-0.25697,-0.873505,-0.43921,0.354945
-0.355824,-0.229819,-0.510016,-0.868812,-0.789888,-0.846532,-0.871093,-0.714959,-0.796379,-1.32209,-1.7231,-1.66442,-1.45042,-2.23675,-1.98152,-2.49056,-1.71428,-2.38622,-1.84721,-2.50742,-2.7043,-2.13696,-1.68365,-1.52813,-2.27973,-2.22298,-1.88095,-2.23926,-2.28865,-1.83198,-2.38887,-1.65768,-1.76805,-1.75761,-1.81061,-2.06054,-2.41623,-2.80235,-3.13743,-3.38225,-3.46008,-3.48685,-3.31244,-3.26369,-3.25245,-3.22826,-3.3496,-3.35904,-2.45379,-3.24803,-1.95801,-2.70789,-2.82024,-2.73059,-2.60673,-2.19318,-1.63196,-1.6406,-0.914025,-0.599771,0.216952,-0.896459,-0.532193,0.291097
0.220178,0.224467,-0.126854,-0.610294,-0.919958,-0.909632,-1.02651,-0.998807,-1.08881,-1.20828,-1.20345,-1.51206,-1.55552,-2.50907,-2.03905,-1.73028,-1.94974,-2.512,-2.47169,-2.16996,-2.48815,-2.60189,-2.02727,-1.59549,-1.43612,-2.38552,-2.40619,-1.98826,-2.2973,-1.89364,-2.03889,-1.5208,-1.61407,-1.75095,-1.99565,-2.3391,-2.73602,-3.12139,-3.38913,-3.57533,-3.60625,-3.30717,-3.33406,-3.30332,-3.15226,-3.43066,-3.31736,-3.16197,-2.73338,-3.03587,-2.57031,-2.73044,-3.10993,-3.07141,-2.8052,-2.70763,-1.96446,-1.35877,-0.990809,-0.74789,0.15869,-0.741904,-0.0157456,0.0621349
-0.144513,-0.304342,-0.731257,-0.966958,-1.2227,-0.905973,-0.880429,-1.04734,-1.1207,-1.15678,-1.23634,-2.03194,-1.97683,-1.89008,-2.42113,-1.95217,-2.56084,-2.73067,-2.4944,-2.33017,-2.03717,-2.49589,-2.25846,-1.87976,-1.32311,-2.34491,-2.44976,-2.2793,-1.73792,-2.02114,-1.75961,-1.47895,-1.63572,-1.92646,-2.31582,-2.73828,-3.16264,-3.47701,-3.65997,-3.55962,-3.66084,-3.17175,-3.29184,-3.34754,-3.16391,-3.40293,-3.07732,-2.93102,-3.2269,-2.9711,-2.8143,-2.71921,-3.19062,-2.78225,-2.24147,-2.70698,-2.23885,-1.41459,-1.76558,-1.12996,0.0106238,0.0526107,1.03868,0.0982049
-0.865272,-0.926146,-1.296,-1.16974,-0.78611,-0.56763,-0.890194,-1.08885,-1.66782,-1.92292,-1.61609,-2.22209,-1.89871,-1.5825,-2.56654,-2.87256,-2.27875,-2.4319,-2.46922,-2.47681,-2.46567,-1.84793,-2.72712,-2.06523,-2.11045,-1.97986,-1.92419,-2.27232,-1.91382,-1.93988,-1.65877,-1.63488,-1.82384,-2.21782,-2.71284,-3.19901,-3.57057,-3.76753,-3.85321,-3.58464,-3.43157,-3.51433,-3.55027,-3.56501,-3.67449,-3.04488,-3.11316,-3.19931,-3.29353,-3.19111,-2.332,-3.1881,-3.20169,-2.54963,-1.95716,-2.42705,-2.15492,-1.95536,-2.42525,-1.97633,-0.672417,-0.0255574,0.552365,-0.0104197
-0.869225,-0.905085,-0.926956,-0.513666,-0.390337,-0.998492,-1.62197,-1.78648,-2.00657,-2.26953,-1.88248,-1.7266,-1.60164,-1.67396,-2.18069,-2.68673,-2.37074,-1.88672,-2.3821,-2.38411,-2.66723,-1.72691,-2.55839,-2.40267,-2.6558,-1.55797,-2.35425,-2.0929,-2.06022,-1.68206,-1.60814,-1.71293,-2.03457,-2.53479,-3.0741,-3.51915,-3.78534,-3.92617,-3.95249,-3.8586,-3.50311,-3.56198,-3.75523,-3.84778,-3.68702,-3.4125,-3.09039,-2.76033,-3.25999,-3.4495,-2.42347,-3.3219,-2.54154,-2.75887,-2.11382,-2.74164,-2.11972,-3.01174,-2.46377,-2.53614,-1.93192,-1.10843,-0.56002,-0.192993
-0.478567,-0.265942,-0.243867,-0.718208,-1.21931,-1.48188,-1.80072,-1.76735,-1.43107,-1.90315,-1.5618,-1.99141,-1.91417,-2.01154,-2.2425,-1.89122,-2.74525,-1.96013,-2.30187,-2.7043,-2.03917,-2.14917,-1.88885,-2.32487,-2.57812,-1.77117,-2.34657,-2.0479,-1.59554,-1.56312,-1.68817,-2.01055,-2.43643,-2.88225,-3.29575,-3.60878,-3.81644,-3.94334,-4.00322,-3.99873,-3.71951,-3.54587,-3.86524,-3.97166,-3.67504,-3.67413,-3.33501,-2.68708,-3.21036,-3.32821,-3.17506,-2.8001,-1.86125,-2.79263,-2.4528,-2.94742,-2.55502,-3.01685,-2.84618,-2.46135,-2.49658,-1.97826,-1.21879,-0.434688
-0.00637403,-0.902901,-1.06194,-1.40993,-1.96871,-1.35915,-1.26601,-1.35631,-1.43211,-1.73175,-1.57937,-2.38388,-2.68196,-2.37551,-2.68682,-1.90658,-2.51696,-2.45433,-2.51008,-2.81439,-1.58682,-2.72445,-1.9416,-2.33728,-2.61439,-2.19428,-1.67173,-1.91546,-1.65101,-1.75176,-2.01597,-2.42262,-2.79088,-3.07424,-3.31815,-3.52608,-3.73228,-3.89993,-3.99843,-3.89601,-3.78702,-3.63784,-3.91967,-3.69359,-3.73684,-2.83468,-3.8953,-3.24567,-3.18801,-3.27445,-3.35906,-2.77019,-1.8867,-2.27375,-2.51511,-3.19264,-2.79237,-2.49261,-2.94386,-2.76676,-2.0033,-1.9974,-1.53445,-0.712803
-1.38966,-1.84766,-1.53125,-1.04285,-1.67891,-1.47927,-1.01775,-1.78343,-1.58932,-1.74791,-1.9331,-1.86316,-2.5389,-2.37124,-2.58734,-2.65458,-2.16769,-2.4839,-2.67605,-2.73569,-1.69886,-2.44082,-2.27314,-2.60855,-2.71429,-2.01288,-1.65084,-1.82393,-1.8159,-1.98177,-2.32405,-2.65289,-2.90577,-3.09574,-3.25324,-3.43398,-3.66691,-3.86078,-4.04384,-3.80684,-3.62414,-3.53369,-3.71418,-3.02733,-3.00416,-2.61917,-3.51725,-3.50943,-2.83715,-3.1039,-2.80573,-2.89955,-2.43591,-2.32848,-2.50085,-3.15355,-2.66209,-2.29488,-2.00168,-2.76061,-1.74466,-2.26799,-1.71781,-0.867421
-1.54245,-1.29312,-1.08081,-0.97267,-1.21866,-1.34993,-0.960854,-1.74362,-1.5104,-1.66999,-1.77571,-1.73021,-1.74002,-2.62308,-2.27905,-2.55297,-2.58571,-2.31035,-2.64764,-2.83084,-1.97755,-1.33388,-2.53886,-2.35189,-2.33553,-1.90216,-1.93327,-1.80729,-1.92374,-2.25096,-2.55866,-2.78745,-2.97035,-3.11952,-3.31726,-3.47438,-3.72082,-3.9587,-3.65648,-3.89685,-3.13287,-3.35398,-3.8424,-2.82771,-3.19367,-2.97384,-2.49424,-3.10654,-2.79667,-2.55092,-2.52414,-2.83013,-2.75226,-2.80521,-2.70787,-2.45611,-2.60504,-2.03578,-1.73422,-2.2312,-1.90639,-2.65286,-2.0101,-1.4415
-1.17306,-1.11569,-1.69175,-1.60293,-1.18163,-1.45699,-1.26531,-1.12583,-1.69967,-1.53505,-1.56117,-1.53029,-1.95118,-2.59227,-2.48216,-2.10576,-2.63518,-2.81648,-2.35389,-2.65581,-1.81301,-1.84587,-2.8484,-1.97883,-2.08132,-2.17704,-2.01137,-2.01503,-2.28514,-2.56964,-2.77214,-2.95088,-3.13322,-3.28664,-3.26698,-3.64063,-3.65808,-3.70757,-2.94838,-3.51627,-3.5456,-3.20501,-3.83107,-3.30201,-3.40722,-2.48587,-2.1972,-2.37152,-3.19208,-2.57925,-2.62762,-3.01389,-2.82704,-2.5313,-2.77966,-2.12781,-2.56491,-2.06531,-2.3066,-2.34312,-2.22539,-2.03626,-1.73827,-1.33008
-1.92998,-1.47835,-1.70888,-1.57186,-1.27936,-1.70829,-1.73962,-1.19331,-1.63865,-1.16012,-1.84695,-1.55434,-2.29953,-2.19093,-2.50797,-2.6472,-2.44786,-2.93597,-2.58021,-2.10283,-2.134,-2.8325,-2.80272,-1.8213,-2.21006,-2.22799,-2.13857,-2.29842,-2.55925,-2.79612,-2.98859,-3.17478,-3.21668,-3.48771,-3.43552,-3.5131,-3.52862,-3.52534,-3.57608,-3.3455,-3.90086,-3.30959,-3.18761,-3.55892,-2.64081,-2.00865,-2.59117,-2.65378,-3.38397,-2.58762,-3.00322,-3.15445,-2.82787,-2.21578,-2.43864,-2.02243,-2.33017,-2.17334,-2.31816,-2.237,-2.04618,-1.5355,-1.22321,-0.537733
-1.79364,-1.26509,-1.27526,-1.4562,-1.3477,-1.98102,-1.74933,-0.998101,-1.72872,-1.14038,-1.79891,-2.15576,-1.87346,-2.42094,-2.19636,-2.74683,-3.05388,-2.42447,-3.19168,-2.3783,-3.12735,-2.51467,-2.43219,-2.24639,-2.05391,-2.21089,-2.31558,-2.50676,-2.77678,-3.01977,-3.21581,-3.33984,-3.34594,-3.68371,-3.56559,-3.3861,-3.52024,-3.57341,-3.62325,-3.90943,-3.65183,-2.98044,-3.43418,-3.26431,-2.50991,-2.36162,-2.77229,-3.47175,-3.25568,-2.32922,-3.07368,-3.24459,-2.69296,-2.28028,-2.04231,-1.98794,-1.96372,-2.10987,-1.75991,-1.63404,-1.39644,-1.30156,-0.914891,-0.419025
-1.34206,-1.28865,-1.44833,-1.93593,-1.71167,-2.22393,-1.50433,-0.669908,-1.74479,-1.95808,-1.44049,-2.19244,-1.8275,-2.88741,-2.53823,-2.41451,-3.08473,-2.88174,-3.37162,-3.20084,-2.97877,-2.31607,-1.9661,-2.61416,-2.02153,-2.27652,-2.45857,-2.74509,-3.02762,-3.248,-3.4659,-3.67645,-3.55962,-3.93191,-3.00178,-3.46206,-2.88639,-2.53157,-2.2574,-3.62856,-3.92592,-2.82767,-3.6705,-2.89237,-2.78684,-2.79928,-2.721,-3.36745,-3.53773,-2.74399,-2.35547,-2.85256,-3.06737,-2.80543,-2.41603,-2.33056,-1.99603,-2.05597,-1.12213,-1.82719,-1.15843,-1.11198,-0.872895,-0.391602
-1.33758,-1.70819,-1.45585,-1.94566,-2.05153,-1.72983,-1.45435,-1.25281,-1.39511,-2.21951,-1.31961,-2.34571,-2.20742,-2.71671,-3.03906,-2.89107,-2.61382,-3.33142,-3.25325,-3.22919,-2.14056,-2.53694,-1.97598,-2.37866,-2.33044,-2.41042,-2.69118,-3.02915,-3.28283,-3.55273,-3.59946,-3.57326,-3.56453,-3.67183,-2.723,-2.70386,-2.12816,-1.82754,-2.03542,-2.46765,-3.52595,-2.82147,-2.88183,-2.86094,-2.7324,-3.02023,-3.23199,-2.92558,-3.80207,-2.78732,-1.9771,-1.87512,-3.14718,-3.69919,-3.11665,-2.52086,-1.91012,-1.50804,-0.446772,-1.61809,-0.788152,-0.719602,-0.494116,0.0434335
-1.48685,-1.6544,-1.21293,-1.98801,-2.23095,-1.67228,-1.82353,-2.05343,-1.71126,-2.29712,-1.44705,-2.57709,-2.91269,-2.56018,-3.35158,-3.35349,-2.79371,-2.89017,-3.07601,-2.86147,-1.93243,-2.64767,-2.24816,-2.01029,-2.33285,-2.54714,-2.9236,-3.27078,-3.55842,-3.50953,-3.61442,-2.91318,-3.39163,-2.916,-2.46641,-2.01915,-1.84733,-1.80191,-2.00267,-1.99532,-2.44947,-2.46097,-2.45138,-2.97061,-2.31139,-3.04664,-3.36106,-3.21276,-3.35202,-2.63455,-1.96043,-2.14399,-2.72664,-3.3718,-3.71245,-2.52221,-1.53229,-0.893887,-0.319084,-0.533577,-0.204302,-0.0017178,0.239425,0.541289
-1.52495,-1.27081,-0.832812,-1.90457,-2.41806,-2.34914,-2.14646,-2.87537,-2.34716,-2.7656,-2.47563,-2.47752,-3.17444,-2.57111,-3.29849,-3.55487,-3.27836,-2.72557,-2.55661,-2.39566,-2.19193,-2.74507,-2.47035,-1.81153,-2.30816,-2.68795,-3.07079,-3.33622,-3.39149,-3.33777,-3.53049,-3.06207,-2.79923,-2.32391,-2.03273,-1.83995,-1.55105,-1.54292,-1.62667,-1.96005,-2.2046,-2.47695,-1.95145,-3.12255,-1.75382,-3.31341,-3.43736,-3.60334,-3.65098,-2.84511,-1.94925,-3.52759,-2.76826,-2.1977,-3.51009,-2.26081,-1.50983,-1.10638,-0.878251,-0.685067,-0.688774,-0.430361,0.071907,0.492854
-1.21251,-0.999286,-0.957886,-1.34654,-2.33511,-2.88196,-2.30064,-2.99981,-3.03208,-2.89047,-3.65304,-3.07262,-3.33128,-2.67046,-2.80286,-3.42118,-3.4734,-2.60379,-2.29013,-2.24554,-2.6854,-2.93468,-2.81354,-1.88038,-2.26956,-2.52057,-2.87202,-3.16897,-3.1248,-3.3574,-2.68815,-2.94932,-2.23824,-1.93123,-1.65264,-1.48523,-1.27696,-1.41267,-1.62662,-1.92746,-2.30882,-2.1681,-1.43456,-2.70739,-1.47302,-3.72244,-4.73831,-3.93716,-4.68524,-2.90288,-2.21408,-3.68264,-2.55325,-2.06452,-2.50486,-2.06693,-1.98478,-1.81015,-1.61862,-1.64532,-1.69554,-1.40806,-0.60878,-0.0639922
-0.940627,-1.29727,-1.55499,-1.66653,-1.76378,-2.58262,-2.19735,-2.35313,-3.44192,-3.21028,-3.95195,-3.87742,-3.82597,-3.4545,-2.9699,-2.96708,-3.37982,-2.56098,-2.63581,-2.63422,-2.99561,-3.01127,-2.64153,-1.98772,-2.0284,-1.86102,-2.44605,-2.8512,-3.04048,-2.46675,-1.79517,-1.90746,-1.57845,-1.33742,-1.25222,-1.19528,-1.17361,-1.29706,-1.82725,-1.80157,-2.24978,-1.90648,-1.51369,-1.71096,-2.52397,-4.01168,-5.05754,-4.22972,-5.14474,-3.11404,-2.59268,-2.81213,-2.41034,-2.45043,-2.3516,-2.37338,-2.56068,-2.43905,-2.22285,-2.18523,-2.14845,-1.95551,-1.0292,-0.553072
-1.36459,-1.82318,-1.84317,-1.84098,-1.57002,-1.75863,-1.95221,-2.31158,-3.38784,-3.53624,-3.7974,-4.32457,-3.90867,-4.05748,-3.75033,-3.15309,-3.27022,-2.98793,-2.68776,-2.54164,-2.76367,-2.81003,-2.12804,-1.85768,-1.50228,-1.64904,-2.21099,-2.14419,-2.13188,-1.53265,-1.23319,-1.23435,-1.42662,-1.40261,-1.25207,-1.03417,-1.22573,-1.20401,-1.79355,-1.30147,-1.58806,-2.74685,-2.00191,-2.13753,-4.63673,-5.09316,-4.92815,-4.92364,-5.0403,-3.96743,-3.05614,-2.91562,-2.85147,-2.63312,-2.58861,-2.54004,-2.75782,-2.80138,-2.45854,-2.32261,-2.16807,-2.17623,-1.28049,-0.734299
-1.85418,-1.74428,-1.7033,-1.59295,-1.65884,-1.62964,-2.21079,-2.57183,-3.56428,-3.48004,-4.05854,-4.49628,-4.32976,-3.97291,-4.2023,-3.83599,-3.12745,-2.87497,-2.67775,-2.24991,-2.25145,-2.26172,-1.68952,-1.3263,-0.822065,-1.57707,-1.52132,-1.1981,-1.18249,-1.47759,-0.600042,-1.82351,-2.35798,-1.8225,-1.14664,-0.906128,-1.06152,-0.816065,-0.878215,-0.681836,-0.806962,-3.49209,-3.03679,-3.27702,-5.07433,-5.32361,-5.42533,-5.49714,-5.31914,-5.10084,-3.98583,-3.62117,-3.28231,-2.93971,-2.63811,-2.46344,-2.58034,-2.80471,-2.42559,-2.15111,-1.9988,-2.07917,-1.47684,-0.846944
