public/uploads/wind/vent_json/20200513/wind_field_01.json
{"header": {"parameterUnit": "m.s-1", "parameterNumber": 3, "dx":  0.051, "dy": 0.036, "parameterNumberName": "northward_wind", "la1": 45.3082, "parameterCategory": 2,"nx": 177, "ny": 123, "refTime": "2018-10-03 01:00:00", "lo1":1.38177}, "data":
[rows 0 to 27 of 123, columns 0 to 62 of 177]
2.72967,2.42587,2.45606,2.6879,2.67615,2.80745,2.80359,2.72539,2.71423,2.35334,2.14044,2.17251,2.2206,2.24695,2.15838,1.94254,1.90761,2.01944,2.14037,2.20642,2.28286,2.24281,2.21925,2.30867,2.60484,2.73317,2.50317,2.17842,1.95263,1.77005,1.7099,1.45532,1.28714,0.752053,0.326222,0.78677,1.11549,1.36078,1.53966,1.51051,1.53611,1.33363,1.02954,0.709023,0.536469,0.144475,0.00925827,0.00141764,0.422142,0.510376,0.481635,0.229735,0.31418,0.343054,0.336888,0.317995,0.255893,0.300185,0.165484,0.144913,0.155645,0.154349,0.150557
2.69467,2.35797,2.44367,2.70052,2.69453,2.7711,2.7306,2.55172,2.67121,2.34899,2.13455,2.28955,2.15657,2.22051,2.10814,1.97915,1.95334,2.12654,2.0011,1.99191,2.25242,2.30536,2.2892,2.2644,2.37991,2.44705,2.22522,2.03093,1.8768,1.84632,1.6737,1.49011,1.52458,1.27283,0.879657,1.37013,1.43544,1.48302,1.58737,1.43905,1.46927,1.21748,0.8747,0.539886,0.478513,0.211843,0.149017,0.127595,0.366167,0.339658,0.281362,0.0484629,0.121874,0.142386,0.125829,0.126033,0.128171,0.297284,0.2156,0.222084,0.240858,0.235338,0.180256
2.65007,2.41575,2.47249,2.34967,2.55004,2.40373,2.51141,2.29509,2.43399,2.26865,2.0203,2.09246,2.05414,2.14302,2.2271,2.14099,2.12314,2.33611,2.14083,1.92114,2.22624,2.34683,2.44166,2.38957,2.16029,2.02675,2.08071,2.01065,1.79512,1.97798,1.77948,1.5657,1.65533,1.71672,1.68531,1.69964,1.56082,1.44909,1.47594,1.23217,1.23287,0.997996,0.756079,0.509234,0.392163,0.258777,0.226249,0.234673,0.16951,0.0650124,0.00401347,-0.0172004,-0.0645422,-0.0745701,-0.0577578,0.00120568,0.0584865,0.144916,0.208805,0.276474,0.33867,0.327463,0.231913
2.59176,2.51992,2.29502,2.20468,2.12433,2.15584,2.0101,1.82966,2.11716,2.48089,2.05803,2.10882,1.90379,2.14346,2.46778,2.46229,2.00795,2.58901,2.46406,2.12172,2.05699,2.30242,2.18787,2.45763,2.18032,2.09447,2.35979,2.41419,1.96811,1.98143,2.05445,1.80365,1.88758,1.91941,1.74527,1.59736,1.52188,1.40274,1.52017,1.01622,0.990149,0.821399,0.594025,0.400454,0.354624,0.339357,0.341096,0.235442,0.0566113,-0.133044,-0.214565,-0.263601,-0.32375,-0.288304,-0.234869,-0.0730873,0.000759996,0.132463,0.224097,0.367535,0.398935,0.409893,0.288261
2.58131,2.49924,2.17886,2.22204,1.48971,2.07165,1.72865,1.40677,2.1687,2.42194,2.14018,2.3318,2.03407,2.54344,2.87176,2.88482,2.19225,2.61947,2.47693,2.26129,2.11025,2.16143,1.8632,2.34468,1.97915,2.51118,2.43908,2.60176,1.93382,2.30873,2.07777,2.13713,1.85851,2.08581,1.60344,1.42596,1.36433,1.44507,1.52555,0.947928,0.579271,0.436949,0.491535,0.313311,0.16294,0.0658114,0.128542,0.168241,0.0992602,0.108574,0.0870426,0.1582,-0.0179079,-0.0285873,-0.0480775,0.0178417,0.125624,0.230259,0.298594,0.366812,0.288878,0.289562,0.156696
2.48912,2.31273,2.10928,1.8108,1.25655,1.76993,1.44408,1.26245,1.99464,1.91297,2.16318,2.33219,2.57803,2.88994,3.00576,2.7637,2.61587,2.0473,2.09377,1.83077,1.99302,1.87063,1.6611,2.36962,1.95777,2.36122,2.35871,2.64909,1.93375,2.48878,2.19193,2.29771,1.99,2.25535,1.7418,1.38451,1.40508,1.57518,1.37793,0.863774,0.667207,0.464271,0.709985,0.415407,0.352597,0.183263,0.0190021,0.0865295,0.0683867,0.0146161,-0.126453,0.11749,0.110858,0.199434,0.243914,0.192131,0.261807,0.311054,0.390156,0.349576,0.332238,0.311226,0.226018
2.22674,2.09247,1.76509,1.34217,1.27561,1.15581,1.09404,1.56958,1.86299,2.08616,2.20204,2.74334,3.00437,2.83786,2.76435,2.3528,2.34605,1.51236,1.62379,1.5621,1.94933,1.77512,1.71854,2.40577,2.16469,2.13156,2.72127,2.6864,2.14677,2.46153,2.66273,2.26253,2.43397,2.07071,1.68076,1.23984,1.65781,1.43145,0.948328,0.537574,0.265607,-0.140256,-0.364392,-0.855249,-0.484127,-0.332193,-0.426077,-0.332003,-0.232747,-0.394104,-0.496622,-0.498779,-0.401625,-0.30085,-0.055584,0.0844146,0.182895,0.286564,0.363396,0.372638,0.406042,0.412672,0.321738
1.82732,1.69119,1.38429,1.24801,1.19217,0.91783,1.21579,1.80979,2.16679,2.44311,2.25887,2.80978,2.64605,2.44478,2.18367,1.72871,1.63634,1.39086,1.36776,1.84001,1.94936,1.83929,2.14033,2.18258,2.18033,2.67981,2.79911,2.63498,2.23359,2.88576,2.95294,2.25105,2.68218,1.78122,1.44873,1.21803,1.69214,1.13734,0.618334,0.447979,0.272691,0.0864769,-0.282232,-0.610906,-0.61291,-0.365909,-0.210255,-0.193914,-0.403877,-0.660999,-0.679863,-0.739772,-0.757611,-0.760094,-0.545556,-0.30468,-0.0819916,0.151949,0.307544,0.320889,0.410524,0.388357,0.232091
1.2697,1.12998,1.00616,0.957011,0.940379,1.02737,1.24768,1.46256,1.83285,1.99786,2.13964,1.76303,1.84272,1.39116,1.16084,1.15035,1.18892,1.42629,1.62377,2.05847,1.60122,1.9232,2.13082,2.0584,2.58709,2.88543,2.65411,3.05994,2.46837,3.04667,2.8188,2.56851,2.74909,1.79667,1.30113,1.28355,1.79503,1.22947,0.798255,0.845548,1.02745,1.24204,1.35645,1.6487,0.899172,0.668626,0.7298,0.671394,0.470653,0.366082,-0.226225,-0.232923,-0.214633,-0.274975,-0.290054,-0.184573,-0.127463,0.0651476,0.18845,0.276174,0.415989,0.396106,0.279086
1.03194,0.484114,0.475173,0.363623,0.322618,0.59288,0.944106,1.01121,1.15109,1.26722,1.26287,0.958025,1.18944,0.868535,0.934114,1.23726,1.36885,1.65272,1.98528,1.97304,1.55104,1.74485,1.88026,2.30453,2.65691,2.80348,3.22091,3.03484,2.89467,2.81984,2.80892,3.0402,2.56851,1.67422,1.44763,1.12946,1.49545,1.25316,0.84746,0.407179,0.0395796,0.0474437,0.0845682,0.387807,-0.0844169,-0.180562,-0.0911384,-0.0950824,-0.0728899,0.539685,-0.0593434,0.360562,0.592644,0.365248,0.184609,0.217062,0.381214,0.52087,0.447838,0.310968,0.19999,0.0562158,0.0605213
-0.409782,-0.449998,-0.216678,-0.249136,-0.155358,-0.0354458,0.259044,0.381412,0.189079,0.137237,-0.0662267,0.342545,0.522893,0.814893,0.961168,1.04777,1.02381,1.43179,1.69421,1.80843,1.73612,1.66435,2.12742,2.47663,2.53885,3.15136,3.40625,2.98235,3.33992,2.94099,3.22585,2.96445,2.02945,1.54884,1.86564,1.20578,1.0173,0.823826,0.630544,-0.0477126,-0.128811,-0.115665,-0.0118109,0.203215,0.144706,-0.0942693,-0.359376,-0.433569,-0.591956,-0.511032,-1.11424,-0.448446,0.539562,0.598053,0.273738,0.0361115,0.202188,0.541216,0.724252,0.530945,0.272996,-0.0986183,0.0307707
-1.97962,-1.35976,-0.960316,-0.767618,-0.446724,-0.262923,-0.192717,-0.0272371,-0.333378,-0.494555,-0.270797,0.0194,0.129113,0.480248,0.482064,0.428717,0.486299,1.16162,1.34528,1.82802,1.89302,1.89089,2.53093,2.34906,2.92951,3.37493,3.01259,3.60852,3.28376,3.3591,3.27899,2.41399,1.30568,1.81984,1.91495,1.47348,0.998597,0.738535,0.897361,1.17629,1.30336,1.17249,0.973832,1.11636,1.14265,0.741722,0.129389,-0.248531,-0.0307525,0.204325,-0.317237,-0.977864,-0.475654,0.462537,0.531517,0.0101091,-0.184961,0.0368602,0.351995,0.556077,0.532496,0.407568,0.371364
-2.35295,-1.54436,-1.12079,-0.583128,-0.460801,0.263184,0.305667,-0.21753,-0.779642,-0.404569,0.0461398,0.0197062,-0.244166,-0.371386,-0.412659,0.962887,1.32626,1.52199,1.64853,2.04003,2.13434,2.12242,2.4304,2.70984,2.89972,3.3767,2.8667,3.79739,3.06392,3.22296,2.80065,2.02421,1.06951,1.82059,1.74099,1.58982,1.23517,1.12305,1.02747,1.27921,1.05262,0.928576,0.550804,0.41031,-0.0246595,-0.519794,-0.943254,-1.43965,-1.39938,-0.488895,0.285909,0.076257,-0.289087,0.254447,1.00763,1.20807,1.03381,0.278623,-0.343763,-0.67513,-0.793123,-0.846305,-1.17267
-1.34542,-0.844996,-0.84009,-0.263529,0.227691,0.779821,0.469188,-1.11788,-2.50054,-2.23006,-0.959375,-0.411097,-1.14108,-1.58224,-1.60498,0.929761,2.99864,2.24633,1.98602,2.08296,2.34628,2.4364,2.64029,3.40797,2.75865,3.1174,2.98845,3.85807,3.20176,3.51306,2.46463,1.55523,1.1774,1.59518,1.68555,1.56217,1.27233,0.907724,0.713789,0.539528,0.385668,0.363534,0.211723,0.0149654,-0.257732,-0.402324,-0.584781,-0.810316,-0.982135,-1.13404,-0.987212,-0.477209,-0.440865,-0.823723,-0.716905,-0.0135954,0.830055,0.611704,-0.0199635,-0.681038,-0.916344,-0.927726,-1.05946
-1.34599,-1.00758,-0.33817,0.0896138,0.444865,0.706694,0.0670387,-1.54149,-2.21518,-1.72789,-1.15513,-1.54036,-1.86604,-1.96849,-1.90354,-0.348261,3.45391,3.04662,2.73863,2.71895,2.87636,2.5572,3.21828,3.41523,3.0901,2.81444,3.66223,4.11428,3.63297,3.86423,1.77633,0.977104,1.13517,1.47914,1.63678,1.42972,1.10305,0.838006,1.08979,1.18406,1.1452,1.03403,0.881727,0.719053,0.48399,0.529675,0.829158,0.976362,0.867079,0.139511,-0.64416,-0.8707,-0.704092,-0.590219,-0.498359,-0.213133,0.279727,0.842773,1.25187,1.05459,0.99283,0.834586,0.327636
-1.11719,-0.942604,-0.716539,0.0154648,0.209369,0.283756,-0.409092,-0.71448,0.0351785,0.368815,-1.12698,-2.59457,-2.30187,-1.77052,-1.46377,-1.15989,2.33395,3.2645,3.33045,3.19948,3.0514,2.5908,3.23059,2.90261,2.83618,2.67063,3.88697,3.79072,3.50675,2.41375,0.899943,0.848743,1.13185,1.38739,1.58538,1.47522,1.21789,1.17916,1.33279,1.54877,1.78431,1.77535,1.70066,1.28901,0.682447,0.0271392,0.424744,0.907167,0.967467,0.882842,1.05968,0.865792,0.372255,0.16202,0.154109,-0.156339,-0.747944,-0.79585,-0.434598,-0.283792,-0.171301,-0.472453,-0.807256
-1.10131,-1.18468,-1.23032,-0.400316,-0.157923,-0.206175,-0.481229,-0.190286,0.304555,0.125645,-0.9201,-1.86334,-2.60221,-2.61046,-2.42643,-1.43201,0.201112,2.18897,3.04352,3.18792,2.74226,2.3463,2.5179,2.70818,2.84335,3.01702,3.209,2.63608,2.08616,0.945006,0.629085,0.992413,1.27863,1.46648,1.58901,1.46513,1.02265,0.867548,0.821024,0.796192,1.0542,1.32323,1.07197,0.892944,0.496123,-0.293699,-0.370448,-0.669798,-0.760181,-0.66774,0.105166,1.14084,1.31241,0.74241,-0.160791,-0.711066,-0.933863,-1.17988,-1.37602,-1.40827,-1.45841,-1.28538,-1.09476
-1.1725,-1.23066,-1.06544,-0.847649,-0.999094,-0.773118,-0.433122,-0.57926,-1.08571,-1.27394,-0.979252,-0.564321,-0.31919,-1.11968,-2.128,-2.27225,-1.18845,0.125214,0.581986,1.98847,3.11331,2.2487,1.55804,0.626954,0.671832,1.18509,1.34789,1.30142,1.30818,1.23257,1.17917,1.16624,1.43647,1.6119,1.65455,1.42956,1.05383,0.948104,0.848477,0.654308,0.439556,0.657439,0.765693,0.880823,0.936804,0.509453,0.198375,-0.5144,-0.909982,-0.91052,-0.78486,-0.256217,0.486784,0.943289,0.649776,0.347364,0.198995,0.335317,0.58136,0.580784,0.253948,0.208718,-0.175567
-1.70505,-1.76946,-1.63877,-1.18124,-1.41577,-1.21398,-1.22526,-1.73661,-1.96509,-1.95031,-1.85641,-1.62352,-0.180251,-0.0101042,-0.567062,-2.06072,-2.7655,-2.827,-1.80927,-0.298638,1.50588,0.749333,-1.32894,-2.60152,-2.37278,-1.79561,-0.041079,1.37474,1.70939,1.78291,1.61915,1.29147,1.27452,1.62246,1.73528,1.53208,1.43739,1.50839,1.49656,1.32212,1.06014,0.8137,1.1394,0.81189,0.854576,1.31911,1.33303,1.23771,0.898242,0.755315,0.346921,-0.211615,-0.301492,0.123093,0.455226,0.72967,0.60899,0.423134,0.1599,-0.136223,-0.417355,-0.444491,-0.669094
-2.20926,-2.00885,-1.555,-1.45523,-1.56873,-1.0204,-1.42114,-2.30341,-2.32402,-2.38245,-2.25094,-2.08651,-1.92356,-0.701899,-0.499566,-1.10487,-1.50472,-2.1705,-2.643,-2.96784,-2.60335,-1.21176,-2.40833,-2.02407,-1.56571,-1.7972,-0.911345,1.78747,2.3082,2.23712,1.91603,1.23484,1.17525,1.6587,1.72632,1.43331,1.40876,1.51036,1.49014,1.58421,1.57963,1.05988,0.995707,1.16479,0.456048,0.602224,0.0648782,0.528851,1.34756,0.981881,0.449886,0.25749,-0.0906036,-0.560626,-0.74187,-0.307242,0.0806894,-0.00523438,-0.463447,-0.695148,-0.59246,-0.473602,-0.68032
-2.53065,-1.99994,-1.63297,-1.53181,-1.47576,-0.490286,-0.490891,-1.68923,-2.38428,-2.69725,-2.52143,-2.36765,-1.98725,-1.85391,-1.62199,-1.08088,0.015407,0.27735,-0.244421,-1.41855,-2.76609,-2.72947,-2.66404,-0.662032,-1.1586,-1.47506,-1.80491,-0.141593,1.5501,1.77813,0.961357,-0.149468,0.11144,1.5727,1.5464,1.30493,1.44903,1.44529,1.28386,1.18945,1.17273,0.987948,0.473191,0.912753,0.619787,-0.0350162,-0.472738,-0.940105,0.0836021,0.881456,0.660378,0.152941,-0.27913,-0.703209,-1.06228,-1.09645,-1.06883,-1.19718,-1.31912,-1.23077,-0.685107,-0.333407,-0.501245
-2.17324,-1.68186,-0.878309,-0.962156,-1.212,0.133694,1.08298,0.416491,-1.59491,-2.34137,-2.51355,-2.39777,-2.57049,-2.33249,-2.5036,-2.30259,-0.359265,0.577119,0.828092,1.284,0.591767,-0.87422,-2.18654,-2.24796,-2.15678,-1.91599,-1.66117,-1.33759,-0.212837,-0.564535,-1.26421,-1.47967,-1.40938,0.185333,1.54242,1.89499,1.98623,1.69526,1.40353,1.38604,1.43129,1.87484,1.60519,1.43638,1.38913,0.835312,0.998355,-0.109784,-0.766091,-0.0192523,0.963044,1.08328,0.80526,0.63108,0.731493,0.518126,0.0755814,-0.346563,-0.568006,-0.717916,-0.769445,-0.903363,-1.19394
-0.694648,-0.546511,-0.527503,-0.796077,-0.526214,0.511742,1.86396,1.64766,-0.18782,-0.684238,-1.31046,-2.30324,-2.56421,-2.98291,-3.10824,-3.20759,-2.81756,-2.38972,-0.499958,1.60185,1.47019,-0.402488,-1.64588,-2.25755,-2.72006,-2.34349,-1.98426,-0.817817,-1.21151,-1.97277,-1.91009,-1.48141,-1.67813,-1.7534,-0.093742,1.06959,1.36628,1.18533,1.19076,1.71496,1.89577,1.74399,1.72149,1.09607,0.814545,1.00661,1.30956,1.5448,0.748723,-0.1173,-0.155271,-0.083687,-0.150831,-0.23104,0.137151,0.968045,0.969718,0.823163,0.732725,0.78641,0.525645,0.396344,-0.476455
0.233129,-0.0429633,-0.212319,-0.532445,-0.918468,0.0797352,1.92382,1.62861,1.34946,1.20831,0.242321,-0.418256,-0.410559,-1.46605,-3.0814,-3.80681,-3.83898,-2.85165,-1.55976,-0.857042,-0.345068,-1.19743,-0.970179,-0.530624,0.0488523,0.536761,1.02986,-0.436846,-1.16133,-1.68359,-1.35132,-1.19622,-1.58924,-2.01017,-1.82604,-1.09961,-0.614582,-0.55498,-0.192149,0.894263,1.57729,1.3937,1.24792,0.596827,0.159693,0.176842,-0.0851647,-0.0954829,0.958329,1.20529,0.0648857,-0.707262,-0.873093,-0.448293,-0.248853,0.0733231,-0.435702,-0.759933,-0.839877,-0.687572,-0.717098,-0.054341,-0.956043
0.410046,0.212052,0.00967999,-0.428736,-0.627638,-0.0447794,1.35698,1.81453,1.50397,0.802934,0.50261,0.428635,0.919884,1.34762,-0.304356,-0.513862,1.61434,2.02033,-0.445233,-2.3221,-2.37578,-1.97972,-0.89764,-0.376048,0.820119,2.15557,1.89437,-1.2178,-1.72963,-1.29284,-1.20998,-1.1685,-1.43664,-1.41194,-1.48993,-1.50636,-1.38122,-1.18603,-1.17938,-0.383773,0.981702,1.37689,1.68232,1.72414,1.24904,0.990177,-0.149556,-0.546381,0.080706,1.10967,1.42893,1.25589,1.01808,0.956291,0.481056,-0.127346,-0.526283,-0.359812,-0.594564,-0.582759,-0.686662,-0.573414,-0.909537
0.124277,0.139091,0.0287068,-0.455356,-1.06851,0.110831,0.6922,1.51332,0.425267,-0.584898,-0.00970968,1.11277,2.2611,3.43232,4.02932,3.71302,2.80027,0.800341,-1.82388,-2.67289,-1.55095,-1.1574,-0.676781,-1.23759,0.141174,0.471952,-0.148031,-1.92376,-2.27402,-2.01804,-1.45829,-1.24954,-1.35868,-1.20056,-0.94713,-0.836347,-0.781865,-0.421033,-0.0657534,-0.217277,0.703779,1.41018,1.46453,1.19691,0.690556,0.799437,1.36166,1.48327,0.189221,-0.483405,-0.193016,0.826938,1.0751,0.42139,-0.225312,-0.297513,-0.297315,-0.0172949,-0.79653,-0.859583,-0.797608,-0.75839,-0.811937
-0.42302,-0.124084,-0.102222,-0.464239,-0.985616,-0.301867,0.470047,1.12987,0.959336,0.46781,0.75028,1.97744,2.96301,3.28888,4.55734,3.73178,-0.615169,-3.36382,-3.48559,-2.26975,-1.14058,-1.05926,-0.8816,-1.26298,-0.876574,-0.551737,-1.4132,-0.800849,-0.901846,-1.52277,-2.31134,-1.74842,-1.2226,-1.02521,-0.623526,-0.382078,-0.229112,0.133781,0.741456,0.512702,0.159257,1.68773,1.02402,0.209141,-0.373019,0.0299765,-0.0165786,-0.264759,-0.761547,-1.02019,-0.67912,-0.211136,-0.577649,-1.10866,-1.35608,-1.31356,-1.32207,-1.10825,-1.31762,-1.02178,-0.558011,-0.735861,-1.14491
-0.648767,-0.564486,-0.784377,-0.729377,-0.849609,-0.376593,-0.24627,0.412676,2.18042,3.17792,3.02783,2.36878,1.86629,0.825227,1.97482,3.25656,1.68175,0.457559,0.485358,0.227568,0.150867,-0.121429,-0.55472,-0.388704,-0.526461,-1.11341,-1.05238,0.805405,1.43493,0.307262,-0.398502,-0.893548,-1.33627,-0.850665,-0.611077,-0.332443,-0.0314177,0.396398,0.569664,0.211263,-0.686714,0.531976,1.42016,1.13437,1.04252,0.877349,-0.485395,-0.676426,-0.437519,-0.0276509,0.221515,-0.142104,-0.55547,-0.944401,-1.04722,-0.944164,-0.802697,-0.650646,-0.380098,-0.240206,-0.0432013,-0.982011,-0.935992
