public/uploads/wind/vent_json/20200513/wind_field_08.json
{"header": {"parameterUnit": "m.s-1", "parameterNumber": 2, "dx": 0.051, "dy": 0.036, "parameterNumberName": "eastward_wind", "la1": 45.3082, "parameterCategory": 2,"nx": 177, "ny": 123, "refTime": "2018-09-30 00:00:00", "lo1":1.38177}, "data":
[rows 84 to 111 of 123, columns 63 to 125 of 177]
0.260022,0.316085,0.380487,0.37527,0.178367,0.0837191,0.52829,0.829723,0.775194,0.272658,-0.466377,-1.16828,-1.49748,-1.4612,-1.45046,-0.75103,0.541003,1.51254,1.38324,1.16968,0.454549,-0.46457,-0.738154,-0.603218,-0.350962,-1.21831,-0.877007,-0.0615981,-0.286457,-0.378274,-1.04368,-1.49793,0.0668456,1.45615,0.0905883,-1.53034,-1.80428,0.184812,3.62624,3.44763,0.397298,-0.32624,0.43475,-0.999793,-3.30446,-1.71766,-0.0892688,0.911247,0.106027,-0.215218,0.365922,1.20298,1.28753,1.48117,2.61856,1.71388,0.214108,1.46934,0.69238,-0.90575,-0.56758,-1.14306,-1.95558
1.32332,1.48412,0.435557,0.216492,-0.14599,-0.0346425,0.329224,0.454986,0.565915,0.508613,0.0564702,-0.929851,-1.58879,-1.10248,-0.59437,-0.366824,-0.175985,-0.120126,-0.0743493,0.487619,-0.035524,-0.613791,-0.218725,0.293317,0.797583,0.265996,-0.240373,0.00363767,-0.488898,-0.999188,-1.69125,-1.73747,-1.19361,0.399242,1.45828,0.486254,-1.82747,-1.09518,1.58975,3.55026,5.77965,4.58639,1.69628,-0.611374,-2.64166,-1.13571,0.555789,1.85099,0.574266,0.0937208,1.52801,0.512773,-0.286829,0.66731,2.91296,3.92047,2.23754,0.370323,0.0301411,-0.0441895,0.106703,-0.262981,-1.15104
1.4708,1.12922,0.576709,0.341553,-0.180756,-0.30901,-0.112159,0.208456,0.773299,0.935436,0.207688,-0.995207,-1.11307,-0.375413,0.000817117,-0.377856,-0.688132,-1.19205,-1.36077,-0.823264,-0.762853,-0.905524,-0.152842,0.782123,1.91856,1.6807,-0.323972,-0.982942,0.511271,0.692643,-0.372392,-1.34694,-1.81451,-1.59921,0.412813,2.62719,1.14289,-1.7127,-1.43086,0.77968,6.83509,8.93294,2.65026,-2.47685,-2.50563,-0.427228,1.43586,1.18698,-0.0354193,0.0176509,1.01445,0.21082,-0.585753,0.816547,3.40647,5.84222,4.04231,-0.685107,-1.13431,1.00624,1.76393,0.0560296,-1.48338
0.806824,0.29331,0.61065,-0.00390916,-0.208669,-0.0722535,-1.28592,-0.843865,0.0515179,-0.0246604,-1.19275,-1.56865,-0.993677,0.798382,1.40444,-0.0585167,-1.282,-1.77895,-2.01652,-1.02436,-0.517364,-0.786651,0.102535,1.03235,1.64065,1.25403,-0.4803,-1.4057,-0.119296,0.162905,0.818404,0.435215,-1.02459,-1.35647,-1.66436,1.10978,2.77607,0.159829,-2.36072,0.597983,7.37857,9.36241,2.53746,-2.69543,-1.59455,2.1195,3.42572,1.20751,-1.29983,-1.19495,1.57735,2.02674,1.58625,2.26028,4.26317,6.33869,4.48627,-0.0851759,-1.38906,1.40416,2.30946,0.0899186,-1.0815
0.667669,0.222492,0.510204,-0.0989568,-0.112072,0.527985,-0.683569,-1.47481,-0.698686,-0.527399,-1.45625,-1.8577,-0.354464,1.43011,0.664774,-1.19493,-1.96151,-1.99191,-1.62518,-0.966166,-0.459359,0.00112925,0.847737,0.960494,0.496826,0.0217522,-0.552076,-0.83007,-0.769268,-0.629032,0.0427583,0.318545,-0.366973,-0.824433,-1.40003,-1.7011,0.965433,2.43773,-0.115731,0.819776,5.89597,8.15189,5.52283,3.39624,1.38421,3.07001,4.29042,0.714517,-2.84284,-3.17625,0.281678,3.01523,4.61803,4.92378,3.80651,4.44615,3.64323,-0.365534,-1.95024,2.32761,3.60228,2.02015,1.44265
0.76452,0.466869,-0.189372,-0.193535,0.00466012,0.411819,0.0349844,-1.02906,-0.54123,-0.280186,-1.11157,-0.929523,-0.0947927,-0.0572371,-0.530634,-1.73343,-2.11147,-0.957564,-0.426614,-0.645854,-1.74024,-0.77772,1.32386,1.418,0.00111921,-0.801265,-0.310915,-0.41995,-1.01204,-1.21194,-0.607209,-0.14219,-0.193036,-0.434653,-1.04166,-2.14647,-1.25154,1.62651,1.84129,0.703532,3.06414,5.65786,6.78485,9.0942,5.90672,0.835136,-0.28135,-0.688963,-2.66785,-0.884404,2.60948,3.8053,4.07077,3.69659,2.4564,1.92193,1.77917,0.352532,-0.548195,0.267242,1.61983,3.32778,4.05917
1.28267,0.84377,-0.563761,-0.244076,0.080303,-0.262452,-0.229503,-0.581529,-0.803451,-0.580124,-0.516524,-0.449265,-0.866179,-2.1249,-1.31223,-1.03794,-1.86958,-1.24712,-0.250475,0.0393115,-1.04883,-0.954768,1.00498,1.14478,-0.321339,-0.940356,-0.740774,-1.03277,-1.56995,-1.56416,-0.763181,-0.342113,0.117048,0.196995,-0.477637,-1.18892,-0.137526,2.01451,0.982509,-1.16997,1.13408,4.28718,8.48659,10.5522,7.09444,-0.650168,2.36548,4.56297,1.47842,0.664613,3.57238,4.40756,2.92891,1.00325,-0.0585105,-0.161137,0.573768,0.249543,-0.226216,0.0483107,0.255764,1.42432,2.23974
1.09861,0.639317,-0.52159,-0.511424,-0.462529,-1.05336,-1.11887,-0.590287,-0.575168,-1.36512,-1.1829,-0.643731,-1.27813,-2.25356,-1.50254,-1.01966,-1.90177,-1.40385,0.120817,0.631533,0.0119174,-0.206032,1.01613,1.13792,-0.662521,-0.736023,0.116207,-0.39399,-2.02497,-2.16597,-0.871715,-0.500222,0.587933,0.908441,-1.16692,-1.56803,1.32331,3.41807,0.102004,-3.60381,-0.898235,4.42199,9.29711,10.6502,5.63758,2.36677,6.83096,9.02295,3.629,0.118566,1.34759,1.97905,0.363106,-0.857962,-0.847194,-0.589972,0.0340709,-0.531983,-0.836874,-0.239475,0.420534,1.25614,1.31681
-0.200714,-0.374903,-0.366584,-0.661885,-0.612512,-1.06618,-1.53181,-0.977518,-1.23451,-1.87628,-1.48777,-0.101751,0.152762,-1.51935,-2.39753,-1.30669,-1.1084,-1.36618,-0.602092,0.111797,0.744238,1.32414,1.78416,1.14733,-0.369537,-0.487571,0.0996399,0.205927,-0.695926,-1.76268,-1.83157,-1.47539,0.91639,1.1676,-2.32101,-2.29759,1.64181,4.73258,2.39693,-1.93446,-1.99246,2.70762,8.04738,9.88309,6.86318,6.79092,8.57469,7.8044,2.02235,-0.535975,-1.84308,-2.24787,-1.90712,-1.40823,-0.901125,-0.469036,-1.15315,-2.23864,-1.6555,-0.313855,0.835175,1.82601,1.92534
-0.914563,-0.7079,-0.0107258,-0.36667,-0.313149,-0.799286,-1.82911,-2.19985,-2.16425,-1.98168,-1.42634,-0.796584,-1.95852,-3.35072,-2.19017,-0.699067,-0.366888,-1.05205,-1.54995,-0.782062,0.465426,1.00877,1.19474,1.29942,0.205693,-0.589577,-0.742746,-0.668611,-0.801252,-1.15863,-1.41355,-1.21363,0.374612,-0.524936,-2.44854,-1.1411,2.28285,3.68791,2.41069,-0.507528,-1.43842,0.194154,5.20428,9.08072,10.7651,10.2662,6.89523,3.68183,5.36574,5.1824,1.77181,-0.956087,-0.935222,-0.507145,-0.651312,-0.896144,-2.98714,-3.21802,-2.0152,-0.277551,0.938254,1.19402,2.19594
-0.733282,-0.473513,-0.0845513,-0.326172,-0.231519,-0.165681,-0.64883,-2.287,-3.23244,-2.67659,-0.313367,-0.978971,-3.22294,-3.14337,-1.50377,-0.908981,-1.44761,-1.74799,-1.84377,-1.31179,0.264197,1.02883,-0.0423774,-0.584893,0.485727,1.08419,0.0509544,-1.06505,-1.13212,-0.349683,-0.255892,-0.602739,-0.999436,-2.15755,-1.62702,0.063963,0.345476,0.392548,0.411908,-0.559608,-1.24325,-1.36554,1.53686,6.19739,10.6045,10.7043,8.352,4.22578,6.42203,9.0298,5.48993,1.55616,-0.35616,0.054145,-0.29918,-1.05366,-1.42748,-1.87658,-1.55837,-0.700461,0.439647,1.1156,1.27384
-0.460446,-0.556909,0.108595,-0.134236,-0.521605,-0.298099,-0.058891,-1.80274,-3.20181,-2.53208,-0.748845,-1.63002,-2.85524,-1.4587,-0.689808,-1.62595,-1.90532,-2.05929,-1.97515,-0.320334,0.711424,0.539899,-0.909369,-1.66422,-0.00386318,1.18594,0.513425,-0.434155,-0.830996,0.0465897,0.210656,-0.735328,-1.33581,-1.76146,-1.73727,-1.36192,-1.91991,-1.43032,-0.337347,1.21084,1.6789,-2.35098,-1.98655,3.718,9.04658,12.5794,11.1878,6.23524,6.6445,8.37177,5.95959,0.647554,-0.979943,-0.290939,-0.708241,-0.996027,-0.877766,-1.27956,-0.744083,-0.578691,0.0179964,0.772572,1.07891
-0.171803,-0.419096,-0.123976,-0.920282,-1.02107,-0.801939,-0.583665,-1.62081,-2.48667,-2.71975,-2.55955,-3.12837,-2.54372,-0.796351,-0.181838,-0.978023,-1.3872,-1.85343,-1.98381,0.110704,1.42838,0.878259,-0.536653,-1.92425,-0.83228,0.780589,0.881445,-0.0681723,-0.791722,-0.790083,-0.73739,-0.174274,-0.0746265,-1.39727,-2.81557,-3.15301,-3.16211,-3.28808,-0.456778,3.73806,4.69274,-0.34484,-2.00213,3.37052,9.85275,12.6623,9.61748,2.04285,2.32262,3.24657,1.52978,0.0854877,0.205759,0.282689,-0.149754,-0.566683,-0.620171,-0.471359,-0.0764285,0.300677,0.324432,0.567614,0.664346
-0.375392,-0.38098,-0.517179,-1.37934,-0.817596,-0.471588,-0.566817,-0.493392,-0.833578,-2.09205,-2.51277,-2.53279,-2.12399,-0.502371,-0.0226516,-0.93728,-1.36515,-1.65115,-1.89182,-0.084868,1.45423,0.882209,0.171011,-1.22956,-1.82328,0.531257,2.25962,1.00352,-0.61796,-1.59931,-2.13412,0.0954618,1.71955,-0.397622,-1.69152,-1.59451,-1.48907,-2.87586,-1.92656,2.97661,5.54447,-0.254702,-3.19764,4.30218,9.72481,12.1433,8.78129,1.90565,-2.32472,-1.69225,-1.20313,0.0334989,0.850986,1.23125,1.35236,0.557664,-0.305901,-0.208846,0.0489823,0.130966,0.375836,0.87497,0.828856
-0.523571,-0.659913,-0.632845,-0.969173,-0.185468,-0.220142,-0.562427,-0.634936,-0.628033,-1.28222,-1.8146,-1.47351,-1.6613,-1.99719,-1.45591,-1.0408,-1.41761,-1.70292,-1.99197,-0.713436,0.654002,0.337559,-0.226507,-1.31837,-2.01829,-0.224473,1.88164,1.25985,-0.394702,-1.43695,-1.3614,-0.465683,0.314256,0.111853,0.0300835,-0.025935,-2.28868,-4.58868,-3.41679,1.78537,2.69469,0.141564,-2.36324,2.22128,9.38022,10.7686,11.9038,5.07212,-2.13134,-2.32829,-0.511617,0.438197,1.40014,2.059,2.84803,2.37608,1.1225,0.905796,1.52797,1.5826,0.838374,0.796486,0.9966
-0.268271,-0.687176,-0.395739,-0.295758,0.266804,0.351921,-0.463205,-1.17118,-0.756247,-1.21666,-2.35198,-0.968186,-0.71498,-2.48066,-1.0406,0.619399,-0.472157,-2.40069,-3.11957,-1.19468,0.375028,-0.832717,-1.14253,-0.838949,-0.944314,-0.377441,0.433652,0.925294,0.802255,-1.1313,-2.05339,-1.74013,-0.840167,-0.0644766,0.398443,2.34024,0.436612,-4.57702,-3.41886,-0.541475,-1.00117,-0.24356,0.76827,2.36276,6.75126,11.1954,12.1428,6.52595,-0.272037,-0.174287,0.937187,1.60313,1.37523,1.70625,2.84449,3.66441,2.54696,0.702297,0.546345,1.86986,1.75607,1.5782,2.1894
0.64067,-0.277769,-0.737871,-0.842793,-0.4114,0.142347,-0.0391956,-0.476167,-0.771012,-1.7874,-2.50759,-0.177021,0.33648,-1.75752,-0.313826,0.882309,-1.02932,-2.57009,-2.6974,-0.846684,-0.507455,-2.36687,-2.10533,-1.38334,-1.33362,-0.428559,0.787666,2.11515,2.1778,-1.07032,-3.45407,-2.09376,-0.579188,-0.754791,0.455989,3.76693,3.64819,-0.601686,-1.93442,-1.0813,-2.83935,-0.275206,2.85345,1.55728,4.79476,11.9196,11.2209,6.75019,2.92681,3.41557,2.74038,1.67968,0.684859,1.09485,2.41347,3.87155,3.17174,1.11875,0.587222,1.67031,2.24713,1.46163,0.77115
1.06245,0.311384,0.0130826,-0.397176,-0.794721,-0.635368,-0.288066,-0.112438,-0.702423,-1.85435,-1.31549,0.232282,-0.446027,-1.11459,0.246137,0.0620562,-1.78866,-2.55736,-2.64257,-1.19321,-0.774482,-2.91348,-2.87712,-2.11023,-2.13045,0.0381084,1.92041,3.25929,2.43815,-1.31962,-4.41048,-3.35386,-0.578798,-0.740787,0.421548,3.83038,4.47757,3.10124,0.654796,-1.36996,-2.26913,-0.0810538,0.691006,0.107878,4.97375,11.5421,9.40634,6.04922,6.69517,7.2311,3.68559,1.19676,-0.216396,0.784058,2.35291,3.58996,2.82498,0.876221,0.671018,1.25864,1.5765,1.7891,0.93591
0.813416,0.0977532,-0.214605,-0.639783,-0.826491,-0.351196,-0.231813,0.000727678,-0.113143,-0.660722,-0.368248,-0.00857835,-1.2383,-1.1081,0.0455578,-0.588687,-2.05001,-2.51291,-3.1691,-2.21545,-1.08327,-2.6234,-3.30481,-1.84694,-0.619491,0.0635214,1.29511,1.88424,-1.06818,-2.52666,-1.11754,-1.794,-2.88405,-3.18805,-0.531267,3.19761,4.85113,5.2362,1.56238,-2.92104,-3.23287,-1.23963,-0.9764,-0.166452,4.69751,9.67945,9.66915,8.0896,9.49501,7.52558,1.84821,-1.62297,-0.630394,1.47575,2.41866,3.12026,2.09207,0.765618,0.342924,0.975511,1.44399,1.09704,0.266957
0.139042,-0.177802,-0.295208,-0.775225,-1.00565,0.134094,0.295022,-0.157488,0.0324283,-0.363475,-0.695002,-0.557943,-1.39551,-1.12094,-0.541269,-2.32361,-2.89906,-2.60373,-2.92278,-1.38396,0.280926,-1.14186,-2.97326,-0.229516,1.41005,0.934682,1.2156,0.522332,-3.28641,-2.97674,0.805803,0.578058,-1.85049,0.00715759,3.39493,4.26952,5.61834,5.09685,-0.18168,-4.09698,-0.371762,0.223827,-1.31333,0.131061,4.16889,8.91153,10.4741,10.6297,10.8034,5.78455,0.354015,-1.48739,-0.22287,2.06341,3.06589,2.54037,2.71368,1.92484,0.201114,0.378883,0.902152,0.973396,0.58829
0.490246,0.365265,0.346701,-0.0125474,-0.31628,0.233405,0.183286,-0.541681,-0.611527,-0.602143,-1.24257,-1.24505,-0.526571,0.424622,-0.502573,-3.09583,-2.82638,-1.05777,-0.152903,0.33239,0.760917,-1.20638,-3.23153,-1.05901,1.70716,1.84829,0.505295,-2.72817,-4.38717,-3.92438,-0.492433,-0.753086,-2.35397,2.39898,6.60489,6.92742,5.71554,2.41055,-3.84523,-3.88891,1.6262,3.18875,-0.688707,0.55626,5.02688,9.64765,10.9121,11.0996,7.92551,4.68477,0.158667,-0.739762,0.888999,2.49224,2.19678,1.58145,2.07139,2.59858,1.34696,0.358644,0.577579,0.754349,0.25435
0.723571,0.517332,-0.247644,-0.171164,0.334605,0.312608,0.305744,-0.545811,-1.68594,-1.57101,-1.39518,-1.08807,-0.502767,-0.205547,-1.19578,-2.54881,-1.47003,0.858021,1.58434,1.31321,0.633406,-1.60267,-2.69901,-0.889209,0.925225,0.185868,-2.06481,-3.63303,-3.92416,-3.42698,-3.79043,-3.07956,-3.12023,3.79673,8.87644,7.64538,4.9645,-0.641122,-5.36523,-1.71629,1.43501,2.01477,1.2498,3.67411,4.96208,7.20008,10.8396,10.5837,3.66567,-2.59409,-1.89246,0.533336,2.62008,2.59211,1.76935,1.59108,1.73418,1.75417,1.13971,0.34771,0.289534,0.623684,0.155007
0.113507,0.479355,-0.0385077,-0.540753,0.207531,0.666225,0.822461,-0.0795226,-2.73891,-3.53493,-2.53203,-1.81049,-1.26732,-1.0785,-1.74423,-2.37539,0.439358,2.82225,2.67354,1.37709,-0.265477,-1.79281,-1.65866,-0.55822,-0.917307,-2.43873,-3.62059,-3.35259,-1.91204,-1.27866,-1.57774,-1.65108,-1.51495,4.83673,9.64904,7.65887,1.48114,-1.8378,-3.96073,-2.29995,-0.585294,-0.193082,1.62351,5.62068,6.71844,8.43339,10.9589,10.8728,1.9089,-4.14613,-1.83099,0.996025,1.96269,2.14168,1.70079,1.36107,1.29685,1.08429,0.953228,0.674907,0.30226,0.352586,0.354654
0.478798,0.734814,0.60635,-0.160321,-0.179135,0.728694,1.22209,1.06635,-0.802422,-3.51565,-3.8896,-2.68776,-1.79601,-1.25344,-1.93128,-2.14194,1.64116,4.29027,3.14906,0.879552,-1.62896,-1.89628,-0.0245111,-1.05424,-3.32222,-3.68975,-3.38,-3.20738,-2.03683,-0.754635,1.52042,2.45493,1.7455,5.68554,10.0782,7.94539,1.21634,0.994448,1.34585,-2.08146,-1.74813,-0.706903,0.121334,3.03206,7.87579,10.4674,12.5187,11.3281,3.86353,-0.401191,-0.867364,0.507136,1.10737,1.37372,1.30632,1.24091,0.701275,0.461669,0.997618,0.928137,0.402088,0.105638,0.383741
1.17188,1.50617,1.31508,0.34629,-0.245472,0.261214,1.09188,1.68586,1.12372,-1.72225,-3.5178,-3.22361,-2.64686,-1.00242,-0.463037,-1.47875,1.92624,4.66654,3.32208,1.16997,-2.50939,-2.41349,-0.128402,-2.32894,-3.33572,-2.54753,-3.154,-3.09111,-1.48354,0.421231,2.87491,4.30916,1.92084,4.0674,8.85202,8.36702,4.71114,5.29469,4.86428,-0.507437,-2.06758,0.87047,0.449954,2.00375,5.04621,10.3935,12.6782,10.4755,3.51524,0.408259,-0.788084,-0.0413706,-0.518114,-0.594039,0.424505,1.11462,0.380697,0.702057,1.13726,0.540895,0.23149,0.141743,0.183248
1.64064,1.68615,1.53194,0.486925,-0.2556,-0.0306894,0.532037,1.40549,1.89456,0.33764,-1.45137,-1.74522,-2.07022,-1.10253,0.469416,-0.304511,1.44357,4.08256,2.15899,0.9377,-2.32433,-3.35597,-2.57122,-3.71288,-3.63983,-2.23393,-3.84409,-1.78592,1.74935,2.84555,0.290254,-1.163,-2.26317,1.05052,7.01737,9.32929,8.68952,6.11533,2.64278,-0.984665,1.15507,2.92396,1.67046,0.528323,3.71642,9.76007,12.9125,6.51896,-2.01175,-2.80488,-1.2874,-0.0345522,-0.767382,-1.05338,-0.00628112,0.294159,0.195551,0.431997,0.627074,0.176858,-0.167838,-0.151802,-0.211627
1.32183,1.85303,1.35909,0.927494,-0.120618,-0.364831,-0.162686,0.670854,1.79063,1.17694,0.243127,-0.200746,-1.08053,-0.884804,0.712162,-0.192036,0.127643,2.72182,2.56653,2.05032,-0.653191,-3.60659,-4.31286,-4.13184,-2.7993,-2.61242,-2.41457,-0.513458,1.23711,-1.02174,-2.93735,-1.93204,-0.545055,2.43279,6.26205,7.99565,6.57597,1.29581,1.27655,0.228342,2.1529,6.28145,3.30556,0.381531,3.71279,9.05397,12.6263,7.05246,-2.12107,-2.93723,-1.35358,-0.767058,-0.907904,0.0260732,0.170637,-0.487858,-0.821298,-0.769436,-0.69803,-0.814495,-0.780841,-1.67248,-1.2431
1.48958,1.44134,1.05975,0.692022,-0.435272,-0.82884,-0.503801,0.355533,1.35053,1.34018,0.753049,0.517944,-0.334048,-0.7801,-0.206013,-1.06201,-0.992339,0.854688,2.54736,3.44762,1.01113,-2.3256,-3.54185,-3.93129,-3.11148,-1.23159,0.433654,0.946624,0.00359539,-2.86308,-2.46989,0.884099,3.74062,5.09816,4.75453,4.51877,2.71636,4.16831,5.46514,3.84244,3.05571,6.84581,3.24346,0.338603,3.55391,7.77811,12.0449,8.46333,1.06155,-0.72356,0.373734,-0.63651,-0.650388,0.660228,0.155635,-1.23112,-1.05977,-1.02406,-0.941542,-1.05297,-1.6065,-2.1114,-1.96328
