public/uploads/wind/vent_json/20200513/wind_field_09.json
{"header": {"parameterUnit": "m.s-1", "parameterNumber": 2, "dx": 0.051, "dy": 0.036, "parameterNumberName": "eastward_wind", "la1": 45.3082, "parameterCategory": 2,"nx": 177, "ny": 123, "refTime": "2018-09-30 00:00:00", "lo1":1.38177}, "data":
[rows 56 to 83 of 123, columns 63 to 125 of 177]
-0.0479995,0.339272,0.653977,0.843808,1.00011,1.02082,0.938391,1.07237,1.39858,1.84284,2.41272,2.77562,2.74422,2.62326,2.49021,2.75203,3.42055,3.94303,4.66561,5.27302,5.08345,4.81507,5.15163,5.8841,5.85797,3.86943,1.28016,-0.257131,-0.79141,-0.149692,0.964908,1.36582,1.37584,1.22853,0.521966,0.185331,0.0379069,0.345384,1.06525,1.72868,1.54441,0.759385,0.0947248,-0.0645519,0.237962,0.283779,0.198066,0.455593,0.734067,0.950938,1.10453,1.09775,1.33842,1.77325,2.10536,2.28302,2.09943,1.51178,1.32775,1.22341,0.666381,0.103805,-0.122579
0.191352,0.74127,0.981537,1.12737,1.26576,1.20835,1.14634,1.43525,1.66968,1.96524,2.17497,2.31038,2.55018,2.5507,2.63429,2.76129,3.3116,4.71176,5.38199,5.06971,5.20018,5.36316,5.79789,5.86165,4.27661,1.64674,-0.587202,-1.36802,-1.00353,-0.199552,1.09235,2.24258,2.24033,1.19743,0.270027,-0.0967567,0.176907,0.667473,1.03457,0.842734,0.21782,-0.220349,-0.554043,-0.40361,-0.312367,-0.572619,-0.293239,0.32034,0.538261,0.804132,1.08168,1.21412,1.58778,2.08812,2.56694,2.87804,2.71965,1.82257,1.17299,1.09451,0.756317,0.298458,-0.155026
0.647376,0.935403,1.07539,1.35644,1.63372,1.71765,1.63381,1.84183,2.03669,2.04207,2.0974,2.08648,2.178,2.52145,2.76852,3.06696,3.84487,4.98749,5.54179,5.03922,4.60986,5.16993,4.97607,4.76613,1.62517,-0.78162,-1.87604,-1.58446,-0.906765,-0.0627601,0.907115,1.77453,1.64007,0.936564,0.204067,-0.0204864,0.0785661,-0.0585445,0.030547,-0.00217367,-0.223725,-0.160358,-0.178363,-0.421736,-0.919667,-0.94213,-0.356139,0.112558,0.38363,0.744302,1.17021,1.59961,2.06093,2.53104,2.98689,3.1372,2.69846,1.40443,0.430779,0.53216,0.549309,0.354423,-0.0510241
0.84656,1.01048,1.30871,1.70987,1.75951,1.71827,1.90124,2.13339,2.22747,1.75103,1.40346,1.54959,1.55206,1.94237,2.78883,3.56769,4.25698,5.03064,5.63927,5.2358,4.14269,4.15383,4.21234,4.22434,1.44985,-0.554418,-1.5203,-1.20796,-0.898671,-0.498149,0.216167,0.956804,0.684515,-0.989562,-0.848844,-0.440926,-0.397354,-0.343706,-0.228127,-0.262982,-0.346691,-0.377064,-0.347411,-0.368306,-0.803947,-0.882933,-0.424676,-0.0130783,0.349395,0.725238,1.23086,1.82012,2.39974,2.85047,2.86007,2.22197,1.02705,-0.337462,-0.706022,-0.0500273,0.222237,0.290487,0.332097
0.787218,1.21508,1.77399,2.15855,2.19535,1.80958,1.69318,2.20266,2.26484,1.69758,1.33304,1.06666,1.16484,1.77358,2.57161,3.57517,4.50114,4.75172,4.65125,4.61304,3.36733,3.25505,2.78105,2.64989,1.4882,-0.222563,-0.960242,-1.19918,-1.1318,-0.693727,-0.455064,-0.224347,-0.655656,-1.25567,-1.3872,-1.18757,-0.467118,-0.205311,-0.251572,-0.641504,-0.320582,0.124082,-0.20599,-1.13262,-1.77869,-1.35218,-0.637688,-0.169119,0.048832,0.277057,1.01487,2.00099,2.58321,2.424,1.27421,-0.209346,-1.32034,-1.8299,-1.3718,-0.285204,0.252077,0.492932,0.833162
0.855363,1.58003,2.04586,2.29291,2.32872,1.93323,1.78582,2.0534,1.90532,1.31082,0.976274,0.670192,0.753988,1.51913,2.41577,3.27331,3.25895,2.42512,2.92216,1.87913,1.23333,1.30066,1.62648,1.76115,1.13875,0.0505677,-0.798506,-0.981613,-0.722008,-0.437523,-0.510351,-0.549776,-0.569777,-1.36002,-1.82768,-1.34625,-0.676472,-0.555918,-0.727886,-0.951878,-0.295878,0.152124,-0.309771,-1.80791,-2.15753,-1.06426,-0.14475,0.192025,-0.0807394,-0.0612275,0.90148,2.0349,2.08412,0.88988,-0.591289,-1.64312,-2.35862,-2.00488,-0.797804,0.173586,0.628734,0.966161,1.00006
1.16478,1.69046,2.20551,2.43284,2.0426,1.77468,1.89786,2.20826,2.11007,1.43571,0.777003,0.337734,0.635679,1.00246,1.87951,2.22104,2.66369,1.56929,1.66148,1.80515,1.04712,0.650166,1.44066,1.33598,0.471888,0.285732,0.511465,0.321736,0.274845,0.243113,-0.248992,-0.636955,-0.66966,-1.03628,-2.07518,-1.63277,-0.844861,-0.376244,-0.755979,-1.03989,-0.540878,0.479415,0.399734,-1.28867,-1.8392,-1.0804,-0.288785,0.074088,0.325232,0.997096,1.32926,1.62765,1.06485,-0.492787,-1.66934,-2.432,-3.00972,-2.29664,-0.836074,0.207818,0.832121,1.13715,0.839333
1.28109,1.79459,2.28718,2.34343,1.85753,1.56813,1.91357,2.21829,1.78512,1.03278,0.480744,0.27127,0.681926,1.15417,1.64518,2.03253,2.63071,1.41412,0.95093,1.52013,1.27257,0.748321,0.56713,0.448642,0.763406,0.48956,0.009768,0.300481,0.926409,1.00205,0.0498396,-0.590905,-0.707472,-0.614526,-1.20177,-1.47827,-0.929445,-0.584432,-0.882276,-1.14786,-0.446934,0.843827,0.223867,-1.92723,-2.25635,-1.27201,-0.378781,-0.048077,-0.00754802,0.125534,0.220864,0.750875,0.000831516,-1.60231,-2.5389,-3.2163,-3.53717,-2.51684,-0.868426,0.121628,0.647028,0.935452,0.590073
1.18469,1.57142,2.09156,2.25635,1.74289,1.45589,1.71768,1.91959,1.76059,1.08049,0.178705,-0.0203169,0.777289,1.60154,2.43198,2.2396,2.28226,0.829249,0.23934,0.0758289,-0.156543,0.256614,0.540445,0.63019,1.30202,1.24276,0.367084,0.179923,0.874902,1.5758,0.896173,-0.0645084,-0.384764,-0.0550904,0.0666765,-0.247749,-0.389263,-0.541413,-1.09556,-0.777819,0.185032,1.2153,1.03456,-1.04294,-2.09808,-0.986752,0.053128,0.157202,-0.184677,-0.912393,-1.31041,-0.778999,-1.38896,-2.42503,-2.72291,-2.634,-2.57307,-2.10013,-0.890539,0.00607137,0.331494,0.528238,0.105401
1.02454,1.46617,2.07286,1.81129,1.04618,1.16766,1.49873,1.52856,1.42351,0.846983,0.403419,0.647938,1.1875,1.56535,2.12264,1.85724,2.01143,0.648177,-0.700773,-1.41726,-0.956131,0.274646,0.75819,0.9595,1.37363,1.6177,0.970748,0.332437,1.08047,2.12881,1.8456,0.909057,0.193421,0.370397,0.844691,0.707108,0.15765,-0.577219,-1.0752,-0.620908,0.230458,1.03562,1.32207,-0.836864,-1.7875,-0.928129,-0.13346,0.192321,-0.355137,-1.90034,-3.0856,-2.81029,-3.15784,-3.43274,-2.70241,-2.36633,-2.59502,-1.87237,-0.509048,0.0882187,0.125886,0.0180738,-1.12613
0.951163,1.27005,1.4717,1.80435,0.878168,1.27303,1.01871,0.919992,0.696399,0.407238,0.488278,0.977093,1.20721,0.890525,0.86319,0.674663,0.77648,0.707663,-0.178846,-1.0425,-0.331715,0.46748,0.654977,0.76869,0.827844,0.873903,0.945097,0.91867,1.64496,2.58462,2.299,1.41059,0.572189,0.143239,0.162395,0.776216,0.779255,-0.0793428,-0.810851,0.0612026,0.965213,1.46162,2.05552,-0.753718,-1.92259,-0.235263,0.578683,0.203766,-0.964251,-2.05704,-2.95317,-3.99193,-4.46957,-3.55316,-2.84158,-2.94942,-2.76989,-1.46863,0.0266888,0.44052,0.0994716,-0.793332,-3.29641
0.837348,0.81425,1.30672,1.85538,1.35838,0.98091,0.83077,0.486085,0.323583,0.0974839,0.679327,1.19087,0.920781,0.241222,-0.317279,-0.07648,0.7958,1.7015,1.24736,0.264974,0.46194,1.15968,0.656621,-0.471919,-0.847044,-0.215139,0.437271,1.07699,2.00576,2.47389,2.28605,1.38563,0.607907,0.325185,0.219653,0.634756,1.29245,0.650866,-0.0775712,0.810193,1.18055,1.46814,0.0454077,-1.91552,-1.77099,-0.494258,-0.179367,-0.802862,-0.604957,-1.21645,-3.62352,-4.6328,-4.91448,-4.98303,-4.0133,-3.67843,-3.38393,-1.5408,0.202288,0.518913,-0.377016,-2.08261,-4.26182
0.725487,0.921332,1.49779,1.96128,1.5422,1.01665,0.851241,0.692546,0.264128,0.42176,1.02127,1.25013,0.0100633,-0.447397,-0.715659,-0.1546,1.00252,1.95511,1.81796,0.938979,0.611497,1.28959,1.26533,-0.83874,-1.46092,-0.0786366,0.747746,1.09563,1.78672,1.89221,1.69089,1.12154,0.614793,0.523495,0.243337,0.279524,1.06381,1.80169,1.50952,1.76864,2.07689,1.32136,-1.83473,-3.58687,-2.14229,0.158092,0.215817,-0.577488,-0.622829,-1.76273,-3.63856,-4.46082,-5.11728,-5.31014,-4.96525,-4.21813,-2.85729,-1.64745,-1.12155,-1.26485,-2.37632,-4.19379,-5.28301
0.749698,1.57044,1.84426,1.97419,1.4208,1.38708,1.12977,0.78291,0.306387,0.574722,1.02917,0.728707,-0.389588,-0.563301,-0.691222,-0.473224,0.173964,1.56021,2.27908,1.13258,0.370152,0.614688,0.844814,0.67748,0.470062,0.610299,0.804208,1.14859,1.39909,1.40129,0.96769,0.766049,0.422158,0.207235,-0.318521,-0.138753,0.1825,0.76596,1.4229,1.95193,0.979083,-1.20948,-3.26186,-3.90425,-2.32247,-1.03049,-0.463751,-0.620563,-0.943296,-1.1432,-2.63046,-4.39209,-4.31732,-4.45351,-5.02197,-4.47839,-3.65109,-3.12587,-3.67551,-4.44042,-4.82307,-4.81501,-4.1664
1.11823,1.39041,1.57909,1.78047,1.7578,1.74818,1.184,0.570487,0.545033,0.509323,0.373299,0.194102,-0.409382,-0.875441,-0.836506,-0.935618,-0.178412,0.925132,1.58694,0.275845,-0.650869,-0.292419,-0.0383923,0.0571145,0.0933156,0.16539,0.195671,0.676068,0.272476,-0.581464,-0.182965,0.102068,-0.380363,-0.966097,-1.46502,-1.58919,-1.57828,-0.512393,0.371178,-0.61572,-2.2918,-2.91379,-3.56654,-3.97608,-2.52824,-0.771515,-0.125918,-0.12431,-0.331946,-0.542881,-1.60594,-3.22762,-4.12649,-4.21126,-4.41064,-4.352,-4.3664,-4.44416,-4.68857,-5.27226,-5.38603,-4.6214,-5.10687
1.14401,1.1306,1.43059,1.72718,1.86901,1.85585,1.47639,0.705424,0.610091,0.626783,0.648136,0.375476,0.0139211,-0.320707,-0.233466,-0.177114,-0.0142354,0.131536,0.463074,0.699408,0.575975,0.366366,-0.0420429,-0.169942,0.141635,0.163014,0.140426,0.0543771,-0.73367,-1.10473,-0.649104,-0.272788,-0.996158,-1.80741,-1.67655,-1.45295,-1.69693,-1.8486,-2.23337,-2.97467,-3.11896,-2.84589,-3.83701,-4.15372,-3.02456,-0.461387,-0.383119,-0.90709,0.226914,0.443744,-0.888316,-3.63704,-4.25718,-2.49339,-3.20777,-4.7104,-4.1337,-3.12689,-4.26769,-6.11137,-6.15198,-5.87457,-5.65649
0.944068,1.03895,1.42444,1.76125,1.94447,1.8244,1.42269,0.610084,1.00758,1.03604,1.03421,0.340416,0.41978,0.758869,0.704877,0.0576037,-0.241321,-0.23405,-0.329027,0.0003638,0.666301,0.609266,-0.0832863,-0.332964,0.111428,0.778858,0.744946,0.00186078,-0.612014,-0.774266,-0.573492,-0.147975,0.0545811,-0.707744,-0.978202,-1.37395,-1.70772,-2.20301,-2.77215,-2.78828,-3.13072,-3.16687,-3.87008,-3.93379,-3.47945,-0.972236,-0.826864,-0.568598,-0.114083,0.393725,0.841434,-1.64675,-3.81015,-3.18756,-3.41807,-4.14219,-4.7249,-5.28748,-5.65103,-6.25344,-6.43273,-6.0927,-6.03824
0.797997,0.816929,1.3268,1.89468,2.04314,1.89044,1.13079,0.753861,0.85545,1.23662,0.904797,0.383817,0.318994,0.488138,0.345974,-0.365866,-0.54219,-0.694711,-0.943282,-0.446525,0.0189318,-0.274795,-0.803878,-0.791895,-0.0244414,0.947078,1.30885,0.630418,-0.00490842,-0.391152,-0.0930089,0.633972,1.1687,0.990888,0.124737,-0.516023,-1.44086,-1.5089,-2.237,-2.86522,-3.18422,-3.38203,-3.40536,-2.88529,-2.58177,-2.37342,-1.75744,0.181329,1.45258,1.26244,0.936768,-0.8871,-2.17261,-2.251,-2.00942,-2.8261,-4.8891,-5.62049,-5.46449,-6.05665,-6.48352,-6.46822,-6.25408
0.531494,1.0371,1.67201,1.89529,1.90543,1.66419,1.07418,0.254409,0.0759943,0.77807,1.12531,0.610945,0.281797,-0.162926,-0.538206,-1.03993,-1.05793,-0.855071,-1.14806,-0.956609,-0.647588,-0.720293,-0.793142,-0.545065,0.0633181,0.673263,0.721411,0.923705,0.801742,0.863825,1.18559,1.5817,2.27452,2.14544,1.27385,0.339449,-0.267355,-0.618897,-0.442511,-1.59253,-2.12106,-2.31778,-2.26425,-2.4373,-2.54654,-2.77452,-1.91184,0.126764,1.02093,0.0932298,-0.149752,-1.16248,-1.12833,-0.338915,-0.83813,-1.85219,-3.65042,-5.69336,-5.91702,-5.94382,-6.41597,-6.51522,-6.14812
0.67193,1.37107,1.58999,1.32873,1.01817,1.06208,0.973574,-0.0891586,-0.21485,1.29966,1.58816,1.21777,0.285728,-0.17397,-0.96358,-1.17721,-0.566513,-0.565738,-1.152,-1.37272,-1.23249,-0.521415,-0.534654,-0.246915,0.260737,0.483599,0.828907,0.934979,1.28548,1.71575,2.12918,2.57515,3.07998,2.81379,2.33742,1.20942,0.751443,0.230022,0.516583,0.404208,-0.638438,-0.988509,-1.22949,-1.30289,-2.29257,-2.96108,-1.76076,-1.51249,-1.86888,-0.0642097,-0.442919,-1.48936,-0.410653,-0.709549,-1.91163,-2.80684,-3.57615,-5.1153,-6.08039,-6.08292,-6.25837,-6.40027,-5.94767
0.732723,0.952981,0.803712,0.576062,0.283265,0.445855,1.26531,0.870094,1.2559,1.82534,1.91529,1.37321,0.670044,-0.196979,-1.07464,-1.29227,-0.82696,-0.36973,-0.271072,-0.927395,-1.44361,-0.649555,-0.0648312,0.410529,0.721249,0.543278,0.707471,1.17402,1.97925,2.33331,2.31617,2.93816,3.13411,2.46307,1.23055,0.521001,0.213559,0.680752,1.45058,1.7046,0.913508,0.455509,0.558262,0.891202,-0.522314,-2.04309,-2.33927,-2.36661,-2.51819,-0.258053,0.46246,0.0969908,0.2636,-0.600907,-2.67111,-1.85956,-1.62588,-2.91708,-5.16502,-6.24072,-6.17506,-6.10029,-5.67825
0.158948,0.166601,0.471851,0.817413,0.530002,0.775154,1.06599,1.5447,1.78489,2.10875,1.28941,1.39923,0.678015,0.187024,-0.195841,0.033655,0.163783,0.23083,0.269567,-0.509801,-1.21196,-0.922012,0.140169,1.00592,1.01431,0.442843,0.755308,1.14677,2.14939,2.58657,2.84036,2.58344,3.71601,1.57747,-0.869426,-0.53218,0.290644,2.0037,2.50309,2.36525,1.9741,2.37065,2.72027,2.70092,0.477683,-1.55164,-2.07365,-2.60489,-2.48352,-0.94076,0.939351,1.06348,0.679852,0.0047729,-2.37226,-4.07511,-2.27781,-1.9888,-2.97734,-5.06446,-5.91137,-5.62702,-4.88629
-0.219424,0.18532,0.423155,1.05166,1.13635,1.39527,1.29786,1.37992,1.35723,0.893528,0.70546,0.61043,0.583831,0.7455,1.19579,0.989446,0.888964,0.622743,0.105597,-0.240898,-0.970541,-1.43094,-0.624689,0.73152,0.519368,-0.146317,0.567469,1.10408,1.40377,2.65719,3.33427,3.16423,3.86681,2.68274,-0.47445,-0.872108,0.838007,2.96698,3.39111,2.60454,1.71533,2.37504,2.91766,1.67458,-0.111324,-0.325654,-0.802506,-2.21588,-2.8052,-1.10589,1.0363,0.708506,0.300797,0.280605,-2.28593,-4.29334,-3.34777,-1.42789,-1.848,-4.18699,-6.1739,-4.6891,-4.1599
0.0535956,0.132807,0.388975,1.11967,1.42159,1.44688,1.04441,0.960425,1.0489,0.602467,0.0595066,0.0567197,0.362082,0.51646,0.347153,0.202898,0.941081,0.704988,0.304007,0.576276,0.0812969,-0.577774,-0.761388,-0.113233,-0.122115,-0.262886,0.552444,0.992018,1.28875,2.51705,2.83048,2.17565,2.88556,4.05986,3.06092,0.257072,0.115652,1.75156,4.33903,3.67151,1.71588,1.25861,0.964995,-0.730005,-0.631297,-0.626469,-2.03941,-3.21853,-2.94099,-0.860186,0.757905,-0.487127,-1.51834,-2.62971,-3.50967,-4.16175,-3.40768,-1.04078,-0.0280472,-3.30575,-5.79052,-5.33345,-3.83592
0.101365,-0.048127,0.0964578,0.61563,1.01234,1.03594,0.883189,0.573766,1.15256,0.45627,-0.259226,0.116062,0.950094,0.967455,0.92936,0.703881,0.913088,0.838578,0.875367,0.944667,0.472929,-0.0649142,-0.332019,-0.348836,0.30671,0.406416,0.574362,0.890538,1.31034,1.83935,1.09299,0.379587,2.50135,3.86097,4.12908,2.89532,2.31494,1.50473,3.7238,4.62519,2.29098,-0.334163,-1.19484,-1.81406,-1.89025,-2.48184,-3.24608,-2.86947,-1.60694,-0.543809,0.0756724,-0.504277,-2.97098,-4.11523,-3.62912,-2.68906,-2.91395,-1.37107,-0.107032,-3.02681,-5.34454,-5.34338,-3.77952
-0.281721,0.0439789,0.3964,0.561853,0.790354,1.13878,1.01069,0.867503,1.1339,1.16041,0.126022,-0.00867442,0.749261,1.1976,1.08954,0.618302,0.95815,1.01835,0.391427,0.155509,0.0947332,-0.0325755,-0.0489413,-0.113676,0.29087,0.473565,0.700358,0.608179,0.372944,0.310088,-0.45578,0.219211,2.81925,3.77864,2.4546,3.13223,3.54735,3.49794,2.81157,1.62719,-0.237038,-1.07307,-1.99725,-2.83722,-3.26349,-2.77548,-2.50093,-1.78329,-0.852602,-0.515044,0.198728,0.271026,-2.07268,-3.94969,-3.42642,-1.55272,-1.15852,-2.55076,-3.89396,-3.91028,-4.57665,-5.33562,-4.28068
-0.846895,-0.343689,0.271243,0.549574,0.881142,0.957284,0.838777,1.07176,1.13358,0.894217,0.636304,-0.0531237,0.326,0.894837,1.09246,1.16907,1.33317,0.0348604,-0.377151,-0.0180858,0.136985,0.0760965,-0.238612,-0.229389,-0.0213198,-0.268311,0.0201822,0.146357,-0.68982,-1.02038,-0.993277,0.314463,3.0648,3.58484,1.98726,2.73453,3.65753,3.36558,0.511524,-1.71681,-1.91182,-1.92017,-2.20313,-2.97106,-3.17917,-2.05149,-1.20648,-0.932908,-0.630714,0.28016,0.951871,0.870979,-0.0124663,-1.80195,-3.21695,-2.24627,0.191978,-1.61777,-4.4272,-4.14107,-4.17985,-4.54504,-4.01082
-0.770261,-0.138987,0.483438,0.630545,0.910935,0.89725,0.828939,1.25504,1.5128,1.06731,0.723077,0.312556,0.530204,0.902262,1.29352,0.899025,0.0957672,-0.563222,-0.586897,-0.070129,0.0720864,-0.117661,-0.451903,-0.637707,-0.553454,-0.96312,-0.634548,-0.0457993,-0.520619,-0.857835,-0.572345,0.684345,2.51093,3.35653,1.94102,2.64737,2.17978,2.7459,0.590128,-3.10949,-3.24241,-2.52528,-1.88673,-1.9478,-3.04789,-1.87684,-0.459438,0.361841,-0.43993,0.523489,1.96114,0.74044,0.464922,1.23598,-0.442667,-1.61928,0.449398,1.34402,-1.19105,-3.81644,-4.18333,-3.6683,-3.52032
