public/uploads/wind/vent_json/20200513/wind_field_03.json
{"header": {"parameterUnit": "m.s-1", "parameterNumber": 3, "dx":  0.051, "dy": 0.036, "parameterNumberName": "northward_wind", "la1": 45.3082, "parameterCategory": 2,"nx": 177, "ny": 123, "refTime": "2018-10-03 01:00:00", "lo1":1.38177}, "data":
[rows 84 to 111 of 123, columns 0 to 62 of 177]
1.35082,1.12395,0.732993,0.496018,0.219363,-0.12302,-0.0211792,0.00788557,-0.480395,-0.617346,-0.846153,-0.866218,-0.500786,-0.49711,-0.576375,-1.06941,-1.42504,-1.68959,-1.2046,-1.50504,-0.814217,-0.373116,-0.095633,-1.0917,-1.4469,-1.54295,-1.56253,-0.917943,0.241814,1.48701,1.06498,1.29076,1.62982,1.61745,0.819578,1.38915,2.38572,1.04777,-2.26958,-3.84814,-4.19711,-3.59509,-2.81006,-1.3125,-2.64007,-3.9906,-3.15047,-1.97983,0.103217,0.373528,0.864324,1.69565,2.27972,0.909807,-0.700427,-0.0380416,1.31299,1.32975,1.34328,0.61288,-0.257416,-1.81555,-3.11842
1.92919,1.62654,1.32046,0.866049,0.623057,-0.0524327,-0.451618,-0.444119,-0.871746,-1.15382,-1.2692,-1.39097,-1.71873,-1.90341,-1.03325,-0.57113,-0.601872,-0.658718,-0.4762,-0.813837,-0.726866,-0.512667,-0.73152,-1.87983,-2.83625,-1.742,-0.0297736,1.17409,1.27848,0.723824,0.403632,1.36166,1.68168,1.64697,1.20117,0.905799,0.960373,0.949914,0.178769,-0.804168,-1.32949,-2.59427,-2.75531,-3.18128,-3.58428,-3.39918,-1.96521,-1.62338,0.306368,1.35518,1.4131,2.31296,2.28334,-0.490874,-2.4234,-3.09038,-1.19744,0.00865709,-0.443941,-0.0631282,0.500104,-3.09875,-3.56895
2.33205,2.09054,1.73856,1.09348,0.741622,0.0396104,-1.14115,-1.5045,-0.695544,0.0722975,0.0377581,-0.208575,-0.62746,-1.149,-0.661593,0.0149082,0.0738452,0.552246,0.851491,1.1936,0.989806,0.528452,0.0664178,-0.967959,-1.4992,-0.761827,0.119947,0.318559,-0.098525,-0.735194,0.327132,2.23655,3.22805,3.08755,2.88847,1.41368,-0.0175823,0.19305,0.98819,0.223126,-0.898876,0.381008,-0.217191,-2.24972,-1.56435,0.231173,0.806146,0.0570522,-1.3946,-1.47491,-0.0783624,1.1241,0.843385,-1.92822,-4.08326,-4.49431,-4.84851,-3.05342,-2.01756,-1.7316,-3.00098,-3.73275,-2.19361
2.28213,2.1475,1.75712,1.16247,1.00513,0.690621,0.0874326,-0.667413,-0.104776,0.640129,0.0370779,-0.789743,-0.805948,-0.687185,-0.68434,-0.240268,0.442733,1.01256,1.31583,1.45533,1.43495,1.70481,1.42918,0.537838,0.0154106,-0.742702,-0.847705,-1.67093,-1.86802,-2.37345,-1.28298,0.0169605,2.08402,1.60186,1.21407,0.621672,-0.615359,-0.460577,0.00334978,-0.142695,-2.13602,-1.59769,-1.49779,-1.62158,0.0858804,2.03818,1.64458,0.00989633,-2.68877,-2.86079,-2.07588,-0.340737,-0.465887,-1.58068,-2.9775,-3.26982,-4.00258,-3.87552,-3.13778,-3.33066,-3.31165,-2.31985,-1.94404
1.25774,1.36952,1.18708,0.894715,0.929189,1.05191,1.38358,0.863679,0.705129,0.372256,-0.143044,-0.929632,-1.52998,-1.2734,-1.03015,-0.369064,0.239232,0.561777,0.695922,0.884294,0.836566,1.30736,1.37184,1.11716,1.2728,0.629283,-0.127634,-0.906241,-1.18876,-1.12341,-2.18453,-1.47215,0.367474,1.53859,0.551078,-0.200339,-0.177418,0.189064,0.682357,1.76694,0.747416,-1.37394,-0.913721,-0.162126,0.352263,0.108122,-0.918784,-2.84579,-3.27904,-1.6502,-0.438624,-1.06888,-0.886749,-0.0770962,0.194361,-0.486887,-1.85898,-3.09156,-1.77223,0.175451,0.739611,0.033383,-0.88296
0.0566108,0.328107,0.36589,0.604419,0.868267,0.882561,1.32654,1.7544,1.17193,0.0746324,0.145714,0.263402,-0.547001,-1.08718,-0.893303,-0.257206,-0.120138,-0.341223,-0.887552,-0.384498,0.565225,1.17951,1.54248,1.52514,1.89825,1.94351,2.39107,1.0783,0.43048,0.108704,-1.29712,-1.23787,0.586622,2.17546,1.85024,1.03468,1.58147,1.74872,0.772607,1.15447,3.01444,2.78334,1.42036,0.558704,-0.805223,-1.84385,-2.97842,-2.78303,-0.746944,-0.240022,-0.295219,-1.2563,-1.53053,0.934125,2.55126,2.04875,-0.297268,-2.39694,-0.603804,0.902371,1.19608,0.238339,-1.10982
-0.634205,-0.452973,-0.298087,0.214938,0.521924,0.559022,0.928411,0.797859,0.193266,-0.80007,-0.712314,-0.15477,-0.335417,-1.00156,-1.29966,-1.33495,-0.413949,-0.777683,-1.67544,-1.77082,-0.331944,0.706779,0.749494,1.1814,1.90766,2.48325,2.20206,1.22942,0.867048,-0.136626,-2.41739,-3.30233,-0.749613,0.439789,0.744766,0.547531,0.900792,0.367753,-1.20977,-2.03892,-0.520011,1.24393,0.547245,-1.05661,-2.64232,-3.38966,-3.31697,-0.275421,2.05947,1.57729,-1.00499,-2.42315,-2.32045,0.127941,2.84333,3.12914,2.05184,-0.189377,0.323802,1.07268,0.78783,0.878227,0.437032
-0.88611,-0.851614,-0.668098,-0.113114,0.323977,0.743478,0.670198,0.572846,-0.0502478,-0.797848,-1.02212,-0.888644,-0.515837,-1.03964,-1.97104,-2.53368,-1.98302,-1.6028,-1.74929,-2.68931,-2.43381,-1.35647,0.107773,0.77165,1.20771,1.23558,1.60866,1.3305,0.62344,-0.976311,-1.86521,-2.9136,-2.86316,-2.58899,-2.27736,-1.75772,0.0526808,-0.464161,-1.16252,-1.23354,-2.07344,-2.49847,-1.88933,-2.99695,-4.12694,-3.92035,-2.65822,-0.245621,1.94139,1.62477,0.47161,0.313823,0.814558,0.426297,0.705332,2.28387,3.19713,0.859621,-1.00951,-0.109128,1.83809,2.23724,1.73743
-0.877232,-0.940936,-0.775358,-0.209719,0.318297,0.821074,0.547012,0.101903,0.298557,0.518037,0.621198,-0.0462867,-0.21799,-0.7496,-1.38187,-1.69908,-1.9439,-1.63635,-0.959129,-1.77347,-2.00063,-1.52847,0.246844,0.793611,0.42157,0.959635,1.24036,1.40501,1.03447,0.167162,0.904546,0.915015,-0.676705,-1.75036,-2.03134,-1.66007,0.39321,1.61387,0.838633,0.693177,0.0899247,-0.919865,-0.310387,-1.34563,-3.63101,-3.73589,-2.95872,-3.01522,-1.96942,0.225391,1.37599,2.1938,2.59516,2.30539,0.72416,0.376687,1.01494,-1.02217,-3.65447,-2.75528,0.271052,0.152699,-0.741303
-0.518206,-0.598696,-0.40572,0.118095,0.219882,0.456094,0.458762,0.261607,0.753746,1.08834,1.06389,0.385902,-0.294502,-0.517508,-0.537944,-0.57629,-0.456949,-0.443109,0.122381,0.336908,0.304697,0.108967,0.340447,0.564166,0.702616,0.463199,1.11835,1.57858,1.99366,2.38349,3.04825,2.39091,1.28504,0.449073,0.1413,-0.381658,-0.760952,0.705813,2.31568,2.96962,2.59105,1.67237,1.28684,0.0719187,-1.79954,-3.7326,-4.271,-4.6365,-3.81674,-1.35704,-0.945731,-2.43993,0.278658,3.19105,2.73445,0.142808,-1.28273,-1.9978,-2.6738,-2.69922,-3.05166,-3.56254,-3.8922
0.593567,0.645297,0.709212,0.809192,0.278545,0.478247,0.342145,0.622515,1.00692,1.24848,1.00184,0.607014,-0.0547816,0.690525,1.55805,1.588,1.13329,0.930498,0.981302,1.55042,1.79541,1.56952,1.18982,1.47562,1.68708,1.25548,1.53788,2.41007,3.07289,2.98328,2.6634,1.04939,-0.195979,-0.320761,0.608064,0.566048,-1.27858,-1.17476,0.702761,0.839596,0.46169,0.942688,-1.55147,-3.57816,-4.29643,-4.38108,-4.97782,-4.08649,-2.67315,-2.05742,-3.38038,-4.12301,-2.1896,2.84922,3.45718,1.40476,-0.208008,0.253536,-0.597882,-2.93464,-3.91218,-3.73972,-3.42868
1.5512,1.62429,1.68169,1.59356,1.14984,0.615404,-0.00615168,0.0051464,0.715069,0.775022,0.805517,0.643091,0.582105,1.14956,1.62654,2.28409,2.47452,2.19216,1.98774,2.25847,2.61624,2.53746,2.06196,0.916744,2.24406,2.75912,3.00768,2.67572,2.28571,2.79324,3.09128,2.09161,1.48278,2.17683,2.1829,0.902132,0.189054,-0.446194,-0.86919,-1.42192,-1.8345,-3.52413,-5.29642,-6.07346,-5.67236,-4.09323,-2.6129,-0.804859,-0.160789,-0.986408,-2.1739,-1.87926,-2.39889,-0.679897,1.29745,1.83944,2.688,1.19984,-0.579766,-1.63522,-1.39508,-0.897605,-1.62379
1.90964,2.03513,2.02294,1.98165,1.45896,1.12613,0.880075,0.773666,0.804684,1.21897,1.01252,0.261015,0.0706556,0.297948,0.300234,0.724654,1.30776,1.99368,1.83534,2.23383,2.4826,1.70224,2.15703,1.51399,1.36847,1.9997,1.26489,0.580277,2.00238,3.35435,3.73398,3.34988,2.44145,2.41842,2.81782,2.12356,1.8952,1.94565,0.0645788,-0.674955,-0.0876682,-1.76977,-2.67028,-1.75186,-0.704184,1.15379,2.10524,2.25695,0.496742,-1.59868,-2.4986,-3.1652,-4.02958,-4.01949,-1.01655,1.4606,1.61028,0.566095,-0.256211,0.548488,0.873716,0.597106,-0.467911
1.40445,1.38778,1.48499,1.31854,1.20475,1.60306,2.3495,1.97133,1.42633,1.05707,1.14092,0.117172,0.384759,0.685888,0.835856,1.0576,1.72415,2.12152,2.78825,2.49086,2.87739,1.9174,1.29876,2.40945,2.18248,1.0583,0.65954,2.06376,2.26214,2.39547,2.16925,0.708829,-1.21614,-0.449329,-0.118477,1.23072,2.12813,1.53508,0.232338,0.120041,1.09662,2.78143,3.88998,4.24296,3.62247,2.22434,0.356858,-0.844509,-2.22255,-3.32322,-4.10531,-4.60243,-4.47351,-3.67144,-3.30236,0.958401,2.80751,0.717097,-0.250945,0.724306,1.19477,1.04354,1.21925
0.702113,0.690264,0.693696,0.967445,1.3592,1.49608,1.61474,1.19815,1.36955,1.1302,0.622318,-0.129125,-0.0405276,1.14866,1.15587,1.53744,2.13654,1.42738,2.47554,2.55463,1.73062,1.45018,0.751966,0.236415,1.20181,2.25777,1.80034,2.19087,1.18354,-0.269958,-2.74688,-3.26909,-4.14105,-2.99892,-2.77683,-1.09481,0.62969,0.46088,-0.237815,-0.226491,0.0592135,0.637669,2.24782,2.78455,0.91355,-0.964139,-2.6881,-2.5551,-2.54127,-2.90415,-3.42262,-2.59152,-1.95058,-2.58038,-3.84332,-3.32208,0.420671,-0.0460298,-0.59995,0.706161,0.489791,0.261626,0.987027
0.667372,0.537942,0.574355,0.877589,0.892542,0.798868,0.961958,-0.028903,-0.27974,-1.12938,-1.08055,-0.658776,0.260068,0.417181,-0.182955,-0.0823505,1.13331,1.06762,1.70642,1.26956,0.398011,0.290363,0.436181,-0.0169747,0.244324,1.15237,-0.355772,-0.862528,-0.632669,-1.88088,-3.45462,-4.53287,-4.98325,-3.47373,-2.94414,-2.88319,-1.21798,-0.492119,-1.38955,-1.83078,-1.47004,-2.2476,-2.25759,-2.04192,-1.38143,-1.293,-1.43225,-0.970948,-1.19625,-2.1547,-3.24469,-3.08527,-2.93566,-3.98651,-5.35166,-6.0717,-4.65262,-3.76069,-1.91078,-0.59207,-2.34,-3.94367,-4.50506
0.877266,0.841945,1.0432,1.1454,0.69757,0.918599,0.986573,0.20565,-0.461058,-1.4323,-0.641941,0.429932,0.822666,0.332104,0.140139,0.0902342,0.867504,0.867721,0.44944,0.342543,-0.161569,-0.519238,-0.14806,0.783399,0.0372281,-0.563255,-1.48728,-0.829719,-1.51,-2.20056,-3.36018,-3.62417,-2.66429,-2.03202,-1.59639,-3.22117,-3.67317,-2.46267,-2.86236,-3.89242,-4.26505,-4.22549,-3.71316,-2.7176,-1.84635,-2.46279,-2.86132,-2.17829,-2.13421,-3.13036,-4.28917,-5.73679,-5.93414,-5.57153,-4.85129,-4.07294,-4.1037,-4.11313,-2.78604,-2.68111,-5.95015,-7.17568,-8.00631
1.23699,1.27357,1.32135,1.44708,1.28282,1.33094,-0.106895,-0.0983109,1.15268,1.79126,1.01509,0.504051,-0.0539472,0.146254,0.0494794,0.532719,0.122316,0.290262,0.326312,-0.280981,-1.12505,-0.556719,-0.165411,0.955953,-0.110854,0.177467,0.605263,0.51368,-1.68462,-3.1401,-3.23604,-1.98192,0.0873812,-0.642041,-1.42897,-2.22159,-3.50276,-2.55387,-1.51342,-1.71693,-3.5712,-4.01394,-2.92348,-1.73915,-0.881016,-1.36198,-1.82984,-1.26816,-1.8222,-3.2558,-4.41275,-4.76474,-3.89507,-2.85296,-2.21547,-1.92835,-2.17147,-2.59271,-3.12039,-4.82088,-6.32871,-7.00228,-6.46444
1.51368,1.49082,1.49173,1.63851,1.72944,2.20378,0.0322338,0.165669,0.797893,1.69171,0.696069,-0.57849,-0.608558,-0.104251,-0.577348,0.0620451,-0.192774,-0.476794,-0.956263,-0.630603,-0.174085,-0.745951,-1.08997,0.71139,0.820628,1.23345,1.12562,0.0383995,-2.20166,-3.33735,-2.30019,-0.576568,-0.206383,-0.311134,-0.94105,-1.44915,-2.17502,-1.15373,0.465989,0.317803,-0.866316,-1.89875,-1.89884,-1.56268,-0.185713,0.601346,1.60885,1.5069,0.123439,-2.27297,-3.47169,-2.43003,-1.21788,-0.78632,-1.35635,-1.70077,-3.11175,-3.98887,-4.43647,-5.014,-5.20088,-4.30945,-2.95756
1.76146,1.80046,1.45882,1.18365,1.00471,2.28233,1.07337,1.04454,0.490074,0.426454,-0.0992489,-0.616525,-0.755628,-0.551837,-0.696851,-0.480531,0.219489,-0.492247,-1.12724,-1.26008,0.322511,-0.829026,-1.15596,0.26592,0.887732,1.14043,1.0838,0.51912,0.0660384,0.341727,1.04195,0.00834197,-0.923198,-0.601369,-0.373557,-0.0543172,-0.880862,-0.530199,0.578929,-0.0316484,-1.12378,-1.38449,-1.23253,-1.50989,-0.271847,1.79612,2.25578,1.98416,0.357468,-1.20341,-1.57845,-1.93064,-2.81708,-3.21461,-3.34107,-4.26387,-5.29242,-5.58695,-5.88046,-5.52843,-4.07089,-1.70113,-0.74087
1.96552,2.23222,1.45438,0.950619,0.471307,2.12573,1.46149,1.04253,1.02739,0.920956,0.237497,-0.0841549,-0.376337,-0.393043,-0.647272,-0.578391,0.10412,-0.118524,0.100572,-0.308058,-0.630007,-0.905152,-0.955547,-0.0402409,1.03288,0.703112,0.773892,1.07796,2.04222,2.67628,1.86143,-0.024045,-0.429691,-1.41166,0.179895,0.578529,0.509276,0.178154,0.264058,-0.216186,-0.623199,-0.782568,-0.375289,-0.165277,0.00191967,1.459,2.08519,1.10057,-0.899395,-0.662545,-0.0557843,-0.57183,-2.15052,-3.96406,-4.31624,-5.0409,-5.76697,-5.69898,-5.67049,-4.30859,-2.71287,-2.05779,-2.79882
2.44658,2.59591,1.76371,1.167,0.982091,2.33726,1.20661,1.28241,1.32237,1.33177,0.890992,0.878619,0.810163,0.490275,0.633837,0.038904,0.420248,0.337461,0.572172,0.641939,-0.853994,-1.55283,-1.27828,-0.799273,1.10331,1.43252,1.25925,1.49332,2.67409,2.88514,1.02081,0.633793,1.00325,-0.297614,0.716399,1.63024,0.901086,0.643911,0.391997,-0.266075,-0.463902,-0.312473,0.355363,1.04013,1.46055,1.73254,1.26244,0.0417182,-0.607471,0.770136,1.61675,2.01813,0.089311,-3.31802,-4.71234,-4.71163,-3.90077,-3.36267,-3.3005,-2.72942,-2.28858,-2.50758,-2.7068
3.07446,3.02763,2.43274,1.90126,1.63574,2.34173,1.56773,1.28795,1.10993,0.879934,2.36546,1.38216,1.96859,1.90563,1.79022,0.986242,0.858345,0.7859,0.802899,0.333175,0.122196,-0.181134,-0.245121,-0.768867,0.0605331,1.27926,1.72158,1.65167,2.78625,1.74268,1.4491,2.0029,2.46482,2.32391,1.43364,1.54465,1.71972,0.917136,0.762647,0.0731092,0.0408335,0.364467,0.745523,1.24589,1.50344,1.53172,0.624339,0.00482219,1.89489,3.08456,3.45217,2.82125,-0.470053,-3.22226,-3.79947,-2.15152,0.0659406,1.10591,-0.261701,-2.05997,-2.89355,-3.03361,-2.75615
3.76952,3.78395,3.28139,3.12164,3.14769,2.73237,1.24091,0.717991,1.10022,1.19626,2.5001,1.92828,1.81612,1.84174,1.17329,0.8787,0.763908,0.596385,0.368362,0.473062,1.68648,1.53597,0.45249,0.047373,-0.13206,0.0667957,1.63472,2.20505,2.96766,2.93485,3.04736,3.1685,3.19889,2.9242,1.79481,1.46909,2.29464,1.86482,0.423808,-0.768737,0.365717,1.02689,0.829523,0.90582,1.60191,0.692118,-0.391599,0.862651,3.13663,3.33074,2.32354,0.620763,-1.66157,-2.83453,-1.75811,0.296162,2.45692,2.89069,1.97608,0.0912288,-1.02838,-2.94645,-4.49748
4.30072,3.59491,3.15293,3.72257,3.73194,3.85855,1.72166,1.42873,1.25927,1.05343,0.958492,1.85113,1.64447,1.55682,0.757833,1.38988,1.5347,1.43878,0.807416,-0.49374,0.626329,1.90268,0.661948,0.5931,0.201224,-0.714624,-0.538869,1.29234,1.73594,1.53709,1.82747,2.27418,2.78811,1.5059,1.29929,2.1919,2.70327,2.04237,-0.327593,-0.320885,0.751757,1.72067,1.46888,1.82831,2.14569,0.433477,0.124952,1.56706,3.03036,2.76304,1.42265,0.211561,-0.643702,-1.20454,-1.2189,-0.24867,0.597249,1.89081,2.61847,1.82439,-0.0801702,-2.08907,-3.73135
4.61552,3.98686,4.38942,2.78781,3.25034,2.00196,2.12843,2.10892,0.710844,0.274965,0.370802,1.46439,1.19755,1.80593,2.27874,2.74028,1.30584,0.383494,0.88101,0.510054,1.03716,1.71963,0.931835,0.311397,-0.577341,-0.566307,-0.722226,-0.242104,-0.735634,-0.0411741,0.45538,0.00881636,-0.679585,-0.206619,1.18629,2.65321,3.00384,1.9905,0.895694,1.30336,1.90519,2.22996,1.73203,1.61447,1.87999,1.20702,1.40322,3.08372,3.3004,3.4708,2.6626,1.95566,1.48203,0.937878,0.35448,-1.02068,-1.12648,-0.256597,-0.228536,-1.10588,-0.97841,-0.0396481,-0.995798
5.89472,4.58312,3.44128,2.19508,1.78126,1.08622,0.970361,0.8388,0.300799,-0.33253,0.645676,2.84653,1.57787,2.57947,1.57267,1.16871,0.623444,-0.154669,1.22041,2.49867,2.34822,1.35568,0.641595,0.0452266,-1.1197,-1.69162,-0.674406,-1.02542,-2.06737,-0.685739,0.705886,0.0189229,-0.0210214,-0.221706,0.537021,2.79372,4.16302,1.41701,2.44098,3.47518,2.38318,2.49585,2.01722,2.03961,1.64301,2.15984,2.84401,3.27303,3.91669,3.64118,3.31232,2.85339,2.68223,3.19355,2.11552,0.438169,-1.43404,-2.86678,-3.40733,-2.82334,0.000738559,2.4295,2.75805
4.80275,4.71027,3.49912,1.91819,1.16754,1.13948,-0.117261,-0.669051,-0.991002,-1.00181,-0.466374,1.00673,2.34154,1.24283,0.630815,0.333124,0.0978143,1.08076,1.49864,2.59317,1.22529,0.838443,0.0164801,-0.44979,-2.08479,-3.95128,-2.93225,-1.36681,-1.53051,-1.14727,0.30462,0.91685,1.64906,1.18837,1.12491,2.92023,2.38126,0.23988,2.65617,3.36593,2.89987,3.04453,2.48682,1.90006,0.585352,1.87366,2.57028,2.60943,3.36343,2.4295,2.28733,2.59653,2.46168,2.73468,2.97437,1.54248,-0.777727,-3.24043,-3.24872,-1.76839,-0.772414,-0.0315365,2.45741
