public/uploads/wind/vent_json/20200513/wind_field_07.json
{"header": {"parameterUnit": "m.s-1", "parameterNumber": 3, "dx":  0.051, "dy": 0.036, "parameterNumberName": "northward_wind", "la1": 45.3082, "parameterCategory": 2,"nx": 177, "ny": 123, "refTime": "2018-10-03 01:00:00", "lo1":1.38177}, "data":
[rows 84 to 111 of 123, columns 64 to 127 of 177]
-4.03576,-2.12742,-1.32928,0.604811,1.11912,1.68964,1.7762,1.1819,2.5288,2.75588,2.26897,0.754764,0.341476,1.94774,1.53316,1.66036,0.216044,-3.00097,-3.16138,-3.071,-2.55849,-3.6682,-3.7965,-2.40764,0.39437,1.63675,-0.754404,0.00331822,2.20601,1.63551,0.393645,-1.13091,-3.12995,-1.44256,-0.416876,-1.44668,-3.19072,-3.66985,-3.70987,-1.46789,0.567871,0.574733,0.291779,-0.538751,-1.37217,-0.609026,0.140244,1.2991,1.55825,0.578302,0.956098,0.252183,-0.570625,-2.9863,-2.13213,0.135921,1.03158,1.5367,1.5961,-2.079,-3.41415,-4.00963,-3.23437,-1.72031
-1.76354,-2.31835,-2.29851,-0.680756,0.0757911,0.503733,0.593918,0.526746,0.655762,0.137017,-0.359283,-0.596051,-0.447158,1.70519,4.0218,3.38274,-0.161503,-3.36458,-4.21972,-5.44293,-6.12723,-6.07795,-5.93829,-4.39221,-2.24721,-0.899449,-3.92413,-4.47305,-1.5127,0.568722,1.48802,-0.0182852,-3.8938,-5.30203,-4.05958,-0.673354,-1.45898,-4.45073,-7.42888,-8.14282,-4.43624,0.723893,2.33153,1.76466,-0.302186,-0.480475,0.606621,1.40509,0.613647,-0.399675,0.402797,-1.27555,-4.09348,-5.45115,-5.52291,-2.50536,0.430603,1.25189,0.98161,-2.38602,-2.68833,-2.49937,-1.25401,-2.13116
-0.638701,-1.56383,-1.22268,-1.28607,-0.826698,0.0907323,0.410197,0.231225,-0.532168,-2.12919,-3.35842,-3.75199,-4.02009,-3.24195,0.797259,-1.10469,-3.68259,-4.3738,-4.64709,-5.09716,-4.92091,-4.60673,-4.20703,-2.91166,-2.96184,-3.10948,-3.67463,-3.90452,-3.79143,-2.56526,0.427122,2.25082,-0.428595,-5.02739,-6.59173,-4.69074,-3.52915,-3.7168,-5.62528,-5.38381,-3.5585,0.433527,0.922507,-1.17477,-1.54012,-2.91009,-1.4405,0.191002,-1.76524,-4.32555,-3.93512,-4.08383,-4.37275,-3.9365,-3.8961,-2.02751,-0.0633706,-0.535666,-2.10092,-0.484352,0.99558,1.85044,0.4328,-2.16259
-1.31872,-0.592963,-0.624825,-1.20281,-0.37894,0.859612,0.532094,0.0717206,-1.13626,-2.93939,-4.06195,-3.7474,-3.28243,-1.50732,-0.364415,-3.33813,-4.00507,-2.83161,-1.28871,0.874538,3.46021,3.79386,3.70703,2.75244,0.952604,-1.16636,0.417338,0.322434,-1.04271,-2.28648,-1.55809,0.667534,2.51229,2.54521,-1.80862,-6.06995,-5.67043,-2.55486,-1.17499,-1.47023,-2.17372,-2.70413,-3.05903,-2.87797,-3.19498,-3.51951,-1.54957,-0.439628,-2.72256,-4.39234,-5.20806,-4.23336,-0.985782,0.780867,-0.143691,-0.948688,-0.194889,-1.98706,-3.31854,-2.11415,0.553159,0.59727,0.714944,1.08845
-2.02286,-0.477182,-0.220248,-1.25029,0.740752,1.30245,1.2263,1.01146,1.2242,-0.104284,-0.333184,0.827795,2.53635,2.11428,-0.65608,-0.748689,1.10117,2.82653,3.2974,3.47339,2.80712,2.77545,3.48003,3.47362,2.26046,-0.934407,0.583114,1.41897,-0.911621,-1.29453,-3.03629,-3.19609,-1.3388,2.2691,2.03973,-2.13106,-5.25339,-3.75079,-0.0116767,-2.43282,-5.22036,-7.41878,-6.26893,-0.43219,4.10575,3.20534,0.815217,-2.80947,-2.57264,-1.28765,0.0530359,0.551569,2.31221,3.68986,3.12491,1.01051,0.0207546,-0.370898,-0.722563,-2.83099,-3.48509,-3.46089,-2.18505,0.0925885
-2.56019,-1.66205,-0.910788,-1.09503,0.853579,2.55356,3.25778,3.30082,1.97074,3.0585,4.48126,4.95878,3.8439,-0.594135,0.0396266,2.57766,3.64926,3.46414,3.3867,1.90329,-1.34247,-2.37259,-1.01566,1.00664,0.822748,-1.9749,-2.56005,-2.36199,-4.43894,-5.1814,-5.23734,-5.11469,-4.31165,-1.70485,1.57749,-0.547004,-4.16521,-4.16358,-3.36149,-5.89863,-7.16307,-7.53627,-5.67638,0.187796,4.11259,0.54311,-0.805946,-1.28354,-0.729823,-0.742087,2.11887,3.56548,3.18257,2.15294,2.52516,1.46352,1.86557,3.12097,3.87432,1.98263,-0.289811,-0.175096,0.0511517,0.720962
-1.95271,-1.84978,-1.34831,-0.846183,0.575378,1.44821,1.9816,2.09073,0.818829,0.549418,2.58096,2.12813,0.30037,-0.607042,1.92805,2.39132,0.910473,-0.240178,0.211865,2.83125,3.21776,2.62736,1.49493,0.748524,1.26531,1.15635,-1.54865,-3.32714,-4.58052,-5.41029,-5.01472,-3.86287,-3.96294,-3.28854,-4.32623,-5.29523,-4.55242,-3.36791,-4.09779,-5.65506,-6.11366,-4.53846,-1.48602,-1.18269,-5.17836,-7.4424,-4.08636,1.9616,4.02397,2.98911,2.3254,2.19234,0.87025,-0.61635,-0.386469,-0.949899,0.469342,2.32787,3.23548,4.21847,4.59324,3.58238,3.02624,3.05527
-1.33891,-1.05725,-1.09767,-0.490578,0.0478763,-0.030239,-0.376076,-0.0631229,-1.14532,-3.33069,-3.17413,-0.509063,2.51447,3.04825,0.993225,-0.298453,-0.215037,-0.107769,0.256563,2.17117,3.57913,3.30902,1.6563,-0.80752,-0.128554,2.78273,2.85465,1.92071,0.43858,-2.27012,-4.36852,-4.39222,-3.16231,-3.74974,-5.64468,-6.08119,-4.72269,-3.2667,-0.812906,-0.39213,-1.80644,-2.1857,-2.5698,-4.74205,-6.04492,-2.73905,0.058118,2.40951,4.78354,5.24055,4.08395,1.70571,-0.589359,-1.0383,-0.547134,-0.560928,1.00174,2.42329,0.21772,0.607675,2.50991,1.23914,0.969824,2.53401
-1.49664,-1.15514,-1.48678,-1.02805,-0.756253,-1.26811,-1.77065,-0.73534,-0.101149,-0.524323,-0.982321,-0.0570828,1.98654,2.12336,2.13517,2.5476,3.03615,2.66783,0.631554,0.233455,0.989364,-0.130625,-1.09681,-1.13462,-0.468384,-0.180426,0.815267,1.31299,1.63667,1.17556,-1.80465,-2.06612,-0.745284,-1.59959,-1.58443,-1.38838,-2.06523,-0.194272,3.98282,4.0039,1.87253,-0.811789,-4.64626,-6.11985,-0.728166,3.89965,1.41672,-2.38178,-0.684656,1.44373,-0.187722,-1.4277,-1.37789,0.00800336,0.43209,-0.359405,-0.309491,-0.662012,-2.16552,-2.15787,-1.50941,-0.807209,-0.276771,0.548017
-1.61267,-1.65397,-2.32197,-1.85392,-0.842836,-0.166125,-0.635054,-1.39645,0.060081,1.51929,2.46353,-0.829094,-1.98353,-0.347085,2.50163,2.79472,2.51274,2.59754,-0.313511,-1.42396,-0.895038,-2.14566,-3.21378,-1.83248,-0.129248,-1.44129,-2.9761,-3.27627,-1.65563,2.43907,2.85157,3.19328,0.0915259,-0.344848,3.9529,4.95901,4.18816,3.66186,4.51419,5.22058,4.80102,1.80329,-3.23948,-4.00541,-1.57804,1.25871,-3.91349,-7.48079,-6.28394,-3.87302,-3.981,-2.10154,-0.944718,0.974207,1.59975,0.586901,0.447278,-0.215993,-0.454235,-1.24556,-1.42334,-1.32267,-0.821394,-0.350306
-1.56089,-2.33382,-3.17076,-1.77191,-0.714862,0.84085,0.0620118,-2.43663,-2.99609,-1.13809,1.59834,-0.300878,0.0289929,0.68746,-1.86335,-3.2758,-2.61623,-1.4972,-1.55459,-1.04136,-2.00924,-3.05669,-3.9913,-4.24932,-2.48525,-0.746175,-0.60138,-1.79187,-0.946843,3.10856,3.94677,3.44275,0.554707,1.76909,4.29756,3.28232,0.593423,-1.44051,-1.89138,1.39657,3.95426,4.64674,0.728194,-1.56941,-4.58262,-4.84214,-4.37535,-4.38533,-4.66274,-3.52652,-1.68929,0.764244,2.06744,2.36634,2.29848,2.36587,2.70516,3.23135,3.12515,2.58873,1.65334,0.935795,0.580397,0.271801
-2.54805,-3.15958,-4.24296,-4.08575,-1.99471,-1.5582,-1.50386,-2.17195,-1.95217,-3.6054,-3.61752,-3.3244,-1.82697,0.697229,-0.153116,-0.956014,-1.84299,-2.74181,-3.30396,-0.948268,-0.772083,-1.16267,-2.44523,-4.17643,-4.66061,-2.07016,0.716287,2.94969,3.56439,3.3684,2.9073,2.85832,3.15195,3.14456,-0.586169,-3.33872,-4.9885,-5.8273,-5.07731,-3.6389,-1.34453,1.42111,0.846674,-1.66328,-3.52025,-1.52206,0.535037,3.05029,3.52571,1.79692,1.28805,1.8676,2.54165,1.80221,0.953753,0.843861,0.29457,1.37766,2.61314,2.86738,2.64015,1.93438,1.61405,0.833022
-3.03001,-3.12447,-4.65949,-4.85817,-4.68121,-3.89089,-0.680238,1.66581,1.61328,-1.57038,-3.57664,-3.68645,-2.23026,-0.710514,1.48644,0.539433,-0.594836,-0.731154,-1.47691,-1.37683,-1.01856,0.230169,0.143815,-2.03774,-4.83381,-4.98731,-2.37808,1.94816,2.05793,-1.75239,-0.815811,2.593,2.63789,0.343104,-1.51667,-0.696374,0.0289925,-0.335139,-1.34525,-1.51,-2.98048,-3.96761,-4.71564,-3.84554,-2.25966,-1.13812,3.22384,5.15514,4.88237,2.40661,-0.379606,-1.8672,-2.38791,-2.1967,-1.09447,-0.638201,-1.39134,-0.540652,0.138545,0.714571,1.34042,1.21308,1.62358,1.42159
-1.22836,-1.4129,-1.8035,-2.19236,-2.13389,-1.78765,1.32373,3.19657,3.31942,2.47173,3.13868,3.25097,0.764728,-3.54005,-2.96531,-2.43329,-0.635337,1.93523,0.916465,-0.906165,-2.98966,-0.261225,1.77377,1.11487,-1.09905,-2.67468,-3.09062,-1.51739,-0.0232527,-0.299806,-0.831069,0.438453,0.269897,2.47041,4.98051,5.37941,4.80754,4.26534,2.25486,-0.11408,-1.8937,-4.31939,-5.86502,-5.43045,-6.0189,-6.9416,-3.22073,-2.06463,-2.96826,-2.77921,-2.70842,-3.15663,-2.89144,-2.36089,-1.67612,-0.863054,-1.13982,-1.4376,-1.20148,-0.574263,0.111048,0.0357822,1.31161,2.16732
-0.508117,0.245344,1.13218,2.27053,2.23214,1.85924,1.16796,1.00828,2.27097,3.14987,3.42406,3.68426,1.89935,-1.9621,-0.6829,2.79322,2.85067,0.842319,-0.947632,-2.58011,-3.68661,-3.23025,-0.846618,1.38418,1.42364,-1.03415,-2.72587,-1.14903,-0.121209,1.14412,-1.26769,-3.94313,-4.05248,-0.665286,0.768863,3.6866,3.22017,2.72374,4.33017,-1.22075,-5.91443,-3.39374,-1.68429,-4.42091,-4.9038,-5.40709,-3.84959,-2.14121,-2.7155,-1.56279,-0.44429,0.498315,0.331498,-0.639345,-1.29441,-1.01118,-1.13728,-1.64352,-1.5831,-1.13051,-0.0327091,0.253458,1.21751,2.27562
-1.17285,-0.742896,0.259878,1.67429,2.9133,2.07477,1.21578,1.82998,1.75867,0.254955,-0.179338,0.628649,1.55974,1.62102,3.12828,4.2864,1.92318,-1.00757,-1.89629,-3.18243,-3.53547,-4.19908,-4.42545,-4.11348,-4.01105,-5.04634,-5.10015,-4.35808,-4.43668,-4.70231,-6.40258,-8.08772,-7.78138,-7.85174,-6.99664,-3.65162,0.856697,0.401968,2.61203,-0.235523,-3.35814,-1.90833,1.95438,-0.271165,-1.35283,0.759856,-0.564273,-0.854273,-0.908676,-1.13225,-0.992609,0.948246,0.14487,-2.09934,-2.90612,-1.93255,-0.912236,-1.32633,-1.16304,-0.61638,0.394567,0.774343,0.919369,1.66578
-1.40089,-1.56014,-1.70688,-0.718922,0.786196,1.13661,1.91984,2.55357,0.399666,-0.606452,0.293798,2.10738,2.72062,4.2418,4.15939,1.57811,-0.21832,1.00534,1.39139,-0.454731,-1.87794,-2.99198,-4.03119,-4.44007,-4.79331,-4.85456,-4.16758,-3.34823,-2.87061,-2.86228,-4.56411,-5.85791,-5.41014,-5.53284,-5.02459,-3.5823,-0.246705,5.21962,6.51315,3.70701,2.27165,2.81022,3.30709,1.42887,0.173472,0.147838,-2.64725,-5.78788,-4.84363,-3.79762,-2.53979,-1.52722,-1.39914,-2.32463,-2.57845,-2.36955,-0.822778,-0.672271,-0.677393,-0.141423,0.67928,1.0293,0.763981,1.10174
-1.12666,-1.43961,-3.07782,-3.90561,-2.90041,-1.51274,0.515557,1.52232,1.66889,3.56933,4.36804,3.49433,2.72264,3.73913,3.21738,1.69295,1.66767,1.98534,2.17005,-0.186661,-0.320839,-1.02915,-1.48553,1.513,1.82658,0.715634,0.867266,0.509539,-1.39745,-0.627742,2.74731,3.19569,0.964274,-0.72076,-3.5557,-5.09564,-4.48811,2.89925,6.28572,5.56944,6.50443,6.47796,3.42965,3.05993,1.06039,-2.97781,-6.28057,-4.96094,-2.5104,-0.29406,-0.277636,-2.4602,-1.25429,-0.711796,-0.425605,-1.36261,-0.43947,-0.174504,-0.669638,-0.460873,0.0260249,0.952072,1.78343,2.03833
1.13729,0.536816,-1.28863,-3.39037,-3.96463,-2.08642,0.538172,2.6589,3.09258,3.82264,3.64881,2.86907,2.53069,2.12069,-0.371985,-1.12036,-0.77565,-1.6125,-2.42155,-1.71211,-0.092128,-0.35956,0.0826417,4.23493,4.9525,4.17481,3.21836,-1.5452,-6.75154,-6.55384,-0.98372,1.96824,-1.42706,-2.93868,-3.63021,-3.80857,-3.15355,-1.83243,-2.48123,0.325814,4.70748,5.59129,6.94737,6.34404,2.47924,-1.66948,-1.80502,0.558764,2.49827,1.44278,-0.966712,-2.77803,-2.34609,-0.994025,-0.753007,-1.92682,-2.14819,-0.756112,-1.22703,-1.05452,-0.977462,-0.641766,1.17156,2.20962
0.878731,0.810588,0.982193,0.739257,0.564411,0.619292,1.12853,1.11998,0.939087,0.0699869,-0.972147,0.835,3.43488,2.65005,-2.75605,-4.76498,-4.55413,-3.36523,-1.2132,0.902511,3.08765,2.01336,1.89689,2.61861,3.57545,4.44266,1.67738,-3.48194,-5.70568,-6.87234,-7.62485,-6.87517,-7.11255,-5.86122,-0.43254,2.40968,3.55812,-1.6399,-4.22466,-4.20632,-0.329479,4.26158,7.3831,7.29969,5.18811,3.9824,3.56266,3.32753,0.88348,-1.06204,-2.16028,-2.10244,-1.30629,-1.2193,-1.91695,-2.58695,-2.55012,-2.24437,-1.69797,-1.50044,-1.48255,-2.18408,-0.0435826,-0.037666
-2.35664,-0.138656,1.81944,2.67347,3.23912,2.33423,-0.0579883,-1.68977,-1.6823,-1.59009,-2.81556,-1.02601,1.56664,1.72983,-1.6076,-3.73931,-3.37927,-0.186331,3.43525,5.09172,4.72813,2.94311,2.88837,2.48151,4.31778,3.95554,0.563596,0.187533,1.47526,0.731691,-4.3847,-5.28889,-4.52418,-2.19511,1.04799,3.44567,3.05297,-2.43594,-2.45818,-1.67682,-2.56112,1.93173,5.16138,7.73821,6.5415,6.19236,7.00112,4.49774,0.37207,-1.64011,-2.86768,-1.49999,-0.698286,-0.88038,-1.61984,-1.77032,-1.57563,-2.27768,-2.07199,-2.16633,-2.15158,-2.17274,-0.825655,-1.71556
-0.856716,-0.493746,1.79419,2.52309,2.45943,1.53177,-0.349297,-2.45989,-3.49944,-3.32416,-3.00159,-3.10876,-3.03357,-2.72541,-1.26886,-1.10142,0.715924,2.88374,4.76769,4.61193,3.07594,3.46344,5.51264,5.62741,4.04058,-1.4633,-3.72047,-0.66444,3.64162,3.27248,-1.05333,-3.52546,-2.33132,-0.259192,2.07805,2.16249,0.043405,-0.701783,0.137793,-0.0700744,-4.3751,-5.22701,-3.64477,0.654464,1.26541,-0.0551938,1.08215,1.98901,0.347582,-0.595893,-0.418258,-0.528041,-0.744836,-1.40145,-1.30239,-0.783403,-0.924802,-1.74377,-2.25477,-2.45181,-2.29182,-1.1495,-0.955138,-2.30655
-0.695378,-2.39124,-0.468818,1.5932,1.61922,2.51767,1.63227,0.623708,-1.43393,-2.98884,-3.46558,-3.95277,-3.94678,-3.53889,-2.35978,-0.779426,0.172971,1.47068,2.22067,1.35066,1.86324,4.12323,5.6963,3.44136,-2.09115,-3.5113,-3.94637,-4.62849,-4.62248,-6.13231,-8.15454,-7.65247,-6.39254,-3.7774,-0.492704,-0.425228,-3.99627,3.04199,5.21831,2.63154,-1.21671,-2.40547,-4.73678,-5.63408,-3.04507,-2.20894,-2.76083,-2.93679,-0.101388,1.10765,1.30997,0.75953,-0.64992,-1.7681,-1.71126,-1.52538,-1.23298,-0.949296,-0.792231,-1.09733,-1.02173,-0.620564,-0.753787,-2.19763
-3.61002,-2.82655,-1.2835,1.10285,0.35199,1.1606,2.41158,2.51962,2.0778,0.023675,-2.0947,-2.80896,-2.50399,-0.151241,0.233537,-0.0418861,-0.937437,-1.66842,-1.57848,-1.12984,-1.56172,0.626642,2.52569,0.139095,-0.301832,0.985761,-1.29321,-5.84306,-6.82245,-7.26763,-7.9677,-6.49197,-4.98065,-5.3086,-5.24776,-6.32204,-6.58629,-0.0654738,5.17133,5.63546,4.70065,4.57661,2.40509,-0.332648,-0.977813,0.164236,-0.932586,-2.47503,-0.152307,0.943693,1.28691,0.536348,-0.346165,-2.37864,-2.44032,-2.20465,-1.87208,-0.72359,0.609954,0.37989,-0.112898,-0.340433,-0.535721,-1.71612
-1.7179,-0.261977,0.150132,0.274201,-0.607085,-0.560796,1.20691,2.18386,2.72259,2.56641,1.92688,1.30235,0.0765844,1.68266,3.38244,3.46916,1.67809,0.561072,0.0864613,-0.64507,-2.24228,-2.99535,-2.62312,-3.29449,-2.36193,-0.833475,-3.97334,-5.09354,0.982874,4.79229,5.59462,2.93568,0.401436,-3.39442,-6.44429,-6.24911,-1.35337,-1.22463,-0.856559,3.23201,6.2829,8.98762,8.3174,5.93961,2.15443,2.57893,2.4876,-0.0603225,0.556249,1.2542,2.03524,0.67386,-0.32147,-1.75174,-2.09854,-1.86343,-1.70895,-1.09446,0.90269,1.39488,0.105798,-0.802195,-0.832076,-1.41893
0.914625,0.661403,-0.347383,-0.20261,-0.645861,-1.59747,0.408058,1.559,2.67571,3.88798,4.88915,4.96008,4.0905,3.83249,4.3137,4.55394,3.20768,2.51986,2.70907,2.99613,2.67636,-1.80449,-3.39391,-3.2195,-3.85617,-2.98291,-1.27956,1.64141,5.00197,4.89966,3.19857,4.31215,3.98777,2.13578,0.0347757,1.36042,1.46112,-3.80579,-5.28335,-3.83013,1.02817,5.1094,6.61429,6.98954,4.75231,3.2092,1.41969,0.371318,2.45342,2.93989,0.565839,-2.26028,-3.743,-2.32602,-1.63349,-2.06272,-2.8044,-2.46585,-0.241298,1.49663,-0.287179,-1.31516,-1.36897,-1.24942
2.4777,1.89256,0.479107,-0.0793767,-0.785106,-1.7303,-0.452189,1.82957,2.81331,3.37907,4.23866,4.68341,5.17257,4.74872,3.92845,4.13165,1.75768,-0.489503,0.262989,3.19232,2.99103,1.22541,1.05523,1.71645,1.0204,2.45831,6.06277,7.39459,4.56261,-1.69424,-3.20499,-0.705746,4.78959,7.8728,7.07343,2.67154,-2.73191,-5.48518,-2.52395,-3.48818,-1.57503,1.38901,3.11216,6.72906,5.96714,2.42146,0.919786,1.41293,1.04205,-0.458368,-3.3906,-4.40612,-4.50229,-3.35113,-3.20135,-4.27399,-4.12821,-4.0778,-1.22395,0.408909,-1.81943,-2.79983,-2.21891,-1.94799
3.48773,3.29449,2.50772,1.05414,-0.350206,-1.46013,-0.833647,1.30483,2.8865,3.25427,3.86273,4.05871,4.60114,4.32477,2.77376,3.44582,1.9305,-0.64373,-0.534706,2.94857,3.92019,4.77037,4.48634,2.54163,1.9267,5.61825,8.66404,7.12194,5.61179,6.34259,7.44567,7.79861,7.01182,5.61703,0.394766,-5.51243,-4.92895,-1.20845,2.07623,5.43568,4.69663,4.73816,6.14687,6.08857,6.00365,4.26992,2.38905,0.296666,-3.39817,-3.20802,-2.84602,-2.79408,-2.6651,-4.18175,-4.55134,-4.62219,-4.67011,-4.13074,-1.77323,-2.20847,-3.54117,-4.03914,-4.05089,-3.45068
