public/uploads/wind/vent_json/20200513/wind_field_08.json
{"header": {"parameterUnit": "m.s-1", "parameterNumber": 3, "dx":  0.051, "dy": 0.036, "parameterNumberName": "northward_wind", "la1": 45.3082, "parameterCategory": 2,"nx": 177, "ny": 123, "refTime": "2018-10-03 01:00:00", "lo1":1.38177}, "data":
[rows 28 to 55 of 123, columns 0 to 63 of 177]
0.876689,0.374791,0.155489,0.154505,0.313344,0.308607,-0.111741,-0.00524888,0.450768,1.314,1.06863,0.606291,1.75947,2.22773,1.69301,1.26751,2.88045,3.61324,2.76558,0.802511,0.947454,1.2655,1.18016,0.7012,1.02805,1.49643,1.81645,1.81069,0.827465,0.591437,0.267707,-0.261317,-0.574786,-1.64524,-1.65056,-1.38167,-1.52075,-1.53236,-1.5884,-1.55637,-1.40539,-1.28334,-0.498463,1.55609,2.59012,2.46706,2.19447,2.31252,2.18569,1.80595,1.46051,1.19837,1.00558,0.926892,0.921182,1.06929,1.28004,1.06693,0.684037,0.810799,1.257,0.740363,0.145375,0.203306
0.871684,-0.0442105,-0.215988,-0.216728,0.0816578,0.264936,-0.164476,-0.110667,0.215935,0.705226,-0.259521,-0.223116,1.44846,2.04361,1.68775,0.111071,1.49623,3.99531,3.02507,-0.176325,0.590392,0.388245,0.274938,0.400351,1.13812,1.75118,1.70278,1.31445,0.510152,-0.427494,-0.879987,-0.326231,-0.376325,-1.0813,-1.13809,-1.08253,-1.1469,-1.29237,-1.24784,-1.22976,-1.05961,-1.01929,-0.691007,0.766248,2.21487,2.3388,2.26232,1.98921,1.66153,1.257,1.03591,1.06586,1.50771,1.90589,1.99582,1.83377,1.41046,0.819084,0.493128,0.0879703,-0.22642,-0.325223,-0.038814,0.24665
-0.105936,-1.29581,-1.56535,-1.52242,-1.26594,-0.817666,-0.549054,-0.437538,-0.229108,-0.423994,-1.65888,-1.14378,0.410896,1.50948,0.672808,-0.964323,-2.22564,0.560008,1.59859,1.10155,0.637645,-0.418369,-0.403269,0.801614,2.13156,2.03909,1.02923,0.394435,-0.0346346,-0.395283,-0.480613,-0.431674,-0.211521,-0.392278,-0.718299,-0.983824,-0.946957,-0.951039,-0.955507,-0.76801,-0.653358,-0.743527,-0.8475,0.0805146,2.06766,2.6048,1.95628,1.29294,1.29172,1.28065,1.33236,1.53319,1.63259,1.41333,1.19088,0.666787,0.274016,0.150795,0.329714,0.315886,0.340665,0.551195,0.545881,-0.261063
-3.7513,-3.21742,-3.49685,-2.97018,-2.61699,-2.29651,-2.29102,-2.2345,-1.71985,-1.74494,-1.37112,-0.733788,0.702641,1.36484,-0.292924,-1.72803,-0.513197,0.407084,-1.128,0.338298,0.336009,1.54194,1.61912,1.69695,1.94653,0.484691,-0.158415,-0.541097,-0.36687,-0.129846,-0.0813013,-0.229157,-0.127415,-0.326568,-0.639264,-0.760871,-0.607087,-0.334116,-0.320949,-0.514661,-0.78719,-0.909349,-0.757159,-0.460423,0.885273,1.95283,1.69503,1.44378,1.48434,1.61592,1.81566,1.87581,1.39444,0.656591,0.402047,0.388143,0.764637,0.861357,0.957849,1.04287,1.05832,0.592212,0.134497,-0.379113
-6.9524,-5.30814,-4.26371,-3.89223,-3.51803,-2.91343,-3.01373,-3.05151,-2.29352,-1.89453,-0.346129,0.0667778,-0.404707,-1.81485,-2.64255,-0.132891,3.77953,0.577121,-2.70729,-1.11881,0.628751,3.42575,3.23089,1.81445,-0.104019,-0.497825,-0.272385,-0.445637,-0.263808,0.0894243,0.473903,0.439312,-0.0864398,-0.598382,-0.634894,-0.493504,-0.414615,-0.174983,-0.0693319,-0.388594,-0.664298,-0.495174,-0.392674,-0.311292,0.254613,0.941661,1.34861,1.68226,2.01204,2.25174,2.25894,1.95252,1.47062,1.29597,1.31491,1.50915,1.37074,0.925352,0.756839,0.43488,0.0185718,-0.410272,-0.696318,-0.706751
-7.40857,-5.25154,-4.33901,-3.58792,-3.32081,-2.44154,-1.8936,-1.35272,-1.70422,-1.80312,-0.248747,-0.0174047,-1.52289,-3.0448,-2.31777,1.32701,2.47323,-1.57106,-1.13189,-0.536374,0.385341,0.833734,0.0448633,-0.726184,-0.929611,-0.234043,-0.0777432,-0.300165,-0.2285,-0.160956,0.224176,0.309274,0.0456065,-0.152729,-0.121423,0.0141164,0.0878715,0.0400711,-0.0580305,0.0738384,0.26217,0.252486,0.300173,0.469683,0.539221,0.863832,1.16274,1.42041,1.80484,2.16641,2.00698,1.60854,1.59827,1.64001,1.33704,0.799693,0.18877,0.236665,0.396336,0.0424423,-0.652851,-0.988274,-1.04597,-0.689582
-4.96803,-3.35435,-3.22544,-2.76891,-2.67196,-2.5653,-2.23288,-2.04743,-2.40275,-1.88454,-0.00360477,0.614596,-0.00224112,0.174543,0.499892,1.81345,-0.451932,-1.20317,0.330369,0.613469,-0.0963919,-0.620516,-0.631872,-0.325295,-0.0351803,0.103579,0.130392,0.150927,0.222455,0.271849,0.165285,0.15968,-0.110123,-0.207264,-0.197969,0.0931422,0.339437,0.334336,0.295059,0.428384,0.287379,0.295725,0.581273,0.679025,0.744797,1.49051,2.12731,2.15135,1.97719,1.79614,1.36967,1.08064,0.840803,0.435173,0.208338,0.436994,0.723943,0.621457,-0.360073,-1.29557,-1.61327,-1.68355,-1.19806,-0.593055
-1.61722,-1.79881,-1.68413,-1.97856,-2.3541,-2.43982,-3.02681,-2.84629,-1.80417,-0.0688455,1.63135,1.10437,2.90387,4.17711,4.27348,2.28153,-1.81274,-0.555228,-0.198292,0.244206,0.0496924,-0.0670467,-0.100577,-0.665564,0.02951,0.0988389,-0.104331,0.212636,0.376016,0.443105,0.31871,-0.0440867,-0.343368,-0.142804,0.109527,0.490345,0.719182,0.690265,0.708414,0.558939,0.425592,0.562596,1.01491,1.47644,1.81753,1.79938,2.30468,2.96612,2.36447,1.8576,1.61332,0.804474,0.224157,0.53281,0.888901,1.06839,0.623366,-0.0396648,-1.11387,-1.49695,-1.21372,-0.565531,-0.526881,-0.262093
-0.741614,-1.35628,-1.59959,-1.80074,-2.31099,-1.60716,-0.675722,-0.492369,-0.136146,0.0367053,0.974112,-0.0109261,1.63744,4.04895,4.55047,0.467622,-1.854,-0.606701,-0.0455204,0.272131,-0.105867,-0.742196,-0.596783,-0.51383,-0.108934,-0.426697,-0.163382,0.231201,0.297648,0.279242,0.247216,0.0434128,-0.283816,-0.0405655,0.694661,1.42152,1.61733,1.53303,1.39901,1.2651,1.82514,2.08495,2.19074,2.11722,2.27819,1.12909,0.612353,1.88785,1.63405,1.08482,0.905109,1.08194,1.13926,1.30947,1.23983,1.03071,0.193455,-0.465152,-0.6703,-0.489187,-0.413838,-0.140342,-1.07456,-1.08031
-1.06424,-1.45168,-1.68369,-2.10478,-2.61218,-2.65173,-2.6578,-2.39982,-2.98079,-3.20192,-2.16731,-2.38901,-3.23466,-0.968101,0.73792,-2.16491,-1.9208,-1.35976,-0.232939,0.199563,-0.645722,-1.35152,-0.251075,0.120752,-0.278298,-0.620431,-0.0582787,0.167477,0.166047,0.189573,0.1174,0.0780792,1.16878,1.73901,1.75333,1.93594,2.34435,2.27878,2.42806,1.99425,2.06225,2.90796,2.59948,1.65053,1.63121,1.07624,0.493372,1.06038,1.16515,0.93111,0.750912,1.47937,1.76311,1.30966,0.840913,-0.00818312,-0.205913,-0.59785,-0.26971,-0.411708,-0.870124,-1.02429,-1.02043,-0.790607
-1.51663,-1.9471,-2.07795,-1.8347,-3.17519,-4.61996,-5.97405,-6.15007,-5.52952,-4.42871,-2.6221,-1.54666,-3.36542,-2.18643,-0.691937,-2.56597,-3.24906,-3.2094,-2.51397,-2.59784,-2.04884,-0.632754,0.254221,0.242248,0.105745,0.0463127,0.0469215,0.037216,0.183064,0.398135,0.347413,0.826639,1.97298,2.22411,1.93297,2.22647,2.61261,2.83785,2.55859,1.78498,1.52089,2.54876,2.40734,1.38016,1.20614,1.58702,1.28056,1.01216,1.25088,1.25172,1.04262,0.489184,0.39684,0.629241,0.276717,-0.147001,-0.623215,-0.680915,-0.277085,-0.586823,-0.614422,-0.608888,-0.753151,-0.90592
-3.28867,-3.07699,-3.05652,-2.42028,-2.85361,-3.46075,-4.42217,-5.54086,-6.2788,-6.49333,-5.42049,-3.44515,-2.64882,-2.25084,-1.60324,-2.07403,-3.95539,-3.65793,-2.99163,-2.6815,-1.4307,-1.36659,-0.451236,0.323976,0.303223,0.29419,0.35805,0.0606689,0.101368,-0.0112196,0.0832235,1.08919,0.465099,-0.897811,0.567078,1.97552,2.18479,2.47051,1.91634,2.15258,2.18041,2.07504,1.85939,1.25445,0.96955,1.68967,1.45002,0.797686,0.505415,-0.143474,-0.0523278,-1.00215,-1.21118,-1.11453,-0.086242,-0.168015,-0.469193,-0.552944,-0.53627,-0.832954,-0.204118,-1.04023,-1.7724,-1.32633
-4.91122,-4.41633,-4.5852,-3.78912,-3.10911,-1.59978,-1.08875,-2.5299,-4.4534,-6.05598,-7.36736,-6.63102,-5.06908,-4.45489,-4.22271,-3.03335,-2.38069,-1.0592,0.96237,2.24315,0.963015,-1.70143,-2.30091,-1.4756,-0.305424,-0.463034,-0.966645,-1.80085,-1.2608,-1.09556,-0.141601,0.650087,0.586463,0.0905643,0.562533,1.62068,1.42719,1.5588,2.02083,2.18045,2.65454,1.9776,1.71456,1.56362,0.625532,0.490371,0.856018,0.00191537,0.170689,0.17093,-0.233017,0.0832081,0.449717,0.0251068,-0.427479,-1.05349,-0.793287,-0.611602,-0.895641,-0.245525,-0.523857,-1.90196,-1.50791,-0.786033
-5.25728,-5.4707,-4.97686,-4.40664,-3.46024,-1.26469,-0.254923,1.03885,0.901501,-0.287028,-2.70058,-3.94663,-3.77248,-3.32251,-4.1255,-4.3778,-3.78789,-0.707615,0.698417,1.81665,2.60355,1.97335,0.584116,0.200431,1.12569,0.134511,-1.09886,-2.17679,-1.54246,0.630812,2.08779,1.34522,1.36269,1.75063,1.29173,1.16786,1.39473,1.12752,1.51414,1.00265,1.76709,1.55691,1.85971,1.96096,1.02818,0.506052,0.971885,0.457768,0.539704,0.266051,-0.255868,-0.114496,0.338049,0.0321324,-0.954342,-0.59839,-0.117446,0.0591099,0.296367,0.471555,-1.287,-1.56562,-0.806127,-1.47245
-5.30688,-5.28086,-4.77041,-4.42895,-3.76547,-2.48538,-0.0624034,0.933407,2.63417,4.19257,3.91504,2.68234,1.65357,1.61395,0.200677,-1.37068,-3.74512,-4.93111,-3.62118,-2.15509,0.557522,2.36958,2.78143,2.69765,1.9353,3.09595,2.68484,1.44802,1.99903,2.18352,1.75389,1.28089,1.83185,2.03397,1.31544,0.592924,1.85382,1.56793,1.34652,0.852217,0.633644,0.396271,0.737916,1.12823,0.732472,0.490332,0.327016,0.0206246,-0.526402,-0.738826,-0.0714222,0.317421,0.0518818,-0.0298894,0.0446307,-0.471279,-0.292001,-0.0393799,0.0905631,-0.894561,-1.65356,-1.01386,-1.07092,-1.25499
-4.25625,-4.79387,-3.62704,-3.65316,-3.25265,-3.1326,-1.75119,-1.83891,0.546885,4.56352,6.91234,8.10796,7.67671,6.02122,4.59197,3.66855,-0.129888,-3.68678,-3.08685,-2.10911,-0.490972,0.0922459,0.156012,0.374708,0.185018,2.40944,3.81272,4.09269,3.26915,1.51261,-0.265053,0.116964,1.79856,1.40955,1.18042,1.10115,1.0757,1.22746,1.74032,1.53605,0.736674,0.77871,0.839006,1.04701,1.08786,0.847667,0.534748,0.397566,0.452483,0.833746,0.970354,1.57805,0.794796,0.214869,-0.508071,-0.769064,-0.313591,0.0285334,-0.601147,-1.24879,-0.861401,-0.732304,-0.556704,0.0526297
-2.6998,-2.0999,-2.2144,-2.85755,-2.90944,-3.24217,-4.37554,-4.30469,-2.37908,1.79417,4.54697,5.39925,5.42512,4.39771,4.7412,4.24998,4.47382,4.36213,2.68421,1.37918,1.08416,0.790382,-0.862222,-1.59861,-1.45973,-0.569417,0.210635,1.14719,0.574408,-0.268883,-1.13478,0.358366,1.58248,1.33088,1.68266,1.27517,-0.605065,-0.335962,0.718927,1.71724,1.43675,1.01528,0.535133,0.629002,0.723112,0.263207,0.127338,0.33704,0.23244,0.097805,0.303314,-0.198247,-0.843799,-1.32685,-1.28636,-0.496929,-0.390809,-0.64691,-1.17324,-1.04458,-0.624211,-0.105231,0.0839048,-0.794282
-1.01966,-0.397803,-0.35998,-0.855356,-0.869762,-1.5549,-3.11934,-3.31224,-1.75673,0.687847,2.65491,2.92472,1.06461,-0.999596,0.50229,0.955115,3.24129,5.68099,4.37599,3.57316,2.69264,1.68605,-0.12394,-0.600731,-1.3614,-1.16739,-1.9073,-1.3012,-1.5417,-1.47649,0.0810684,1.21468,2.22175,2.35989,2.02361,1.27125,0.366423,0.564891,0.732292,0.949444,0.596047,-0.07907,-0.594507,-0.538113,-0.180737,0.267084,0.152323,0.118942,0.198223,0.261498,-0.400858,-1.02332,-0.80008,-0.783397,-0.426831,0.170134,-0.714959,-0.836573,-0.672095,-0.695492,-0.60034,-0.504135,-1.05467,-1.31676
1.5083,1.67358,2.10045,1.5012,1.23776,0.998953,0.501179,-0.129052,0.106603,1.27088,2.71115,0.965151,-2.73579,-3.3745,-2.49169,-2.00716,-1.43641,-0.969968,0.358343,1.63779,1.57349,0.712482,-0.039429,0.0247961,-0.657943,-0.878705,-1.61739,-0.701224,-1.4593,-0.960666,0.431745,1.5487,1.70758,1.37411,0.357818,0.541892,1.06739,1.12031,0.73673,0.218737,0.0568358,0.128245,0.167043,0.127993,0.319447,0.916613,1.41804,0.921539,0.369428,0.359661,-0.647782,-0.610916,-0.0636026,-0.0370323,0.676211,-0.203803,-0.726187,-0.434019,0.222713,-0.885267,-1.3275,-1.75228,-1.78879,-0.383245
3.29369,3.93337,3.96696,3.88003,3.58773,3.23254,3.6834,3.10216,1.62776,0.956526,1.47497,-0.926568,-3.24976,-1.98951,-1.38547,-1.36696,-1.04999,-1.98611,-1.92184,-1.30676,-0.42454,-0.206943,-0.0692202,-0.192661,-1.05808,-0.784492,-1.59806,-1.82836,-2.22214,-2.64542,-1.81824,-0.0756111,-0.131516,-0.420816,-1.31259,-1.01472,-0.845578,-0.954802,-1.00353,-0.794551,-0.533938,-0.504126,-0.630593,-0.676812,-1.09882,-1.52224,-0.678844,-0.0745277,-1.03499,-0.721102,-0.266601,-0.401166,-0.28409,0.268959,0.0928127,-0.364122,-0.512798,0.0154077,-0.546586,-1.20748,-1.37449,-1.24292,-1.24466,-1.09436
4.58751,5.35308,5.31211,5.04811,4.99155,4.89875,5.7062,5.71747,4.35782,2.09177,1.41254,0.851182,1.00549,0.665911,-0.0837805,-1.4938,-2.20796,-2.19804,-2.29368,-2.22967,-1.37017,-0.657948,-0.447928,-0.335512,-0.691918,-0.445114,-0.13009,-1.62768,-2.04824,-2.24155,-3.48642,-2.64697,-1.89593,-1.18671,-1.06683,-1.00894,-1.30678,-1.8648,-2.29421,-1.90187,-1.50501,-1.59406,-2.04184,-1.79928,-1.77682,-2.25737,-2.05549,-1.00836,-0.469042,-0.443242,-0.485747,-0.156346,0.333783,0.20406,-0.519021,0.0831608,-0.439722,-0.289451,-0.839627,-0.434163,-0.858783,-0.898202,-0.845293,-1.84561
5.93578,5.88595,5.50008,5.40931,5.27425,4.90499,5.61163,5.55673,5.51576,4.59047,3.16993,4.32339,4.1343,1.9744,-0.0259158,-1.54558,-1.59313,-1.07507,-0.780913,-0.774442,-0.590349,-0.866191,-1.57751,-1.39847,-0.499191,-0.073315,-0.281942,-0.562619,-0.992054,-3.20758,-3.86977,-4.22452,-3.18638,-2.11501,-1.43875,-1.33769,-0.80013,-0.608617,-1.88792,-2.01862,-1.82552,-1.59523,-1.91867,-1.88045,-1.61819,-1.96403,-1.81351,-1.70367,-0.0547756,-0.753744,-1.26204,-0.205628,-0.0966098,-0.2432,-0.238044,-0.637396,-0.0149699,-0.376584,-0.191832,-0.343722,-1.00074,-1.12438,-0.521478,-0.990226
6.45618,5.76302,5.61004,5.21807,4.63803,4.38556,4.2029,4.45373,4.76436,3.00936,2.23718,3.98656,4.13534,2.94563,1.76333,1.55307,1.82535,1.65449,0.849217,0.47823,0.483554,-0.0326473,-0.773976,-1.5038,-1.42768,-0.542466,-0.506691,-0.468854,-0.285186,-2.94354,-3.9478,-4.23745,-3.24593,-2.38257,-1.92875,-1.83898,-1.36889,-0.737413,-1.27096,-1.66304,-1.75281,-1.60352,-1.8542,-1.97079,-1.66701,-1.75703,-1.1775,-0.893068,-1.07861,-0.995312,-1.07632,-1.09296,-1.04065,0.331942,0.194223,-0.394278,0.714788,0.0322616,-0.167385,-0.438455,-0.5066,-1.21105,-0.349555,-0.459852
6.66609,5.73425,5.42815,5.05774,4.3733,3.67855,3.78933,4.52618,3.72033,1.60633,0.774992,2.63216,2.945,3.57763,3.48146,3.22889,2.22395,0.993935,-0.0167898,0.137161,0.140022,0.209307,0.172725,-0.21666,-0.965041,-0.572634,-0.289606,-0.180431,-0.888069,-2.98941,-4.00682,-4.16694,-3.1461,-2.35716,-1.85205,-1.69651,-1.72113,-1.7853,-1.79504,-1.57167,-1.12604,-1.3615,-1.94124,-1.66756,-1.44865,-1.74019,-1.58687,-1.27941,-1.41061,-0.808058,-0.444366,-0.730711,-0.130581,0.0414028,0.0666422,0.378585,0.385584,-0.102606,-0.0682115,-0.265353,-0.217242,-1.28896,-0.56304,-1.14852
5.80719,5.10002,5.08569,4.64054,4.52877,3.85514,4.2716,4.51412,3.75652,2.72453,2.20458,2.86007,2.83333,3.24224,2.99625,2.18558,0.154201,-0.348475,-0.539668,-0.639459,-0.81117,-0.891867,-1.27207,-0.316453,-0.42805,-0.65644,-0.811944,-0.645307,-2.14116,-3.52312,-4.2819,-4.07935,-3.00516,-2.25157,-2.23777,-1.98173,-1.50159,-1.5346,-2.01518,-1.72527,-1.29358,-1.35324,-1.91677,-1.58271,-1.58028,-1.99125,-1.81709,-1.91314,-0.888881,-0.681054,0.0103105,0.107584,-0.253784,-0.984464,-0.943691,0.36858,0.204893,0.0705071,-0.287762,-0.630685,-0.184372,-0.824587,-1.16373,-1.85832
4.7983,4.5092,4.74734,4.68266,4.91903,4.54587,4.71229,4.11858,3.5264,2.92791,2.51445,2.84054,3.53645,3.46884,2.035,0.937605,-0.577873,-0.661424,-0.376201,-0.222016,-0.540408,-0.352834,-0.538913,-0.27873,-0.0414022,-0.267195,-1.16892,-1.26061,-2.33521,-2.28237,-3.86075,-3.31695,-2.74159,-2.24143,-2.57998,-2.62835,-2.0257,-2.06291,-2.13706,-1.81699,-2.16982,-1.67006,-1.56074,-1.68429,-1.71049,-2.08695,-1.27114,-1.15964,-0.714614,-0.859745,-0.601689,-0.254121,-0.823131,-0.152774,-0.2913,0.052895,0.686316,0.253475,-0.495022,-0.797894,-0.741804,-0.215072,-1.69584,-1.9727
4.18566,4.13133,4.53153,4.65059,4.90232,4.85295,4.79821,4.39151,3.38075,2.61788,2.82777,2.896,3.05172,3.71358,4.301,3.71687,2.70313,1.87162,1.37737,1.02077,1.04319,1.73985,1.61057,0.69518,1.27927,2.21759,0.633333,-0.0533725,-0.919029,-2.66019,-2.63073,-3.13533,-2.47588,-2.45265,-2.35197,-2.60238,-1.95354,-2.30974,-2.54354,-1.88816,-2.55171,-1.7618,-1.48794,-1.68459,-1.62639,-1.87156,-1.12375,-1.04974,-0.936627,-0.679794,-1.0134,-1.00201,-1.49528,0.122624,0.729849,0.284966,0.14972,-0.14261,-0.387505,-0.948603,-1.73912,-1.15201,-2.14158,-2.10738
3.53875,3.90093,4.43864,4.78609,4.8809,4.9982,5.00388,4.74701,4.25609,4.18308,4.27871,3.24321,0.585039,0.619262,3.77487,5.01389,4.93929,4.48129,3.65614,3.12834,2.66566,2.74187,3.02288,2.69836,2.35398,3.16534,2.82074,1.0291,-0.348713,-1.18781,-2.2403,-3.0626,-2.25026,-2.64185,-2.09541,-2.35713,-2.01879,-1.68842,-2.16684,-1.89426,-2.11715,-1.4128,-1.48729,-1.42114,-1.47746,-1.54989,-1.17444,-1.20213,-2.19399,-1.43036,-0.430693,-0.624248,-0.669868,-1.04536,-0.105878,-0.0243246,0.253046,-0.873947,-0.907809,-1.29669,-1.42945,-2.14092,-2.14367,-2.63301
