public/uploads/wind/vent_json/20200513/wind_field_17.json
{"header": {"parameterUnit": "m.s-1", "parameterNumber": 3, "dx":  0.051, "dy": 0.036, "parameterNumberName": "northward_wind", "la1": 45.3082, "parameterCategory": 2,"nx": 177, "ny": 123, "refTime": "2018-10-03 01:00:00", "lo1":1.38177}, "data":
[rows 58 to 86 of 123, columns 65 to 129 of 177]
1.20225,1.24661,1.33255,0.965114,1.20056,1.72809,1.92947,1.94713,2.34108,2.2091,3.40218,4.11143,3.37531,3.94285,3.83773,3.70644,3.63668,3.25984,2.82068,2.37755,2.05785,1.13189,0.374209,-0.0776018,0.36552,0.833817,2.25805,2.35914,2.35298,2.67622,2.77286,2.1898,2.08813,1.71448,1.55942,1.7588,1.6882,1.33867,1.25565,1.29131,0.964138,0.572783,0.537515,0.614623,0.827113,1.2575,1.47246,1.6516,1.57478,1.18383,1.0096,0.718332,0.512361,0.627623,0.775254,0.788328,0.388161,0.105784,0.0108928,-0.1712,-0.31602,-0.134815,0.135486,0.171907,0.178265
1.56986,1.78868,1.78863,1.30894,1.29235,1.75037,2.36316,2.55829,3.49951,2.73588,3.61424,4.18388,3.84472,3.842,3.75559,3.62294,3.03868,2.40612,2.0081,1.32433,1.08362,0.338125,-0.119699,0.0847201,0.990942,1.89129,2.56611,2.39876,2.82779,2.09777,3.04483,2.79083,1.6906,1.7431,2.1965,2.36192,1.91742,1.63549,1.83566,1.29444,0.56097,0.402533,0.546241,0.457343,0.00871636,-0.40896,-0.577734,0.198315,1.26787,1.16385,1.13744,0.965488,0.624514,0.466128,0.591476,0.722803,0.414554,0.237332,0.278308,0.437548,0.546703,0.679176,0.930673,0.980961,0.710549
1.69781,1.93611,2.10714,2.01971,1.62426,2.12358,2.3439,3.64811,4.03483,3.47837,4.06715,3.63644,3.52873,3.37183,2.52016,2.46996,1.60239,1.00796,0.972052,0.780755,0.515056,0.236124,0.204575,1.00932,2.32427,3.22344,2.89176,2.90204,2.70854,3.37831,3.55716,2.34844,2.69422,2.96111,2.42647,2.60654,2.17182,1.60943,1.24838,0.00204571,0.256356,0.444081,0.0818837,-0.754119,-1.99502,-2.63453,-2.28031,-1.64749,-0.684508,0.231853,1.23161,1.82699,1.75617,1.37023,1.14185,1.06145,0.82019,0.680043,0.529818,0.898697,1.23321,1.08577,0.944885,1.14912,1.19279
1.90355,2.00719,2.24728,2.42011,2.47498,3.27836,2.59332,3.87486,3.40707,4.02274,3.97752,3.02963,2.76386,2.3162,1.3073,1.68353,1.27005,0.856571,1.04492,0.961148,0.813761,0.404885,-0.0203603,0.578345,1.55738,2.97777,4.42511,4.31285,4.41906,3.8097,2.60497,2.85882,2.97662,3.31834,3.26983,3.59598,3.42559,2.63639,1.70266,0.6806,-0.350488,-1.02859,-0.902951,-1.50553,-2.70979,-3.0265,-2.41054,-2.11338,-1.90317,-1.08542,0.026426,1.27306,1.85021,1.90736,1.85573,1.72579,1.51164,1.41684,1.28214,1.34641,1.57031,1.49395,1.18756,1.1289,1.21906
2.15427,2.23923,2.43321,2.64994,3.63425,3.81575,2.85274,3.52084,2.97037,3.78018,2.82862,3.06436,2.51002,1.63742,1.45651,1.70396,1.39239,1.41056,1.36644,1.90263,2.17854,1.80005,1.22361,1.13155,-0.00548585,1.4139,4.27254,5.34462,4.68905,3.23582,3.02271,2.78704,2.92704,2.43418,2.87365,2.13636,2.22977,1.376,2.11725,1.61994,-0.636713,-1.15251,-1.28299,-1.84375,-2.5449,-3.24436,-3.21614,-2.68912,-2.36602,-1.658,-1.21898,-0.563258,0.162197,0.760075,1.12292,1.13904,0.966118,0.922208,0.964058,1.04022,1.23667,1.33795,1.23215,1.05264,0.910884
2.40886,2.55,2.607,3.083,3.64254,3.79368,2.78234,3.20207,3.21299,2.82515,1.9303,2.30373,1.70902,1.62393,1.25653,0.958984,0.931741,0.712049,0.358507,1.25494,2.41815,2.89199,2.10881,1.04193,-0.20058,0.900553,3.30055,4.14106,3.37464,3.41835,4.02527,4.15537,3.51056,2.03772,2.39045,2.63492,2.38987,2.11167,1.76862,0.0269395,-0.833969,-0.984424,-1.8255,-2.24914,-2.42338,-3.16032,-3.63933,-3.02874,-3.15853,-2.75687,-2.41213,-2.17708,-1.72435,-1.18586,-0.639866,-0.278399,-0.168964,-0.158567,-0.146092,-0.0420165,0.155808,0.382413,0.577785,0.580721,0.418676
2.5031,2.7205,2.68678,3.40164,2.85541,3.45975,2.52478,2.77078,2.8094,2.38711,2.07662,1.92558,1.92654,1.42299,0.96577,0.753382,0.887311,0.590465,0.0561755,0.570755,1.98009,2.8592,2.29632,0.659048,0.734881,1.98246,2.27759,3.73946,3.18588,3.67922,4.88282,5.4652,4.70714,3.61072,3.44276,3.83025,2.87192,1.66444,0.401619,0.459584,0.142345,-1.27987,-2.0358,-2.28772,-2.34061,-2.75255,-3.86204,-2.82155,-2.59529,-2.89605,-2.65267,-2.4324,-2.18393,-1.86933,-1.47555,-1.07188,-0.782633,-0.608147,-0.44215,-0.291529,-0.169546,-0.00185908,0.115755,0.135015,0.0533329
2.74018,2.43081,2.48623,3.27773,2.76536,2.58015,2.08672,2.44604,2.18654,2.29417,2.29964,2.40185,2.24696,1.72399,1.09109,0.915885,1.58466,1.89621,1.37915,1.13208,1.4492,1.66234,1.578,0.882356,0.833662,2.72024,2.82336,3.03385,3.32208,3.5623,4.01513,3.91971,3.23383,3.82573,3.77946,2.96886,2.91955,2.46001,1.23014,1.15719,0.355258,-0.90297,-1.56393,-2.24566,-2.80115,-2.87101,-3.53668,-3.15011,-1.92381,-2.28737,-1.87547,-1.73994,-1.52882,-1.36836,-1.29333,-0.986038,-0.854658,-0.710991,-0.512069,-0.44178,-0.382985,-0.11101,0.0165727,0.115628,0.00486006
2.21036,2.52555,2.14627,2.66591,2.32321,2.70373,2.66565,3.0439,3.06213,2.88132,2.65544,2.80124,2.6727,2.69783,2.46463,1.88597,1.86515,2.85539,1.9465,0.93932,1.14056,1.77393,1.97949,1.63848,0.712512,1.81758,2.61076,3.21744,4.01453,3.65063,2.37232,0.78278,0.606813,2.94794,3.44615,2.9728,2.55436,2.1791,1.57744,0.662623,0.152547,-0.475282,-1.0299,-1.95142,-3.0958,-2.9647,-2.6615,-3.37359,-2.29907,-2.34424,-1.80135,-1.60124,-1.40545,-1.3724,-1.27036,-0.947564,-0.913123,-0.707978,-0.714697,-0.617695,-0.758038,-0.562979,-0.3327,-0.15345,-0.303967
2.64363,2.17778,1.93359,2.34656,2.92675,2.54545,2.83803,2.70178,2.73342,2.79301,2.60232,3.03332,3.64008,3.89872,3.40894,2.47415,1.3057,0.97931,0.910528,0.337859,0.0600702,0.807801,1.22524,0.735577,-0.0774043,0.0602558,1.14203,3.4112,4.03116,3.83405,3.29062,2.31579,1.14399,1.47425,2.48057,3.16398,3.05513,2.67206,2.13937,1.88303,1.04885,-0.163223,-0.646728,-1.88306,-3.66434,-3.50823,-2.77674,-2.72085,-2.55538,-2.05283,-1.87699,-1.66305,-1.40951,-1.55035,-1.45127,-1.05554,-1.28385,-1.22425,-1.25588,-0.893311,-0.937001,-0.897636,-0.828731,-0.834595,-0.795431
2.04255,2.053,2.24837,2.75394,2.73146,3.08537,2.56907,2.99352,2.34412,2.48737,2.52487,2.94068,3.30327,3.26672,2.431,1.84131,0.818856,0.644446,1.29131,0.772953,0.258101,-0.209215,-0.655762,-0.779179,-0.622349,-0.314401,-0.441447,2.82395,3.8591,3.28883,3.19435,3.00076,2.51411,2.40476,0.952732,2.21906,2.86115,3.20157,3.10475,2.55847,1.07214,-0.566272,-0.954108,-1.55133,-3.83596,-3.59862,-3.36623,-1.96041,-2.49085,-1.77004,-1.87465,-1.92923,-1.53043,-1.80209,-1.62918,-1.29816,-1.78836,-1.86277,-1.60609,-1.31956,-1.24751,-1.0365,-1.17622,-1.14565,-0.844276
1.0838,1.39153,1.29481,1.31914,2.07427,1.99845,3.37021,4.20113,3.23487,3.00495,2.31323,2.09984,2.10225,1.72645,0.950903,0.380243,0.407982,1.66226,2.14041,0.934492,0.167434,-0.363685,-0.20928,-0.144227,-0.137685,-0.895041,-0.790885,0.387312,1.6699,1.40168,0.549061,0.664179,1.00228,1.76867,1.30903,2.27033,2.50694,4.02434,4.265,2.34673,0.501562,-0.739069,-0.923325,-1.49277,-2.33564,-2.49051,-3.54383,-1.9631,-2.46012,-2.10835,-2.23119,-2.34747,-2.13559,-1.94476,-1.73987,-1.99272,-2.26525,-1.90773,-1.52027,-1.39133,-1.3811,-1.22912,-1.57295,-1.37103,-1.28202
1.08863,1.26971,0.993839,0.873976,0.980154,-0.27585,2.75223,4.37364,4.19931,3.34518,2.73313,2.06725,0.881335,0.203761,-0.0970981,0.0302747,-0.342548,-0.0384499,-0.00432508,-0.637206,-0.965676,-1.03406,-0.89806,-0.685746,-0.746958,-1.34451,-2.33243,-0.768806,0.059912,0.765875,0.999305,1.48273,2.33548,2.85149,3.49848,3.55323,3.72388,3.66194,1.92466,1.05925,1.14181,0.395732,-0.179805,0.435978,0.558716,-1.58962,-3.11224,-2.39868,-2.05215,-1.86247,-2.46872,-2.64597,-2.47591,-2.07749,-2.26864,-2.52102,-2.28858,-1.70936,-1.43707,-1.47914,-1.43078,-1.19078,-1.68795,-1.52386,-1.70659
1.03624,0.935249,1.01806,0.722208,0.920563,0.223732,1.60782,1.18223,2.94921,3.34935,2.71182,1.33879,0.611795,0.541408,0.638886,0.0341277,-0.851406,-1.25113,-1.23449,-1.06887,-1.05209,-1.44812,-1.85289,-2.28263,-2.73127,-2.64106,-1.97378,-1.22938,0.120523,0.606046,1.62629,3.05589,4.10986,4.48244,4.46848,4.414,3.97689,3.02359,1.62979,1.52651,1.70386,1.30604,1.19243,1.68263,2.26952,0.688628,-0.597735,-2.19447,-1.46024,-1.49152,-2.38903,-2.53465,-2.69953,-2.85528,-2.68678,-2.43355,-2.00979,-1.88192,-1.55202,-1.83568,-1.70946,-1.41871,-1.9971,-2.02294,-1.8838
1.59644,1.10566,1.05862,0.898922,0.997319,0.844882,-0.175886,0.334198,0.972525,1.17308,1.29999,0.373683,0.316034,0.576879,0.670412,-0.278936,-0.414888,-0.317186,-0.401173,-0.445417,-0.0415778,-0.395333,-1.57354,-2.69926,-3.32526,-2.86461,-2.07348,-2.24151,-1.2347,-0.877605,-0.336634,0.358019,0.687447,0.873273,1.74805,2.59987,2.4841,1.1187,1.15189,1.1153,1.25037,1.43706,1.68033,2.07433,2.52894,2.37489,1.71494,-0.896892,-1.36007,-1.7774,-2.1886,-2.21676,-2.89422,-3.08448,-2.901,-2.23893,-1.99408,-2.21417,-1.73047,-2.20735,-2.19924,-2.3496,-2.32512,-1.89913,-1.51505
2.28653,1.82324,1.65159,1.5695,1.03301,0.583268,-0.100572,-0.20537,0.246217,0.962047,0.723659,0.510354,0.811192,0.458307,-0.515189,-0.666218,-0.578477,-0.207022,-0.349515,-0.129648,0.00785337,-0.557737,-1.48629,-2.55988,-2.75887,-2.24833,-2.69541,-2.91917,-2.88018,-2.19126,-1.82943,-1.25576,-1.0103,-0.942813,0.0101852,0.245817,0.360718,0.134729,-0.398868,-0.67906,-0.399433,0.805494,1.50812,1.36512,1.00575,1.03744,0.848313,0.0202543,-1.46765,-2.69628,-2.93864,-2.31844,-1.85876,-2.05525,-2.79706,-2.49114,-2.21874,-2.59457,-2.35024,-2.243,-2.78269,-2.94621,-1.83251,-1.09212,-0.943307
2.33092,2.14064,1.63763,1.16088,0.949503,0.976842,0.522184,0.157468,0.466957,0.512516,0.541046,1.43923,1.82483,0.513556,-0.562613,-0.272085,0.136964,0.730005,1.39566,1.28598,0.357945,-0.393874,-1.07054,-1.50577,-1.01397,-0.635736,-1.48981,-2.41411,-2.42019,-2.23938,-2.13251,-1.8622,-1.47466,-0.860688,-0.469421,0.0470258,0.167877,0.146415,-0.254076,-0.478578,0.130702,0.765325,1.69685,1.12981,0.709259,1.03574,0.974023,1.15784,-0.966921,-3.19356,-3.85342,-2.56768,-1.79101,-1.08598,-1.67086,-2.44721,-2.41555,-3.05668,-2.98031,-2.43177,-2.93515,-2.34714,-1.24226,-0.870044,-0.768275
1.73931,1.41472,0.974139,0.773274,0.755827,0.913853,1.04235,0.801183,0.172384,0.592465,0.395221,0.953777,1.09981,0.0680319,-0.210742,0.364813,0.707095,0.942942,1.63229,1.88946,1.43595,0.742941,0.156928,0.028611,-0.44947,-0.692916,-0.680509,-0.703741,-0.894941,-1.50443,-1.97362,-1.60879,-1.42078,-1.1633,-0.333075,-0.207992,-0.475319,-0.381972,-0.438724,-0.56394,-0.403694,0.0505563,1.21101,2.00695,1.77218,1.66998,0.765951,1.7373,0.489917,0.120174,-0.016841,0.390193,-0.346887,-0.74352,-0.890969,-1.27699,-1.93267,-2.89091,-2.84356,-3.22476,-2.87237,-1.84465,-1.26757,-1.14672,-1.089
1.50997,0.916571,1.32284,1.50358,1.3983,1.43314,1.24756,0.715419,0.716176,0.943994,0.999282,0.503525,-0.151235,-0.0972538,0.400502,0.791518,0.592591,0.472675,0.2195,0.648889,1.46242,0.93081,0.312706,-0.0558937,-0.721726,-1.57152,-1.09443,-0.340594,-0.446302,-1.13716,-1.65661,-1.40184,-0.400369,-0.26719,-0.429862,-0.732079,-0.339664,-0.28967,-1.09245,-1.77031,-1.56822,-0.762161,0.247629,1.57399,2.08876,1.62205,0.871614,1.42071,2.04974,3.41597,3.99256,3.42555,1.63181,-0.155413,-0.380203,-0.184307,-1.3677,-2.65703,-2.83498,-3.3353,-2.8319,-2.6037,-1.84567,-1.98004,-1.62851
2.36272,2.37521,2.80871,2.9502,2.18128,1.42546,0.755972,0.501716,0.212736,0.0673357,-0.0935814,-1.24329,-1.89964,-3.01726,-2.35467,-1.04451,0.362276,0.107715,-0.640916,-0.109231,1.49265,1.44489,0.71617,-0.00524865,-0.268703,-0.506503,-0.934431,-0.551541,-0.304576,-0.629037,-1.26173,-1.22486,-0.394985,-0.0950875,-0.791458,-0.266659,0.863783,0.437492,-0.496782,-0.929116,-0.896445,0.153787,0.120718,-0.73539,0.654356,1.12894,1.71596,2.96096,2.63042,2.69075,2.39216,1.98266,1.25122,0.907908,0.051681,-0.180785,-0.484176,-0.932413,-1.31187,-1.79028,-2.29726,-2.8502,-2.85074,-3.12029,-2.36246
2.60125,2.41729,2.49999,2.19792,1.2511,0.285599,0.218334,0.372112,0.0224755,-0.835983,-1.27064,-1.92808,-2.1938,-2.50065,-2.23294,-1.2205,-0.457134,-1.21649,-1.74211,-1.16776,1.04913,2.5902,1.47023,0.832447,0.409461,0.191614,-0.112893,-0.387115,-0.681836,-1.25371,-2.22434,-2.19099,-1.22799,-0.181085,0.637665,-0.499973,-0.885003,0.282605,1.49514,1.81119,1.78367,1.1933,-0.302618,-1.16191,1.74246,2.9525,3.5232,2.76045,3.1095,3.11032,2.85286,2.5305,1.72886,1.38895,1.08736,0.864876,1.73503,2.29856,0.868286,-0.557631,-1.13959,-1.68827,-3.11193,-3.98771,-4.24681
2.65107,1.78722,0.98778,0.613208,0.234706,0.115341,0.272197,-0.168845,-0.668626,-0.696147,-0.227434,0.411222,0.886974,1.95454,1.72347,1.1881,-0.0281797,-0.888753,-1.19927,-1.26778,-0.189954,1.59638,3.00584,2.82131,1.82788,0.866401,0.55434,-0.0880119,-1.10444,-2.2696,-2.52566,-1.97352,-1.52104,-0.818397,0.33945,-0.609194,-1.87844,-0.830871,1.77019,2.8156,2.33655,0.12287,-0.921085,-0.323726,1.5749,2.23441,1.67086,1.19599,2.56743,1.69299,1.45002,2.09005,0.653371,1.60499,2.51338,2.54534,2.61732,2.16193,0.85631,-0.0499857,-0.233069,-1.06431,-1.7639,-2.97455,-4.7493
2.8103,2.148,1.0402,0.859674,0.455991,0.627875,-0.0222255,-0.819485,-0.940782,-0.126893,0.800433,1.44538,0.769463,0.888148,0.410284,-0.102405,-0.140938,-0.178723,0.475497,0.855737,0.712447,0.939255,2.26606,3.2618,2.14228,1.57642,1.40267,0.533469,-0.185453,-0.472681,-0.116301,0.262081,-0.0286278,-1.71246,-2.33036,-0.618346,-0.326047,-1.09102,-0.170333,1.37309,0.981752,-0.705704,-1.20998,-0.823856,-0.485436,-0.761956,0.0431392,0.754702,1.77987,1.45027,2.00867,1.64189,0.956711,0.975945,2.15681,2.25095,1.48941,0.972937,0.142111,-0.082771,-0.512301,-1.08731,-1.52311,-2.20247,-2.15079
1.69885,1.89363,0.496951,1.35689,1.46718,0.227582,-1.28902,-1.79046,-1.47153,-0.939913,-0.242705,0.347466,-0.25951,-0.529,-1.69745,-1.65328,-0.0378998,0.709562,0.726031,1.17022,1.89292,1.02041,1.48736,1.87204,1.47975,0.79746,0.597501,1.39037,1.68508,2.17979,2.476,2.33567,0.767434,-1.46486,-2.11082,-1.79386,-0.744269,0.171085,0.570512,0.673046,1.15374,0.359514,-0.438842,-0.886302,-1.00943,-0.708534,0.133086,1.44745,1.71513,0.892497,0.881757,0.703171,0.594434,1.02546,1.58946,1.52926,1.66233,0.890356,-0.473438,-1.21564,-1.1729,-1.68257,-1.56291,-1.53031,-0.977579
0.934505,1.10372,0.737709,0.882692,1.53607,-0.00679118,-0.0800401,-0.735949,-1.6945,-2.64336,-2.42743,-1.31021,-1.19343,-1.80237,-3.32869,-2.59617,-0.841978,1.22463,0.831412,0.0142336,1.68577,2.83289,1.34237,1.56647,1.29106,0.642483,-0.169657,1.22155,3.02446,3.6554,3.4677,1.66393,-1.19266,-2.40148,-2.20359,-2.06897,-1.24039,0.570719,1.16328,0.759694,2.09571,1.65903,0.882569,-0.169858,-0.302069,-0.0487119,-0.122021,0.675611,0.962828,0.884878,1.43438,-0.028487,-0.761132,1.55064,2.72632,2.8612,1.24877,-3.4055e-05,0.0022325,-0.435407,-0.554701,-1.92945,-2.08671,-1.46468,-1.56468
0.549405,0.762456,0.8005,-0.361813,-0.240857,-0.836686,-0.551826,-0.708859,-0.9313,-1.36161,-2.96041,-2.755,-2.47241,-3.19656,-1.51509,-1.55647,-2.26187,-0.589744,0.610532,0.14677,0.70413,1.84292,1.85618,2.49815,2.90969,3.05521,2.76326,2.25038,2.16366,1.90978,1.15005,-1.14227,-3.02265,-3.04978,-2.66463,-2.0513,-1.13261,-1.17598,-0.517297,-0.136065,0.728786,0.662235,-0.709,-0.136226,-0.559531,-0.919029,0.833935,1.28628,0.629587,0.502443,2.25841,1.09805,-1.00631,0.439483,1.37754,1.80779,0.620401,-1.1928,0.244925,0.427352,-0.625892,-1.80599,-1.56981,-1.76184,-1.39734
1.12934,0.232866,0.559958,0.563064,0.782477,0.564135,-0.125232,-0.285069,-0.102471,-0.228521,-0.812468,-0.985107,-0.563527,0.217729,1.02722,-0.274727,-2.25373,-2.35949,-1.49707,-0.438768,-1.26814,-0.186566,0.812626,1.94685,3.12888,3.21219,2.41705,1.24887,0.785225,0.105889,-0.580519,-2.27453,-1.91782,-1.13644,-2.0325,-2.38931,-2.50766,-3.78422,-4.51312,-3.06585,-0.0905548,0.472504,-0.918764,-1.83177,-2.93838,-2.01263,1.64973,1.86647,0.0650525,0.0248181,0.423464,-0.208169,-3.02753,-3.43012,-0.584,0.987472,1.87493,0.971556,-1.22213,-0.700723,-0.707382,-1.08871,-1.02588,-1.19697,-2.05905
1.60818,0.670617,-0.23313,-0.225323,0.991314,1.47537,1.33129,1.06437,0.565146,-0.049458,-0.434456,-0.571253,0.783958,1.51685,0.87855,-1.06137,-2.22598,-2.82037,-3.27339,-3.03,-3.15645,-1.57963,0.0207529,2.23799,2.66391,1.13498,-0.106633,-0.739578,-0.0498275,0.0762624,-0.424136,-2.80237,-3.18423,-2.26745,-0.0863207,-1.13565,-4.13554,-7.2961,-8.79596,-6.02271,-1.28122,1.84766,0.736157,-2.66294,-1.86425,-0.122066,1.10359,0.192457,-0.453469,0.197407,-3.15756,-5.66655,-7.3192,-7.56945,-3.51456,0.775842,1.26448,1.26301,-2.59135,-1.05587,0.347492,0.0449188,0.182422,-0.694501,-0.982491
1.90831,0.930289,-0.227826,-0.843264,-0.156289,-0.448773,0.0493457,0.651492,0.214363,-0.358387,-2.44415,-3.08161,-0.376296,0.243669,-0.880044,-2.56688,-3.58794,-3.87965,-3.9381,-3.52773,-2.51277,-0.748168,0.628234,2.36638,3.14905,2.49179,0.97359,-0.209677,0.675214,1.1972,0.0109049,-1.3766,-3.54906,-4.83956,-2.89952,-0.995526,-3.88949,-6.74602,-7.22626,-4.77499,-0.258662,-0.436219,-1.84766,-4.09085,-3.51048,-1.49757,-0.985884,-3.90919,-5.23957,-4.40614,-4.86516,-5.49305,-5.36624,-5.88903,-3.88725,-0.160948,0.705008,-0.506472,0.0902158,1.15312,1.30385,2.09826,1.21656,0.367463,0.0772445
