public/uploads/wind/vent_json/20200513/wind_field_22.json
{"header": {"parameterUnit": "m.s-1", "parameterNumber": 3, "dx":  0.051, "dy": 0.036, "parameterNumberName": "northward_wind", "la1": 45.3082, "parameterCategory": 2,"nx": 177, "ny": 123, "refTime": "2018-10-03 01:00:00", "lo1":1.38177}, "data":
[rows 0 to 27 of 123, columns 0 to 63 of 177]
0.943806,1.05748,0.998234,0.805354,0.702158,0.694905,0.93664,1.01164,1.08374,1.18505,1.24983,1.37083,1.55618,1.66941,1.61797,1.48264,1.34296,1.23217,1.13713,1.11431,1.06108,0.975994,0.917341,0.828607,0.914818,0.847318,0.81082,0.833061,0.719126,0.548621,0.257465,0.10337,0.0539886,0.144786,0.147325,0.105414,-0.0663494,-0.128256,-0.139855,-0.0948241,-0.0219268,0.0611203,0.246234,0.25352,0.478382,0.50421,0.573681,0.793459,1.28791,1.49327,1.55691,1.29039,1.44315,1.69293,2.06789,2.02599,1.96914,1.79891,1.71205,1.64326,1.80002,1.72859,1.59846,1.31812
1.17095,1.34457,1.31278,1.13466,1.05794,1.00175,1.23976,1.2537,1.28023,1.37501,1.40104,1.47476,1.59882,1.73101,1.70965,1.65742,1.5271,1.45819,1.24338,1.22997,1.24147,1.36378,1.33592,1.25936,1.33995,1.23253,1.06537,0.979526,0.834986,0.597242,0.287742,0.140342,0.146466,0.258699,0.253159,0.22424,0.0413132,-0.0472346,-0.0805311,-0.0657664,-0.0321986,0.00656511,0.136895,0.136727,0.450614,0.481493,0.582696,0.742065,0.96901,1.15146,1.30557,1.41789,1.64464,1.78274,1.80202,1.58491,1.609,1.9568,2.00992,1.92521,1.78794,1.54015,1.42483,1.47884
1.30847,1.4077,1.32176,1.25403,1.31609,1.22357,1.25581,1.25059,1.27791,1.38866,1.40573,1.49482,1.5447,1.5503,1.56005,1.5808,1.52678,1.48312,1.26005,1.2417,1.30426,1.66009,1.62814,1.57188,1.45146,1.39004,1.16791,0.919037,0.779333,0.545798,0.355798,0.242011,0.209799,0.229954,0.147921,0.111436,0.0205912,-0.01945,-0.0436302,-0.0339153,0.00386277,0.0245371,0.0629295,0.111831,0.2559,0.313161,0.38319,0.550353,0.65467,0.80584,1.02027,1.31547,1.47469,1.57153,1.5386,1.4405,1.56892,1.85479,1.89524,1.87056,1.71118,1.40701,1.27599,1.54412
1.27131,1.47451,1.28637,1.32712,1.23938,1.14895,1.11351,1.16636,1.14851,1.43966,1.39127,1.41386,1.62122,1.56828,1.49396,1.63068,1.58894,1.58709,1.37795,1.37999,1.44476,1.68547,1.87234,1.62646,1.3727,1.10943,1.19425,1.06438,0.936065,0.614272,0.575254,0.515514,0.370856,0.315841,0.19561,0.256877,0.163075,0.112587,0.0740828,0.0191863,0.0322738,0.0630836,0.0837135,0.065495,0.196379,0.298262,0.347734,0.449453,0.564268,0.672473,0.88794,1.10033,1.25807,1.39216,1.43518,1.16242,1.52861,1.71879,1.7694,1.77709,1.69242,1.36332,1.15367,1.43635
1.01712,1.18139,1.09669,1.20624,0.969515,0.926564,0.974052,0.965221,0.984041,1.20826,1.43709,1.35072,1.55831,1.51225,1.41693,1.63836,1.54676,1.51308,1.61953,1.61716,1.70406,1.46279,1.70905,1.32287,1.08426,0.859649,0.926252,1.06393,1.05177,0.753109,0.888221,0.885985,0.726464,0.543382,0.493763,0.502448,0.37607,0.295533,0.258183,0.153828,0.125142,0.116011,0.126349,0.0157447,0.0979653,0.107157,0.193378,0.261208,0.439899,0.638981,0.819802,0.774286,1.01523,0.993353,1.40087,1.17416,1.2783,1.52477,1.52725,1.40352,1.72619,1.46336,1.16815,1.33643
0.778792,0.855237,0.909689,1.04001,0.827397,0.836244,0.950628,1.0269,1.05279,1.15939,1.52956,1.47919,1.40576,1.55193,1.38532,1.7193,1.61885,1.69071,2.11489,1.91108,1.71359,1.41335,1.37741,1.01084,0.90477,0.924187,0.733902,1.10126,1.18757,1.01219,0.911191,1.02877,0.891251,0.801454,0.81538,0.604455,0.472735,0.430002,0.307198,0.188193,0.133234,0.0212575,-0.0065024,-0.128234,-0.0916678,-0.155192,-0.021995,0.0354449,0.258597,0.499491,0.690069,0.641664,0.891363,0.812556,1.22939,1.22213,1.12266,1.5385,1.35102,1.25464,1.73031,1.50712,1.33944,1.54813
0.77111,0.900661,0.837451,1.09025,0.950265,0.890673,0.949577,0.963033,1.09716,1.36991,1.45659,1.35671,1.3253,1.6794,1.27074,1.76242,1.74858,2.19362,2.28655,2.12103,1.34482,1.45133,1.18899,0.682875,0.926586,0.908384,0.840472,1.17189,1.3036,1.121,0.968315,1.08798,0.915041,0.954534,0.835108,0.67598,0.640907,0.540962,0.327406,0.241835,0.109644,-0.0435709,-0.156421,-0.185129,-0.2234,-0.2626,-0.144404,-0.119835,0.0310176,0.169908,0.351934,0.613125,0.800728,0.945344,1.02799,1.04369,1.26608,1.42983,1.28782,1.53184,1.54412,1.43813,1.5998,1.53868
0.947865,1.19017,1.03854,1.24943,1.23501,1.16453,1.16615,1.19194,1.47774,1.46917,1.30171,1.337,1.55898,1.58635,1.37045,1.71915,1.70469,2.26219,1.83927,1.89681,1.39873,1.2687,1.09055,0.690461,1.0368,0.913307,1.079,1.1584,1.15927,1.17351,1.30039,1.12638,1.17225,1.01009,0.835026,0.812561,0.720454,0.5386,0.384799,0.268191,0.124154,-0.0351813,-0.161105,-0.211267,-0.322693,-0.28515,-0.272632,-0.306815,-0.183192,-0.10512,0.0826957,0.366541,0.612275,0.880518,0.783252,0.950297,1.1637,1.09847,1.29171,1.4561,1.3785,1.48609,1.54509,1.3944
1.09165,1.37601,1.26023,1.33285,1.45364,1.5176,1.55928,1.81648,1.82593,1.69556,1.26418,1.61393,1.65731,1.34344,1.67443,1.8255,1.99495,2.18026,1.47541,1.61747,1.71799,1.14134,1.39029,1.32534,1.29367,1.27716,1.38879,1.32481,1.04782,1.25561,1.43666,1.12754,1.26085,1.0624,0.952909,0.859467,0.517473,0.441237,0.327082,0.101098,0.0064823,-0.150957,-0.245638,-0.365131,-0.335395,-0.295723,-0.312186,-0.253613,-0.213832,-0.209924,-0.0642113,0.107388,0.285779,0.509685,0.516445,0.762034,0.883868,0.96756,1.21593,1.06918,1.34559,1.53717,1.20416,1.38537
1.61024,1.06286,1.012,1.0048,1.06467,1.45807,1.90917,2.18495,1.85085,2.22147,1.82738,1.89897,1.79803,1.3846,1.89801,1.94483,2.23545,2.17055,1.41562,1.6896,1.62969,1.1859,1.56811,1.79124,1.53929,1.67234,1.57032,1.48943,1.13489,1.25378,1.30591,1.16599,1.008,1.07139,1.05871,0.859193,0.427302,0.401045,0.229642,-0.0544237,-0.225396,-0.376053,-0.565757,-0.587001,-0.514657,-0.520436,-0.449975,-0.1976,-0.132569,-0.150563,-0.136877,-0.109614,-0.0217558,0.111038,0.225623,0.426935,0.672607,0.79502,0.94059,0.808054,0.932729,1.2769,1.08649,1.1217
0.295602,0.646549,0.63722,0.510819,0.423326,0.688955,1.46222,1.95469,1.57974,2.0409,2.10715,2.17184,2.46661,1.95564,2.45864,2.08964,2.03028,2.11812,1.46312,1.6709,1.50429,1.25515,1.57579,1.911,1.55505,1.57787,1.57586,1.42627,1.29452,1.41585,1.09551,1.25278,0.940935,1.02385,1.05804,0.776613,0.545482,0.422392,0.155983,-0.121727,-0.414678,-0.507231,-0.805629,-0.700021,-0.833932,-0.701713,-0.697877,-0.441664,-0.301247,-0.177514,-0.140434,-0.149222,-0.134798,-0.099134,-8.31851e-05,0.0514614,0.275939,0.449916,0.704176,0.725713,0.633211,0.928304,0.931007,0.914181
-1.11118,-0.51248,-0.501006,-0.655269,-0.535282,-0.356249,0.630791,1.4818,1.7745,1.72111,1.39779,2.0819,2.5935,2.39434,2.79386,2.43891,2.29672,2.01018,1.63917,1.91593,1.70483,1.68344,2.03856,1.88585,1.60049,1.66416,1.56822,1.47883,1.61039,1.42183,1.1522,1.31332,1.15725,1.22642,1.03064,0.770771,0.728815,0.503449,0.1612,-0.139959,-0.414124,-0.521686,-0.737727,-0.737345,-0.882998,-0.633423,-0.764334,-0.551568,-0.53085,-0.422288,-0.316065,-0.226052,-0.210092,-0.195894,-0.0793668,-0.0275846,0.0476441,0.181876,0.465895,0.574155,0.737073,0.862296,0.868582,1.06317
-1.79941,-1.21674,-0.906267,-0.867282,-0.811231,-0.668726,-0.273465,0.120429,0.901063,1.18472,1.177,1.91066,2.56308,2.62037,2.56049,2.75409,2.52909,2.10379,2.21058,2.22443,2.11054,2.32021,2.308,1.98208,1.9654,1.88929,1.7582,1.87305,1.71972,1.42701,1.47718,1.46002,1.45806,1.32335,1.06491,0.983965,0.825966,0.495927,0.224575,-0.121001,-0.239772,-0.537306,-0.525431,-0.658009,-0.790407,-0.540178,-0.782721,-0.542448,-0.520594,-0.522606,-0.372281,-0.309349,-0.219434,-0.211669,-0.0548381,0.0304217,0.0825406,0.175302,0.305267,0.406024,0.653613,0.790696,0.91975,1.10627
-1.27118,-0.935943,-0.97923,-0.714226,-0.482141,-0.487851,-0.452544,-0.425959,-0.477476,0.282839,1.37278,1.55523,2.69759,2.56213,2.54943,2.63573,2.52511,2.56356,2.5041,2.33893,2.55818,2.59857,2.04197,2.29549,2.21711,1.71643,2.052,1.983,1.53506,1.76871,1.78902,1.68434,1.54232,1.0462,1.07588,0.982829,0.636065,0.357991,0.165369,-0.116337,-0.19153,-0.442291,-0.531097,-0.422139,-0.775756,-0.499044,-0.794764,-0.503634,-0.590171,-0.523365,-0.385816,-0.374206,-0.321847,-0.224832,-0.0160989,-0.00486725,0.0732576,0.191858,0.297347,0.407164,0.606851,0.745833,0.914745,0.98834
-1.68834,-1.47893,-0.611529,-0.538168,-0.309585,-0.673625,-0.750471,-0.219152,-0.0782573,-0.724582,-0.226657,0.848415,1.98717,2.19869,2.59885,2.18027,2.68432,2.70374,2.30598,2.68804,2.67714,2.55273,2.30649,2.62888,2.1218,1.80687,2.10999,1.74398,1.62728,2.02105,1.89193,1.6209,1.24308,0.885292,0.89637,0.643378,0.298121,0.193451,-0.0142134,-0.128849,-0.427952,-0.404672,-0.782085,-0.503501,-0.733944,-0.625155,-0.864689,-0.475504,-0.68776,-0.478356,-0.234041,-0.384689,-0.394986,-0.184509,-0.0393832,0.0230303,0.167754,0.226722,0.273837,0.317866,0.539435,0.808032,1.02092,1.06234
-1.70437,-1.77264,-1.0574,-0.831258,-0.359508,-0.713675,-1.10244,-0.291452,1.43158,0.946739,-0.734529,-1.49961,0.356944,1.34972,1.99417,2.1177,2.66189,2.56092,2.44768,2.96627,2.55467,2.27168,2.75183,2.63477,2.29425,2.27198,2.00066,1.78974,2.04854,2.04529,1.65625,1.38151,0.829301,0.752915,0.580964,0.264812,0.0592064,-0.10285,-0.238761,-0.418725,-0.71897,-0.72875,-1.03561,-0.984815,-0.904053,-1.00556,-0.912219,-0.816269,-1.0029,-0.560561,-0.300509,-0.427232,-0.2342,-0.165976,-0.167067,0.002184,0.171697,0.301007,0.385525,0.382988,0.443558,0.70806,0.972369,1.01176
-1.45083,-2.50493,-1.73183,-1.38211,-1.0825,-0.900311,-1.26402,-1.16174,0.132473,0.958242,-0.00531907,-1.19265,-1.37873,-1.08659,0.485822,1.272,2.36653,2.55851,2.66822,2.97182,2.57741,2.2363,2.58086,2.40636,2.63371,2.48838,1.91866,2.15046,2.24185,1.90377,1.5316,1.04669,0.587172,0.286218,0.0785244,-0.156056,-0.229336,-0.443065,-0.39049,-0.624948,-0.792662,-0.957166,-1.06639,-1.10897,-1.38359,-1.16149,-1.03369,-1.3652,-1.13078,-0.993503,-0.905875,-0.909433,-0.34373,-0.277669,-0.272417,-0.0773972,-0.0182684,0.145137,0.359474,0.520164,0.603375,0.713708,0.84398,0.80518
-1.61397,-2.02869,-1.61597,-1.77815,-1.87473,-1.68633,-1.60764,-1.50979,-1.23522,-0.613858,0.594997,1.35327,0.112106,-1.5326,-2.07563,-0.792104,0.844626,1.2776,1.49589,1.97047,1.96829,1.95387,2.0242,2.27504,2.47747,2.29865,2.09949,2.30439,1.74292,1.6059,1.31879,0.56993,0.371317,-0.0534361,-0.273848,-0.36615,-0.511735,-0.535495,-0.464268,-0.287993,-0.74739,-0.890916,-0.835849,-0.996968,-1.49797,-1.35388,-1.60078,-1.39811,-1.31552,-1.55659,-1.32356,-1.24742,-0.958075,-0.449587,-0.589722,-0.442273,-0.132748,-0.0707796,0.0682008,0.384482,0.617889,0.813458,0.856674,0.834528
-2.58041,-3.01407,-2.53058,-1.81061,-1.86354,-1.80357,-1.71707,-1.66661,-1.70652,-1.37394,0.204219,1.03624,1.40387,1.01253,-0.732673,-2.27886,-2.40283,-2.2624,-0.51282,0.206348,0.485564,0.814716,1.24427,1.78646,2.00515,2.24103,2.44768,1.96894,1.13437,0.903592,0.505764,-0.0311872,-0.125744,-0.359612,-0.526701,-0.499593,-0.595568,-0.479823,-0.327807,-0.274427,-0.841031,-0.945406,-0.667545,-1.38477,-1.3963,-1.8339,-1.66036,-1.58766,-1.98197,-2.10361,-1.73081,-1.18571,-1.63195,-0.917694,-0.91692,-0.776443,-0.392997,-0.299203,-0.199998,0.0979287,0.324075,0.64636,0.788031,0.941098
-2.64877,-3.03599,-2.19564,-1.8544,-1.69975,-1.37544,-1.95725,-2.24843,-2.6569,-2.69374,-1.52292,-0.193565,0.0791846,1.04809,0.503965,-0.364607,-1.50157,-2.2963,-2.52263,-2.299,-1.56552,-0.21702,0.462516,0.962281,1.32546,2.30223,2.36177,1.66685,0.837145,0.024346,-0.481269,-0.466914,-0.292216,-0.253276,-0.166319,-0.0837687,-0.127684,-0.10244,-0.294746,-0.831978,-0.99874,-1.0737,-0.732551,-2.0209,-1.65149,-2.31166,-1.61264,-2.36485,-2.01403,-2.89783,-2.24613,-2.04911,-2.19499,-1.87104,-1.12205,-1.18754,-1.00294,-0.451198,-0.450987,-0.278785,0.0662836,0.27706,0.542372,0.801983
-2.66256,-2.80483,-2.11342,-2.10276,-1.51905,-1.42426,-1.81402,-2.24259,-2.59012,-3.47056,-3.06245,-1.85356,-1.19555,-0.642614,-0.774558,-0.328727,1.30669,1.23637,-1.00237,-2.47807,-2.28484,-1.27835,-0.518594,0.112282,0.610036,1.7192,1.49548,0.643728,-0.316804,-0.818182,-1.06474,-0.400742,-0.00229223,0.143538,0.172205,0.180128,0.0112022,0.00400328,-0.769812,-1.13929,-1.06173,-1.2215,-1.11262,-2.25376,-1.77068,-2.54345,-2.04406,-2.29676,-1.83259,-3.13214,-3.15359,-3.22238,-2.75349,-2.65816,-2.07625,-1.98356,-1.26488,-0.762086,-0.711423,-0.345179,-0.0970407,-0.0104275,0.314823,0.514471
-2.55338,-2.57843,-1.46734,-1.2805,-1.49811,-1.33566,-0.367899,-0.62473,-2.07695,-2.99861,-3.14671,-3.2643,-3.38604,-2.94584,-2.86896,-1.78368,1.61114,2.10252,1.59229,2.01819,1.63575,0.428851,-1.23015,-1.76476,-0.763769,0.287773,0.146171,-0.18706,-0.356665,-0.198046,0.0173036,0.475496,0.537414,0.440636,0.279958,0.110235,-0.208214,-0.364841,-0.837228,-0.920007,-0.968399,-1.23306,-1.36871,-1.79797,-1.80368,-2.25735,-2.05846,-1.91264,-2.00674,-2.51613,-3.57847,-3.28774,-3.21483,-2.86227,-2.94706,-2.58321,-1.64672,-1.54707,-1.29581,-0.664556,-0.479067,-0.291861,0.0529527,0.295498
-2.25437,-2.12026,-1.50719,-1.25395,-1.37025,-0.522242,0.905299,0.336649,-1.05047,-1.78081,-2.4594,-2.98619,-2.87047,-3.02725,-3.86225,-4.51883,-3.54069,-2.85048,0.521528,3.26375,2.63408,0.0730798,-1.64199,-2.47291,-2.55214,-1.8534,-1.27353,-0.67762,0.227246,0.817272,1.12254,1.09392,0.896203,0.678375,0.346814,-0.0974185,-0.561252,-0.797872,-0.859333,-0.945787,-1.01079,-1.24874,-1.55554,-1.84688,-2.16723,-2.15272,-2.09835,-2.06397,-2.14368,-2.38875,-2.91925,-3.43945,-3.272,-2.96462,-3.35224,-3.27667,-2.48608,-2.15048,-2.10026,-1.3308,-1.03501,-0.705201,-0.380216,-0.0179944
-1.2578,-1.67562,-1.34667,-0.938934,-1.70436,-0.679071,0.537803,0.796817,0.390943,-0.0406252,-1.23189,-1.74674,-0.517932,0.356558,-2.07465,-4.05755,-4.01355,-3.47184,-1.47692,-1.13661,0.00225408,-0.549525,-0.249994,0.444244,0.62991,0.549237,0.0877508,-0.117903,0.333557,0.697072,0.701008,0.603627,0.514769,0.0616273,-0.496749,-0.935427,-1.22904,-1.1983,-1.19315,-1.15663,-1.2361,-1.58462,-2.00956,-2.34261,-2.42485,-2.35373,-2.26164,-2.28886,-2.40045,-2.73841,-2.79427,-3.48237,-3.06814,-3.02244,-3.70483,-3.74832,-2.8067,-2.4642,-3.01345,-2.17564,-1.74769,-0.959125,-0.708626,-0.49755
-0.806462,-1.27536,-1.29269,-0.96125,-1.16507,-0.759228,-0.00210833,0.535181,0.389211,-0.483893,-1.23986,-0.762214,0.473442,2.80807,2.08868,2.368,3.82736,3.17579,-0.349976,-2.54906,-1.86817,-0.137603,0.891006,1.16819,2.28942,2.51872,2.22422,-0.0576755,-0.907764,0.154699,0.198442,0.225224,0.0656212,-0.492369,-0.859404,-1.02959,-1.09346,-0.9387,-0.811566,-0.924385,-1.24829,-1.62597,-1.88999,-2.12134,-2.19744,-2.16084,-2.11312,-2.37914,-2.49785,-2.70801,-2.86191,-2.87526,-2.8203,-3.04143,-3.26552,-3.39799,-3.00954,-2.88198,-3.50432,-3.29583,-2.65218,-1.21904,-1.2377,-0.901312
-0.647414,-0.855104,-0.995285,-1.11056,-1.34641,-0.81453,-0.219323,0.282256,-0.308171,-1.38463,-0.992071,0.164435,1.20946,2.95804,4.66175,5.29473,4.307,1.26716,-2.59575,-2.93394,-1.3724,-0.0464117,1.17196,0.638556,1.2265,0.719354,0.0732583,-1.39088,-1.93678,-1.14707,-0.343963,0.167808,0.219691,-0.00525328,-0.185794,-0.259431,-0.290754,-0.111231,0.0100119,-0.41805,-0.881962,-1.11858,-1.27408,-1.49395,-1.5139,-1.62887,-1.88654,-2.15282,-2.08306,-2.15116,-2.28719,-2.31835,-2.2504,-3.46356,-3.01412,-3.01538,-3.60581,-3.47793,-3.06373,-3.90277,-3.19749,-1.66452,-2.33799,-1.31303
-0.143557,-0.748158,-1.16734,-1.60449,-1.34358,-0.805603,0.0177977,0.37012,0.427067,0.0174448,-0.00903162,0.067532,1.12861,2.30621,4.48781,4.7942,0.592087,-2.76708,-3.04577,-1.97151,-0.817457,-0.59534,-0.555395,-1.02231,-0.1391,0.112493,-0.96367,-0.249941,0.206642,-0.556513,-0.982481,-0.124445,0.479207,0.648726,0.594038,0.576713,0.551668,0.576658,0.298669,-0.283658,-0.553858,-0.513758,-0.594723,-0.587635,-1.0482,-1.39456,-1.74954,-1.47466,-1.67711,-1.96706,-2.03333,-2.09061,-1.86791,-3.50299,-2.75113,-3.56673,-4.07134,-4.16066,-3.02044,-3.66267,-2.97702,-2.07378,-2.93039,-1.95776
0.0391226,-0.657874,-1.55048,-1.67655,-2.68348,-0.62279,-0.528671,0.0411231,1.41753,2.35118,2.19495,1.042,0.864445,1.50169,2.33554,3.06478,3.26417,2.36818,2.65237,1.16193,0.242462,-0.510356,-1.87062,-1.32954,-0.663516,-0.740047,-0.317693,1.99873,2.81671,2.29564,0.864479,0.307711,0.373298,0.580743,0.920832,0.971081,0.679476,0.345138,-0.260035,-0.705543,-0.507088,0.0385835,0.198899,0.506024,-1.66387,-2.00213,-1.54418,-0.464569,-2.49338,-2.82027,-2.4681,-2.0451,-2.32851,-2.6938,-2.54187,-4.02638,-4.43942,-4.44691,-3.2291,-3.30736,-3.45196,-2.47188,-3.09573,-2.52367
