public/uploads/wind/vent_json/20200513/wind_field_14.json
{"header": {"parameterUnit": "m.s-1", "parameterNumber": 3, "dx":  0.051, "dy": 0.036, "parameterNumberName": "northward_wind", "la1": 45.3082, "parameterCategory": 2,"nx": 177, "ny": 123, "refTime": "2018-10-03 01:00:00", "lo1":1.38177}, "data":
[rows 28 to 55 of 123, columns 64 to 127 of 177]
4.75443,5.96245,3.88244,3.38169,4.08958,4.01926,4.06451,4.55925,3.39741,3.09717,3.4101,3.24298,2.60939,2.21566,2.11908,2.23726,2.54221,2.80887,2.6746,2.32469,2.08791,1.89141,1.67829,1.74247,2.04368,1.96144,1.7524,1.13351,1.31004,1.96917,2.09031,1.87596,1.75595,1.73747,1.50303,1.51979,1.21654,0.769344,0.618829,0.524121,0.319954,0.368644,0.295228,0.100961,0.399535,-0.354588,-0.486549,-0.498038,-1.1019,-1.18841,-1.2887,-1.56816,-1.63565,-1.42123,-1.68867,-1.70407,-1.54054,-1.81914,-1.88357,-1.72534,-1.84465,-2.05598,-1.36901,-1.62346
3.95077,4.85969,3.58498,3.38582,4.28254,3.43511,3.66476,4.95159,3.6782,3.00344,3.22555,3.19733,2.65188,1.95269,1.7404,2.14581,2.56986,2.51434,2.13277,1.86865,1.89545,1.9527,2.13622,2.15368,1.90585,1.27082,1.50051,2.03964,2.40662,2.13777,1.20026,0.797556,1.27176,1.57976,1.56215,1.6443,1.27921,0.895369,0.780548,0.446178,0.111926,0.217484,-0.194597,-0.460474,-0.256605,-0.828181,-0.96662,-0.654682,-1.45133,-1.67832,-1.53717,-1.71843,-1.91618,-1.9286,-1.62044,-1.85774,-1.94531,-1.72593,-1.99246,-1.94511,-1.6128,-1.77393,-1.58956,-1.4058
3.33302,3.51894,3.62442,3.70593,4.76165,3.19006,3.10068,3.63474,3.11666,3.14241,3.32712,3.08817,2.78212,2.40986,2.34906,2.49523,2.24432,1.89807,1.85668,1.96619,2.13313,2.26912,2.2776,2.02644,1.47784,1.13672,1.33043,2.00987,2.36639,1.89229,1.3901,1.31579,1.8068,1.82158,1.44145,1.2475,1.07218,0.660875,0.578512,0.360453,-0.159994,-0.123456,-0.426916,-0.757169,-0.528149,-0.993817,-0.861723,-0.980394,-1.50809,-1.93739,-1.44301,-2.07864,-1.76865,-1.99094,-1.89494,-1.61083,-1.98657,-1.95322,-1.6106,-2.0136,-1.38639,-1.49202,-1.71526,-1.03518
3.19904,3.306,3.59106,3.67144,4.07042,3.18944,3.00221,3.00397,3.04411,3.01629,3.15103,2.9443,2.94092,2.87462,2.73891,2.40689,1.88631,1.74867,1.97264,2.33555,2.50484,2.317,1.64692,1.14391,1.09211,1.50613,1.60288,1.40694,1.43437,1.85518,2.1469,2.11026,1.82967,1.37884,1.11015,0.659225,0.61042,0.482188,0.203358,0.204214,-0.0834672,-0.455432,-0.459445,-0.700443,-0.990524,-1.11515,-1.13098,-1.58176,-1.84779,-2.05487,-1.81937,-2.32722,-1.5787,-1.73992,-2.15612,-1.60599,-1.88586,-2.2365,-1.49956,-1.78863,-1.21688,-1.43272,-1.5713,-1.00304
3.35193,3.08895,3.20432,3.2116,3.09193,3.28031,3.02966,3.02766,3.34332,2.52707,2.56383,2.90134,3.02034,2.95498,2.62059,2.0954,1.78565,1.95466,2.33072,2.52575,2.17771,1.41727,0.889487,0.821386,1.32318,1.96078,1.86751,1.09445,0.787221,1.44055,1.64854,1.50871,1.08706,0.760473,0.580026,0.432885,0.194469,0.211032,0.006591,-0.307848,-0.261892,-0.51113,-0.73016,-0.652043,-1.08967,-1.28804,-1.68477,-1.67592,-2.24631,-1.77213,-2.25793,-2.36906,-1.56865,-1.84728,-2.27208,-1.6845,-1.97682,-2.2561,-1.4728,-1.68586,-1.09089,-1.21261,-1.38085,-0.960994
3.26151,2.76839,2.8444,2.94846,3.05762,3.01303,2.57855,2.65432,3.26272,2.51019,2.61356,2.80726,2.58184,2.45996,2.19129,2.04151,2.32152,2.71791,2.82456,2.4116,1.78357,1.32075,1.41677,1.76159,1.93777,1.55197,1.32005,1.14178,1.04858,1.15254,1.01885,0.975875,0.807968,0.873906,0.538983,0.356449,0.0183336,-0.433179,-0.317549,-0.553559,-0.812584,-0.488616,-0.918362,-0.674114,-1.02471,-1.62315,-1.90644,-1.71885,-2.00068,-1.90782,-2.35741,-2.18046,-1.98799,-1.78172,-1.99221,-1.98326,-1.73345,-1.77997,-1.5614,-1.29008,-1.03487,-1.25349,-1.17169,-0.694423
3.2001,2.80723,2.92272,3.05774,2.98149,2.6169,2.35468,2.55659,2.94866,2.61393,2.72581,2.45466,2.22159,2.32759,2.54221,2.79894,2.94314,2.75277,2.28584,1.90522,1.88059,1.77414,1.54925,1.37459,0.963193,0.795774,1.36198,1.9009,1.66945,1.15948,0.860048,0.881356,0.849273,0.87346,0.626473,0.221225,0.114203,-0.512327,-0.831559,-0.68772,-1.08929,-1.20817,-1.10086,-1.01847,-1.67488,-1.51217,-2.1773,-2.01311,-1.66711,-2.17349,-2.47447,-1.92644,-2.05289,-2.04412,-1.76582,-1.95554,-1.76435,-1.29227,-1.4708,-1.13412,-1.23071,-1.42399,-1.01676,-0.537104
3.03039,2.96539,3.16272,2.86143,2.58398,2.3199,2.54048,2.74148,2.51365,2.37415,2.40275,2.22177,2.2429,2.52114,2.78947,2.61788,2.2479,2.0433,1.97799,1.92692,1.72049,1.05683,0.408447,0.566934,0.94305,1.39177,1.39799,1.28506,0.994174,0.894555,0.980707,0.734735,0.559597,0.548507,0.451392,0.235271,-0.266239,-0.635399,-1.31238,-1.38529,-1.14541,-1.4789,-1.47859,-1.74062,-2.20842,-1.49913,-2.10322,-2.18157,-1.81043,-1.86532,-2.21194,-2.11937,-1.7797,-2.12351,-2.04945,-1.59711,-1.61214,-1.3848,-1.11756,-1.3086,-0.892271,-1.15784,-0.855111,-0.451102
2.98072,2.95828,2.68752,2.01903,2.22995,2.52195,2.6607,2.48724,2.09631,2.10201,2.0989,2.0331,2.05561,2.1907,2.12069,1.75475,1.66041,1.95931,2.15342,1.93162,1.56371,1.34568,1.37013,1.75541,1.86208,1.18423,0.630348,0.715684,1.04683,0.907239,0.990295,0.531866,0.167175,0.374221,-0.00850744,-0.19526,-0.874318,-1.40194,-1.57355,-1.56672,-1.70339,-1.43372,-1.77585,-2.15778,-2.16312,-2.00855,-1.57901,-2.04432,-1.89164,-1.93971,-1.90001,-2.25924,-1.89706,-1.62158,-1.94616,-1.61468,-1.00611,-1.29267,-0.855877,-0.920901,-0.179056,-0.881573,-0.661487,-0.288477
2.80925,2.47808,2.04061,2.06231,2.61335,2.86206,2.24485,1.90936,1.88249,1.72982,1.84155,2.10613,2.40449,2.48347,2.30755,2.1641,1.98175,1.56336,1.16835,1.30497,1.81968,2.28349,2.51577,1.86801,1.25814,0.763755,0.645386,0.842334,0.963604,0.808188,0.613572,0.372309,0.206394,0.42891,-0.236644,-0.87,-1.00013,-1.59176,-1.5707,-1.43826,-1.96169,-2.09762,-1.84028,-2.13429,-2.21314,-2.30059,-1.36943,-1.84984,-2.04678,-2.0714,-2.0154,-1.80136,-2.08557,-1.5464,-1.27769,-1.56134,-0.998122,-0.905657,-0.5111,-0.253179,0.270538,-0.420168,-0.260225,0.0590666
2.4417,2.3207,2.40195,2.6315,2.63544,1.99612,1.67847,1.52352,1.99855,2.13429,2.34301,2.38875,2.21292,2.23905,2.3041,1.91814,1.17576,0.656444,0.962393,1.56293,1.78102,1.69042,1.44661,0.92121,0.71462,1.14651,0.972846,0.78463,0.599243,0.847858,0.395421,0.262157,0.0234809,-0.0292071,-0.364387,-1.03285,-1.3857,-1.48805,-1.29828,-1.74682,-1.75146,-2.1935,-2.14673,-1.91759,-2.14045,-2.32126,-1.49338,-1.70989,-2.14761,-1.68282,-1.89104,-1.19207,-1.7208,-1.31129,-0.670975,-1.28677,-1.10722,-0.695694,-0.317665,-0.116683,0.0754454,-0.0665135,0.117266,0.460986
2.63429,2.46972,2.28781,2.11534,1.7575,1.45364,1.93433,2.07854,2.32535,2.45942,2.14584,1.49564,0.969918,1.00553,1.10003,0.823775,0.801339,1.27504,1.71331,1.48297,0.901378,0.627618,0.343471,0.758858,0.824376,0.983715,0.655422,0.609005,0.593237,0.873989,0.0873703,-0.0398643,-0.326025,-0.649314,-0.753698,-0.727933,-1.54818,-1.51809,-1.01822,-1.98163,-1.87817,-1.61401,-2.49127,-2.03586,-1.76904,-2.02864,-1.78615,-1.25169,-1.56485,-1.16536,-1.05207,-0.62887,-0.686756,-0.483035,-0.191086,-0.849764,-0.833476,-0.484805,-0.187956,0.0577327,0.0178436,0.16998,0.347422,0.288029
2.17937,1.7682,1.45529,1.70869,1.65013,1.75331,2.29329,2.29702,2.26878,1.98275,1.56298,1.36457,1.48429,1.5697,1.45678,1.39553,1.6039,1.68706,1.18685,0.864358,0.779718,0.858297,1.17691,1.39643,0.997501,0.547189,0.30843,0.389131,0.240627,0.38161,-0.371341,-0.562736,-0.348724,-0.682479,-0.827841,-0.418482,-1.61222,-1.71393,-1.05601,-2.18174,-1.99693,-1.43754,-2.26338,-2.30442,-1.72252,-1.45143,-1.53294,-0.899234,-0.770916,-0.609583,-0.467246,-0.498643,-0.407041,-0.357774,-0.21643,-0.242525,-0.318541,0.00491214,0.291752,0.605503,0.75958,0.764864,0.897905,0.341533
1.84927,1.78601,1.93494,2.27026,2.16441,2.3744,2.38994,1.75577,1.66297,1.58768,1.7708,1.96888,1.9794,1.809,1.44569,1.34861,1.32367,0.905388,0.455887,0.604359,1.07941,1.58338,1.80147,0.93516,0.136986,-0.0782622,0.0742219,0.232364,-0.0476278,-0.116353,-0.397275,-0.763675,-0.352765,-0.822196,-0.873316,-0.684183,-1.5936,-1.9925,-1.32663,-2.05971,-1.99622,-1.71671,-1.66519,-2.07986,-1.58208,-1.01899,-0.808153,-0.646689,-0.450508,-0.380514,-0.361522,-0.39704,-0.460592,-0.472524,-0.317634,0.000890731,0.112279,0.381926,0.529874,0.588919,0.672365,0.645315,0.844452,0.655981
2.20247,2.12381,2.17115,2.37541,2.51279,2.30723,1.78374,1.12905,0.895923,1.01408,0.986322,1.04636,1.17113,1.12364,0.889062,0.778231,0.70486,0.67359,0.935904,1.26012,1.44351,1.26399,0.509211,0.17007,-0.16951,-0.166101,-0.183241,-0.0884952,-0.111938,0.0315791,0.133422,-0.647046,-0.512278,-1.21339,-0.859831,-1.38497,-1.39671,-1.78686,-1.84824,-1.66378,-2.02959,-1.99459,-1.37436,-1.30992,-0.951771,-0.715635,-0.493315,-0.380235,-0.334936,-0.231366,-0.143964,-0.0329005,-0.0403501,0.0144871,0.13691,0.190533,0.190343,0.135122,0.256133,0.253134,0.273081,0.435593,0.650608,0.741959
2.09388,2.19,2.17761,1.98002,1.30097,0.819997,1.20574,1.37109,1.6939,1.67538,1.17865,1.10008,1.1576,0.999971,0.928481,0.631482,0.607244,1.12909,1.44909,1.14828,0.683523,0.308929,0.193372,0.381709,0.153821,-0.0440679,0.102164,-0.194669,-0.128472,0.0218981,0.202568,-0.619833,-1.03205,-1.27241,-0.746745,-1.51299,-1.74724,-1.40169,-1.92493,-1.40645,-1.503,-1.55492,-0.953562,-0.586361,-0.547043,-0.582872,-0.528291,-0.362216,-0.171812,0.0207467,0.128463,0.1645,0.145799,0.233096,0.376821,0.243537,0.335529,0.249103,0.534032,0.724307,0.812875,0.785154,0.682695,0.641946
2.00549,2.09459,2.04876,1.46192,0.435386,0.786623,1.34714,1.68857,2.08779,2.06703,1.5026,0.819284,0.618214,1.08766,1.57307,1.56211,1.62305,1.41572,0.702346,-0.0522221,-0.245212,-0.0217448,0.07176,-0.148742,-0.134337,0.0433063,0.115397,-0.571082,-0.626066,-0.414703,-0.338271,-0.498976,-1.29929,-0.974464,-1.31306,-1.42526,-1.81527,-1.72478,-1.60481,-1.18294,-0.88358,-0.866994,-0.623646,-0.567685,-0.508179,-0.412819,-0.24708,-0.0180952,0.231579,0.436743,0.601759,0.462884,0.507916,0.2787,0.455641,0.261653,0.52403,0.612713,0.701212,0.668461,0.559267,0.431678,0.377532,0.456127
1.62224,1.5207,1.27393,1.2766,1.6002,1.4096,1.47625,1.43953,0.991088,0.927912,1.05021,1.0385,1.33612,1.64628,1.66597,1.3549,0.922607,0.304155,0.0568338,0.115905,0.0719208,-0.10036,-0.309549,-0.00265344,0.224842,0.666675,-0.126818,-0.523446,-0.844356,-0.656365,-0.46597,-0.774471,-1.16631,-0.879437,-1.53375,-1.82747,-1.46717,-1.85487,-1.34599,-0.946283,-0.7354,-0.654947,-0.654904,-0.614181,-0.442543,-0.164603,0.158002,0.457158,0.68718,0.828728,0.918474,0.752137,0.808785,0.635632,0.749772,0.522611,0.383554,0.345286,0.367194,0.409755,0.430563,0.533258,0.685481,0.779099
0.88586,0.766892,0.961566,1.68011,1.95924,1.90092,1.86212,1.51189,1.05361,0.99135,1.32132,1.53852,1.08915,1.0569,1.15402,0.763854,0.176835,-0.106693,0.00599234,0.386843,-0.164667,-0.213219,0.0685416,0.400279,0.605581,0.570194,-0.158411,-0.0407884,-0.579966,-0.546031,-0.341389,-1.08677,-1.35915,-1.20911,-1.09439,-1.6567,-1.76336,-1.65062,-1.15419,-0.749188,-0.557356,-0.532056,-0.53902,-0.439327,-0.186484,0.133867,0.408754,0.583213,0.655163,0.739624,0.865435,0.941908,0.972434,0.91012,0.719396,0.4641,0.301913,0.267427,0.403421,0.712721,0.98486,1.05725,1.00626,0.976977
0.978174,0.871081,1.27525,1.1812,0.600688,1.24337,1.58452,1.77486,1.47597,1.14888,0.430191,0.58422,0.65915,0.269541,0.196734,0.439807,0.483832,0.59287,0.166564,0.497447,-0.101856,-0.187804,0.0657927,0.236532,0.693979,0.0948396,-0.0930069,-0.316924,-0.634669,-0.385772,-0.519768,-0.863703,-1.47901,-1.11098,-1.30723,-1.33299,-1.92543,-1.83317,-1.25025,-0.809391,-0.591876,-0.537857,-0.468083,-0.309357,-0.096952,0.173476,0.39437,0.60426,0.798354,0.881109,0.889468,0.911187,0.910468,0.738723,0.465189,0.350653,0.351996,0.293025,0.335853,0.596051,0.872031,0.995148,1.01698,0.996202
0.718195,0.909091,0.801064,0.657038,0.837493,1.14928,1.19339,0.888861,0.47242,0.235564,0.657017,0.823619,0.406708,-0.481913,-0.647998,-0.116606,0.425868,0.660381,0.700228,0.416768,0.0132615,-0.341077,-0.185957,0.0874326,0.526244,0.188647,0.308506,-0.325119,-0.349337,-0.258344,-0.556073,-0.998886,-1.30994,-0.799263,-1.55883,-1.43312,-1.31891,-1.63777,-1.17043,-0.873049,-0.743244,-0.635707,-0.485465,-0.5381,-0.192264,0.123369,0.297395,0.342132,0.384095,0.448821,0.536609,0.583888,0.516543,0.383266,0.347672,0.428485,0.3978,0.204412,0.214527,0.520577,0.828379,0.995687,1.01869,0.938748
0.389875,0.847745,1.01471,1.2665,1.54024,1.69272,0.806177,-0.199951,-0.38132,0.675367,1.58095,0.51983,-0.467111,-0.407648,0.199307,0.450576,0.578486,0.192497,0.365231,-0.230845,-0.609847,-0.596127,-0.161126,0.168836,0.38172,0.450889,0.223376,-0.08051,-0.00019185,-0.0239991,-0.489503,-1.19211,-1.07122,-0.841144,-1.13281,-1.04911,-0.758753,-0.904189,-0.753229,-0.663613,-0.617552,-0.591843,-0.408842,-0.7388,-0.364877,-0.419321,-0.552199,-0.58488,-0.131942,0.146941,0.282703,0.309199,0.118686,0.0817669,0.299229,0.462043,0.465934,0.384154,0.351848,0.529802,0.809551,0.933109,0.846619,0.767968
1.53511,1.70148,1.53965,1.33092,0.888558,0.75093,0.641082,0.210118,0.486178,0.870338,0.168534,-0.288984,0.349579,0.797155,0.860463,0.88724,0.221152,-0.0739305,-0.138468,-0.0735115,-0.48612,-0.299765,-0.0750317,0.15158,0.16816,0.532177,-0.152203,-0.139474,-0.0153294,0.0379369,-0.702658,-0.904524,-0.739687,-0.723891,-0.680955,-0.582851,-0.609377,-0.620318,-0.567462,-0.496348,-0.429072,-0.367931,-0.294166,-0.940004,-0.721375,-1.02462,-1.11802,-1.2608,-0.510986,0.261939,0.25979,-0.0264823,-0.324486,-0.315444,-0.0166105,0.163159,0.20445,0.360662,0.508196,0.599663,0.72233,0.78749,0.794539,0.808792
0.951991,0.644747,1.10138,0.456627,0.345671,0.117248,0.180294,0.0701831,0.791145,0.375626,-0.153494,0.135264,0.606581,0.910724,0.694395,0.841627,-0.239972,-0.760314,-0.572658,-0.103306,-0.00896165,-0.174289,-0.213618,0.10717,0.0881337,0.519882,0.0213074,0.0158578,0.0357531,-0.112725,-0.416198,-0.625412,-0.633011,-0.668124,-0.577659,-0.500069,-0.545617,-0.574768,-0.498397,-0.406884,-0.211499,-0.258537,-0.623354,-1.10075,-0.767118,-0.968693,-0.87243,-1.30412,-1.18517,-0.212477,-0.0626167,-0.33886,-0.485587,-0.551323,-0.462052,-0.289895,-0.204794,0.000143978,0.425612,0.737798,0.780314,0.750807,0.769052,0.755698
0.271265,0.523625,0.538276,0.19646,0.188388,-0.155577,-0.353497,0.219213,0.233692,-0.0499829,0.108221,0.316954,0.354142,0.0889117,-0.304695,-0.365779,-0.467031,-0.973222,-0.614149,-0.311678,0.140098,-0.350679,-0.304757,0.12818,0.242426,0.564069,0.496487,0.39652,0.144704,-0.197588,0.00102019,-0.48997,-0.563938,-0.541367,-0.477989,-0.485612,-0.475492,-0.392069,-0.386546,-0.23418,-0.282457,-0.555551,-1.04116,-1.06093,-0.928829,-1.13415,-0.951844,-1.25999,-1.38121,-0.622853,-0.20062,-0.322644,-0.377162,-0.391941,-0.359335,-0.162164,0.120669,0.299971,0.414266,0.550216,0.645416,0.627057,0.472769,0.242137
0.0841103,0.131174,-0.706414,0.345953,0.344249,0.281573,0.47435,0.382594,-0.249228,-0.373298,-0.0670121,-0.0224638,-0.158284,-0.245382,-0.213114,-0.210052,-0.0937479,-0.348365,-0.210902,0.0185753,0.0712892,-0.0574523,0.0060665,0.351217,0.45559,0.632605,0.751074,0.699291,0.315436,-0.0754468,-0.0170601,-0.0127902,0.0658913,0.0249332,-0.104839,-0.276186,-0.302245,-0.289977,-0.234461,-0.0805208,-0.472497,-0.716937,-1.14496,-1.21497,-1.35547,-1.47339,-1.18821,-1.41445,-1.60499,-0.973486,-0.172861,-0.0620219,-0.112074,-0.0584464,0.0132669,0.204038,0.641729,0.907665,0.632015,0.298664,0.280902,0.373425,0.312726,0.0837248
-0.793437,-0.843156,-0.264513,0.178065,-0.0853603,0.540383,0.805361,0.226035,0.0832745,0.210958,0.150463,0.01083,-0.0214502,0.0991559,0.117854,0.130113,-0.123591,-0.251937,-0.420115,-0.0084601,-0.0396839,0.203831,0.438876,0.600931,0.457862,0.482145,0.636034,0.6407,0.362797,0.063106,-0.207702,-0.0970163,0.103248,0.170623,0.0128687,-0.0569022,-0.103308,-0.109417,-0.0343358,-0.0884141,-0.389031,-0.766519,-1.11227,-1.33983,-1.28998,-1.55535,-1.56108,-1.73248,-1.82754,-1.30344,-0.382076,0.124899,0.213931,0.195569,0.186212,0.28814,0.490279,0.69289,0.723817,0.508999,0.262538,0.251894,0.288768,0.186543
-0.074071,0.215676,0.584046,-0.335531,0.100195,0.296626,-0.168594,-0.0804584,0.0761648,-0.0687484,-0.0864175,0.181378,0.341254,0.181616,-0.107575,-0.0412025,-0.617641,-0.486535,-0.663398,-0.170041,0.196759,0.399987,0.801547,0.774674,0.463493,0.446672,0.575485,0.786176,0.679388,0.377224,1.04476,0.612611,0.23914,0.301738,0.380873,0.406263,0.206444,0.167743,0.133157,-0.164971,-0.473182,-0.917868,-1.16485,-1.41999,-1.21343,-1.484,-1.76479,-1.84701,-1.8303,-1.52306,-0.801149,-0.10649,0.231679,0.363543,0.451548,0.481151,0.298655,0.118201,0.403401,0.581979,0.229924,-0.0777877,-0.229831,-0.453143
