public/uploads/wind/vent_json/20200513/wind_field_08.json
{"header": {"parameterUnit": "m.s-1", "parameterNumber": 2, "dx": 0.051, "dy": 0.036, "parameterNumberName": "eastward_wind", "la1": 45.3082, "parameterCategory": 2,"nx": 177, "ny": 123, "refTime": "2018-09-30 00:00:00", "lo1":1.38177}, "data":
[rows 28 to 55 of 123, columns 63 to 125 of 177]
1.26934,1.83357,0.945181,0.0463557,0.402211,0.977883,1.63045,2.04154,1.92348,2.07796,2.34652,2.60245,3.11834,2.61633,2.12836,2.83272,3.10504,2.76334,2.23632,1.51521,1.31631,1.68797,2.49094,2.65559,2.41578,3.11674,3.2126,2.44123,2.70502,3.85614,3.89334,3.8932,4.80219,5.15471,5.18605,5.32469,5.91963,6.59452,6.95422,7.29205,7.54238,7.66068,7.65038,7.55498,7.42395,7.2609,7.06604,6.85894,6.69831,6.61178,6.49658,6.30277,6.07635,5.96,5.80869,5.23254,5.12757,5.66386,5.46274,4.17598,3.04211,2.7945,3.03048
1.13606,0.856346,0.304961,0.383653,1.1554,1.66305,1.95348,1.96183,2.20492,2.87766,3.07302,2.60941,1.85187,1.72214,1.86676,2.08609,2.57698,2.38496,2.14458,2.208,2.39871,2.39985,2.30828,2.71574,2.97346,3.27075,3.25362,2.80356,2.78356,2.77077,3.5276,4.70631,5.06855,5.11347,5.19019,5.79993,6.54036,6.93207,7.30363,7.57468,7.71968,7.7358,7.6514,7.50555,7.31369,7.09706,6.89916,6.75363,6.67052,6.60376,6.47827,6.27495,6.089,5.95904,5.92936,5.97885,6.10963,5.9854,4.92771,3.72578,3.08983,2.89211,2.99137
0.741164,0.58886,0.983463,1.09768,1.37271,1.66665,1.72032,2.16304,2.44717,2.50973,2.88263,2.63409,2.18336,2.06345,1.89007,1.65146,1.47172,1.45674,1.62324,2.075,2.24747,2.48039,2.75142,2.33839,2.41234,3.25823,3.50519,3.11824,2.76032,3.37766,4.46955,4.88873,4.99945,5.17004,5.6069,5.98325,6.62247,7.31944,7.58019,7.72435,7.75589,7.69908,7.57456,7.36671,7.10563,6.88126,6.73879,6.68119,6.65999,6.57451,6.39759,6.19596,6.04885,5.98814,5.98087,6.15081,6.01488,5.60005,5.48697,4.6659,3.45992,2.94783,2.84163
0.209715,0.434606,0.810722,1.0146,1.20189,1.73615,1.7907,1.56651,1.85635,1.99013,1.93288,2.23054,2.46666,2.1358,1.65981,1.66403,1.99236,2.36715,2.34303,2.02538,1.605,1.77743,2.79392,3.01853,2.696,2.42374,2.22665,2.40511,2.84633,3.03517,3.63006,4.72879,5.16449,5.6138,6.32769,6.77223,7.22479,7.53346,7.6869,7.71206,7.6711,7.58961,7.42196,7.15302,6.86493,6.67018,6.6237,6.67305,6.67885,6.53058,6.27898,6.06027,5.98167,6.02521,6.18702,6.28323,6.18061,5.50128,4.83099,4.9579,4.60269,3.4035,2.64075
0.414053,0.957909,1.52485,1.59732,1.613,1.39759,1.37085,1.94975,2.01282,1.72828,2.16881,2.86243,2.8184,2.066,1.84836,2.53767,2.4425,2.01657,2.60696,2.8124,2.35585,2.44456,2.83493,3.12584,3.49386,3.42106,2.95523,2.88638,2.8934,3.59766,4.60749,4.94649,5.22146,5.58773,6.43738,7.24287,7.52685,7.68335,7.69011,7.61243,7.53403,7.43187,7.21641,6.89783,6.61433,6.49382,6.54923,6.65846,6.63474,6.39766,6.10343,5.81909,5.73206,6.06242,6.40269,6.44596,6.29421,5.90694,4.83732,4.27392,4.7431,4.11384,2.8146
0.423353,1.20164,1.77772,1.79951,1.92178,1.98268,1.46185,1.14137,1.79003,2.35676,2.60134,2.98607,2.82345,2.22972,1.75899,1.855,2.63468,2.88003,2.13173,1.95046,2.76652,2.55549,2.26788,3.16823,3.54788,3.59384,3.65438,3.23132,3.52563,4.35644,4.75953,5.00789,5.28265,6.11433,6.99,7.39897,7.65774,7.69802,7.59565,7.46622,7.37562,7.23296,6.96283,6.62145,6.39009,6.39663,6.5148,6.61093,6.52771,6.22719,5.84531,5.71579,6.00911,6.3574,6.55067,6.52565,6.29861,5.84806,5.05672,4.30865,3.44382,3.28554,4.05768
1.41682,1.75066,2.14725,1.93787,1.61741,1.7123,1.45464,1.29786,1.58106,2.19428,2.27964,2.12947,2.65758,2.55742,2.23737,2.22297,2.286,2.86695,3.08091,2.94623,2.64385,2.1365,2.43552,3.28172,3.34995,3.23567,3.84456,4.13775,3.61813,3.66136,4.57137,5.13498,5.78517,6.57315,7.11931,7.5925,7.80573,7.72392,7.49569,7.31547,7.19799,6.99127,6.69351,6.36206,6.24997,6.3756,6.36656,6.39635,6.33757,6.01977,5.8702,6.00743,6.26031,6.54055,6.67437,6.54134,6.2215,5.91906,5.61113,4.67332,4.17362,4.59814,3.9903
1.73649,1.56763,1.5434,1.86588,1.40186,0.704586,1.10977,2.02046,2.22667,1.5635,1.352,1.98498,2.3579,2.27795,2.77488,3.53582,3.58594,3.31609,2.62656,2.24794,2.942,3.09483,2.49684,2.54548,3.61051,3.84343,3.6013,4.15402,4.48129,4.07068,4.11335,5.31905,6.30544,6.71829,7.28271,7.75457,7.91493,7.70425,7.36073,7.11325,6.95419,6.72046,6.41942,6.18408,6.21475,6.12309,5.85391,6.10231,6.16926,5.81561,5.81616,6.08975,6.41724,6.64765,6.64684,6.4448,6.16706,6.00562,5.85962,5.7188,5.06494,4.33974,4.35432
1.91839,1.73573,1.76094,1.15218,0.535724,0.93274,1.48801,1.87961,1.80416,1.15862,0.787334,1.34913,2.27474,2.84087,2.98605,3.25718,3.65856,3.24797,3.16562,3.35349,3.02476,2.84275,2.79246,2.70703,2.96962,3.81317,4.13961,3.63403,3.80217,4.65813,5.04325,5.65686,6.37591,6.87513,7.40292,7.81559,7.89454,7.60234,7.17609,6.8498,6.67169,6.44544,6.18966,6.07562,6.01305,6.22528,6.4745,6.39917,5.88603,5.34069,5.59975,6.13151,6.398,6.55101,6.52127,6.32145,6.11279,6.03093,5.95897,5.86002,5.40707,4.88019,4.72578
1.75803,1.48676,1.22427,1.0046,0.931211,1.03194,1.35122,2.18911,2.12599,1.1546,1.14452,1.74008,1.7847,2.32939,3.6244,4.08818,3.31055,2.84101,3.35142,2.91052,2.25887,3.10255,3.52687,3.1641,2.80838,3.03751,4.11783,4.18989,3.90577,4.49803,5.05825,5.83175,6.5531,6.9991,7.46637,7.78776,7.78061,7.42174,6.94841,6.59922,6.4197,6.21374,6.09967,5.97895,5.77041,6.06614,6.38118,6.16193,5.82521,5.6438,5.69951,6.00506,6.3537,6.45164,6.32801,6.16264,6.04493,6.00803,5.95559,5.82745,5.59008,5.29562,5.12962
1.15413,0.981519,0.906299,0.706468,0.871165,1.20317,1.93847,2.55845,1.7612,1.40051,2.10934,2.25994,2.31237,2.34702,2.87817,4.07251,4.39349,4.16571,3.85389,3.41263,2.84569,2.74849,3.53071,3.82826,3.31901,3.38259,4.08398,4.3256,3.84458,4.02463,5.37533,6.30532,6.59024,7.07104,7.50783,7.72368,7.5958,7.17223,6.70981,6.41265,6.24978,6.11412,6.05516,5.90453,5.81937,6.11712,6.20206,5.8591,5.54292,5.25724,5.25159,5.7984,6.23935,6.21899,6.08543,5.99636,5.9226,5.90289,5.89302,5.81157,5.44724,4.79658,4.14371
0.944565,1.28188,1.17944,1.03092,1.28712,1.69226,2.02415,1.58323,1.31688,2.05912,2.02137,1.92159,2.67274,2.89827,3.12719,3.97491,4.05636,3.69226,3.76491,3.438,3.2671,3.2462,3.21975,3.86527,4.17422,3.7696,3.12272,3.28211,4.27899,5.03406,5.55324,5.91985,6.54678,7.21186,7.54759,7.6036,7.32078,6.85036,6.45214,6.2293,6.11462,6.04092,6.0046,6.05526,6.1643,6.13505,5.81835,5.4391,5.02091,4.87787,5.43179,5.99767,6.10409,6.00218,5.89292,5.84167,5.81613,5.85384,5.88663,5.70599,5.29809,4.5359,3.87453
1.01927,0.382109,0.817913,1.47103,1.89528,2.06078,1.97036,1.67319,1.73296,2.16607,2.55961,2.73207,2.74763,3.11722,3.27696,3.47689,4.4501,4.42651,3.55325,3.438,3.46652,3.58223,3.51641,2.93461,3.33601,4.0235,4.08905,4.17354,4.49021,5.09368,5.66284,6.20807,6.87093,7.25231,7.46854,7.36156,6.96504,6.51569,6.21019,6.06105,6.00757,5.99327,5.99428,6.02699,6.00179,5.76955,5.37223,4.86089,4.70601,5.22292,5.75405,5.9055,5.87881,5.77148,5.65857,5.63968,5.72745,5.80953,5.78718,5.63632,5.51943,5.14339,4.70662
0.249392,-0.108844,0.524609,1.54376,2.0072,1.72021,1.78664,1.96695,1.57101,1.72754,2.57657,2.76941,3.10912,2.71607,2.49184,3.57685,4.18204,4.76476,4.36161,3.30608,3.64162,3.8348,3.26094,3.40881,4.04703,3.74,3.42828,4.23644,5.09997,5.61845,6.03165,6.48258,6.91136,7.23272,7.29859,7.04607,6.61396,6.23065,6.0167,5.94171,5.95296,5.96107,5.96941,5.91035,5.71248,5.40062,4.7911,4.38592,4.863,5.44058,5.66737,5.6922,5.62065,5.47276,5.45945,5.59747,5.69375,5.60226,5.41506,5.30822,4.36058,3.74197,4.54744
0.407338,0.881889,1.16575,1.6849,1.31359,0.846166,1.13765,1.78442,2.06599,1.91042,1.84177,2.40289,3.11126,3.246,3.34667,3.2449,3.53261,4.58627,4.89282,4.58792,4.05721,3.49654,3.77892,3.59643,3.28315,3.93703,3.89477,4.02641,5.15012,5.86729,6.16016,6.58025,6.89856,7.06526,7.02041,6.73687,6.343,6.03659,5.90367,5.87279,5.91479,5.90834,5.81827,5.66633,5.4525,4.82854,4.21589,4.44279,4.69617,5.1003,5.38444,5.25745,5.11258,5.10491,5.39136,5.62234,5.48875,4.71191,4.48933,4.87694,4.57631,3.98926,4.08994
1.0701,0.463893,0.259375,0.373344,0.376474,1.16366,1.54013,1.61945,1.96595,1.97285,2.44681,2.64829,2.76778,3.37197,3.41043,3.51798,3.61689,3.64299,3.61308,3.66388,4.20063,3.83828,2.91965,3.10379,3.77,3.82991,4.26136,5.19918,5.6254,5.88723,6.31742,6.58719,6.74627,6.82496,6.74782,6.48606,6.17691,5.92122,5.8202,5.7987,5.78184,5.70971,5.3714,5.26054,4.93963,4.15613,4.08085,4.55262,4.88224,4.94235,4.66849,4.34938,3.99195,4.28091,5.23865,5.5414,5.21603,5.2804,5.4389,4.77327,4.5051,5.19745,5.09266
-0.0790431,-0.636738,-0.223601,0.296818,0.65378,1.04828,1.71662,2.2028,2.21698,2.47691,3.01947,3.26165,3.34766,3.33635,3.42263,3.3211,3.0846,3.7031,4.68859,4.98544,4.61676,3.80177,3.43979,3.65792,3.40415,3.30529,4.05567,5.14383,5.72158,6.04543,6.35814,6.53037,6.62442,6.6455,6.53674,6.30912,6.07432,5.82399,5.71794,5.62126,5.31638,5.4113,5.31208,4.75611,4.5814,4.6299,4.38889,3.99557,4.14474,3.99455,3.83204,4.46534,5.03023,5.24193,5.24377,5.43411,5.3496,4.97832,5.41407,5.58125,5.12533,4.96937,5.35603
-0.933237,-0.441523,0.263571,0.813436,0.891235,1.03021,1.64942,1.9398,2.11236,2.6706,3.16539,3.77538,4.08765,3.76614,3.51129,3.74586,3.60311,3.68696,4.2553,4.43374,4.78864,4.24814,3.40163,3.46538,3.49409,3.89173,4.94114,5.54836,5.82139,6.19553,6.38942,6.45687,6.50817,6.49182,6.36527,6.16362,5.85926,5.5746,5.43949,5.31928,5.25579,5.09769,4.74854,4.59828,4.29594,3.75706,3.80538,3.6318,3.39619,3.93516,3.98731,4.23887,4.95393,5.04245,5.17993,5.15398,4.79586,4.9789,5.63883,5.6056,5.43716,5.18274,4.60207
-0.0651571,-0.499067,0.159706,0.653251,0.798058,1.19962,2.03118,2.03703,1.98513,2.72753,3.47737,3.65679,3.72841,4.01827,3.98236,3.73894,3.49825,3.19617,3.66679,4.85588,5.10086,4.33215,3.83893,3.61699,3.88378,4.68838,5.2979,5.62833,6.0398,6.26346,6.32453,6.37262,6.41511,6.36926,6.24298,5.86259,5.18048,4.87148,5.11805,5.17962,4.93939,4.82444,4.51928,4.09734,3.99708,3.41237,3.08609,3.5571,3.75436,3.49788,3.76952,4.30392,4.83442,5.34813,5.32925,5.11162,5.02142,4.83736,4.95878,5.47023,5.1593,4.46442,4.05194
-0.0372655,-0.774486,0.0807647,0.489048,0.896998,1.18719,1.62176,2.05228,2.28845,2.92836,3.22265,3.40226,3.92194,4.08108,4.02226,3.71802,3.71412,3.78282,3.88492,4.68125,4.71597,4.14613,3.66735,3.62025,4.43375,5.08401,5.38063,5.8205,6.13187,6.23469,6.23657,6.27627,6.32059,6.27292,6.09342,5.77336,5.41319,5.08873,4.86814,4.67929,4.44916,3.76766,3.39948,3.75888,3.33901,2.87151,3.18017,3.25791,3.58998,3.8834,3.9516,4.05136,4.37513,5.09756,4.98651,4.67475,4.46487,4.1957,3.93702,3.92269,4.46827,4.17191,3.14746
-0.485921,-0.222414,0.437451,0.72326,1.03657,1.39603,1.68226,1.62477,1.84338,2.66278,3.63664,3.60297,3.41225,4.03212,4.2482,3.96429,3.78025,3.83802,4.03634,4.20718,4.15435,3.9756,4.19503,4.57045,4.8395,5.13253,5.55869,6.00984,6.2776,6.26636,6.21114,6.25678,6.30517,6.18627,5.84955,5.39442,4.85784,4.18942,3.6497,3.1151,3.07045,3.62928,3.26919,2.80745,3.15583,2.97162,2.82357,3.30726,3.67031,3.64072,3.65662,4.19761,4.48292,4.22243,3.9963,3.68899,3.3232,3.07701,3.01573,3.13368,3.02488,2.66558,2.42686
-0.607171,0.187552,0.492152,0.79941,1.43933,1.44466,1.22838,1.59512,2.22747,3.01549,3.47889,3.64881,3.45281,3.53732,4.07067,4.14924,3.99944,3.79292,3.74412,3.63972,3.59729,4.21796,4.80598,4.97408,5.02888,5.32083,5.81318,6.27279,6.41506,6.29766,6.23064,6.25378,6.17378,5.84534,5.31369,4.75259,4.27587,3.96036,3.56186,3.02457,2.74707,2.57365,2.48292,2.60196,2.59717,2.67463,3.2281,3.36123,3.43974,4.06708,4.13763,3.7026,3.87087,4.25045,3.56376,2.5715,2.34897,2.49442,2.63602,2.81625,3.00791,2.83444,2.51877
-0.489384,-0.0313271,0.653373,0.927963,1.31887,1.70398,1.79578,1.9077,2.35911,2.96945,3.4548,3.71779,3.60712,3.59911,4.03571,4.38488,4.36542,4.00898,3.40844,3.10936,3.64393,4.58399,5.14562,5.14943,5.18117,5.57503,6.15399,6.53302,6.4964,6.26314,6.11483,5.97699,5.68172,5.16566,4.57555,3.83419,3.03798,2.54606,2.19419,2.05201,2.42278,2.66993,2.6678,2.78679,2.73212,2.97079,3.63611,3.69557,3.39338,3.19123,3.1443,3.35533,3.14713,2.47985,2.30749,2.39264,2.3667,2.47305,2.58665,2.66435,2.72126,2.70151,2.62754
-0.493374,0.0512792,0.938997,1.32205,1.6528,1.73776,1.77176,2.24568,2.35446,2.2729,2.7765,3.49667,3.74724,3.50325,3.65957,4.23798,4.38129,3.80218,3.14117,3.02926,3.64708,4.53442,5.09843,5.21906,5.3877,5.92155,6.47744,6.65243,6.38574,5.98826,5.65051,5.33263,4.93704,4.39603,3.56176,2.63729,2.27252,2.47895,2.51428,2.63368,2.84473,2.55682,2.61087,3.21067,3.27204,3.06387,2.79126,2.66804,3.0831,3.10873,2.79771,2.42209,1.86989,1.77065,2.11207,2.39627,2.39913,2.31466,2.28045,2.29016,2.33468,2.22801,1.97009
-0.509253,0.48814,1.17646,1.25195,1.43292,2.0459,2.05428,1.90594,2.40093,2.93043,3.18251,3.28497,3.39787,3.55421,3.47994,3.58114,3.96963,3.74106,3.2629,3.47416,4.18516,4.76622,5.02092,5.22592,5.65904,6.26948,6.6674,6.56274,6.04422,5.37456,4.92339,4.66109,4.13434,3.21321,2.40291,2.12778,2.13439,1.82275,1.96151,2.64734,2.61258,2.42946,2.44474,2.56585,3.10306,3.1732,2.72857,2.34565,2.04226,1.91134,1.79209,1.62847,1.72677,1.98548,2.04151,1.96998,1.88514,1.79465,1.71563,1.73302,1.78416,1.65058,1.24668
-0.153365,0.945149,1.30831,1.22908,1.26611,1.53449,2.26508,2.2629,2.11322,2.61799,2.96523,3.13704,3.14162,3.12862,3.21893,3.31946,3.46139,3.69016,3.68634,3.83352,4.39049,4.64508,4.80511,5.20554,5.88775,6.55632,6.66665,6.24778,5.29416,4.20292,4.01162,3.78245,2.87888,2.43571,2.62548,2.68958,2.37885,1.95097,1.85344,2.052,2.39014,2.54976,2.28358,2.18932,2.29072,2.04374,1.76447,1.88608,1.93012,1.60368,1.32164,1.34416,1.56254,1.60719,1.48909,1.47526,1.49533,1.47229,1.38997,1.37789,1.46233,1.35823,0.905538
0.360349,1.0161,1.16599,1.0539,1.35345,1.66605,1.88921,2.40296,2.53926,2.60714,2.96242,2.79883,2.50963,2.65121,2.55201,2.61917,3.35387,3.84712,4.21676,4.6617,4.68638,4.47555,4.60383,5.16834,6.06567,6.70098,6.50845,5.88258,4.86544,3.93712,3.40707,2.4431,2.13251,2.44917,2.44855,2.19931,1.79663,1.55733,1.82198,1.91405,1.95069,2.42643,2.26145,1.80341,1.54408,1.38955,1.40267,1.46229,1.5503,1.26475,0.992413,1.01436,1.09607,1.18911,1.26898,1.34614,1.3198,1.25378,1.13575,1.12922,1.29673,1.31231,0.941285
0.649436,0.943763,1.09734,1.3216,1.52033,1.81157,2.15639,2.32664,2.54925,2.8367,3.00072,2.96531,2.39339,1.93223,2.01474,2.33973,3.03964,3.95583,4.67896,5.07328,4.8216,4.38708,4.22344,4.79074,5.8802,6.36136,5.85232,4.5752,3.37889,2.51587,1.55353,1.1374,1.88639,2.6695,2.75149,2.38311,1.92508,1.85609,1.85949,1.67125,1.9989,2.23772,1.74207,1.26085,1.07094,1.3341,1.56409,1.37366,1.2174,0.873883,0.630351,0.714322,0.903142,1.09749,1.15829,1.15018,1.05736,1.06619,1.03787,1.06822,1.22622,1.19032,0.813904
