public/uploads/wind/vent_json/20200513/wind_field_03.json
{"header": {"parameterUnit": "m.s-1", "parameterNumber": 3, "dx":  0.051, "dy": 0.036, "parameterNumberName": "northward_wind", "la1": 45.3082, "parameterCategory": 2,"nx": 177, "ny": 123, "refTime": "2018-10-03 01:00:00", "lo1":1.38177}, "data":
[rows 28 to 55 of 123, columns 63 to 125 of 177]
-2.54003,-2.33394,-2.17802,-3.01716,-2.62863,-2.95049,-2.77622,-3.09645,-3.26779,-2.82256,-3.05797,-3.6106,-3.8311,-4.0371,-4.23464,-4.36818,-4.41206,-4.41893,-4.40862,-4.4031,-4.41226,-4.4396,-4.47094,-4.48623,-4.48494,-4.48409,-4.52173,-4.60019,-4.68494,-4.74836,-4.79734,-4.83532,-4.84847,-4.80945,-4.82374,-4.91298,-5.03179,-5.06688,-5.02173,-4.97144,-4.95456,-4.93408,-4.84908,-4.69859,-4.5043,-4.31496,-4.11759,-3.98457,-3.88992,-3.81718,-3.76724,-3.74116,-3.74701,-3.80768,-3.86543,-3.75459,-3.45583,-3.08826,-2.86898,-2.87927,-2.99166,-3.03539,-2.9711
-2.67383,-2.84411,-2.45195,-3.0525,-3.32882,-2.68763,-3.01396,-2.8048,-3.20647,-3.35916,-3.43631,-3.69097,-3.92904,-4.12481,-4.25282,-4.30105,-4.32379,-4.36268,-4.40746,-4.4367,-4.43853,-4.41186,-4.37242,-4.33897,-4.34512,-4.41555,-4.54046,-4.6896,-4.80653,-4.8534,-4.8611,-4.88185,-4.89337,-4.8524,-4.86117,-4.91356,-4.98924,-4.9978,-4.95421,-4.91312,-4.87624,-4.80442,-4.67859,-4.5256,-4.38502,-4.25724,-4.13436,-4.05067,-3.97803,-3.90327,-3.83603,-3.80393,-3.80013,-3.85834,-3.87365,-3.68454,-3.32145,-2.98214,-2.82006,-2.78385,-2.72846,-2.61221,-2.48465
-2.69894,-2.93383,-3.07627,-2.89652,-3.13868,-2.90504,-2.91809,-3.15203,-3.37579,-3.56424,-3.76151,-3.87062,-3.9505,-4.01106,-4.0586,-4.09459,-4.17546,-4.31346,-4.456,-4.53698,-4.52671,-4.45073,-4.36125,-4.31807,-4.34257,-4.45143,-4.62241,-4.7953,-4.90899,-4.92277,-4.8814,-4.87581,-4.87874,-4.87439,-4.89823,-4.92303,-4.92766,-4.88593,-4.8447,-4.80777,-4.72952,-4.60523,-4.44645,-4.31286,-4.22087,-4.12206,-4.051,-3.99849,-3.93877,-3.87057,-3.82286,-3.8323,-3.87979,-3.95525,-3.89425,-3.62611,-3.26534,-3.01942,-2.8888,-2.7252,-2.47062,-2.21179,-2.06025
-2.88792,-2.54119,-2.7725,-2.93057,-2.52647,-2.85751,-2.92334,-3.46819,-3.63329,-3.78488,-3.82602,-3.82526,-3.82394,-3.831,-3.86519,-3.9402,-4.08601,-4.31326,-4.53655,-4.6582,-4.64926,-4.57523,-4.50414,-4.46644,-4.49208,-4.5928,-4.7383,-4.8704,-4.92664,-4.89114,-4.8199,-4.79664,-4.81587,-4.85985,-4.91061,-4.91728,-4.84839,-4.75481,-4.71131,-4.66841,-4.55588,-4.39594,-4.22602,-4.09412,-4.00037,-3.9191,-3.86343,-3.81721,-3.76856,-3.73156,-3.74154,-3.81827,-3.93012,-3.97779,-3.80658,-3.49239,-3.21627,-3.06965,-2.9338,-2.6672,-2.32016,-2.02725,-1.89466
-2.27836,-2.2633,-2.19998,-2.60146,-2.72483,-2.52279,-3.09008,-3.77096,-3.93585,-3.90403,-3.79291,-3.77026,-3.77779,-3.78502,-3.81846,-3.91213,-4.06591,-4.31402,-4.56254,-4.73206,-4.79004,-4.79055,-4.77613,-4.73854,-4.72871,-4.79048,-4.87349,-4.91685,-4.88549,-4.78685,-4.68565,-4.65018,-4.69932,-4.77826,-4.84756,-4.83788,-4.74045,-4.63857,-4.59841,-4.55864,-4.44415,-4.26052,-4.06813,-3.90218,-3.77908,-3.70508,-3.6448,-3.58504,-3.54597,-3.55376,-3.63917,-3.77398,-3.87998,-3.8315,-3.59378,-3.32679,-3.16113,-3.06853,-2.92349,-2.66269,-2.37905,-2.1552,-2.04145
-1.67615,-2.29462,-2.44484,-2.03923,-2.7444,-3.10952,-3.66614,-4.1232,-3.87107,-3.80517,-3.7936,-3.83103,-3.9104,-4.03666,-3.95805,-3.95325,-4.05318,-4.28685,-4.53852,-4.76364,-4.91604,-5.01705,-5.04458,-5.00594,-4.95879,-4.95911,-4.96817,-4.93581,-4.82598,-4.67833,-4.54688,-4.49143,-4.55319,-4.65267,-4.73037,-4.73848,-4.67523,-4.61007,-4.57401,-4.52247,-4.39451,-4.18939,-3.96914,-3.77099,-3.63095,-3.54712,-3.47991,-3.40444,-3.37012,-3.41954,-3.55806,-3.69812,-3.73024,-3.59776,-3.38115,-3.21337,-3.1149,-3.0148,-2.88342,-2.73603,-2.5978,-2.4838,-2.39257
-2.02321,-2.25009,-2.24342,-2.49742,-2.6582,-3.48114,-3.57746,-3.56285,-3.79179,-3.83873,-3.84601,-4.15737,-4.06001,-3.86824,-4.00968,-3.98565,-4.07466,-4.29468,-4.5273,-4.73718,-4.9633,-5.14216,-5.21103,-5.16684,-5.0896,-5.04017,-4.97553,-4.89196,-4.74795,-4.59869,-4.48106,-4.43085,-4.49519,-4.60567,-4.69713,-4.73836,-4.71179,-4.66649,-4.60807,-4.50032,-4.32423,-4.10472,-3.88107,-3.68814,-3.56309,-3.47964,-3.39395,-3.30303,-3.26992,-3.34327,-3.47509,-3.58048,-3.56366,-3.43135,-3.28502,-3.16265,-3.03998,-2.89959,-2.80816,-2.78682,-2.7799,-2.75723,-2.71083
-1.85769,-2.2221,-2.12812,-3.11009,-2.82964,-2.36563,-3.43026,-3.33875,-3.61371,-3.97881,-4.02832,-3.88529,-4.10635,-3.12171,-3.87383,-4.05995,-4.31701,-4.42214,-4.51338,-4.66011,-4.89696,-5.12311,-5.23273,-5.20381,-5.11999,-5.03079,-4.92507,-4.80114,-4.65852,-4.56507,-4.53518,-4.55202,-4.62444,-4.72015,-4.78519,-4.78727,-4.73423,-4.66433,-4.5577,-4.37712,-4.15865,-3.93772,-3.73642,-3.59259,-3.5144,-3.44784,-3.35019,-3.25299,-3.22198,-3.28518,-3.3778,-3.44672,-3.43036,-3.35091,-3.23712,-3.06946,-2.88068,-2.73992,-2.70273,-2.7447,-2.79488,-2.82026,-2.80337
-1.28186,-2.55733,-3.28621,-2.81392,-2.83623,-2.15133,-3.37274,-3.80132,-3.11958,-3.77905,-3.81756,-3.02498,-3.67595,-3.34452,-4.13733,-4.29769,-4.18027,-4.5366,-4.51011,-4.58702,-4.7695,-4.96204,-5.08262,-5.12249,-5.10332,-5.01587,-4.89462,-4.73315,-4.60994,-4.61304,-4.69989,-4.78309,-4.83194,-4.84058,-4.78448,-4.67546,-4.56272,-4.46483,-4.32835,-4.12535,-3.90499,-3.69936,-3.54463,-3.47829,-3.45335,-3.40392,-3.31981,-3.25059,-3.23803,-3.28201,-3.32057,-3.34389,-3.31302,-3.24732,-3.10026,-2.88886,-2.71317,-2.64273,-2.66104,-2.69504,-2.71781,-2.72006,-2.67659
-2.40156,-2.89794,-3.09221,-2.69306,-3.1405,-3.28843,-2.73979,-3.9135,-3.41595,-3.97156,-3.04579,-3.37309,-3.10941,-4.19151,-4.45707,-4.53786,-3.55409,-4.12409,-4.5442,-4.5292,-4.57083,-4.65938,-4.78462,-4.93745,-5.05075,-5.0492,-4.93124,-4.75205,-4.66297,-4.72906,-4.86055,-4.92863,-4.89066,-4.75541,-4.54939,-4.33615,-4.19509,-4.11626,-4.00994,-3.85313,-3.67642,-3.51961,-3.43415,-3.4268,-3.4194,-3.37617,-3.32173,-3.31216,-3.33941,-3.361,-3.32178,-3.26438,-3.17299,-3.06126,-2.90137,-2.76752,-2.72126,-2.74823,-2.78658,-2.74708,-2.67481,-2.57701,-2.44713
-3.14659,-3.05659,-2.44716,-3.00928,-3.4467,-3.58312,-2.40716,-3.53783,-3.81842,-3.86278,-3.3165,-3.95332,-3.88221,-4.29848,-4.57994,-4.38952,-3.64866,-3.8289,-4.17987,-4.36938,-4.33825,-4.36522,-4.48811,-4.70857,-4.92467,-5.02141,-4.95376,-4.81622,-4.76087,-4.81901,-4.90005,-4.89081,-4.75063,-4.50438,-4.20862,-3.95535,-3.83921,-3.82025,-3.78691,-3.70803,-3.6062,-3.53382,-3.51515,-3.51762,-3.47277,-3.41156,-3.37789,-3.4126,-3.46151,-3.43286,-3.30938,-3.14917,-2.98714,-2.8584,-2.80895,-2.84476,-2.93819,-2.99718,-2.9775,-2.84784,-2.67635,-2.49901,-2.29636
-2.4183,-3.00234,-3.19679,-2.81542,-3.0904,-3.45446,-2.66016,-3.37486,-3.94143,-3.05967,-4.26348,-3.804,-4.26563,-4.0762,-4.49385,-4.11734,-3.97244,-4.05109,-3.45811,-4.23483,-4.31084,-4.28396,-4.34101,-4.52279,-4.72805,-4.84712,-4.85809,-4.79171,-4.74717,-4.76616,-4.78713,-4.72053,-4.53255,-4.26961,-3.97465,-3.75702,-3.69758,-3.72348,-3.74316,-3.73996,-3.72115,-3.72968,-3.7534,-3.72164,-3.60535,-3.49101,-3.45081,-3.47443,-3.47165,-3.36806,-3.17298,-2.94764,-2.77841,-2.73518,-2.85647,-3.02392,-3.14299,-3.14059,-3.03373,-2.88737,-2.73071,-2.57042,-2.36569
-2.64443,-2.74762,-3.12509,-3.15728,-2.77887,-3.35705,-3.53272,-3.8021,-3.89808,-2.82219,-4.38095,-4.25849,-3.59575,-3.98884,-4.4393,-4.20171,-4.02048,-4.13102,-3.7984,-4.48569,-4.48354,-4.38696,-4.39188,-4.50098,-4.61624,-4.68002,-4.7061,-4.68737,-4.62843,-4.57131,-4.5447,-4.47565,-4.33544,-4.13404,-3.91253,-3.77054,-3.74079,-3.74721,-3.77667,-3.82795,-3.87154,-3.92629,-3.95286,-3.86881,-3.69284,-3.52888,-3.44415,-3.39561,-3.29105,-3.11849,-2.91752,-2.72404,-2.63415,-2.70039,-2.8856,-3.06952,-3.14254,-3.10885,-3.01815,-2.94459,-2.87043,-2.73395,-2.54101
-2.97011,-3.0712,-2.54541,-3.34074,-3.55349,-3.16845,-3.70364,-4.05613,-3.36596,-2.72934,-3.84545,-3.98401,-3.87432,-3.33245,-4.37142,-4.24838,-4.3491,-4.31778,-4.62709,-4.64603,-4.54908,-4.56265,-4.6629,-4.74521,-4.75642,-4.71407,-4.67084,-4.6491,-4.55152,-4.37383,-4.26564,-4.22167,-4.17022,-4.03354,-3.89174,-3.80288,-3.73993,-3.69404,-3.73173,-3.81462,-3.89911,-3.9628,-3.9571,-3.84248,-3.65111,-3.46774,-3.33069,-3.19781,-3.03692,-2.87298,-2.75543,-2.66371,-2.64318,-2.72439,-2.88193,-3.04106,-3.13445,-3.16352,-3.15617,-3.12414,-3.03968,-2.87074,-2.70635
-2.84929,-3.15491,-3.18488,-3.14023,-3.85166,-3.8461,-3.2625,-3.67671,-3.62085,-2.63861,-3.55122,-3.27844,-3.96976,-2.84252,-4.0805,-4.11415,-4.42721,-4.05151,-4.38985,-4.46353,-4.58283,-4.83255,-5.08577,-5.18868,-5.09811,-4.91228,-4.75268,-4.65253,-4.52662,-4.29483,-4.11485,-4.06309,-4.00261,-3.86081,-3.74413,-3.65224,-3.5519,-3.51696,-3.60039,-3.73682,-3.84294,-3.88078,-3.83855,-3.72413,-3.56061,-3.38505,-3.22087,-3.07339,-2.9651,-2.91146,-2.90506,-2.89895,-2.91224,-2.99104,-3.13188,-3.28527,-3.41357,-3.49129,-3.47686,-3.3771,-3.20165,-3.01821,-2.91575
-2.1547,-3.10235,-3.72296,-3.93274,-3.34193,-3.82783,-3.77946,-2.96593,-3.85978,-2.78976,-3.6301,-3.86778,-3.41053,-3.63804,-3.8848,-3.78138,-4.11481,-3.9517,-4.0472,-4.21076,-4.53966,-4.97875,-5.35719,-5.4976,-5.35821,-5.07476,-4.78616,-4.5909,-4.48132,-4.32052,-4.15191,-4.01016,-3.79663,-3.55949,-3.39532,-3.28591,-3.24202,-3.32342,-3.51402,-3.71411,-3.80216,-3.79526,-3.73994,-3.64359,-3.51128,-3.36752,-3.24592,-3.19652,-3.23004,-3.31681,-3.38729,-3.4229,-3.48896,-3.61059,-3.74534,-3.86208,-3.91914,-3.91398,-3.78021,-3.56857,-3.34798,-3.20019,-3.15582
-2.12278,-3.28346,-3.43358,-3.91148,-3.81547,-3.18641,-3.75036,-2.73309,-3.47566,-3.37349,-3.82866,-4.0215,-3.77252,-4.30274,-4.13534,-4.15682,-4.06054,-3.87894,-3.77847,-3.94054,-4.3248,-4.83176,-5.23698,-5.36871,-5.25075,-5.01879,-4.72174,-4.49416,-4.3831,-4.3081,-4.19,-3.92699,-3.52534,-3.14904,-2.91115,-2.83167,-2.9501,-3.22128,-3.5326,-3.72091,-3.7607,-3.72194,-3.66385,-3.56522,-3.44498,-3.38085,-3.40972,-3.53296,-3.71601,-3.88043,-3.97411,-4.04487,-4.16364,-4.30161,-4.38687,-4.39603,-4.29566,-4.11555,-3.86964,-3.61699,-3.43085,-3.35168,-3.33265
-2.49673,-2.65693,-3.40827,-3.21438,-3.85691,-3.84342,-2.95098,-3.28364,-3.26027,-3.68821,-4.22876,-3.44536,-4.42441,-4.22204,-4.44042,-4.43839,-4.14258,-3.93601,-3.88096,-3.97677,-4.21682,-4.52852,-4.76301,-4.83493,-4.80227,-4.74466,-4.62309,-4.44954,-4.27451,-4.14267,-3.98509,-3.67262,-3.22677,-2.8061,-2.54717,-2.54968,-2.84881,-3.26548,-3.56717,-3.66206,-3.64426,-3.58246,-3.49133,-3.35874,-3.29013,-3.3812,-3.60356,-3.87467,-4.11623,-4.2755,-4.37424,-4.50744,-4.64264,-4.73524,-4.72452,-4.5957,-4.35607,-4.06652,-3.79434,-3.57371,-3.44963,-3.4214,-3.40495
-2.07814,-2.32892,-3.32279,-3.87798,-3.43415,-3.92393,-2.84427,-3.98351,-3.75308,-3.35967,-4.00244,-3.59798,-4.16754,-4.5666,-4.77115,-4.65007,-4.52351,-4.39028,-4.27042,-4.17485,-4.11741,-4.11257,-4.1181,-4.14716,-4.24755,-4.39963,-4.50413,-4.45581,-4.21398,-3.89556,-3.58739,-3.29776,-3.00241,-2.73959,-2.59292,-2.69998,-3.06425,-3.43434,-3.59133,-3.56476,-3.46837,-3.3417,-3.17964,-3.05794,-3.12232,-3.38965,-3.73595,-4.03862,-4.23918,-4.36949,-4.52117,-4.73255,-4.85358,-4.85455,-4.74448,-4.53031,-4.25616,-3.96307,-3.71205,-3.53918,-3.46875,-3.44764,-3.40497
-1.78202,-2.1977,-2.6017,-3.71554,-3.87739,-3.25228,-3.15312,-3.92221,-3.98232,-3.878,-3.43292,-4.06118,-3.94764,-4.39425,-4.89954,-5.04912,-4.98512,-4.81016,-4.55402,-4.24157,-3.93766,-3.69883,-3.57584,-3.60314,-3.78256,-4.03526,-4.26261,-4.3624,-4.21132,-3.81611,-3.34545,-3.0211,-2.89533,-2.9263,-3.07283,-3.31064,-3.57823,-3.74879,-3.74803,-3.60287,-3.36282,-3.10056,-2.90432,-2.90833,-3.15452,-3.51409,-3.84212,-4.04855,-4.1707,-4.29849,-4.52006,-4.75435,-4.85685,-4.78566,-4.60986,-4.38752,-4.16565,-3.9196,-3.71298,-3.58458,-3.53506,-3.48272,-3.36554
-1.75736,-2.03703,-2.13764,-2.2504,-3.82405,-3.73426,-3.92812,-3.44488,-3.95331,-4.10689,-3.79311,-4.01043,-4.45694,-3.7389,-4.85184,-5.26653,-5.27004,-5.05691,-4.66699,-4.23137,-3.82576,-3.48454,-3.31588,-3.32487,-3.45557,-3.62458,-3.86629,-4.13278,-4.2378,-3.98348,-3.46535,-3.03661,-2.94301,-3.21495,-3.69014,-4.06798,-4.20589,-4.18662,-4.05103,-3.78433,-3.38614,-3.03012,-2.9317,-3.14189,-3.49889,-3.78779,-3.96556,-4.02069,-4.07722,-4.22101,-4.4509,-4.65332,-4.74688,-4.66071,-4.48987,-4.3186,-4.15485,-3.94119,-3.76089,-3.64953,-3.54995,-3.40133,-3.19427
-1.61614,-1.91574,-1.82735,-2.05212,-3.70235,-4.26707,-4.23244,-3.66388,-4.33867,-3.96602,-4.18191,-4.0405,-4.33423,-4.25071,-4.83429,-5.30047,-5.2977,-5.03625,-4.66087,-4.29299,-3.94777,-3.61469,-3.38247,-3.2708,-3.2624,-3.3346,-3.549,-3.83023,-4.06181,-4.0835,-3.8076,-3.43431,-3.30321,-3.60178,-4.12816,-4.50906,-4.59161,-4.47008,-4.21677,-3.85516,-3.43856,-3.20847,-3.31319,-3.65132,-3.94708,-4.06583,-4.0591,-4.00247,-4.0333,-4.17238,-4.35609,-4.51345,-4.58869,-4.53024,-4.41672,-4.28068,-4.09575,-3.85747,-3.65833,-3.51004,-3.33074,-3.0998,-2.85878
-1.451,-1.63917,-1.53433,-3.12328,-3.85762,-4.10515,-3.7715,-4.19472,-3.95068,-4.55358,-4.56052,-4.71337,-3.92629,-4.58627,-4.71872,-4.95996,-5.03248,-4.92546,-4.75234,-4.58146,-4.33236,-4.00331,-3.64645,-3.39165,-3.2867,-3.30861,-3.37993,-3.4472,-3.64274,-3.9708,-4.15509,-4.09823,-4.01566,-4.12728,-4.35378,-4.51671,-4.52752,-4.33459,-3.9969,-3.6297,-3.40866,-3.49045,-3.78686,-4.09034,-4.21787,-4.18674,-4.08014,-3.99944,-4.02336,-4.13275,-4.24999,-4.33043,-4.35938,-4.32736,-4.23421,-4.04957,-3.76895,-3.49857,-3.29059,-3.10669,-2.90881,-2.70112,-2.49687
-1.40834,-1.24114,-2.21908,-3.52217,-3.47829,-3.55884,-3.866,-4.30888,-3.62621,-4.57454,-4.72776,-4.91903,-4.56064,-4.48657,-4.59614,-4.39038,-4.66348,-4.79759,-4.89066,-4.89713,-4.71891,-4.37764,-3.92922,-3.58615,-3.42474,-3.36097,-3.24972,-3.1662,-3.36517,-3.84692,-4.3346,-4.63069,-4.70556,-4.63093,-4.50734,-4.37268,-4.19352,-3.86392,-3.45601,-3.1994,-3.29841,-3.66762,-4.05703,-4.23818,-4.23797,-4.14049,-4.02866,-3.9669,-3.97567,-4.04101,-4.09537,-4.0911,-4.04021,-3.93631,-3.75636,-3.47501,-3.16138,-2.94392,-2.80724,-2.68037,-2.52942,-2.33455,-2.19262
-1.59537,-0.732733,-3.28427,-2.8674,-3.63675,-2.8937,-3.61586,-4.26474,-4.22388,-4.3371,-4.36757,-4.76942,-4.70879,-4.75438,-4.31667,-4.18557,-4.34775,-4.62833,-4.89178,-4.97916,-4.88374,-4.56973,-4.09366,-3.68681,-3.46453,-3.33811,-3.21587,-3.20081,-3.40353,-3.75925,-4.22254,-4.69859,-4.94593,-4.85883,-4.5919,-4.26099,-3.8583,-3.34715,-2.9171,-2.87712,-3.2284,-3.73506,-4.0791,-4.14531,-4.07904,-3.96506,-3.88979,-3.85265,-3.86232,-3.90302,-3.89956,-3.79477,-3.55979,-3.2859,-2.99286,-2.70434,-2.51925,-2.4532,-2.43528,-2.35435,-2.24291,-1.97585,-1.67694
-2.13391,-1.16292,-2.82709,-3.02478,-3.65481,-3.33262,-3.24939,-4.11866,-4.29532,-4.65793,-4.63769,-4.77272,-4.29374,-4.31562,-4.06679,-3.98422,-4.09659,-4.39903,-4.65945,-4.79794,-4.77743,-4.51884,-4.0917,-3.69972,-3.45037,-3.33093,-3.36049,-3.47504,-3.53907,-3.59669,-3.88609,-4.38473,-4.70869,-4.64922,-4.39756,-4.07918,-3.60807,-3.04733,-2.77868,-3.0081,-3.44621,-3.86585,-4.01607,-3.96848,-3.84323,-3.73857,-3.68237,-3.76139,-3.77877,-3.75053,-3.63399,-3.33435,-2.90176,-2.51549,-2.25435,-2.08096,-2.07393,-2.13381,-2.18894,-2.06604,-1.69187,-1.54004,-0.958063
-2.15341,-2.13442,-1.66594,-3.17789,-3.58022,-3.94376,-3.93613,-3.99345,-3.97454,-4.37579,-4.6886,-4.35564,-4.45478,-3.85026,-4.0339,-3.92158,-3.97484,-4.16193,-4.36726,-4.51545,-4.50208,-4.3251,-4.07656,-3.79536,-3.53829,-3.46576,-3.62431,-3.77632,-3.63415,-3.42304,-3.68301,-4.06267,-4.12834,-3.92525,-3.75996,-3.66395,-3.44682,-3.18581,-3.25252,-3.61874,-3.92563,-4.04179,-3.94042,-3.77398,-3.63206,-3.61041,-3.6469,-3.57477,-3.61766,-3.48674,-3.20972,-2.76698,-2.34075,-2.15446,-1.94715,-1.88741,-1.88202,-1.90888,-1.74033,-1.47412,-0.858012,-1.05137,-0.597355
-1.47709,-2.61635,-1.8423,-3.23162,-3.90688,-4.0528,-4.14529,-4.33442,-4.42117,-4.08691,-4.58072,-4.18777,-4.54163,-4.27715,-4.23408,-4.16108,-4.1121,-4.15827,-4.23798,-4.28426,-4.24973,-4.20697,-4.18341,-4.00515,-3.74034,-3.67297,-3.858,-3.94491,-3.58974,-3.49104,-2.85952,-2.77052,-2.80185,-2.78371,-2.93454,-3.15959,-3.35289,-3.53058,-3.81694,-4.03101,-4.05891,-3.9283,-3.73698,-3.58858,-3.56412,-3.46942,-3.45233,-3.30914,-3.30369,-3.16078,-2.85858,-2.56452,-2.26171,-1.97183,-2.02213,-1.95818,-1.62936,-1.75565,-1.22939,-0.886372,-0.677035,-0.743646,-0.440641
