public/uploads/wind/vent_json/20200513/wind_field_05.json
{"header": {"parameterUnit": "m.s-1", "parameterNumber": 3, "dx":  0.051, "dy": 0.036, "parameterNumberName": "northward_wind", "la1": 45.3082, "parameterCategory": 2,"nx": 177, "ny": 123, "refTime": "2018-10-03 01:00:00", "lo1":1.38177}, "data":
[rows 28 to 55 of 123, columns 0 to 62 of 177]
0.252441,-0.446642,-1.36989,-1.6604,-1.64739,-0.670304,-1.89534,-2.10039,-0.642685,2.3226,1.80792,0.612648,0.977796,0.981391,0.378612,1.43786,3.64941,3.30541,2.38433,1.81025,1.43575,0.622198,-1.19565,-0.38025,-0.138918,-0.56859,1.10025,1.66336,1.20775,1.34313,1.01403,-0.00822253,-0.704933,-1.14275,-1.66303,-1.56053,-1.1921,-0.990503,-0.744918,-0.46154,0.0511221,1.32726,1.52797,1.43767,2.05282,2.39926,1.94165,0.602696,-0.0752743,-0.350088,0.203949,0.854632,0.955392,0.851316,0.458005,-0.20214,-0.272452,-0.074114,-0.105999,-0.547543,-0.357156,-0.99724,-1.07119
-0.149989,-1.74705,-2.39366,-3.19578,-3.33818,-2.39267,-3.17006,-3.03806,-2.45996,-0.830923,-0.648537,-0.810968,-0.143056,0.77093,0.0100407,-0.725291,1.11393,2.86592,2.59173,1.8024,0.665441,-0.854295,-1.26839,0.151235,0.770008,0.579209,1.80914,0.724144,0.413719,0.67215,0.625021,0.779444,0.628259,-0.400779,-0.951014,-1.30573,-0.977537,-0.85032,-0.848693,-0.611492,-0.191457,0.697132,1.35937,1.56606,1.93801,2.02356,1.08345,0.808124,1.13668,1.32927,1.38191,0.753454,-0.333883,-0.730075,-0.561477,-0.279022,0.0977938,0.163477,-0.0444451,-0.300571,-0.190711,-1.69587,-2.00781
-1.39698,-2.78127,-3.6648,-3.98216,-3.81478,-3.57599,-3.21634,-3.40853,-3.79183,-3.20413,-2.9603,-1.12411,-1.09263,-0.783709,-2.12208,-3.19716,-3.36586,-1.47721,0.647945,1.40742,-1.31977,-3.3537,-2.75593,-0.972826,1.09689,1.64241,1.8427,0.935818,0.0142793,-0.164132,-0.18876,0.350893,0.375398,-0.223407,-0.592404,-1.1642,-0.974419,-0.726877,-0.470272,0.416638,0.972529,1.47042,2.07457,1.8734,1.91069,1.90091,1.6199,1.41057,1.40704,1.32039,1.32715,0.596361,0.0127054,0.280423,0.796324,0.577892,-0.061203,-0.129673,-0.786255,-0.799538,-1.7844,-1.92716,-2.51206
-5.80281,-4.65573,-5.03324,-4.5258,-4.27572,-4.03345,-3.79984,-3.78896,-3.85935,-3.59373,-1.83909,-0.272523,-1.21975,-1.66889,-3.94635,-3.57345,-1.41793,0.496814,1.19342,-0.0927372,-1.67978,-1.19413,-1.28317,-1.08226,0.208924,0.927068,1.0124,0.562543,-0.126135,-0.429623,0.0436813,-0.607469,-0.845349,-1.18623,-1.52154,-1.59142,-1.19447,-0.859156,-0.43381,-0.0156205,0.737087,0.727201,1.16508,0.35039,0.938247,0.971245,1.57337,1.45436,1.08449,0.868797,0.428258,0.580711,0.79403,0.52625,-0.00441831,-0.146927,0.0310917,0.453515,-0.956827,-1.14351,-2.09106,-1.52205,-2.30423
-8.76642,-6.25817,-5.44383,-4.9982,-4.82111,-4.15593,-3.97275,-3.78893,-3.17454,-2.35972,-0.400383,0.0589774,-2.04549,-3.6857,-3.84474,0.0499488,3.13642,2.44944,-0.484674,-2.26462,-0.190103,3.02309,2.20983,0.479763,-0.459575,-0.608991,-0.488514,-0.360447,-0.812301,-0.355732,0.81546,0.390542,-0.776204,-1.73082,-2.04169,-1.65684,-1.1471,-0.917817,-0.538905,-0.151656,-0.191298,0.38931,0.658966,0.477869,1.0642,0.595522,0.922197,1.09738,0.951814,0.804822,-0.135761,-0.387194,-0.215497,0.185974,0.330202,0.268809,-0.228148,-0.756946,-1.60597,-1.667,-1.64113,-1.50832,-1.53993
-8.94635,-6.11133,-5.22358,-4.64138,-4.28108,-3.56239,-3.23015,-2.7196,-2.15616,-2.38043,-0.305675,-1.08421,-3.5058,-4.0897,-2.69381,1.38527,2.72385,0.383951,-0.10971,0.168721,1.65616,2.82022,2.37282,0.106125,-1.09683,-1.19508,-0.679665,-0.554669,-0.141171,-0.146834,0.497963,0.0153337,-0.870477,-1.28423,-1.50147,-1.20372,-0.801583,-0.855081,-0.012063,0.758497,1.37804,1.64552,1.65026,1.71593,1.78565,0.861144,0.588168,0.903216,1.16284,1.15305,1.3131,1.42021,1.42279,0.868334,0.233176,-0.445757,-1.20786,-1.54108,-1.42262,-1.34698,-1.31024,-1.16771,-1.50015
-6.13799,-4.36791,-4.19533,-3.70942,-3.44939,-3.4256,-3.62178,-3.80188,-4.00884,-3.46288,-0.338104,-0.177498,-0.848302,-0.399517,0.302444,1.61261,-0.0520126,0.0420159,3.19901,3.23207,2.04128,1.04198,1.22485,-0.000958906,-0.369998,-0.162702,-0.178271,-0.0973269,0.352051,0.129625,-0.139296,-0.642668,-1.06972,-0.923144,-0.766696,-0.685245,-0.443962,-0.339457,0.555503,1.10513,1.58659,1.41654,1.6818,1.25939,0.969329,1.02466,0.551128,0.510074,0.795084,1.01779,1.32129,1.67869,1.04073,-0.0253997,-0.587399,-0.666661,-0.740551,-0.866148,-1.07147,-1.2181,-1.00172,-1.43717,-2.05939
-2.50216,-3.08762,-2.71945,-2.81307,-2.95642,-3.19932,-4.13261,-4.14815,-3.13273,-0.442233,1.61598,1.51644,3.86939,4.93654,4.41793,1.23986,-1.79895,-1.23951,1.47047,2.3182,1.33657,-1.53925,-1.97133,-2.25295,-0.281088,0.0109449,-0.853032,-0.590499,-0.317898,-0.399947,-0.647024,-0.735747,-0.849941,-0.871737,-0.153089,0.26094,0.610654,0.316292,-0.0734153,1.33539,1.3346,1.3371,0.941202,0.553007,-0.0479075,1.4372,1.24609,0.872061,0.777429,0.850697,0.7611,0.179687,-0.601386,-0.593873,-0.159979,-0.154366,-0.701128,-1.29511,-1.49423,-1.20753,-0.660362,-1.60236,-2.28561
-0.959942,-2.87322,-2.72078,-2.56637,-2.93471,-2.49989,-1.2421,-1.47147,-1.28973,-0.298623,0.296963,-0.54597,1.51204,4.24101,4.40157,-0.82496,-2.46816,-2.94003,-1.70903,-0.0295271,-1.19765,-3.49939,-3.39607,-2.99378,-1.1096,-1.07847,-1.02768,-1.40953,-1.76765,-1.52856,-0.965207,-0.902204,-0.567349,-1.03353,-0.285236,0.114696,0.934609,1.16469,-0.579164,0.0290489,1.37855,1.98384,1.45819,1.40617,0.991294,0.636526,0.973725,0.690747,0.727031,0.588406,0.162861,-0.375649,-0.170111,-0.139614,-0.647667,-1.20023,-1.41304,-1.3157,-0.799076,-1.00542,-1.05597,-1.17277,-2.10399
-1.74475,-2.93033,-2.61948,-2.94762,-3.38666,-3.94011,-4.37363,-4.53771,-5.08358,-5.0218,-4.30751,-5.0595,-5.59543,-3.75654,-0.676143,-1.02965,-2.64781,-3.49548,-3.52168,-3.6281,-3.60074,-2.71554,0.0349326,0.110895,-0.857449,-1.85375,-1.2672,-1.00825,-1.97969,-1.73536,-1.49892,-1.81319,-0.117752,0.0482686,0.14537,0.00126093,0.251262,1.63157,1.22591,0.759278,0.249375,1.29132,1.644,1.05024,0.745941,-0.327566,-0.0611893,-0.335016,-0.199729,-0.110695,-0.247586,0.221824,0.303856,-0.205261,-0.738816,-0.818016,-0.564237,-0.577112,-0.301533,-1.51533,-1.56532,-1.28107,-1.34858
-1.69482,-2.99593,-2.89699,-2.75813,-3.88641,-5.35604,-6.79459,-6.93823,-6.3207,-5.42804,-4.57551,-4.94729,-5.97708,-4.91229,-2.20687,-0.177524,-3.25205,-3.68174,-3.93208,-3.69577,-2.58323,-0.249464,1.14973,0.764118,0.347241,-0.573187,-0.992292,-0.859589,-1.27559,-1.26724,-0.667739,0.65874,1.90068,2.56182,2.17736,1.17738,0.399778,0.0745362,1.24572,1.36224,0.351635,-0.168258,0.18944,0.154022,-0.279911,0.299426,-0.026168,-0.019001,0.110205,0.231708,0.303347,0.216517,-0.366314,-0.90084,-0.878397,-0.579685,-0.54743,-0.603923,-0.918246,-1.64421,-1.29954,-1.74715,-1.79658
-4.54879,-4.33363,-4.09257,-3.53411,-3.49838,-3.02622,-4.00905,-4.93012,-5.66843,-5.94971,-5.53095,-4.85755,-4.20172,-2.84953,-3.10984,-2.04825,-3.24723,-2.72442,-0.948071,0.69482,0.642034,-1.56684,-2.05188,-1.61072,-0.800438,-0.652004,-0.823296,-1.57487,-1.78024,-1.24758,-0.305404,2.55154,2.61806,1.47653,1.21278,0.771148,0.723435,-0.605712,-0.303738,-0.0950063,0.812363,0.342651,-0.0674387,0.444812,0.97476,0.373089,0.317643,0.126204,-0.0650042,-0.250671,-0.391306,-0.614553,-0.80022,-0.790934,-0.696649,-0.677738,-0.572362,-0.932831,-1.24162,-1.73463,-1.51721,-2.23511,-2.59363
-6.86524,-5.66603,-5.68688,-4.91179,-3.95864,-1.75954,0.715141,-1.46083,-4.19159,-5.93105,-7.25144,-6.77859,-5.6437,-4.45185,-4.94936,-5.20847,-3.96733,-1.88309,2.11954,4.33291,3.42198,-0.415303,-2.34715,-2.28183,-1.48479,-2.12575,-2.98576,-4.5006,-4.02309,-3.16242,-1.30143,1.01506,0.675084,0.77404,0.728043,-0.194164,0.148474,0.752079,0.236201,0.398281,-0.253845,0.305952,0.560088,-0.123293,0.397439,-0.403999,-0.17752,-0.0176131,0.0467097,0.0388374,-0.111049,-0.395564,-0.782658,-0.851038,-0.694292,-0.889848,-0.71414,-1.31461,-1.01004,-1.79771,-1.94975,-1.77308,-1.92058
-7.3038,-6.74423,-5.87384,-5.25789,-4.4006,-2.06136,0.0289194,2.35419,2.03572,-0.276653,-2.98003,-4.36986,-4.18819,-3.8823,-4.66313,-5.75561,-5.4259,-2.95418,-0.765231,1.0048,4.20808,4.34926,1.84618,1.30602,2.12786,-0.417217,-3.00346,-4.08949,-3.00897,-0.915552,1.21362,1.37,0.996183,0.865735,1.10526,0.424092,-0.339211,0.259492,-0.198948,0.145195,-0.376956,-0.199154,0.147109,-0.391847,-0.804554,-0.261174,-0.143682,-0.0793205,-0.0724322,-0.0639365,-0.0756285,-0.475744,-0.766102,-0.743384,-0.722606,-1.0301,-1.21394,-1.03793,-1.07653,-1.73128,-1.6466,-0.993833,-1.2655
-7.00632,-6.26643,-5.39364,-4.91544,-3.99273,-3.22745,-1.13203,1.23852,3.64921,5.24582,4.42862,2.38728,1.39533,1.2949,0.0557088,-1.38377,-4.95547,-6.91693,-5.58386,-3.48809,0.778534,5.2608,6.32746,5.97257,5.45897,3.36014,1.22665,0.0104307,1.40255,2.50936,3.8084,3.11727,1.64693,1.2807,0.184651,0.328054,-0.385774,-0.326995,-0.0830697,-0.762589,0.0675436,-0.228585,-0.692176,-0.420542,-0.513046,-0.291719,-0.149388,-0.221576,-0.139583,-0.311727,-0.579536,-0.801723,-0.532022,-0.646743,-0.58817,-1.09204,-1.18512,-1.10058,-1.54427,-1.39576,-0.812571,-0.826674,-1.19636
-5.03306,-4.90911,-3.82346,-3.67218,-3.08266,-2.94387,-2.53117,-2.89677,0.00637491,5.38093,7.93764,9.26668,9.14474,7.40152,5.70293,4.83285,-0.342418,-4.35861,-3.81049,-2.8926,-1.49993,0.18056,2.69261,3.63033,3.84822,5.61007,6.11422,5.85705,5.52681,4.47313,3.64937,2.26958,1.90276,1.06961,-0.625583,-0.504565,-0.672771,-0.521708,0.536943,-0.118999,-0.785341,-1.3338,-0.998117,-0.423487,0.0261857,0.264174,0.339897,0.290438,0.0121951,-0.429527,-0.552751,-0.576858,-0.529498,-0.95007,-0.67101,-1.40889,-1.4325,-1.48363,-1.60421,-1.34796,-0.691465,-0.707219,-0.875353
-1.6782,-1.73665,-1.83732,-2.51676,-2.91403,-3.28101,-4.54654,-4.98762,-3.26144,0.928176,4.35831,6.03324,6.33746,5.79867,5.97764,5.92665,5.50316,4.5074,2.74726,1.61989,0.998448,-0.567267,-2.19379,-2.46257,-1.38541,2.12798,4.14384,4.85587,4.24359,2.93667,2.18731,1.98764,1.86334,0.44023,-0.428956,-0.479085,-0.944736,-1.17434,-0.889895,0.0806427,-0.31154,-0.447217,-0.541367,-0.382021,-0.460078,-0.509725,-0.342277,-0.24603,-0.672099,-0.467584,-0.356935,-0.229269,-0.776106,-0.915149,-1.05675,-1.48771,-1.236,-1.28224,-1.23959,-1.1342,-0.774011,-0.90418,-0.525675
0.630041,0.726906,0.469083,-0.292595,-0.715286,-1.70702,-3.42686,-3.4864,-1.73212,0.0543368,1.44679,1.63791,0.973219,0.497272,1.35144,3.02561,5.13558,7.42351,5.85031,4.29794,2.7965,1.63431,0.247087,-1.04539,-1.65764,-1.80854,-1.32975,-1.21334,-1.13013,-1.37755,-0.089378,2.40373,1.17946,0.618572,0.626168,-0.472434,-0.751465,-0.959659,-0.978857,-0.639121,0.742836,0.378495,0.212824,0.214374,-0.144001,-0.28134,-0.452406,-0.726645,-0.780706,-0.564454,-1.02997,-0.828434,-1.06058,-1.05051,-1.34959,-1.42642,-0.930779,-1.09315,-0.849292,-0.728396,-0.799143,-0.743214,-0.389733
3.59756,2.8799,3.04584,2.11683,1.59069,1.00866,-0.0655717,-0.360995,0.349631,1.72636,2.47009,-0.991243,-4.03444,-3.74815,-3.03715,-1.45343,0.886378,3.40986,4.39307,4.15957,3.37823,2.15755,1.11274,0.269598,-0.678467,-1.68892,-1.2558,-1.52431,-1.85829,-1.83761,-0.95791,0.895299,-0.229324,-0.132911,0.637661,0.257809,-0.319119,-1.0094,-0.683407,-1.12632,-0.413709,-0.469042,-0.109453,0.0863247,0.0738601,0.165588,-0.304271,-0.634662,-0.694488,-1.1011,-1.39407,-0.968855,-0.663261,-1.01067,-0.944619,-1.13303,-0.88044,-0.663118,-0.524162,-0.612874,-0.948501,-0.789076,-0.524113
4.84659,4.95711,4.99889,4.70364,4.13809,3.47011,3.24003,2.65325,1.64322,1.30226,2.04393,-2.31611,-4.65487,-3.45297,-1.60721,-1.09175,-0.606397,0.0530675,-0.081549,1.5173,3.08345,3.05222,2.15306,0.532091,-0.238146,-1.20384,-1.64425,-1.7991,-1.75057,-1.96864,-1.42107,-0.632084,-0.95423,-1.17262,-0.745051,-0.224767,-0.595231,-0.666363,-1.26012,-1.27245,-1.70338,-0.859877,-0.538711,-0.769668,-1.09434,-1.38086,-1.33457,-1.17215,-1.10131,-1.21837,-0.578729,0.304747,-0.206752,-0.751553,-0.721984,-0.916776,-0.578574,-0.474295,-0.437513,-0.384003,-0.728397,-1.05824,-0.994681
5.80655,6.12978,6.19431,5.77707,5.51765,5.38229,5.8301,5.42699,3.8849,1.9463,2.47321,1.08606,1.59144,0.618981,-0.145052,-1.981,-3.26094,-3.42868,-3.91323,-3.11331,-1.54609,0.493042,0.185543,0.326962,-0.144059,-1.07471,-1.35216,-1.4449,-1.32697,-1.02317,-1.56022,-1.22422,-0.75046,-0.783465,-1.45235,-1.03409,-0.516985,-0.461771,-0.927276,-1.49649,-1.19925,-1.32287,-1.37378,-1.5289,-1.78452,-1.729,-1.43379,-0.885584,-0.514541,-0.528591,-0.401859,-0.554595,-1.16748,-0.547694,-0.55028,-0.619527,-0.422145,-1.09036,-0.706877,-0.456175,-0.657331,-1.09511,-1.96751
7.03364,6.66797,6.21814,6.16974,5.82923,5.38632,6.04475,5.30137,4.9723,4.39541,4.85069,5.99392,5.5031,2.59573,-0.157508,-2.04136,-1.79682,-1.15867,-1.75709,-2.53329,-2.69507,-2.28034,-2.6686,-1.3766,-1.19861,-1.61066,-1.71405,-1.61275,-1.53731,-1.68641,-1.54375,-1.25625,-0.920181,-0.878521,-0.887982,-0.315645,0.00533041,-0.455014,-0.937502,-1.6837,-1.1823,-1.10406,-1.67896,-1.55903,-1.2638,-0.741238,-0.798701,-0.797664,-0.200505,0.742457,0.0905333,-1.0901,-1.15981,-0.280046,-0.286991,-0.279279,-0.793307,-0.657842,-1.11104,-1.3941,-1.02123,-1.37101,-1.97416
7.1958,6.56103,6.40985,6.00705,5.37943,4.93663,4.74973,4.56976,4.44056,2.91518,3.92051,5.73064,5.61632,4.25099,2.6752,2.09614,2.4182,2.53228,2.53838,2.39234,0.872935,-0.238008,-1.22502,-2.06597,-1.61668,-1.57725,-1.6174,-1.59507,-1.61253,-1.48599,-1.44161,-1.36821,-1.03975,-1.11989,-0.969394,-0.97269,-0.711184,-0.448487,-1.77452,-2.03781,-1.92415,-1.12836,-1.95687,-2.05339,-1.53978,-0.801123,-0.417424,-0.358911,-0.250381,-0.488214,-0.465187,-0.248601,-0.17165,-0.564911,-0.853356,-0.586567,-1.11701,-0.289906,-1.33263,-2.05861,-1.55025,-1.40996,-1.04833
7.3673,6.73409,6.11227,5.71809,5.20524,4.35326,4.49347,5.10979,4.16064,1.95835,2.14252,4.13218,4.31682,5.11152,4.80563,4.41775,3.55785,2.56542,1.75608,1.5681,1.03782,0.588702,-0.104253,-0.74373,-1.45705,-1.7137,-1.42861,-1.19538,-1.43874,-1.58509,-1.38897,-1.59541,-1.59305,-1.63561,-1.52216,-1.57799,-1.56517,-1.4075,-1.65545,-1.48108,-2.18739,-2.74477,-3.00574,-2.54529,-2.43134,-1.73073,-0.838776,-1.06028,-0.700442,-1.49012,-0.829813,-0.0925692,-0.0153929,-0.574991,-0.998105,-0.728257,-0.0858817,-0.559629,-1.13793,-1.49173,-1.44287,-1.14708,-0.763646
6.65512,6.21404,5.9213,5.50319,5.32917,4.68114,5.1774,5.3889,5.01216,4.06425,3.46346,4.08633,4.06265,4.408,4.05323,3.16525,0.448906,-0.994383,-2.47972,-2.63741,-2.72188,-2.86798,-2.81119,-1.87208,-0.596812,-1.82062,-2.10846,-1.95627,-1.48451,-0.972226,-1.06647,-1.55922,-1.72011,-1.72899,-1.68063,-1.66484,-1.71525,-2.24137,-1.64893,-1.01097,-2.22813,-3.2762,-3.22182,-2.19687,-1.96476,-1.94305,-1.2729,-0.851896,-1.18817,-0.828065,-0.680818,-0.641028,-0.261425,-0.417787,-0.318621,-0.141575,0.196099,-0.411815,-0.761861,-1.00974,-0.956644,-1.02683,-1.13356
5.78339,5.81239,5.73447,5.76709,5.73935,5.42129,5.59586,5.06765,4.66461,3.9233,3.31434,3.85068,4.55555,4.42611,2.89991,1.05268,-0.961769,-2.25744,-2.41681,-2.18641,-2.60337,-2.53915,-2.57059,-1.04428,-0.117489,-0.90109,-1.90725,-2.22424,-1.51047,-0.661864,-0.841098,-1.44666,-1.65574,-1.68197,-1.96144,-1.92919,-2.06834,-2.34915,-2.17583,-1.53833,-1.60004,-1.95454,-2.31438,-2.3054,-1.85187,-0.902135,-0.553071,-0.901608,-1.15457,0.1017,-0.59172,-1.0141,-0.702961,-0.677387,-0.331111,0.219464,-0.356002,0.0794306,-0.563033,-0.442257,-0.533626,-1.09873,-1.38791
5.0563,5.37266,5.41918,5.61384,5.77781,5.77584,5.69762,5.28966,4.15304,3.12133,3.52255,3.59433,3.96417,4.70802,5.12049,4.19224,2.77496,2.44669,2.03342,1.00517,0.535348,2.1444,2.29807,0.137068,0.758615,1.70227,0.214228,-0.193569,0.291963,-0.0365859,-0.550967,-1.2557,-1.77992,-1.90046,-1.98755,-1.89378,-2.24331,-2.0902,-1.867,-1.78379,-1.47193,-1.59818,-2.24197,-2.30714,-1.24712,-0.63397,-0.620294,-1.20816,-0.440638,0.0947591,-0.0737702,-0.436172,-0.440844,-0.575693,-0.57831,0.238759,0.13918,-0.0807407,-0.261357,0.210264,-0.381555,-1.00248,-1.14799
4.03857,4.6546,4.98823,5.54083,5.58731,5.75689,5.63696,5.26206,4.7363,4.6676,5.03686,3.68513,1.26387,1.32385,4.37713,5.44882,5.38293,5.05998,4.36644,3.69765,2.56589,2.47466,3.54858,1.87602,2.2863,3.85477,3.42729,1.78432,0.996265,0.496344,-0.153443,-1.00438,-1.6511,-1.94275,-2.04707,-1.92918,-2.00416,-1.47602,-1.40433,-1.60448,-1.7049,-1.62813,-2.26391,-1.50961,-1.36506,-1.10334,-0.64325,-0.155184,0.262472,-0.63818,-0.555835,-0.711457,-0.225414,0.522312,-0.359397,-0.206499,1.22943,-0.0172266,-0.0341423,0.137721,-0.319658,-0.728273,-1.05813
