public/uploads/wind/vent_json/20200513/wind_field_22.json
{"header": {"parameterUnit": "m.s-1", "parameterNumber": 2, "dx": 0.051, "dy": 0.036, "parameterNumberName": "eastward_wind", "la1": 45.3082, "parameterCategory": 2,"nx": 177, "ny": 123, "refTime": "2018-09-30 00:00:00", "lo1":1.38177}, "data":
[rows 58 to 86 of 123, columns 65 to 129 of 177]
1.19049,1.12724,1.08611,1.09808,1.02881,0.923663,0.837009,0.342908,0.418329,0.989098,0.684451,0.542173,1.18259,1.65683,1.68344,1.46501,1.18421,1.53869,1.99021,2.65279,2.73205,3.28621,3.25379,2.45489,2.92159,2.93351,1.84226,0.636428,0.551367,1.38415,2.06927,2.63442,3.13147,3.55282,3.99969,4.32851,4.66603,4.73237,4.51631,5.12519,5.45249,5.68561,6.66084,6.96753,6.73552,4.83004,3.22194,4.18538,4.2499,3.21989,2.32174,1.6918,1.42051,1.75484,2.83039,3.15269,3.5145,4.41105,5.14252,5.71437,5.97799,5.75313,5.56623,6.1844,6.28024
1.19999,1.12504,1.11984,1.18086,1.14424,1.01146,0.84947,0.465718,0.679872,0.498108,0.285232,1.24565,1.86619,2.12246,1.90426,1.46229,1.60717,2.10569,2.19785,1.93547,1.47732,2.47225,3.11848,1.8861,-0.583216,-1.55738,-0.859851,0.146218,1.02799,1.09281,1.29868,2.24165,1.74721,2.2015,2.51835,2.84984,3.23418,3.20825,3.22092,3.72546,4.36161,5.13502,5.41557,5.45941,5.38695,4.26077,2.84311,2.57129,2.45923,1.33356,0.757711,1.52281,2.25011,2.44507,2.35239,2.81815,4.01982,5.10514,5.64729,5.0523,4.75193,5.19943,5.29598,5.84986,5.56149
1.24926,1.13345,1.09908,1.15832,1.16472,0.958991,0.725831,0.7238,0.653551,0.269392,0.62266,1.21169,1.55558,2.06901,1.71112,1.21783,1.41346,1.70654,1.16841,0.749789,0.585905,1.28396,2.3554,2.46647,0.229986,-1.36522,-1.23132,-1.0209,-0.184764,0.114354,0.352244,1.37501,2.00838,2.19681,1.25497,0.902716,0.831027,1.15947,1.72687,2.67958,3.1436,3.62187,4.36537,4.46808,4.0212,2.82194,1.49454,0.56455,-0.505861,-0.355785,0.410465,1.04191,2.24583,2.64973,2.47522,3.27034,4.05193,4.04652,3.92679,3.23459,3.15981,4.26839,4.99395,5.13131,4.71918
1.19691,1.13976,1.1288,1.17012,1.07511,0.779557,0.521655,0.549093,0.364313,0.41558,0.729151,0.631621,1.00423,1.65094,1.33451,0.573513,0.819061,1.09463,0.629344,-0.0650624,-0.445441,-0.251379,1.38728,4.20507,4.2136,0.809206,-1.71582,-2.12676,-1.19643,-0.475121,0.11345,1.96228,3.25985,3.25624,3.06872,2.8831,1.39714,1.47083,1.39655,1.96751,2.94235,3.26448,2.65109,2.18307,1.9067,1.22697,0.199408,-0.992599,-0.91181,-0.165351,0.098632,0.546104,1.25445,1.85294,2.7853,4.0936,3.80321,2.34267,1.97149,2.47936,3.0872,3.76591,4.3214,4.11778,3.98762
1.25428,1.20936,1.16091,1.09873,0.868005,0.52247,0.207772,0.0971019,0.295179,0.414608,0.0327835,-0.235112,-0.207756,0.47277,1.38583,1.02891,0.473011,1.23454,2.15901,1.38877,-0.579898,-1.37699,1.68498,4.96896,5.5399,2.69175,0.153458,-1.66116,-2.26733,-1.4356,-0.0774403,1.88648,4.31145,3.95486,3.14531,2.5871,3.38397,2.87311,2.05217,2.38298,3.23717,3.4652,2.88921,1.72572,0.331365,-0.440515,-1.21627,-1.45676,-0.664307,-0.136301,0.439579,1.20146,1.70734,2.04593,2.89195,3.07191,1.84365,1.02337,1.55646,2.36632,2.92261,3.1435,3.50735,4.17857,4.02303
1.24244,1.22329,1.08062,0.864783,0.559207,0.0979982,-0.16508,-0.0651156,0.210552,0.0478452,-0.432834,-0.529426,-0.991287,-0.424849,1.28551,1.07373,-0.377271,0.542632,1.95535,1.61771,0.355145,-0.258266,2.89272,5.35161,4.50311,3.4478,2.93347,0.0259977,-2.13055,-1.84675,0.225866,2.37764,4.83667,4.9637,3.52193,2.51336,3.06292,2.65506,2.51135,2.16476,3.3466,3.04378,1.47722,-0.17449,-1.07432,-1.02402,-1.08385,-1.10451,-0.4432,0.269937,0.846498,1.23939,1.54076,2.15219,2.009,1.17509,0.576016,0.625366,1.72517,2.44898,2.51323,2.77076,3.04445,3.19013,3.2546
1.20294,1.06678,0.762978,0.463037,0.0162013,-0.395185,-0.342253,-0.197259,-0.0285,0.0948547,0.106031,-0.140866,-0.965225,-0.438933,0.789351,0.343208,-1.39363,-0.906601,1.31469,2.69712,2.40385,2.29636,3.87781,5.26557,3.77631,1.81059,2.17966,2.30261,0.20592,-0.617864,0.807437,2.99911,4.39436,4.97265,4.25672,3.16942,3.91475,3.50291,3.49285,3.14731,3.17887,1.95398,0.24432,-0.677234,-0.806142,-0.762004,-1.07811,-1.13982,-0.449822,0.5198,0.963635,1.2095,1.88004,1.60957,0.614291,0.694022,1.08654,1.06667,1.60421,2.31535,2.21846,1.87196,2.08323,2.60582,2.93697
0.965274,0.602099,0.272039,-0.209037,-0.692401,-0.760687,-0.539995,-0.47106,-0.165658,0.445937,0.48007,0.133013,-0.0484209,-0.396498,0.193951,0.514653,-1.29656,-2.22351,0.802813,3.66676,3.96687,4.3222,5.22378,5.90303,4.622,1.35998,0.748702,1.59878,1.64015,1.33891,2.25522,2.9595,2.64128,3.2259,3.96115,3.58934,3.17676,3.28379,3.03438,2.03088,1.74642,0.758655,-0.227686,-1.03946,-0.724387,-0.476417,-0.938482,-0.959105,-0.434088,-0.0162046,1.03782,1.10798,0.518197,0.977577,1.40043,0.742062,0.372761,1.4648,1.91703,1.76088,1.85918,1.83425,1.62228,1.80348,2.44415
0.484621,0.0729746,-0.309293,-0.906314,-1.01316,-1.34413,-1.05088,-0.860176,-0.529069,0.188126,0.574743,0.110707,-0.218042,-0.443348,0.289579,1.55997,0.253093,-1.62373,0.201,2.80171,3.58518,4.33281,4.88515,4.3215,3.26812,2.69376,0.8687,0.446033,1.25062,2.24291,2.81685,3.2676,1.93703,1.32563,2.41797,2.89538,2.88312,3.28588,2.88669,1.43076,0.989377,0.703715,0.565548,-0.41816,-0.789101,-0.489715,-0.811444,-0.810423,-0.41239,0.0417117,0.465994,-0.428919,-0.417222,1.19853,1.72031,1.11759,1.04046,1.65167,1.87836,1.75054,1.55152,1.44492,1.33979,1.33025,1.80147
0.130065,-0.476752,-0.710868,-0.900488,-1.30461,-1.07642,-1.09611,-0.896918,-0.724252,-0.496565,-0.148581,-0.439173,-0.63681,-0.260348,0.887462,2.14309,1.48956,0.231312,0.355732,1.61979,4.27397,4.72665,3.81587,1.83765,2.63009,3.14385,2.22289,0.979187,1.23874,1.51028,1.80035,2.80773,3.55462,2.40314,1.06558,1.77333,3.30315,4.28874,3.04496,2.74027,1.46586,0.815789,0.909049,1.25764,0.395288,-0.185518,0.10356,0.404901,0.194457,0.437114,-0.0957426,-1.01697,-0.174788,0.834866,1.39568,1.65674,2.03355,1.83645,1.2744,1.33432,1.42886,1.16959,1.15694,1.14113,1.3615
-0.642053,-0.500844,-0.608362,-0.839341,-0.989157,-1.13591,-1.25155,-1.1989,-0.662787,-0.87474,-0.601289,-0.771489,-0.666113,0.309577,1.35681,2.48998,2.79597,2.34953,1.12137,1.76909,4.96829,5.62615,3.108,0.917272,2.20509,3.22951,0.777996,0.0703786,0.844925,1.81003,2.19804,2.65924,3.22621,3.16914,1.78785,1.59584,2.63402,3.53635,2.60974,1.56768,0.389996,0.299046,1.2564,1.50596,1.36047,0.541985,0.192313,-0.0847594,-0.644013,-0.476663,-1.07037,-1.56845,-0.557661,0.777837,2.28383,2.75212,1.95085,1.21276,0.975084,0.998513,1.38542,1.42883,1.28859,1.15965,1.04344
-1.1267,-0.626544,-0.390232,-0.773054,-0.801759,-0.846343,-0.810064,-0.855684,-0.805549,-1.01551,-0.333311,-0.723194,-0.608571,0.460371,0.923256,1.28631,2.87976,1.80798,0.709409,1.07779,3.25715,4.86105,2.98223,0.919949,1.04318,3.16964,3.14166,1.57729,1.03735,1.46976,2.53587,3.35451,3.53851,3.09994,1.94858,1.53722,0.78512,1.19639,0.786727,0.0370897,-0.656656,0.642074,1.86856,1.98246,0.985317,-0.531976,-0.986822,-0.583282,-0.0968063,-0.0495721,-0.749377,-0.967297,-0.460876,1.33374,2.74871,3.45065,2.41563,1.45504,1.85715,1.84664,1.68161,1.74822,1.47453,1.08872,0.993963
-2.00997,-1.75608,-1.3094,-0.613868,-0.505899,-0.729886,-0.79021,-0.781516,-0.954081,-1.12157,-0.195529,-0.269151,-0.389356,-0.0307221,0.219888,0.568749,2.67602,2.89672,-0.0372818,-0.630739,1.39541,3.94749,3.53593,0.304725,-0.137636,1.48017,3.77262,3.21119,1.12665,0.777497,1.82926,2.7626,3.04034,1.39488,1.10852,0.719965,0.307264,0.145672,0.570369,-0.332214,-0.828854,0.687818,2.08797,2.10384,0.358229,-1.03505,-1.31737,-1.34283,-1.04258,-0.770936,-1.02789,-1.58962,-0.729401,1.64182,2.76406,3.34653,3.1818,2.12337,2.04981,2.64256,2.5749,2.1402,1.75934,1.1111,0.743236
-2.03899,-1.93168,-1.72747,-1.06583,-0.808171,-0.712631,-0.960399,-0.770752,-0.918875,-0.804066,-0.410203,0.126624,0.326142,0.00421803,-0.0584912,0.41471,2.4655,5.13379,4.07482,0.205776,0.81816,4.69287,5.35547,2.79222,0.154269,1.38708,3.66869,4.22195,3.26879,1.36455,1.24095,2.42405,2.69645,1.2685,0.52173,0.957328,0.650831,0.359626,0.957842,1.03199,-0.210783,0.150706,1.56185,1.48641,0.56486,-0.696698,-1.47945,-1.80352,-2.03638,-1.98531,-1.42239,-0.917847,-0.0677039,1.38308,2.98344,4.27449,3.78397,2.31278,2.11958,2.76246,3.22499,2.86088,1.77249,0.882955,0.447411
-2.07719,-1.6754,-1.69991,-1.33025,-1.07154,-0.692635,-0.919004,-0.668097,-1.24563,-0.948343,-0.997933,-0.110113,0.700777,0.587271,0.282946,0.653764,3.00365,4.71241,4.40698,3.06109,2.47577,3.54579,4.05374,3.20493,2.35509,2.58273,2.72171,2.56149,2.3449,1.78361,1.08829,2.31198,2.86725,2.49812,1.19285,0.728218,0.64287,0.341913,0.0811625,0.0124963,0.209622,0.515877,1.59725,1.29711,0.528041,0.177656,-0.229595,-1.20658,-1.07846,-1.36594,-1.01451,-0.384523,-0.0322225,1.44715,3.10354,4.06112,4.22803,3.66345,3.45183,3.56188,3.54959,3.36432,2.33394,0.914528,0.15452
-1.73323,-1.51519,-1.40555,-1.98324,-1.35001,-0.895818,-0.825364,-1.04873,-0.882183,-1.39592,-2.52359,-1.77184,0.793919,2.52794,1.74694,1.02455,2.05054,2.53335,2.53137,1.74343,1.56978,1.26396,1.82118,2.47168,4.02933,4.15967,1.91144,0.451507,0.630148,0.719982,1.2014,2.23763,2.69593,2.77947,1.86029,0.559241,0.48762,0.902259,0.527258,-0.0470049,0.0721634,0.529588,0.758211,0.879316,1.05204,0.989217,0.268623,-0.364492,-0.222958,-0.457873,-0.0675788,1.51693,2.09588,2.17578,2.54465,3.61451,4.60189,4.22972,3.78478,3.44708,3.16745,3.49513,2.65284,0.949693,0.152425
-1.2844,-1.31349,-0.922832,-0.821391,-1.70331,-1.27554,-1.1963,-0.27356,-0.342103,-1.36257,-1.90599,-0.444347,1.79127,3.52102,1.83445,1.05554,1.86124,2.52038,3.43917,2.37756,-0.390627,-0.888788,-0.33271,1.90157,4.2461,2.72753,-0.234033,-0.704432,-0.200455,0.681585,2.08996,2.67995,2.76859,2.61001,1.89176,0.771479,0.484583,1.68091,1.74656,0.82301,-0.0310559,0.772901,1.66487,2.23427,1.719,1.68565,0.587163,0.802902,0.086768,-1.47427,-0.845685,2.77956,4.81925,4.22813,3.77345,4.49288,4.38254,3.78693,4.3068,4.50831,3.71188,3.10773,2.32551,1.06625,0.455837
-0.268931,-0.686007,-0.670198,0.434378,-0.0725468,-0.916658,-1.57501,-0.753178,0.417318,-0.055435,-0.740757,0.202057,2.18821,3.02032,1.84772,1.44288,2.02709,3.59812,3.37868,0.552106,-1.44527,-1.74249,-0.899385,2.67832,4.00919,1.65054,-0.86411,-1.62424,-2.12531,0.0354568,3.14285,3.50814,2.49465,2.33249,2.12159,-0.10555,0.0793608,2.44176,2.77931,1.16158,0.473922,0.360808,1.85194,2.73782,1.98456,1.30357,1.29189,0.842295,0.403085,-1.9023,-0.872016,2.95395,5.69647,5.01889,3.1666,1.99021,1.75269,3.08997,4.23433,4.17926,4.30602,3.65849,2.12498,1.00386,0.553223
0.591573,0.397615,0.528833,0.861114,0.478113,-0.0277984,-0.227796,-0.0719462,-0.116963,-0.977116,-0.786848,0.210257,1.02947,1.83533,2.06995,0.974768,0.704789,3.22935,3.52888,0.854982,-0.879547,-1.78905,-0.69575,1.27303,1.08623,-0.249238,-1.00768,-1.83868,-3.22166,-2.00412,2.93663,4.42458,1.17897,1.83644,2.2869,-0.214223,-0.155754,2.78749,3.15519,1.73965,0.888665,1.21328,3.27374,4.20334,2.43813,1.33563,1.60327,0.80853,0.388815,-0.42413,-0.299205,2.081,3.63615,1.78588,1.4223,1.52436,1.98299,3.40063,4.70207,4.6181,4.1888,3.15098,1.6579,0.876502,0.723492
0.818634,1.11648,1.70227,0.161443,-0.979344,-1.02092,-0.730972,-0.191807,0.89636,1.30749,0.623294,0.190654,0.579234,2.12043,3.529,3.27607,1.52412,2.68531,3.24572,1.4236,-0.524029,-2.09618,-1.22694,-0.684946,-1.2853,-1.83519,-1.71737,-0.724685,-2.67492,-3.03798,1.86533,4.64432,2.80875,0.252821,0.315892,1.39091,1.89407,1.94408,1.39918,2.0455,2.9487,3.71013,4.30168,3.31998,2.02025,2.60487,3.16323,1.76442,-0.0679408,-0.747392,-0.844007,0.305209,1.47309,1.34891,0.575554,0.590235,1.94266,3.87114,4.0884,3.7559,3.30604,2.34179,1.33739,0.851166,0.862308
-0.486044,-0.224101,-0.348429,-1.36559,-1.45465,-1.43318,-1.76234,-0.501334,1.60414,2.85047,1.19602,-0.420679,-0.0142829,2.4287,4.31946,5.09906,4.33454,3.81154,4.29739,2.96567,0.352031,-1.7968,-2.43171,-0.698801,-1.11819,-1.56383,-1.64088,-1.64633,-2.1892,-2.2976,0.544813,3.94284,3.75385,0.121601,-1.26476,1.29481,2.81508,2.45893,1.46838,1.8133,3.89465,5.90429,4.98636,0.83858,0.761524,3.45001,3.36282,2.04599,0.159729,-0.904431,-0.944021,-0.46504,0.89387,1.62888,1.10283,0.515541,1.21257,1.48941,1.96725,2.00717,2.12878,1.37997,0.824966,0.851643,1.08962
-1.07386,-1.8408,-2.71161,-1.83086,-1.54267,-1.6311,-1.65573,-0.401997,1.23967,1.22308,-0.189649,-0.979779,0.160199,2.64817,4.78691,5.26124,3.8826,2.63318,3.75136,4.76377,2.90481,-0.429564,-1.10799,0.00961924,0.0331777,-0.757644,-1.30747,-1.71317,-1.96366,-1.64541,0.758117,4.13908,5.47632,2.43026,-1.214,-2.12888,1.13836,4.40366,5.42765,4.35381,4.02953,4.04362,2.224,0.191622,1.14752,2.04661,2.02102,1.35646,-0.456862,-2.13675,-1.07873,-0.467481,0.603005,1.57855,1.89842,2.06508,0.687703,0.116703,0.975295,1.57763,1.82989,1.16066,0.586207,1.08015,1.48503
-1.04834,-1.11818,-1.45104,-1.24679,-1.66357,-1.22188,-1.21096,-0.343191,-0.0976187,-0.375662,-0.669431,-0.357028,1.03322,2.11958,3.24603,2.20079,0.14329,0.124267,1.79682,3.83529,2.91078,0.719916,-0.485452,-0.592018,0.146407,0.162986,-0.896149,-1.99576,-3.00841,-2.22581,2.06561,5.2657,5.15926,2.94079,1.15295,-2.69425,-0.526485,5.31446,7.5356,6.35273,4.54371,0.869076,0.0780042,0.129334,0.222142,-0.155286,-0.400625,-0.200975,-1.39512,-2.47985,-1.65635,0.065945,1.35476,2.25792,1.64295,1.88329,1.253,0.439406,-0.0967764,0.8921,2.12167,1.06764,1.02978,2.26603,1.6483
-0.911743,-0.965973,-1.27439,-2.28155,-1.49311,-1.37657,-1.45928,-0.860508,1.44369,1.18719,-0.0647831,0.168152,0.613039,-0.0506581,0.412125,2.05401,0.681792,-0.0706249,2.37277,3.42147,2.69331,1.94447,-0.39165,-2.68753,-2.19425,-1.04779,-1.1907,-1.97111,-3.5295,-2.35517,3.21246,5.49612,1.97423,0.565265,3.18074,2.0239,1.72256,5.94491,6.87709,6.55778,4.19123,-0.628318,-1.24788,-0.877257,-1.87062,-1.61195,-0.637869,0.346625,-0.369697,-1.64145,-1.61705,-0.656027,0.393065,0.578853,0.125931,0.168037,1.10044,0.43811,-1.05876,-0.0741005,2.89317,2.2108,1.89775,3.0982,2.08379
-0.383715,-0.955704,-1.07597,-1.2709,-1.48611,-1.27037,-2.09119,-2.00424,0.636114,2.08561,1.37875,0.408198,-0.515253,-1.40359,-0.180046,3.35457,3.47335,0.542932,1.45836,3.02058,1.97665,-0.00791874,-1.76711,-3.54631,-3.10711,-1.6986,-1.21621,-0.674122,-2.66927,-2.12654,2.98319,4.1632,0.160072,-0.595532,2.28931,1.6464,3.74335,7.21029,5.84863,2.71836,-0.416958,-2.54439,-1.6432,-0.576729,-1.31727,-1.87353,0.492553,0.4937,-0.364267,0.355743,-0.574301,-2.25968,-1.29266,2.18858,1.6314,-0.474838,-0.347595,0.633658,0.280227,0.803475,3.00082,2.58819,2.63006,2.83193,1.52817
-0.609519,-0.811913,-0.859392,-1.08041,-1.24939,-1.3019,-2.2075,-2.70372,-1.39928,-0.133333,0.634537,0.193274,-0.769123,-1.24428,1.16128,4.78019,5.1144,2.90686,1.49329,2.02552,1.1971,0.202421,-1.02846,-3.21521,-3.36509,-1.23608,-0.331239,-0.223759,-2.13442,-2.54273,0.632941,2.35812,0.0398506,0.313391,1.88338,1.56289,3.9167,5.89159,3.80966,0.146038,-1.35094,-2.37026,-1.2501,0.816166,0.106391,-0.167415,1.32827,-0.0586598,-2.13672,2.09221,1.04109,-3.46529,-1.89173,2.96366,3.96852,-0.385112,-4.0954,0.162595,3.39926,1.75764,0.638224,1.37679,3.59771,2.92954,1.23742
-1.07157,-1.07537,-0.784657,-1.02985,-1.61721,-2.22753,-3.00858,-3.00572,-2.72712,-3.15624,-3.21289,-2.76551,-2.17881,-0.108403,2.52142,4.15309,3.63699,2.81609,1.77337,0.528808,0.321033,0.395645,-0.263587,-1.73934,-3.26497,-1.7788,-0.646897,-0.845106,-2.33986,-3.06065,-0.321465,1.4238,0.487373,0.237188,2.1776,2.96875,3.64816,2.65317,1.85503,2.6861,1.63987,-2.10989,-1.54098,1.10154,1.03789,2.71873,2.9716,-1.03088,-2.40311,2.14769,1.45259,-2.04983,-0.214859,2.38549,3.24147,1.20364,-3.75548,-0.737446,3.498,2.04521,1.50331,2.79024,3.05502,2.43161,2.83901
-1.13945,-1.19807,-0.617736,-0.511453,-1.13663,-1.45209,-2.414,-3.34777,-3.67661,-3.85441,-3.26216,-1.31274,-1.02968,0.000985314,1.88567,2.08557,1.21494,1.72425,0.466553,-0.454641,0.407944,1.8045,1.9174,0.614783,-1.61692,-2.02352,-0.867298,-0.470904,-2.14517,-3.25918,-1.8187,0.510672,1.61272,1.42782,0.218085,0.273725,0.466609,-0.138564,2.05986,5.77415,5.54796,-0.825606,-4.11552,0.499934,3.17347,5.37875,2.67641,-2.87862,0.160832,0.743364,-1.46888,-1.28474,1.39471,3.47968,4.64522,4.51493,-0.0365629,-3.53519,-0.339451,2.91162,4.23315,3.16355,0.73952,0.664053,1.93529
-2.76175,-2.58627,-1.69908,-1.83151,-1.68073,-1.57909,-1.80043,-2.35566,-2.79153,-2.9761,-2.36793,0.72246,1.91041,0.168678,0.0590151,0.104434,-0.190134,0.696528,0.200261,-0.47631,1.31546,3.7571,4.93491,3.24753,-0.043588,-1.79685,-0.314087,0.604031,0.507202,-0.603497,-2.73946,-1.96039,0.709737,3.39637,3.00932,-0.686588,-3.8951,-2.60782,3.62623,8.43538,7.2306,0.604599,-3.70648,-0.213255,3.99443,4.59982,-1.09682,-3.46514,1.06861,1.4908,-1.18376,-1.24938,1.84954,5.4918,6.7429,5.81649,1.35905,-2.48728,0.593878,4.66004,4.02688,1.141,0.107471,0.569265,1.19156
