public/uploads/wind/vent_json/20200513/wind_field_22.json
{"header": {"parameterUnit": "m.s-1", "parameterNumber": 2, "dx": 0.051, "dy": 0.036, "parameterNumberName": "eastward_wind", "la1": 45.3082, "parameterCategory": 2,"nx": 177, "ny": 123, "refTime": "2018-09-30 00:00:00", "lo1":1.38177}, "data":
[rows 87 to 115 of 123, columns 65 to 129 of 177]
-1.10782,-1.43331,-1.3127,-1.34318,-2.38649,-2.86249,-2.31928,-2.12335,-2.54806,-2.87811,-2.25739,1.44339,3.36741,0.389009,-1.1838,-0.0897207,0.48226,1.47521,1.79178,1.19381,3.43118,5.16409,5.63875,3.98784,0.0403613,-2.45296,-0.831624,0.235338,1.45811,1.73929,-0.939013,-2.89295,-2.56738,0.566486,4.06001,2.83713,-3.64797,-3.72103,5.27633,8.36238,4.55255,-0.0194903,-1.61107,1.40663,6.0715,5.84022,-1.79574,-4.86505,0.480934,2.2912,1.43238,1.50001,3.15987,6.29397,7.91304,4.9489,-1.30057,-1.14431,2.80143,3.77921,2.27922,1.69947,1.38504,1.24909,2.17489
-0.998941,-1.37381,-0.406018,-1.55374,-3.75959,-3.93219,-1.6856,-1.86162,-3.03108,-3.47418,-0.627436,3.43101,3.06797,-1.56643,-2.3161,0.68195,2.84339,2.76527,2.51569,2.96825,4.25376,4.79271,4.29832,2.04647,-0.74621,-2.78743,-1.65382,0.0327565,1.68861,2.05474,-0.105439,-2.14028,-3.14239,-3.9729,-0.181758,4.36531,1.41243,-1.94694,4.02092,4.92305,1.36352,1.11635,1.38877,2.72943,7.03536,4.88228,-1.97476,-3.32915,0.21401,2.6509,4.92872,5.57505,4.12069,4.78969,7.1063,1.73725,-4.55663,-0.581508,3.62274,3.67647,3.23232,3.7391,3.71739,1.72937,1.96772
-1.29872,-1.04032,-0.808174,-1.99326,-3.81583,-3.59809,-1.57637,-1.40127,-2.96376,-2.68855,0.0603706,2.24726,0.372453,-1.94685,-0.932092,1.5338,2.95538,2.04014,0.8572,2.28858,4.9946,5.41658,2.63982,-0.782477,-1.64708,-1.2254,-1.03066,-0.0840475,1.06661,0.603489,-0.165808,-0.372197,-1.40396,-3.73566,-3.51754,2.42047,4.25722,0.606457,0.744799,1.48481,1.4966,5.20669,6.45743,3.38952,1.71795,2.08644,0.274103,0.0976975,3.93784,5.6412,5.65682,5.7066,3.75407,3.49393,4.23364,0.0791129,-2.98758,-0.820363,0.845013,3.13345,4.97114,5.10459,4.87437,4.58224,0.864461
-0.641365,-0.636274,-2.06782,-3.63841,-3.65872,-3.2667,-2.95222,-2.46311,-3.19079,-2.33589,-2.56265,-1.95233,0.318517,0.601674,-0.792353,1.15789,3.40331,1.48657,-0.595624,0.710028,5.14302,5.82783,1.89028,-2.09178,-3.07354,-2.26103,-1.78132,-0.899261,1.34411,1.16965,-0.0475788,0.641946,0.112566,-2.27355,-2.72652,1.69364,2.96869,-0.171419,0.0888952,1.39499,4.72013,8.44293,7.11172,-0.89812,0.135635,3.84717,2.64908,1.60314,4.86441,6.29376,6.27427,5.02757,2.99973,2.69516,2.13674,-1.92273,-1.17676,0.31129,-0.415417,1.6234,3.42107,2.44028,2.01894,3.90597,2.66542
-1.03192,-1.0883,-2.70266,-3.7691,-3.42338,-1.94359,-2.06227,-3.00738,-2.80502,-1.99533,-2.3637,-2.33863,0.368923,0.757079,-0.49495,-0.0221636,3.2128,3.58502,1.05151,1.78163,4.71648,4.68025,0.619143,-2.07997,-3.14244,-3.71271,-4.4005,-3.78965,-0.127024,1.86928,1.42322,0.917286,-1.57867,-3.07187,-1.18913,2.49186,1.87925,-1.3549,-0.00123404,2.75691,6.05471,8.05995,4.14731,1.00298,4.92638,8.1459,6.34593,3.57322,3.93923,5.25207,4.7601,3.20259,1.73997,1.58379,0.381927,-1.79681,0.373962,1.32803,0.0572838,1.01016,2.19945,1.53453,0.912136,2.37634,2.8911
-1.58223,-1.41727,-1.60518,-3.65927,-3.82129,-2.84864,-3.07724,-4.05796,-3.61454,-1.0536,-0.948778,-2.78042,-2.4637,-0.285652,0.766648,0.671946,3.07498,4.43229,4.21871,3.70925,3.66394,2.72313,0.108048,-2.24859,-2.98555,-3.40909,-4.02005,-3.95348,-3.25372,-0.475279,3.08109,1.6559,-3.76264,-4.27758,-0.57862,3.24842,3.14809,-0.0405294,-0.607032,1.65324,5.33486,6.69749,3.92182,5.6663,8.99328,9.44938,6.90758,4.60326,3.15552,3.09016,3.35456,2.08012,2.19078,2.44485,0.36192,-1.17026,0.479597,0.957864,0.60761,0.801349,1.03167,0.761059,0.823987,1.48089,1.84435
-2.38277,-2.10693,-1.53663,-3.34382,-4.37149,-3.4593,-2.91955,-3.66053,-3.26001,-1.7619,-1.98538,-3.29096,-1.69118,-0.223274,-0.150145,-0.266922,0.939713,3.32271,4.67718,3.63169,0.907313,1.34458,1.23691,-0.955577,-3.21377,-2.83701,-2.73882,-2.41309,-2.77531,-1.5636,1.82426,-0.708409,-5.49518,-3.86439,-0.000680098,3.07015,3.8497,0.856744,-1.61411,0.229702,4.38115,6.58254,7.32735,7.85578,7.60071,5.52809,6.227,6.67566,4.62335,3.19183,3.39987,3.27741,3.31275,3.18451,1.29946,-0.00720918,0.254973,0.436206,0.659832,0.778592,0.778773,0.910486,0.841432,0.73496,0.731753
-1.3861,-1.4774,-0.642662,-1.42774,-3.38775,-3.86214,-2.70974,-0.930445,-0.229312,-2.23221,-4.04156,-2.58936,-0.361347,0.0678949,-0.645663,-0.875935,-0.349555,2.17442,4.93616,3.23288,-0.964039,-0.62802,1.84513,0.836109,-2.72711,-4.02611,-1.98059,0.928572,0.537864,-0.987257,-1.44599,-4.74707,-4.46913,-0.136138,0.57909,1.61434,2.8905,0.420852,-1.82276,-2.4439,0.0736311,4.13345,7.07972,6.9318,6.61147,6.33532,7.98705,10.325,8.21183,5.68622,4.35322,3.51734,3.11219,3.02456,1.76147,1.34426,0.958849,0.637751,0.685518,0.909983,0.775438,0.690593,1.21791,0.736391,-0.37895
-1.31653,-1.61045,-1.13317,-0.453611,-1.14201,-2.8525,-2.63354,0.916474,2.17709,-0.35744,-1.55733,-0.997026,-1.36139,-1.73509,-0.0112118,-0.0668418,-0.186624,2.3772,4.49133,1.09415,-2.73678,-1.82261,1.64181,2.73683,0.929509,-2.82758,-2.31084,2.42928,1.40388,-1.82041,-2.87002,-3.95179,-3.45753,-1.78374,-1.45587,-0.760314,0.00553148,1.85298,1.35822,-2.98012,-3.72711,1.01177,3.7471,7.16889,8.25234,8.17539,8.93982,10.5925,9.84054,5.93774,3.07595,2.37965,2.57992,2.97986,2.01412,1.39115,1.26029,1.91723,1.31794,1.00263,0.771364,0.120316,-0.847834,-1.412,-2.85647
-2.16207,-2.09204,-1.24345,-1.41453,-1.65454,-2.6739,-1.14736,0.425932,1.2049,0.685556,1.46186,1.65382,-0.847832,-2.29285,-1.17573,-1.42411,-0.3473,3.53859,5.23645,1.03089,-3.28552,-2.23743,0.769879,2.53581,3.06869,-0.0512351,-2.17405,-0.680054,-0.74149,-0.18051,-0.6108,-3.32668,-4.7312,-3.71139,-2.44603,-1.92337,-1.10717,4.29612,7.02306,-2.08688,-6.34268,-1.53999,5.48746,8.73712,8.85939,6.59506,5.95125,6.65412,6.3621,4.61551,2.80261,2.70189,3.27569,3.14177,2.67659,3.16252,3.11727,2.71058,1.76601,1.31732,1.17833,-0.195293,-1.9526,-2.88432,-2.27659
-2.12493,-2.69972,-1.48505,-1.89107,-1.99265,-2.1356,-2.47428,-2.3111,-1.31027,0.208658,2.13238,2.41154,0.629988,-0.769939,-0.431008,-0.98549,-0.013929,3.94707,5.51504,2.18946,-1.55538,-2.74605,-0.857305,1.99428,4.75757,2.99525,-1.4105,-3.63077,-1.47707,2.09058,2.95222,-1.85422,-3.22159,-2.11552,-2.00972,-3.0883,-2.56693,3.23979,8.87924,0.559651,-5.94615,1.07557,6.87033,8.78543,9.41496,9.14651,5.6986,2.88764,3.38224,2.03715,1.1083,2.39133,3.52854,3.56591,2.46543,2.97459,2.96749,2.63248,1.51639,1.14855,1.56891,0.681181,-2.23647,-3.21909,-1.27735
-0.825244,-1.52669,-1.48482,-2.29004,-2.97202,-3.0793,-2.89475,-3.02442,-1.77078,-0.274062,0.382822,0.0981169,0.588044,0.970333,1.38633,1.0008,0.177032,2.79188,4.62109,3.17922,0.289073,-1.42846,-0.908721,0.757673,3.56581,2.72789,-0.823451,-3.07059,-2.02636,-0.372662,-0.0620305,-0.538257,-0.186146,-0.216271,-3.14584,-5.66796,-4.77859,2.59454,6.9302,3.55317,-2.23453,0.806515,6.43983,7.61924,9.9524,10.3297,7.21962,4.43142,3.1761,2.27581,2.35279,4.26939,4.47081,4.14751,3.86505,3.10072,2.82752,2.47903,1.43345,1.15223,2.02809,1.70255,-1.3597,-2.82692,-1.61327
-0.971375,-1.13274,-1.44232,-2.64174,-3.63403,-3.63511,-2.21934,-2.86157,-3.41854,0.607336,0.696795,-1.99396,1.1454,3.4974,1.14107,-0.789373,-1.04546,1.96816,3.12701,1.53422,0.305495,0.174109,0.199815,0.654046,1.49004,1.91861,1.05781,-0.954211,-2.05687,-2.06168,-1.05875,-0.12139,0.550583,2.27048,0.447248,-5.9349,-5.33457,0.638113,1.79944,2.85493,4.78271,3.27481,3.56871,8.40038,10.1078,8.52268,6.76202,5.36918,3.60189,3.17686,3.63327,3.85316,3.98158,4.08809,3.87224,3.24352,2.40716,2.04044,1.37927,1.17604,1.93593,1.72677,-0.758414,-2.41946,-1.98397
-1.07971,-2.38392,-1.77702,-2.21561,-3.78701,-3.37057,-2.29819,-2.91455,-2.23579,3.02448,1.84294,-1.13836,1.63999,3.31666,-0.744082,-2.50669,-1.19128,1.50252,2.21554,0.133665,0.107434,-0.663962,-0.86355,1.94941,3.37522,3.2062,2.18328,-1.43352,-3.46951,-2.47005,-0.54995,-0.171888,1.05857,4.65788,5.20735,-0.949241,-3.44021,-0.662086,-1.72768,0.606681,6.48114,5.4704,4.86014,10.1182,9.50907,5.3397,4.22619,6.5276,5.5647,4.20378,4.17891,3.29863,3.3428,3.88821,4.0564,3.53396,2.15088,1.47849,1.00387,1.30039,1.76751,0.971122,0.00239709,-1.13533,-1.97956
-0.0393527,-2.51231,-1.75736,-2.05944,-3.5082,-3.1988,-3.15797,-3.30961,-0.355811,3.39113,0.788436,-1.05163,2.74914,1.49615,-3.32567,-3.14943,-2.00179,0.187737,0.779179,-1.42411,-0.89905,-2.02803,-2.38631,3.09938,6.37716,6.08345,4.0571,-1.43619,-5.75323,-4.86491,-1.43702,-0.965715,2.03539,5.60097,6.27375,4.27488,1.06467,-2.28256,-3.68376,-0.148404,1.58605,1.62109,4.79253,10.805,7.64752,2.75841,5.54043,9.61061,7.87135,5.91699,3.6596,2.98333,2.59495,3.00652,3.66381,3.58448,3.03724,1.75733,1.04432,1.05661,1.54337,1.00905,1.18668,0.136082,-1.93924
0.371142,-2.09648,-1.26563,-0.74387,-1.71411,-2.3134,-1.80213,-1.74433,-0.0120944,0.878761,-2.41327,-0.635033,3.29749,0.0635101,-3.2804,-2.9244,-1.99369,-0.538553,-0.539608,-2.28376,-1.39192,0.201556,0.54388,3.49434,6.14093,5.88466,1.51712,-0.907099,-2.13757,-3.82734,-4.42132,-2.46096,1.37688,5.03245,7.12839,8.43582,2.94858,-3.82646,-4.53699,-1.8082,-1.29262,0.225569,5.34458,9.94463,8.34254,4.13933,8.42622,10.2798,7.31502,4.21944,2.13437,3.14864,1.76385,2.03065,2.17918,3.04125,2.86273,2.82333,1.87556,1.66527,1.31932,1.35014,1.77001,1.05659,-1.44757
0.812744,-1.36249,-1.19583,0.428643,-0.800425,-1.83576,-1.40396,-2.44195,-2.8593,-1.53255,-3.18219,-0.0334549,1.27985,-1.03946,-0.695864,-0.592869,-1.30774,-0.346464,0.371108,-1.42306,-2.58648,2.35269,3.64095,3.17147,5.26051,3.45487,-1.1495,0.0483141,3.43379,2.28229,-2.05374,-0.503377,4.81517,7.51049,8.94502,8.11811,1.13303,-3.54342,1.18001,0.831997,-2.4079,-0.810731,3.35853,7.71663,7.95154,6.87616,8.99628,9.32722,7.50797,4.77354,2.81171,2.878,2.51311,2.2396,2.4364,3.18869,2.92644,2.55057,1.74076,1.61365,1.0883,0.403319,0.67298,1.50848,0.703737
1.02326,-0.209468,-0.793005,0.114494,-1.52607,-3.25152,-1.96308,-2.07168,-2.61286,-0.899837,-0.285647,0.44441,-0.628387,-2.84045,-0.712459,0.584255,0.714515,1.85419,3.4851,-1.34922,-4.22355,1.75382,5.03811,4.83023,3.60858,-2.5031,-4.77667,-2.57225,3.62903,4.69007,1.09536,3.70853,7.99865,10.1053,8.52869,3.88275,-3.43371,-1.24724,4.56934,4.86433,-1.68789,-1.81854,2.95777,7.57317,8.59294,8.40586,6.98394,7.81449,6.28244,4.08513,1.88543,2.34875,2.12137,1.81151,2.16666,2.46775,2.05374,2.15849,0.946813,0.0552924,-0.302039,-0.235226,0.57281,1.0531,1.20021
1.17667,-0.551991,-0.763393,-0.906903,-1.33025,-3.46033,-2.1176,-0.236664,-0.31491,0.810079,1.08483,-0.061943,-2.50321,-3.94595,-1.65362,2.26271,3.97305,4.0203,2.65733,-2.70601,-4.0122,1.57138,4.68486,2.97375,-0.00782377,-2.40805,-3.47393,-1.76151,0.245192,0.97361,1.76386,6.27751,11.3064,11.0834,6.60131,-2.58532,-5.12535,2.00779,7.0221,5.97877,2.20313,2.49626,2.63102,5.39511,9.34468,10.357,7.20848,4.17359,2.82141,1.16449,1.89204,2.86496,2.07346,1.24694,0.526971,0.180383,0.0845366,-0.226044,-0.60878,-1.18976,-1.44185,-0.529679,0.7778,1.55405,1.90743
1.88161,-0.326005,-1.30628,-0.723294,-1.22525,-4.23618,-3.75389,-0.7209,0.801711,1.41075,0.283159,-1.56727,-2.68384,-3.82451,-2.12188,2.18005,5.44896,4.10685,0.790543,-2.56495,-2.43679,1.7641,1.71058,-0.994547,-1.64454,0.0309711,1.29268,0.679305,0.316144,0.925273,1.53298,7.54932,12.7595,11.2104,2.54587,-4.1245,-4.94156,1.92311,6.50737,6.94717,6.14344,6.96793,7.59515,8.44267,10.4905,12.3944,9.26553,5.30649,1.91878,0.656794,2.22302,2.88909,1.72444,0.553505,-0.0992697,-0.149978,-0.347028,-0.935309,-1.48734,-1.92758,-1.98379,-1.11967,-0.0896413,0.810919,1.64676
2.59458,1.77717,-0.821381,-0.416159,-0.0156148,-2.52999,-4.35303,-2.05308,0.347266,1.07694,0.35823,-1.20425,-2.54762,-3.25543,-1.19962,3.1954,5.21338,3.73692,-1.0326,-1.93154,0.545095,-0.495731,-3.43486,-3.61593,-1.83926,0.15906,1.13221,1.64607,3.00153,3.99862,3.99939,8.15036,13.2506,11.6507,4.58731,1.88585,0.899642,-0.910692,1.74167,4.73083,3.26957,7.47179,11.224,12.7187,12.2998,11.1843,8.56617,7.5197,3.14691,-0.189769,1.10696,1.95903,1.26399,0.694079,-0.0428968,-0.368643,-0.103299,-0.176943,-0.604683,-1.19674,-1.75818,-2.05978,-1.25352,-0.339608,0.653127
4.16563,3.19098,1.29962,0.0452423,-0.339037,-1.64634,-4.01321,-3.57094,-1.18276,0.473814,1.17327,0.468395,-1.34341,-3.47926,-1.56548,2.79116,5.27766,4.05494,-1.82145,-0.83973,2.44086,-1.77434,-3.44152,-2.41603,-2.8865,-2.25109,-0.192178,1.29425,1.91374,3.18006,2.90577,7.1062,12.0325,12.6897,9.2702,8.91625,6.59275,-0.865304,-0.332275,3.29998,3.35795,5.84341,9.29026,14.2715,13.8376,10.5847,5.99634,6.66028,3.55967,-0.0863008,0.547165,0.934256,1.17173,1.08518,0.472313,0.337721,0.728438,0.846792,0.631338,-0.499351,-1.68521,-2.75862,-1.82522,-0.749162,0.0443847
5.08449,3.50844,1.43439,-0.327718,-0.756316,-1.65866,-3.69715,-4.03945,-1.50338,0.444899,1.01274,0.800827,0.481179,-2.15885,-1.58266,3.45311,5.58788,4.05214,-1.50571,-2.20751,0.0264227,-2.29011,-2.61658,-0.721519,-3.92396,-4.67317,0.859733,3.7676,1.57774,0.389705,0.815238,4.58974,10.7488,13.5088,12.3877,9.03543,5.76036,2.75161,1.52166,2.66939,1.88607,1.98899,6.93399,13.6039,15.3529,9.55711,3.374,3.28555,2.14278,0.325403,0.284254,1.33318,1.66328,1.4834,0.727093,0.47801,0.845271,0.369471,-1.00092,-2.06711,-1.48554,-1.96987,-1.64119,-0.781005,-0.583826
5.15139,4.73846,2.66639,-0.957869,-1.24173,-1.68191,-3.25935,-3.95738,-2.68669,0.357865,-0.321195,-1.31252,-0.00378365,-2.71156,-2.76792,3.65551,5.70383,3.8564,-1.0774,-3.30585,-2.25122,-2.51309,-2.31826,-2.41033,-4.29162,-2.29733,0.757245,-0.137778,-0.874927,3.29671,7.15671,8.6861,11.5576,12.5672,10.2701,4.42523,5.82903,7.13985,9.33504,6.38367,0.267063,-0.81556,5.60355,12.3209,14.7419,10.9706,3.83356,0.57136,1.18036,1.6033,1.54579,2.29032,2.27643,1.5385,0.825842,-0.2725,0.0278408,-0.767875,-1.77097,-1.47714,-0.784898,-1.29789,-1.13547,-0.717068,-0.828686
5.0472,5.40301,3.72814,-1.08359,-1.99162,-1.5406,-1.6614,-3.00432,-2.49453,0.371339,0.518178,-1.639,-1.87464,-3.44313,-2.15007,3.21457,5.89701,4.83541,-0.581141,-4.04245,-3.58566,-3.28808,-2.27671,-1.51714,-1.03239,0.265799,0.101163,-3.35172,-1.20754,3.88126,8.01674,9.53061,9.9314,9.33457,6.00709,6.47213,7.66562,8.97717,8.367,10.9316,4.61891,0.795787,5.52271,10.443,13.8542,11.9326,4.96759,1.3165,4.18973,4.22568,1.79509,1.51389,1.89336,1.16292,0.646158,-0.030239,0.129444,-0.545417,-2.15224,-1.48206,-0.649205,-0.835856,-0.896248,-0.898713,-0.607134
3.83322,4.8444,3.71377,-1.30448,-1.99291,-1.46559,-1.78803,-1.90714,-2.23932,0.561899,0.939354,-2.29975,-3.90133,-3.52535,-1.61011,1.76275,5.43419,5.91203,1.13004,-2.27343,-2.79755,-4.37107,-4.08474,1.26608,4.49676,1.23148,-2.6536,-4.47256,-3.35766,0.820561,3.50353,4.89946,4.87632,6.15404,6.77386,9.17779,10.9755,10.7833,8.4057,9.13888,4.95524,1.71001,4.61614,7.55876,11.4563,7.621,4.30131,5.53166,6.91234,3.92577,0.928627,1.10699,1.10656,0.921886,0.190274,-0.855406,-0.989696,-1.0877,-2.27491,-1.83699,-0.967113,-1.05612,-1.43439,-1.29944,-0.953814
3.56048,3.55806,2.91231,-0.852345,-2.07535,-1.04842,-1.11853,-1.21098,-1.12072,-0.462477,-0.687291,-3.29835,-4.51024,-3.6454,-1.04167,1.16791,4.01416,5.61596,3.19626,-1.78026,-3.98848,-5.1518,-4.20567,1.96042,3.92569,-1.56687,-2.91408,-0.245347,-1.62454,-1.99016,1.38077,4.8392,7.64836,6.04677,6.43496,8.59252,10.2232,9.85608,7.29913,4.95824,8.29262,8.35433,6.41488,5.98713,8.24246,8.0247,7.09349,7.19023,4.87859,-0.74353,-0.785983,0.892362,0.422453,0.116525,0.331588,-0.376982,-0.929524,-0.438966,-1.0634,-1.60375,-1.13876,-1.1347,-1.83735,-0.954625,-0.469809
4.03028,2.95811,2.17882,0.046875,-2.01025,-1.64896,0.58223,1.38575,0.614191,-0.613901,-1.62795,-3.39514,-4.22726,-3.10861,0.156323,1.64366,2.92026,5.30135,4.28549,-0.879534,-4.22399,-5.23857,-4.03867,-0.457935,1.62973,-3.62548,-4.36875,0.896628,0.824232,-1.73318,1.45123,7.83817,9.01012,5.40847,2.11841,6.20255,8.94679,8.08235,5.28356,4.95338,9.42828,14.0775,15.8301,10.3991,4.76742,3.36217,2.66795,1.54202,-0.829605,-1.62068,-0.212369,0.611596,0.227905,0.857617,1.1692,0.079864,-1.01973,-1.11681,-1.18796,-0.799654,-0.693577,-1.22069,-1.39951,-0.755425,-1.30029
3.66814,2.51871,2.39777,0.664754,-1.52945,-2.20177,-0.0499798,1.65327,1.76832,0.51569,-0.835282,-1.78007,-2.92872,-2.12907,-0.224328,0.671948,2.10622,5.36977,4.71024,0.227508,-3.48435,-4.71996,-4.2675,-2.04472,1.4484,-1.02714,-4.70537,2.1151,5.81567,1.88383,2.11133,5.51476,6.64201,2.76715,0.626658,3.41024,7.08862,3.94404,1.67059,4.9143,9.45439,14.5593,17.9657,16.828,6.78239,-0.404489,-1.67361,-1.69463,-2.50587,-0.0514891,1.11439,0.99081,1.33137,2.53373,2.53787,1.11701,-0.320214,-0.540159,-0.637588,-0.202901,-0.677007,-1.54447,-0.80448,-0.35058,-0.961611
