public/uploads/wind/vent_json/20200513/wind_field_12.json
{"header": {"parameterUnit": "m.s-1", "parameterNumber": 2, "dx": 0.051, "dy": 0.036, "parameterNumberName": "eastward_wind", "la1": 45.3082, "parameterCategory": 2,"nx": 177, "ny": 123, "refTime": "2018-09-30 00:00:00", "lo1":1.38177}, "data":
[rows 0 to 27 of 123, columns 63 to 125 of 177]
1.39585,1.47503,1.44319,1.20975,0.768484,0.351305,0.210358,0.290796,0.492165,0.759368,1.08606,1.38269,1.56388,1.61088,1.62854,1.68339,1.75189,1.79987,1.79956,1.77867,1.77402,1.81761,1.9147,2.03143,2.13455,2.22196,2.30281,2.38756,2.478,2.54089,2.545,2.4829,2.4094,2.36629,2.35983,2.39343,2.40969,2.42219,2.43881,2.42649,2.43686,2.48993,2.57994,2.72261,2.89098,3.05274,3.06157,3.04535,3.22787,3.57633,3.91424,4.01896,3.94267,3.84183,3.74838,3.6137,3.50839,3.43315,3.39988,3.34274,3.21572,2.93235,2.68557
1.98633,2.0718,1.89183,1.46401,0.771797,0.448296,0.51557,0.466121,0.650934,1.04571,1.34757,1.70637,1.90349,1.78276,1.87911,2.09783,2.16872,2.33645,2.47379,2.47117,2.33332,2.03256,1.93284,2.22436,2.6419,2.8606,2.95396,2.91889,2.66896,2.74391,2.99213,2.98965,2.87374,2.59067,2.38268,2.46822,2.73522,3.11832,3.31509,3.16411,3.01682,3.25293,3.55221,3.6876,3.8916,3.9047,3.92978,4.45091,4.67111,4.14283,4.13038,4.49684,4.07043,3.48381,3.36162,3.40931,3.46505,3.39171,3.53289,3.96053,4.14999,4.07944,3.71996
2.02778,2.06402,1.72181,1.16986,0.602496,0.481192,0.628193,0.579935,0.647858,0.907035,1.14088,1.36523,1.56648,1.88263,2.19325,2.13389,1.96591,1.97326,1.98454,2.1213,2.25109,2.23742,2.30293,2.42375,2.61122,2.75303,2.81049,2.79572,2.5753,2.46422,2.69041,3.05139,2.99586,2.58064,2.69368,3.24855,3.5132,3.48162,3.46138,3.33523,3.05147,3.20178,3.58064,3.71614,3.80365,3.71505,3.69665,4.33985,4.90184,4.48797,4.30796,4.69323,4.24484,3.63525,3.60882,4.16484,4.70425,4.63663,4.63744,4.65442,4.44286,4.15289,3.60047
2.12885,2.08225,1.75784,1.48877,1.12963,0.887109,0.91266,0.872249,1.0377,1.35668,1.34011,1.44737,1.89998,2.33247,2.5379,2.39942,2.14349,2.18948,2.396,2.42686,2.23875,1.93524,2.00094,2.37819,2.49923,2.47352,2.37805,2.36204,2.57706,2.52142,2.53119,2.79359,2.54242,2.51681,3.11109,3.53531,3.79118,3.80554,3.6294,3.66038,3.72052,3.78783,4.0767,4.27316,4.29029,4.50906,4.73611,5.03039,5.32877,5.03789,4.49806,4.3446,4.33984,4.68857,5.40122,5.94216,5.79029,5.37448,5.42742,5.44221,4.85371,4.41738,4.52436
1.56469,1.24619,0.816243,1.03188,1.09681,0.762589,0.402456,0.056521,0.720183,1.44621,1.18001,1.11576,1.45387,1.55068,1.983,1.86972,1.27231,1.482,1.64544,1.63033,1.52258,1.34688,1.66687,2.02373,1.90707,1.61112,1.22327,1.17142,1.97398,2.57834,2.23081,1.72712,1.60053,1.82913,2.28522,2.86988,3.01418,2.7004,2.54441,2.77482,3.25063,3.49121,3.60123,3.56888,3.39487,3.1451,4.00416,5.26034,5.2255,5.5865,5.57815,4.99924,5.65416,5.46749,4.81903,5.64612,5.57186,4.8912,5.44287,5.11735,3.56434,3.23824,4.29673
0.771126,-0.254277,0.0719842,0.956523,0.313131,0.219837,0.525687,0.138056,0.747313,1.12646,0.821014,0.709615,0.952482,1.37418,2.01677,1.72303,1.43251,1.93968,1.62866,1.24457,1.23908,1.60195,2.30338,2.00961,0.906834,0.835192,1.46697,2.02469,2.53394,2.29537,1.61014,1.48051,1.80174,2.21928,2.94748,3.41531,2.95265,2.33151,2.2975,2.40365,2.84867,3.78218,3.70679,3.05581,2.96802,3.38803,3.57575,3.98826,5.39274,5.57269,5.11442,5.76076,5.80856,5.21648,4.46274,4.5113,5.58408,5.85964,5.65035,5.1706,4.84157,4.35697,3.7666
0.0680721,-0.227192,0.906354,0.921582,-0.151901,0.108758,0.56436,0.283825,-0.0267408,0.190764,0.653694,1.2642,1.58569,1.40979,1.77705,1.99351,1.98089,2.44454,1.88257,1.13241,1.17756,1.67306,1.99459,1.57515,1.22676,1.31088,1.76762,2.04117,1.69262,1.23297,1.38146,2.04036,2.82356,3.27388,3.0888,2.52379,2.32344,2.62573,2.6969,2.38136,2.37627,2.69318,2.95484,3.30295,3.54003,3.7432,3.61224,3.88057,5.33647,5.49381,5.18674,5.78313,5.83251,5.60741,5.48049,5.92188,5.66742,4.91287,5.4022,5.00482,3.96735,4.43342,4.47837
0.0164918,0.899415,1.4425,0.17428,-0.107634,0.547298,-0.147366,-0.45365,-0.0145813,0.563172,1.33399,1.73514,1.90021,2.12048,1.9564,1.42688,1.68981,1.78866,0.781433,0.959714,1.97955,2.00659,1.53719,1.78983,1.83462,1.10118,1.1501,1.39504,1.35326,1.68068,2.29931,2.7439,2.78873,2.51377,2.16648,2.26967,2.53803,2.37749,2.24868,2.4953,3.13332,3.48764,3.28362,2.96341,3.0031,3.13207,3.68806,5.217,5.46701,5.16185,5.83609,5.74092,4.63606,4.52404,5.61665,5.97761,5.99843,5.32798,4.30399,4.88162,4.78515,4.09689,4.41937
1.05619,1.59638,1.04013,-0.219251,-0.0558302,0.152252,-0.535918,0.0791184,1.08951,1.3226,1.25182,0.861429,0.731932,1.21553,1.29896,1.10929,1.26525,1.0341,0.794738,1.63446,2.08903,1.79575,1.42835,1.27904,1.16611,0.95794,1.1805,1.59872,2.21615,2.57442,2.27489,1.85402,1.90689,2.28872,2.77291,2.81914,2.33343,2.06489,2.41245,2.8495,3.34239,4.21721,4.1168,3.59326,3.54049,3.96943,4.68373,5.04668,5.8333,5.68107,5.05211,5.68438,5.17783,4.65846,5.71679,5.81209,5.41177,5.89084,5.27276,4.1604,4.56468,4.60398,3.79585
1.04256,0.500813,0.397987,0.568335,-0.31582,-0.483997,0.143362,0.928681,1.24693,0.857204,0.631864,0.619325,0.597563,0.970465,1.39716,1.29946,1.05441,1.54638,2.23706,1.52681,1.12821,2.01301,1.47823,0.550533,0.680788,1.12436,1.95004,2.61365,2.45658,1.84158,1.44041,1.48664,1.9929,2.60347,2.61757,2.78829,3.7188,3.7956,3.14535,2.72782,2.66986,2.78627,3.33882,4.58491,4.56713,3.89791,3.6749,4.18178,5.46749,6.06303,5.74577,5.31544,5.46441,5.63602,5.14994,5.21699,5.90134,5.8047,5.45278,4.42248,3.66265,4.4933,4.85004
0.547587,0.414537,1.24387,1.62924,0.0716973,-0.267457,0.559969,0.503979,0.259678,0.307841,0.633905,0.904631,0.980047,1.12365,1.19483,1.24444,1.82068,2.29791,1.66294,0.835031,1.75669,2.33947,1.08734,0.425685,1.03786,2.11908,2.46999,1.88712,1.43068,1.58685,1.99492,2.33797,2.35893,2.59915,3.35959,3.28811,2.93845,2.76598,2.44991,2.3747,3.02232,4.23677,4.31205,3.37192,3.66565,4.90246,5.48928,5.80094,5.66635,5.26473,5.10225,4.81161,4.36338,4.52406,5.71687,5.94488,5.39817,5.80615,5.17835,4.17012,4.68732,4.83966,3.91695
1.46865,1.32366,1.68786,1.59945,0.372708,-0.172188,-0.158063,-0.241386,0.00821307,0.532768,1.0006,1.14662,0.761271,0.771311,1.52149,2.22428,2.1012,1.20568,0.93138,1.73931,2.26191,1.45601,0.8119,1.20667,2.03925,2.26291,1.50984,1.05509,1.27275,1.8482,2.36602,2.59858,2.40663,2.30293,2.47825,2.82116,3.46704,3.29237,2.74444,2.79156,2.85791,2.72168,2.70514,2.96681,4.10645,5.12209,5.1704,5.77609,5.64515,4.3731,3.40133,3.43194,4.79657,5.18376,5.03704,5.99293,5.71992,4.89027,5.44174,4.89204,3.97496,4.82752,4.74685
1.05673,1.09892,1.56706,1.09129,-0.164765,-0.42781,-0.384342,0.0329205,0.438764,0.765048,1.00291,1.02281,1.1634,1.70593,1.86104,1.32179,0.816918,1.21294,1.53106,1.28061,1.25376,1.31507,1.49333,1.8,1.94726,1.65063,1.3327,1.35872,1.62483,2.05408,2.60606,2.63561,2.58005,3.18564,3.10951,2.39313,2.05746,2.36202,2.7333,2.6531,2.63016,2.94941,3.55873,4.21353,4.36841,4.48969,5.46043,5.35,4.58169,5.13623,5.01947,3.99648,4.12434,5.21121,6.09106,5.73349,5.20393,5.81096,5.40448,4.47693,4.97941,5.04907,3.96105
0.932183,1.06199,1.56401,0.923135,-0.262212,-0.269476,-0.0630839,0.216759,0.413511,0.948204,1.56325,1.64781,1.37794,0.995145,0.587231,0.334453,1.0549,1.86316,1.03265,0.27286,1.23806,2.21055,1.83453,1.34424,1.26387,1.39334,1.81453,2.21555,2.46096,2.33116,2.39052,2.92275,2.82262,2.25405,2.14727,2.29036,2.38377,2.31238,2.16188,2.2418,2.58378,2.90819,3.59887,4.76726,4.78104,4.42576,4.31416,4.29438,5.19957,5.17476,3.84248,3.76705,5.19229,5.48235,5.03971,5.7969,5.76639,5.02872,5.49846,5.31914,4.62694,5.13708,5.19401
1.58628,1.33506,0.937188,0.337856,0.0189962,0.102928,0.152305,0.442052,1.08413,1.57801,1.42273,0.757008,0.426234,0.126787,0.165645,1.14464,1.60439,0.851996,0.391488,1.04708,1.60553,1.3553,1.20896,1.47458,1.66135,1.80078,2.33336,3.0527,2.75887,2.01852,1.6078,1.80064,2.68745,2.96511,2.50183,2.09426,2.07774,2.09436,2.16589,2.24946,2.83439,4.03767,4.42443,4.07027,4.38463,5.52026,5.47737,4.47237,4.15568,4.38686,5.13033,4.99292,4.50999,5.51483,5.68511,5.10684,5.74037,5.66247,4.91773,5.39426,5.33565,4.76685,5.21453
1.22512,0.863186,0.805076,0.945383,0.963042,0.692857,0.747749,1.07932,1.15317,0.855324,0.583137,0.586673,0.383586,0.372135,1.30889,1.54806,0.639526,0.426715,1.22565,1.40231,0.957442,0.881673,1.48499,1.99343,2.34174,2.86029,2.63217,2.03345,1.96112,2.02222,2.12386,2.66454,2.68277,2.21435,1.94385,2.13903,2.80599,2.89631,2.543,2.44631,2.48998,2.88123,3.32244,4.36238,5.28193,5.10539,5.63273,5.43856,4.54063,5.11796,5.20475,4.01173,4.10099,5.36872,5.7667,5.8065,5.67436,5.6209,5.24423,4.69964,5.42312,5.35759,4.6846
0.431763,0.631173,1.1163,1.58088,1.95745,1.63693,1.18755,1.00578,0.65248,0.590876,0.668448,0.480505,0.852398,1.62804,1.31963,0.296725,0.476173,1.32702,0.994163,0.466244,0.796848,1.38519,2.01278,2.28881,2.07603,1.5751,1.70408,2.39574,2.7642,2.85582,2.44656,2.16035,2.59612,2.4985,2.05769,2.04144,2.18685,2.31329,2.23829,2.22428,2.40958,2.88418,3.42232,3.88846,4.22388,4.71531,5.74106,5.48865,4.62548,5.16679,4.86704,4.25897,5.23059,5.23502,4.69997,5.59794,5.58415,4.75585,5.49424,5.65451,4.93657,5.56769,5.32304
0.550774,0.761469,0.785439,0.776559,1.19886,0.922307,0.371257,0.498012,0.562562,0.580195,0.642869,1.20349,1.62246,1.18844,0.393122,0.443155,1.44896,1.37319,0.422124,0.465834,1.18634,1.87747,2.02881,1.67301,1.44502,1.69371,2.03606,2.33568,2.70687,2.48274,2.09927,1.93054,1.44084,1.37933,1.8724,2.45657,3.06232,2.90935,2.39811,2.2634,2.51624,2.9393,3.69217,5.19324,5.208,4.57529,5.25218,5.39676,5.39945,4.88216,4.17818,5.17231,5.25506,4.83666,5.57083,5.85443,5.67759,5.43449,5.61161,5.31963,4.86992,5.37101,5.47965
0.370108,0.322333,0.579192,0.812126,0.52478,-0.121341,-0.33099,0.0976701,0.557531,0.986746,1.52747,1.38361,0.693782,0.426196,0.671425,1.49629,1.43297,0.46816,0.523044,1.19783,1.45377,1.62297,1.76492,1.59893,1.67957,2.10826,2.25218,1.90739,1.62072,2.01523,2.14453,1.73549,1.46608,1.78111,2.62513,2.71374,2.31171,2.21139,2.3268,2.39942,2.80821,3.19426,3.92482,5.26774,5.519,5.43143,4.96723,4.41933,5.19137,5.05601,4.44179,5.16266,5.22568,4.83963,5.59396,5.37168,4.72684,5.35434,5.66232,5.74901,5.07187,4.33348,5.0994
0.0081183,0.344421,1.12056,0.95148,-0.278683,-0.783853,-0.10681,0.816614,1.13018,1.31233,1.13446,0.489835,0.245923,0.647869,1.63992,1.48152,0.590132,0.752533,1.21391,1.48166,1.73954,1.53298,1.3902,1.53021,1.78987,2.53758,2.69439,2.11806,1.89706,1.61731,1.11312,1.11836,1.56588,2.09847,2.12213,2.2294,2.94627,3.16822,2.7809,2.74073,3.03221,3.54624,3.64316,3.9406,5.05052,5.35909,5.33119,4.84871,4.28828,5.14685,5.17207,4.62594,5.43743,5.41586,4.78264,5.44966,5.40722,4.79769,5.41188,5.45695,4.569,3.81918,3.96345
-0.00319019,0.64361,0.876722,-0.0148351,-0.996831,-0.667039,0.343475,0.875988,0.851557,1.12604,1.0008,-0.0955039,0.23337,1.76303,1.63239,0.632109,0.718171,1.34573,1.5159,1.96505,2.09593,1.66022,1.94745,2.07694,1.81415,1.76636,1.75702,2.07976,2.0665,1.42551,1.31103,1.67204,2.23361,2.7394,2.64578,2.34762,2.61089,3.38477,3.4771,3.28846,3.45051,4.08431,5.32511,5.0388,4.0191,4.77334,4.83165,4.35756,5.01488,5.32344,5.27721,5.41722,5.52369,5.59739,5.59016,5.23173,5.44766,5.3781,4.61282,4.81954,5.30596,5.60885,5.06427
0.355454,0.491674,-0.0166774,-0.669006,-0.854748,0.0587119,0.81189,0.303881,0.2552,1.49528,1.19981,0.111422,0.691567,1.07093,0.717434,1.00705,1.52596,1.50911,1.51831,1.88338,2.068,1.76532,1.25552,1.14957,1.63949,2.24525,2.22569,1.87987,1.85976,1.9069,1.89136,2.11629,1.91544,1.96405,2.74075,2.97959,2.60996,2.75704,3.84194,4.13097,4.27815,5.26551,5.1119,3.90407,3.65911,4.75056,4.75901,4.23851,4.98285,5.29671,5.32254,5.02984,4.69716,5.56569,5.3625,4.71293,5.27078,5.41794,4.89285,4.78772,5.54901,5.35101,3.96691
0.596686,-0.167185,-0.603572,-0.494262,-0.217874,0.320387,0.584495,0.406799,1.20138,1.37754,0.190985,0.639423,1.21704,0.455822,0.642222,1.3354,1.27888,1.3226,1.95288,2.06211,1.46166,1.07065,1.36344,1.80209,2.00523,2.39088,2.33083,1.20763,0.644321,1.40747,2.22485,2.17137,1.96087,2.62541,2.91206,2.73117,3.25873,3.35238,3.39865,4.64019,5.03126,4.71033,5.3147,4.98765,4.17249,4.71699,4.61728,4.17221,4.92759,4.80385,4.38423,5.39614,5.53039,4.92536,5.37624,5.57746,4.80783,4.54646,5.50131,5.49435,5.07299,5.46982,5.22251
-0.116801,-0.757291,-0.747199,-0.33499,0.144512,0.466968,0.638364,1.11197,1.21408,0.37245,0.409667,0.951469,0.487799,0.226902,0.564157,0.774528,1.46844,2.35923,1.95052,1.06332,1.13787,1.77289,2.32435,2.40003,2.00963,1.48193,0.880799,0.634599,0.928806,1.50624,2.11147,2.21371,1.95293,2.29885,3.18337,3.36573,2.89255,2.90429,3.22237,3.97065,5.3378,5.22797,4.41382,4.97773,4.87253,4.17463,4.6672,4.9173,3.91984,3.75911,4.9634,5.52624,5.75716,5.28431,4.6088,5.27545,5.70746,4.88336,4.55054,5.50431,5.825,5.63135,5.23538
-0.624475,-0.697771,-0.539458,-0.0517643,0.868407,1.17875,0.680531,0.292681,0.438347,0.539083,0.0927225,0.137423,0.658811,1.01531,0.818288,0.933829,2.09073,2.08179,1.05573,1.18921,1.73412,2.23844,2.90942,2.87038,2.1352,1.46719,1.0892,1.37591,2.04815,2.0154,1.55473,1.6739,2.19895,2.41838,2.66037,3.45789,3.60017,3.57155,4.63974,4.84405,4.32767,5.03105,4.96658,4.24761,4.9567,4.79856,4.07086,4.72274,4.89947,3.98276,4.16537,5.34582,5.62312,5.6247,5.27797,4.82687,5.47039,5.72123,5.43618,5.79589,5.31174,4.54563,5.25971
-0.584804,-0.367916,-0.0614584,0.431421,0.966064,0.66912,-0.151219,-0.0645831,0.622241,0.28014,-0.711921,-0.0721055,1.03299,0.896944,0.718384,1.5105,1.59894,0.698941,0.820165,1.48309,2.21361,2.6534,2.68553,3.17447,2.90771,2.16074,2.5905,2.37372,1.48278,1.76272,2.33345,2.25231,2.34788,3.07079,3.20295,3.09373,3.93756,4.22918,3.93528,4.007,4.23662,4.92637,4.79536,4.43212,4.9918,4.93407,4.05863,4.19405,4.83379,4.84815,5.29239,5.40651,4.60369,4.74086,5.58681,5.38659,4.27959,4.25006,5.35093,5.70719,5.66295,5.3643,4.36701
-0.534668,0.00477034,0.249491,0.294297,0.248564,-0.12852,0.0227818,0.638382,0.366359,-0.548443,-0.3195,0.195366,0.0282697,0.361775,1.67451,2.10469,1.08657,0.848837,1.35958,1.99462,2.62475,2.62224,2.18078,1.96877,1.84217,1.82489,1.52037,1.16876,1.00782,1.35178,2.42717,2.79766,2.2842,2.35342,3.36807,3.52938,3.62903,4.64933,4.99999,5.03622,4.50908,3.99633,4.84855,4.91591,4.45631,5.07708,4.94072,4.40843,5.21373,5.1204,4.52215,5.14814,5.50615,5.6997,5.2518,4.73544,5.44655,5.78522,5.80521,5.21943,4.57987,5.24359,5.10355
-0.365722,-0.26176,-0.206328,-0.135749,-0.24016,0.0232505,0.922804,0.680531,-0.369563,-0.310626,-0.0738347,0.0157887,0.1869,1.0061,2.12248,1.53525,0.740893,1.06148,1.79871,2.51335,2.41987,1.85114,1.85285,2.23431,2.40782,2.21451,1.6806,1.14077,1.1581,1.72707,2.56939,2.6636,2.45777,3.20887,3.28034,3.33925,4.53057,4.95187,4.05601,3.60267,4.54877,4.68157,4.15407,4.86629,4.70174,4.42771,4.99208,5.04041,5.20402,5.07212,4.31225,4.33007,5.27254,5.56941,5.66719,5.44653,5.0425,5.57188,5.79695,5.74352,5.29823,4.049,3.79052
