public/uploads/wind/vent_json/20200513/wind_field_01.json
{"header": {"parameterUnit": "m.s-1", "parameterNumber": 2, "dx": 0.051, "dy": 0.036, "parameterNumberName": "eastward_wind", "la1": 45.3082, "parameterCategory": 2,"nx": 177, "ny": 123, "refTime": "2018-09-30 00:00:00", "lo1":1.38177}, "data":
[rows 0 to 28 of 123, columns 64 to 127 of 177]
5.6187,5.57085,5.55357,5.61835,5.66432,5.58153,5.30642,5.08852,5.17866,5.56435,5.93445,6.02093,5.81598,5.52661,5.39927,5.32198,5.29109,5.3405,5.56058,5.73458,5.85524,6.03642,6.26239,6.51265,6.7958,7.07626,7.3237,7.53005,7.69306,7.81426,7.88982,7.91973,7.90596,7.85474,7.78108,7.69588,7.61181,7.55936,7.56593,7.62384,7.75167,7.96668,8.25557,8.55765,8.81019,8.98128,9.057,8.98865,8.73511,8.44488,8.20756,7.99712,7.82128,7.66779,7.54963,7.39756,7.14456,6.81132,6.3725,5.83423,5.16514,4.6446,4.52282,4.81508
6.07634,6.10029,6.04513,5.99224,6.04229,5.93925,5.35284,5.06457,5.30301,5.59033,5.96426,6.05608,5.62333,5.28554,5.36154,5.42604,5.38358,5.42228,5.41795,5.4096,5.38375,5.84097,6.27574,6.56025,6.84144,7.09771,7.3396,7.57831,7.77221,7.90337,7.98549,8.02112,8.0019,7.92856,7.82538,7.72335,7.65016,7.61175,7.61671,7.67831,7.8122,8.04708,8.36539,8.69147,8.93606,9.05135,9.05155,8.95324,8.72707,8.45439,8.23533,8.07758,7.96036,7.83163,7.70383,7.56003,7.31851,6.96352,6.49899,5.97065,5.34554,4.83029,4.63414,4.82453
6.04948,6.13964,6.01516,5.68976,5.72444,5.96237,5.48342,4.88703,4.87374,5.12734,5.42851,5.56099,5.52001,5.38475,5.09489,4.82726,4.80544,4.86998,5.03238,5.25445,5.37127,5.78264,6.29957,6.66237,6.96386,7.19653,7.42902,7.66393,7.85256,7.97895,8.07039,8.12895,8.11734,8.01734,7.87032,7.74453,7.67985,7.67219,7.70174,7.77135,7.92039,8.16488,8.49017,8.82923,9.06047,9.14387,9.09696,8.93304,8.65909,8.38672,8.22548,8.16607,8.12232,8.01421,7.86797,7.71274,7.48756,7.14776,6.67068,6.10025,5.46354,4.93789,4.71117,4.85168
5.9098,5.99228,6.06724,6.06008,5.99173,6.11156,5.59784,5.19396,5.60852,5.4792,5.33873,5.76181,5.84791,5.52161,5.13329,4.67217,4.59813,5.0856,5.33674,5.44285,5.62336,5.93571,6.34481,6.7464,7.07806,7.35878,7.59484,7.78144,7.92791,8.03697,8.13858,8.22973,8.23675,8.11967,7.93007,7.76933,7.70888,7.72671,7.77845,7.87019,8.03829,8.29916,8.63307,8.9688,9.19121,9.26164,9.1549,8.89495,8.56445,8.2992,8.21608,8.2671,8.28892,8.17948,7.99769,7.8344,7.65566,7.34731,6.8492,6.22053,5.56013,5.04112,4.80837,4.88019
5.50776,5.29416,4.542,5.59758,6.20831,6.07329,5.57922,5.53034,5.95455,5.80813,5.87003,5.94518,5.79219,5.49339,5.2571,5.17197,5.16091,5.24827,5.34619,5.44653,5.64288,5.97524,6.40767,6.84581,7.20676,7.48212,7.67706,7.83386,7.96817,8.07923,8.20677,8.32845,8.34955,8.22322,8.00399,7.81287,7.7509,7.7932,7.87992,8.00887,8.19619,8.45774,8.77209,9.06924,9.27521,9.32817,9.17985,8.85514,8.48994,8.25511,8.24855,8.37313,8.41263,8.29059,8.11904,7.98854,7.83278,7.5239,6.99142,6.29926,5.63469,5.1589,4.90928,4.89795
5.70785,5.84545,5.94491,6.03463,6.14969,5.91222,5.32289,5.57794,6.06417,5.87782,5.84871,5.86637,5.51717,4.79674,4.93497,5.24048,5.26565,5.37844,5.43755,5.50264,5.70606,6.08449,6.56523,6.99075,7.30577,7.54722,7.7214,7.86062,8.0033,8.16196,8.34171,8.4829,8.48145,8.30078,8.04165,7.86679,7.8341,7.89625,8.0058,8.1512,8.34543,8.6089,8.91838,9.2041,9.37865,9.35921,9.1324,8.7573,8.3864,8.21018,8.28007,8.45608,8.53502,8.46264,8.33345,8.18994,7.96544,7.58686,7.03181,6.38153,5.76985,5.29372,5.03295,5.03102
5.19236,4.82235,5.66555,6.11063,5.94547,5.50474,5.42746,5.58914,5.47084,5.46979,5.64877,5.34359,5.31402,5.45046,5.3142,5.30653,5.40559,5.48402,5.52269,5.61275,5.85297,6.2441,6.68702,7.0899,7.41192,7.61707,7.75507,7.90147,8.07466,8.28763,8.50216,8.61974,8.57137,8.35792,8.09618,7.94167,7.92146,7.99743,8.12501,8.28124,8.49072,8.76469,9.0666,9.32463,9.45552,9.38272,9.09614,8.66445,8.28547,8.18209,8.36703,8.61329,8.68736,8.57839,8.41049,8.23988,8.01067,7.64265,7.11784,6.50062,5.90708,5.45186,5.20511,5.18066
5.69,5.79653,5.76678,5.95351,5.38447,4.56021,5.45706,5.87996,5.23443,5.66881,5.91842,5.56677,5.48004,5.4378,5.41026,5.47484,5.54923,5.60383,5.65569,5.75849,6.00104,6.38153,6.78461,7.14885,7.44206,7.63616,7.78732,7.96265,8.19078,8.44378,8.63559,8.70622,8.62308,8.40828,8.19027,8.06867,8.06208,8.1376,8.24758,8.39754,8.61323,8.89773,9.19747,9.43108,9.52345,9.40676,9.07117,8.61217,8.2455,8.20738,8.47611,8.74185,8.77257,8.62876,8.44806,8.26255,8.02976,7.70127,7.24038,6.6597,6.0704,5.60775,5.36143,5.31087
4.80252,5.83283,5.64742,4.81758,5.28935,5.46461,5.31864,5.17778,5.43526,5.87923,4.92489,4.39955,5.1965,5.62226,5.51841,5.56885,5.64988,5.71191,5.78381,5.91387,6.14452,6.46232,6.8476,7.24029,7.5173,7.68736,7.84922,8.06156,8.32131,8.55688,8.70388,8.7274,8.62465,8.44548,8.28332,8.20431,8.20999,8.27411,8.37211,8.51525,8.72916,9.01649,9.31199,9.52046,9.57288,9.4189,9.06712,8.60808,8.28098,8.31856,8.61669,8.83508,8.79719,8.60105,8.39469,8.21963,8.04157,7.78646,7.36385,6.78932,6.20456,5.75319,5.52093,5.45244
3.77285,5.44597,5.6165,4.77791,5.1951,5.32016,5.30108,4.91372,4.5723,5.38946,5.83888,5.79423,5.72197,5.54262,5.57687,5.64735,5.74006,5.82071,5.90691,6.04434,6.2577,6.57281,6.94409,7.29193,7.55098,7.72588,7.90832,8.1537,8.41511,8.61864,8.72953,8.72861,8.6285,8.50267,8.41783,8.38767,8.39959,8.43063,8.48989,8.61858,8.84246,9.13365,9.41439,9.59474,9.60405,9.42877,9.0858,8.65381,8.39308,8.50013,8.77075,8.87242,8.73011,8.4835,8.27744,8.15571,8.06037,7.85081,7.43145,6.86131,6.29584,5.88284,5.68544,5.62905
4.86551,5.53524,5.30783,4.47862,5.0976,4.83603,4.18374,5.00549,5.30911,4.47281,4.34071,5.3201,5.82162,5.64892,5.67925,5.76014,5.84468,5.92031,5.98896,6.13295,6.3975,6.73286,7.06913,7.35452,7.5649,7.735,7.94383,8.19989,8.44354,8.63735,8.74806,8.74615,8.66149,8.57466,8.54415,8.55901,8.57296,8.57325,8.60559,8.72659,8.95165,9.2406,9.50358,9.63801,9.60954,9.44083,9.11802,8.73324,8.55442,8.68835,8.8871,8.86468,8.62409,8.34076,8.16916,8.12943,8.09464,7.90233,7.47897,6.91559,6.38745,6.05185,5.93968,5.89261
5.34773,4.64495,5.14218,5.36058,4.96943,4.76223,4.94726,5.19956,5.28632,5.32394,5.55986,5.70354,5.64359,5.70585,5.76194,5.80942,5.89247,6.0108,6.13446,6.28478,6.50538,6.78145,7.06875,7.33979,7.56938,7.76092,7.96596,8.21118,8.47428,8.71634,8.86543,8.85925,8.75282,8.66318,8.65577,8.69117,8.70722,8.70233,8.73046,8.86062,9.0946,9.37572,9.59158,9.66173,9.61252,9.46051,9.16343,8.83159,8.72157,8.84753,8.94897,8.82547,8.52595,8.25336,8.13672,8.13094,8.08562,7.86202,7.43872,6.93517,6.52354,6.31097,6.24918,6.16889
4.57928,4.1877,5.06229,4.73061,4.06019,4.78321,5.19333,5.15755,5.15566,5.39812,5.68733,5.56953,5.59894,5.7693,5.84749,5.85299,5.99851,6.17344,6.28373,6.40659,6.58521,6.81025,7.07147,7.34514,7.5894,7.79647,8.01633,8.28343,8.57907,8.85212,9.00902,8.99724,8.87661,8.7581,8.73651,8.77805,8.79906,8.80645,8.86479,9.02387,9.26328,9.50571,9.65556,9.68217,9.62968,9.48709,9.20536,8.9192,8.84483,8.94,8.965,8.78018,8.48361,8.26246,8.17511,8.13906,8.02215,7.74196,7.34918,6.97854,6.72952,6.60597,6.53715,6.42805
4.43952,5.16686,4.72232,4.09257,4.7472,5.20734,4.54434,4.27178,5.0187,5.22672,5.26582,4.99794,4.72112,5.4725,5.93601,5.98306,6.13375,6.29525,6.3857,6.4937,6.65564,6.8628,7.10996,7.37935,7.64642,7.89097,8.14207,8.42838,8.72825,8.98201,9.12167,9.1133,8.99125,8.85779,8.80294,8.82345,8.85763,8.90426,9.00823,9.18193,9.40271,9.60216,9.71157,9.72429,9.66664,9.50853,9.23735,8.99844,8.93719,8.9921,8.96244,8.75797,8.48659,8.29437,8.21678,8.14465,7.94357,7.61287,7.28963,7.0726,6.94924,6.86529,6.78405,6.67122
3.94803,4.42467,4.58579,3.90263,4.14374,5.01652,5.04903,5.05353,5.04991,5.09302,5.23943,5.43627,5.09697,4.79189,5.56582,6.17948,6.29947,6.41921,6.51135,6.60202,6.74069,6.92291,7.15801,7.4439,7.75228,8.04997,8.32762,8.60354,8.87302,9.07227,9.16187,9.17056,9.09759,8.9772,8.89588,8.87193,8.90099,8.98355,9.11009,9.27878,9.48812,9.68442,9.78993,9.79432,9.71113,9.5171,9.24176,9.03665,8.99779,9.03857,8.9795,8.75108,8.4869,8.32542,8.25491,8.15082,7.90896,7.57777,7.31164,7.19164,7.15196,7.0907,6.99175,6.87743
3.53538,3.70035,4.67297,4.73732,4.63187,4.62988,4.46925,4.90843,4.93855,5.02749,5.29389,5.42488,5.73258,5.42315,5.28031,6.03162,6.45707,6.46119,6.55849,6.68974,6.80623,6.96421,7.21707,7.54861,7.89774,8.22334,8.51223,8.77039,8.98468,9.1141,9.17111,9.19698,9.18481,9.12284,9.03119,8.94777,8.93429,9.01298,9.15823,9.35119,9.58273,9.79164,9.89136,9.87224,9.74418,9.50019,9.22371,9.06174,9.05993,9.09754,9.00855,8.7686,8.49679,8.32573,8.26829,8.19334,7.97426,7.65611,7.41184,7.33423,7.32898,7.26595,7.14923,7.04877
4.42652,4.41909,3.83517,4.60607,4.75007,4.26464,4.91735,4.76729,4.12435,4.92268,4.99716,4.62727,5.52576,6.08849,5.89264,6.15395,6.47691,6.58578,6.68623,6.76943,6.85563,7.00936,7.2852,7.65293,8.03543,8.3851,8.68395,8.91833,9.06667,9.13202,9.16193,9.19451,9.23963,9.25565,9.18415,9.04938,8.95784,8.99079,9.14101,9.36849,9.64004,9.87387,9.98466,9.94248,9.74335,9.44833,9.19621,9.08667,9.11304,9.15663,9.05371,8.78418,8.49976,8.35427,8.33537,8.28392,8.08227,7.79392,7.58088,7.51192,7.48817,7.39221,7.26594,7.18655
4.14632,4.14273,3.59489,3.83062,4.90923,4.98503,4.47039,4.89157,5.26516,5.29974,5.22611,4.89979,4.8716,5.63959,6.33733,6.39252,6.53842,6.6685,6.74628,6.81951,6.90678,7.06232,7.35155,7.74164,8.14399,8.51201,8.82493,9.04351,9.1468,9.16981,9.18652,9.24634,9.34445,9.40487,9.3238,9.12641,8.95968,8.94568,9.10151,9.37267,9.68754,9.94166,10.0471,9.95513,9.67944,9.34228,9.10952,9.07936,9.18367,9.23092,9.09709,8.83186,8.59008,8.46998,8.4251,8.34665,8.17723,7.96782,7.81686,7.73865,7.64798,7.49044,7.33713,7.25343
2.74365,3.33917,4.72357,4.62577,4.15374,5.00967,4.74338,4.29049,5.25731,5.29517,4.29026,4.46603,5.39971,5.54944,5.89608,6.44592,6.60607,6.73985,6.83675,6.90495,6.97963,7.13615,7.422,7.80186,8.20017,8.58058,8.90996,9.12841,9.22024,9.24099,9.27026,9.33288,9.41257,9.45114,9.36047,9.14683,8.9554,8.93408,9.10876,9.4074,9.74039,10.0047,10.0798,9.91343,9.56889,9.21744,9.0464,9.0864,9.20454,9.2581,9.15902,8.93529,8.7184,8.57252,8.4656,8.37553,8.27696,8.17383,8.10356,8.01539,7.83083,7.57638,7.36663,7.27075
3.49015,4.43625,4.32105,3.93109,4.88962,4.76418,4.41561,5.44339,5.89455,5.6591,5.76289,5.58619,5.14386,5.63828,6.21243,6.42155,6.66161,6.84284,6.94737,6.98858,7.04431,7.1935,7.46405,7.82152,8.20981,8.59335,8.93335,9.18518,9.33284,9.40829,9.44649,9.45708,9.46004,9.43705,9.31501,9.11067,8.95161,8.96349,9.17428,9.49948,9.81278,10.0102,10.0267,9.8225,9.45362,9.10745,8.96412,9.03297,9.18634,9.27541,9.21483,9.02855,8.82027,8.67236,8.57962,8.50787,8.45051,8.42912,8.41705,8.30596,8.03518,7.6878,7.42391,7.32345
3.03602,3.36437,3.76466,4.28526,4.33235,4.63085,5.62273,5.37489,4.72111,5.38679,5.8151,5.62053,5.70857,5.88295,6.15122,6.48325,6.74484,6.92094,7.0,7.01208,7.05092,7.20958,7.5029,7.8568,8.22325,8.59297,8.93859,9.22744,9.43073,9.54936,9.59846,9.57232,9.49786,9.38218,9.21505,9.03782,8.94857,9.02918,9.26674,9.56887,9.82826,9.9766,9.95511,9.73096,9.36345,9.02274,8.88032,8.9692,9.16229,9.2932,9.28516,9.15925,8.99664,8.87194,8.78788,8.71075,8.66735,8.6862,8.68569,8.55881,8.26801,7.89381,7.59838,7.47222
3.52936,3.91333,3.514,3.82838,5.20179,5.16319,4.6934,5.54051,6.02269,5.72596,5.57553,5.56183,5.6452,5.86629,6.19019,6.53878,6.82637,6.99199,7.04098,7.03779,7.0782,7.24856,7.55222,7.91827,8.27915,8.61847,8.93594,9.21731,9.44671,9.61248,9.69416,9.65514,9.50781,9.30995,9.12766,9.00224,8.98147,9.10202,9.32898,9.59788,9.82054,9.92946,9.87984,9.64739,9.2996,8.98746,8.86676,8.95201,9.11781,9.25561,9.30022,9.25376,9.19012,9.14923,9.08458,8.97719,8.89482,8.86392,8.85125,8.7785,8.55597,8.20833,7.86821,7.65395
3.68502,3.87769,4.02364,4.43546,4.4209,4.57645,5.45667,5.62059,5.67214,5.79567,5.61993,5.55795,5.63338,5.85073,6.17705,6.54374,6.85475,7.04461,7.1124,7.11214,7.14526,7.30687,7.60449,7.96183,8.3046,8.61579,8.88735,9.11929,9.34348,9.56495,9.72523,9.73814,9.57495,9.33111,9.13617,9.02975,9.01398,9.10605,9.30882,9.56934,9.77776,9.8582,9.78988,9.56258,9.24573,8.99107,8.91193,8.98916,9.11529,9.22434,9.30129,9.35844,9.4107,9.43219,9.36444,9.21245,9.06744,8.99367,8.99588,9.00979,8.88751,8.56928,8.16258,7.82368
3.45271,4.45927,4.56546,4.02427,5.0162,5.21418,4.64966,5.4095,5.94317,5.67625,5.58077,5.54587,5.6278,5.85535,6.1893,6.56456,6.89087,7.09339,7.16825,7.17615,7.21298,7.36975,7.65506,7.98866,8.30061,8.55603,8.74649,8.92567,9.17108,9.47632,9.72745,9.79493,9.63552,9.37216,9.15845,9.03076,8.97546,9.0383,9.23448,9.49056,9.72133,9.82123,9.73202,9.49556,9.20673,9.00041,8.96452,9.04474,9.14991,9.24574,9.34814,9.46444,9.56851,9.61108,9.55182,9.39507,9.22689,9.15603,9.17978,9.21237,9.12607,8.83318,8.41001,8.00312
3.64503,4.68967,4.64745,4.24086,5.05449,5.36673,5.09196,5.51577,5.83829,5.83167,5.78646,5.73295,5.77182,5.95242,6.24649,6.5913,6.89424,7.07888,7.14827,7.17302,7.24293,7.41344,7.68335,7.99991,8.28534,8.48918,8.62049,8.77984,9.06089,9.41905,9.71944,9.8143,9.66686,9.40138,9.14733,8.96475,8.87956,8.92785,9.13197,9.42478,9.70038,9.84416,9.77713,9.53564,9.24245,9.04825,9.03456,9.14082,9.25833,9.35812,9.46441,9.5631,9.63024,9.6674,9.6543,9.56038,9.42067,9.33484,9.33779,9.33946,9.25703,9.05279,8.68953,8.2281
4.01095,3.88613,4.61524,4.72813,4.7318,4.86967,5.17905,5.7135,5.89398,5.99608,5.97986,5.90353,5.89631,6.03398,6.29384,6.60021,6.85332,6.99959,7.05877,7.08538,7.1567,7.33979,7.64626,7.99016,8.26834,8.45527,8.59788,8.78329,9.0593,9.38311,9.65274,9.75131,9.63596,9.37585,9.08703,8.85946,8.75008,8.81992,9.07516,9.43132,9.7618,9.93654,9.88131,9.63691,9.33036,9.13188,9.14017,9.27226,9.41053,9.52333,9.60376,9.65295,9.67876,9.70585,9.72959,9.69968,9.61802,9.5313,9.45973,9.41346,9.38424,9.25772,8.93542,8.47879
3.69826,4.54565,4.47869,3.82574,4.63614,4.95543,4.74143,5.50322,6.07676,6.13051,6.12611,6.05104,6.01834,6.11406,6.32932,6.58116,6.78227,6.88827,6.91693,6.9408,7.03876,7.26254,7.59901,7.96646,8.28793,8.51892,8.67324,8.83737,9.06325,9.30869,9.50467,9.61191,9.57993,9.37225,9.06206,8.78158,8.65092,8.76803,9.10894,9.5285,9.87866,10.0339,9.95556,9.70897,9.415,9.23372,9.25355,9.40294,9.5795,9.70935,9.73871,9.70844,9.70561,9.73969,9.78498,9.79847,9.73273,9.61766,9.51542,9.47022,9.45007,9.34123,9.06017,8.64908
4.14246,4.38508,4.24721,4.07919,4.70571,4.90781,5.3194,5.92811,6.07473,6.24011,6.22561,6.11122,6.04038,6.10883,6.3014,6.52366,6.68719,6.76543,6.79855,6.85308,6.98611,7.23314,7.57775,7.95846,8.30989,8.57324,8.7543,8.91053,9.07593,9.2365,9.35501,9.42879,9.44425,9.32675,9.05435,8.75036,8.6237,8.7851,9.17538,9.64327,9.99178,10.098,9.98407,9.74098,9.49082,9.36278,9.39236,9.54644,9.75675,9.90127,9.91637,9.852,9.79726,9.79549,9.83337,9.81976,9.69492,9.56228,9.49809,9.48058,9.45685,9.34509,9.11145,8.80558
3.7999,3.64419,4.5241,5.07924,5.11503,4.99522,5.32245,5.92385,6.14607,6.28704,6.24246,6.08625,5.99803,6.0714,6.26287,6.46662,6.61343,6.70345,6.76582,6.85258,7.00957,7.24632,7.55578,7.92812,8.30604,8.61129,8.82705,8.98763,9.10748,9.15522,9.15967,9.19141,9.24136,9.2014,8.99139,8.71685,8.61116,8.81765,9.28612,9.80107,10.1252,10.1772,10.0118,9.75209,9.53907,9.45818,9.52785,9.72123,9.95063,10.0977,10.1023,10.022,9.95311,9.90908,9.86498,9.77597,9.64308,9.5497,9.52335,9.50675,9.43977,9.31162,9.14755,8.97565
