public/uploads/wind/vent_json/20200513/wind_field_12.json
{"header": {"parameterUnit": "m.s-1", "parameterNumber": 3, "dx":  0.051, "dy": 0.036, "parameterNumberName": "northward_wind", "la1": 45.3082, "parameterCategory": 2,"nx": 177, "ny": 123, "refTime": "2018-10-03 01:00:00", "lo1":1.38177}, "data":
[rows 56 to 83 of 123, columns 63 to 125 of 177]
-0.824123,-0.948184,-0.957483,-1.20269,-1.11988,-1.01236,-1.25869,-1.25878,-1.66744,-1.98961,-2.14031,-2.14321,-2.46992,-2.17526,-1.63356,-1.42785,-1.32959,-1.57605,-1.15785,-0.778695,-0.800428,-0.865062,-0.779165,-0.834518,-0.660357,-0.457828,0.0561303,0.0610804,0.123917,0.353193,0.827764,1.76967,2.49361,2.24326,1.73891,1.32294,1.08061,0.164702,-1.38326,-2.04168,-2.61473,-2.20253,-2.78128,-3.03105,-2.9826,-3.11375,-3.45514,-2.55083,-2.24825,-1.86518,-1.97422,-1.83981,-1.58787,-1.4782,-1.50928,-1.46698,-1.1878,-0.877001,-0.785965,-0.543555,-0.365534,-0.274494,-0.490332
-1.09975,-1.12371,-1.12542,-1.27874,-1.48818,-1.2981,-1.52282,-1.02663,-1.68777,-1.77264,-1.80132,-2.01991,-2.09598,-1.79123,-1.65114,-1.34821,-1.74854,-1.39966,-1.13999,-0.650177,-0.540104,-0.431752,-0.302991,-0.422973,-0.294462,0.722277,1.24929,1.10151,0.530738,0.774175,0.450501,-0.247152,2.2601,2.82639,2.40315,1.62806,1.04067,-0.376901,-1.58826,-1.89198,-2.66957,-2.17277,-2.73116,-3.29268,-3.53415,-3.4158,-3.04203,-3.26152,-2.21256,-2.03113,-2.06067,-1.86919,-1.58156,-1.32956,-1.28368,-1.20488,-0.988491,-0.523632,-0.252966,-0.176663,-0.127927,0.0454999,-0.116791
-1.25469,-1.04023,-1.03738,-1.32473,-1.48223,-1.42549,-1.37176,-0.832134,-1.19661,-1.80486,-1.65244,-1.54742,-1.59428,-1.77741,-1.73383,-1.48697,-1.75941,-1.1822,-0.842051,-0.644545,-0.330055,-0.0655342,0.183806,-0.15605,-0.244826,1.12295,2.30631,2.36759,1.75251,1.90423,1.34659,1.17209,2.03262,2.44465,2.36052,1.74503,1.04082,-0.468042,-1.27404,-1.67386,-2.28815,-2.47248,-2.25846,-3.23652,-3.4178,-3.51975,-3.35213,-3.58171,-2.35088,-2.32859,-2.33603,-2.01061,-1.77445,-1.40744,-1.23661,-0.901817,-0.781308,-0.443167,-0.0905538,-0.077067,-0.0872911,0.0325204,-0.302426
-1.15274,-1.168,-1.24084,-1.4228,-1.39593,-1.37577,-1.08624,-0.762796,-0.224223,-1.43125,-1.21937,-0.985912,-0.952996,-1.21901,-1.80757,-1.46381,-1.20722,-0.725181,-0.203494,-0.221029,0.169009,-0.0445632,0.205711,0.491045,0.814924,1.75769,2.91334,3.07209,3.30366,2.8743,3.17382,1.90787,2.0452,3.02169,2.0756,1.56791,1.06891,0.0599037,-0.680859,-1.70176,-2.28907,-2.44524,-2.08348,-2.6183,-3.14465,-2.81284,-3.57226,-3.62825,-2.76382,-2.7379,-2.69895,-2.26668,-1.8641,-1.59463,-1.30056,-0.680548,-0.578094,-0.667794,-0.365227,-0.195102,-0.227433,-0.3372,-1.0276
-1.23824,-1.14847,-1.1649,-1.29889,-1.43225,-1.16958,-1.04689,-0.199687,-0.490263,-1.0499,-0.559389,-0.346057,-0.141187,-0.28791,-1.19642,-1.22884,-0.298418,0.120702,0.309024,0.370034,1.19296,1.37374,1.13705,1.13211,1.93912,2.60491,3.06388,2.31951,2.46743,3.3655,3.58479,3.98834,3.87917,2.97909,3.44251,3.20661,2.60354,2.07535,0.729375,-1.19092,-2.07234,-1.7562,-2.44037,-3.02448,-3.35446,-3.242,-3.44978,-3.46788,-3.16989,-2.98162,-2.79429,-2.51037,-1.79035,-1.59254,-1.14926,-0.554712,-0.408765,-0.711172,-0.643513,-0.3349,-0.400269,-0.900244,-1.54833
-1.14723,-0.974419,-0.870323,-1.0779,-1.17818,-0.972491,-0.473679,-0.205788,-0.64846,-0.367159,-0.079633,-0.0803528,0.143339,-0.135309,-0.316526,-1.17118,0.0552201,0.451285,0.499041,0.455812,1.33513,2.2691,2.33505,1.69327,1.70903,2.7522,3.15106,2.26103,1.79551,2.6457,4.05531,4.0542,3.41559,2.95504,3.15227,3.70537,3.42852,0.992263,-0.0432382,-0.887796,-1.31267,-1.83662,-2.47297,-3.1975,-3.42128,-3.52328,-3.5584,-2.67746,-2.90655,-3.07952,-2.96972,-2.22805,-1.82634,-1.32563,-0.955163,-0.635991,-0.495576,-0.668493,-0.602483,-0.406114,-0.726478,-1.43359,-1.81689
-0.903018,-0.727029,-0.629612,-0.713553,-0.879183,-0.679106,0.133536,-0.190081,0.121167,0.43166,0.547832,0.352644,0.357209,0.226543,-1.07833,-1.88245,-1.66853,-1.4866,-1.62176,-1.45461,-0.702124,1.69546,2.53127,1.95516,1.38297,1.11603,1.98601,2.53892,1.8275,1.89472,3.14394,3.78385,3.32976,2.45369,2.7944,2.74584,1.29662,-0.477352,-0.174232,-0.121221,-0.516508,-1.77009,-2.10894,-2.40322,-3.19853,-2.87164,-3.29699,-3.00057,-2.59988,-3.22267,-2.80846,-2.03826,-1.91152,-1.31138,-1.1009,-0.909322,-0.843729,-0.833858,-0.777581,-0.872321,-1.22581,-1.58857,-1.68156
-0.700922,-0.489215,-0.32685,-0.352865,-0.477685,-0.110349,0.187186,0.461169,0.508898,0.742863,0.950448,0.866035,0.765526,1.03581,-0.851568,-1.49137,-1.72205,-1.812,-1.91729,-1.93777,-1.54227,0.961794,2.81278,2.47652,1.36085,0.956962,2.06278,2.85994,2.84532,2.30421,2.05464,2.06068,2.15578,1.47147,1.28892,2.72189,1.69431,0.989073,0.0686239,-0.574147,-0.862545,-0.456059,-1.40943,-1.78808,-2.5645,-2.67455,-2.83053,-3.50838,-3.29338,-2.90082,-2.39261,-2.26673,-1.85118,-1.59989,-1.25206,-1.15374,-1.37067,-1.52739,-1.51139,-1.42598,-1.3626,-1.31616,-1.33407
-0.462422,-0.203174,-0.0172975,0.232052,0.242263,0.545938,0.433832,0.865527,1.09373,1.45453,1.57419,1.57478,1.49145,1.8842,0.213478,-0.277781,-0.586215,-0.433003,-0.541524,-1.03372,-1.19386,-0.430186,0.999424,0.859833,0.202879,0.433768,0.73282,0.808644,1.1088,1.789,1.74946,1.02361,0.063771,-0.226995,-0.86808,-0.265965,0.567458,0.429531,0.679812,0.388743,-0.260464,0.0982418,-0.891287,-1.84904,-2.12264,-2.43152,-3.00526,-3.30293,-3.34058,-2.60964,-2.59859,-2.00645,-1.73405,-1.47857,-1.27435,-1.49868,-2.07581,-2.23021,-1.97615,-1.4532,-1.10154,-1.1052,-1.23835
-0.112897,0.187681,0.496985,0.737021,1.22109,1.46611,1.16405,1.14582,1.92612,2.24949,2.27549,1.91587,1.46633,2.20394,1.06413,0.751607,0.406178,0.487208,1.01133,0.359053,-0.922881,-1.0749,-1.20063,-1.0902,-1.19325,-1.55303,-1.48434,-0.85947,-0.45095,-0.156163,0.330573,0.954709,0.555472,0.0570685,-0.751337,-1.10396,-0.909399,0.297634,1.81777,1.55928,0.554822,0.0617335,-0.788531,-1.6244,-2.05106,-2.28637,-2.98933,-3.19886,-2.80793,-2.99449,-2.38569,-1.61181,-1.4257,-1.25649,-1.54499,-2.01348,-2.41465,-2.25852,-1.79334,-1.20318,-0.928953,-1.05357,-1.25349
0.342092,0.47845,0.791511,1.54243,2.78941,2.31672,1.92035,1.20512,0.643481,0.184626,-0.754218,-1.22577,-1.31173,-0.413872,-0.478723,-0.00308336,0.19445,-0.153785,0.138626,0.317304,-0.0138457,-0.193563,-0.249353,-0.360183,-0.885029,-1.58208,-1.75878,-1.09253,-0.455742,0.00497966,-0.00397657,0.451493,0.906707,0.69933,0.4973,0.51967,0.720198,0.649865,0.486126,1.09709,0.716434,0.516847,0.226812,-0.578149,-1.78042,-2.32019,-2.51806,-2.63057,-3.09515,-2.66437,-1.81026,-1.62883,-1.28326,-1.48426,-1.7613,-2.06822,-1.97289,-1.79142,-1.3954,-0.972337,-0.908142,-1.08015,-1.23044
0.494863,1.65969,1.88621,1.10293,3.25916,3.13708,2.04106,-0.177346,-1.44253,-2.2972,-2.67317,-2.21605,-1.59729,-1.36271,-1.31214,-1.19936,-1.28303,-1.57708,-1.36164,-0.470541,0.089812,0.294267,0.312612,0.165215,-0.368237,-0.713983,-0.83005,-0.708604,-0.00577244,0.0351425,-0.0400103,-0.0037986,0.878758,1.30347,1.21162,0.996215,0.526598,0.271516,-0.232728,0.129247,1.53841,2.44683,1.8787,0.348674,-1.01953,-1.83245,-2.51983,-2.34703,-2.93514,-2.11679,-1.85843,-1.66767,-1.5265,-1.57927,-1.46017,-1.27401,-1.2029,-1.27298,-1.11606,-1.01514,-1.10042,-1.41544,-1.52293
0.931028,1.48483,0.379841,0.0428562,1.61241,1.67473,-0.259809,0.161341,0.804391,0.67759,0.83348,0.0808369,-0.0193237,-0.332101,-0.92105,-1.18585,-1.15389,-1.04808,-0.681018,-0.176696,-0.21447,-0.443205,-0.439935,-0.779218,-0.170187,0.107248,-0.44819,-0.465751,-0.337805,-0.442233,-0.446108,-0.464254,0.138828,0.388575,1.08466,1.34139,0.785569,0.659327,-0.0533436,-0.0745869,1.70522,2.03302,1.04705,-0.432962,-1.43557,-1.15052,-2.36385,-2.98903,-2.4696,-2.43491,-1.75155,-1.4399,-1.51875,-1.40316,-1.17064,-0.840337,-0.849594,-0.925972,-0.916135,-1.10334,-1.26217,-1.589,-1.74819
-0.203996,-0.701858,-0.44913,-0.185411,-0.501438,-0.619595,0.134918,0.117327,1.46565,1.51942,2.14439,0.876288,-0.287931,-0.709647,-1.08412,-0.917593,-0.82023,-0.766916,-0.300049,0.89462,1.20367,0.688689,-0.127554,-0.36972,0.266323,0.30202,-0.0944823,0.0588007,0.540456,0.540404,0.112132,0.360569,0.232118,0.21022,0.675555,0.841551,1.5759,1.63674,1.45575,1.81372,2.27502,1.33293,-0.444368,-1.11589,-1.75101,-1.99839,-1.77215,-3.37283,-2.60696,-2.59823,-1.43557,-1.32222,-1.30363,-1.32541,-1.23197,-1.04905,-0.860557,-0.743157,-0.730873,-0.934373,-1.17544,-1.3527,-1.49262
-1.14835,-0.50109,-0.239483,-0.259397,-0.0500534,0.161353,-0.0509987,0.842715,2.29238,1.91313,1.97849,0.655112,-0.188979,-0.418239,-0.442792,-0.565931,-0.51805,-0.113897,-0.149394,1.24596,2.71864,2.38741,1.62932,0.960287,1.09427,1.26791,0.96821,0.561104,1.20366,1.68077,1.47305,1.23291,1.19053,1.55793,1.71632,1.61232,1.45759,1.553,2.14155,2.32462,2.59892,1.23006,0.223921,-0.349286,-0.553994,-0.968972,-0.525353,-2.33954,-2.61948,-2.41921,-1.68763,-1.37052,-1.21426,-1.17282,-1.11324,-0.954783,-0.741308,-0.579644,-0.601701,-0.762297,-0.988049,-1.12567,-1.17082
0.0337972,-0.619313,-0.696455,-0.53844,-0.46936,-0.547952,-0.0481726,1.05602,1.41185,0.0776435,0.0823929,-0.0895529,-0.0811605,-0.299891,0.192258,0.285196,0.143395,-0.303407,-0.971972,-1.41499,-0.70415,0.661343,0.438137,0.0280075,-0.0214661,0.31795,1.27158,1.44493,1.27068,1.85203,2.38846,1.82218,1.54634,2.20454,2.30014,2.37578,2.79732,2.36389,2.38109,2.64461,1.8087,0.751368,0.420879,0.386418,0.604491,0.245646,0.46187,-1.35252,-1.72861,-1.79355,-2.27813,-1.49705,-1.19001,-0.879237,-0.89678,-0.734279,-0.611877,-0.5388,-0.534458,-0.662539,-0.775997,-0.838565,-0.89802
-1.26193,-1.14022,-0.853845,-0.635668,-0.531246,-0.146809,-0.0798024,-0.302408,-0.311693,0.248755,0.265792,0.141059,-0.0782345,-0.0988093,0.35745,0.362562,0.202774,-0.143563,-0.780208,-1.75784,-1.91262,-1.69721,-1.45042,-1.15849,-1.06782,-0.773393,0.481094,1.26051,1.18753,1.29794,1.14308,1.7134,1.73602,2.18295,2.9503,3.32807,2.5238,2.30961,2.29487,2.13667,1.31967,1.22655,1.09871,1.07987,1.49193,1.1437,-0.179695,-0.995632,-1.22256,-1.54895,-1.82852,-1.80276,-1.34492,-0.867771,-0.895607,-0.830999,-0.621138,-0.582173,-0.526354,-0.544453,-0.57887,-0.611324,-0.689596
-1.03899,-0.954409,-0.746404,-0.619071,-0.55107,-0.497992,-0.436254,-0.158853,0.114669,0.0659065,-0.0473901,-0.142934,-0.298746,-0.273598,-0.438729,-0.639326,-0.885473,-0.824327,-0.936615,-1.20495,-1.01947,-0.553031,-0.581206,-0.939805,-0.688471,0.0115736,0.363768,0.452536,0.54903,0.899779,1.56227,1.84401,1.60848,1.76394,2.51223,3.60656,3.73147,3.34147,3.11605,2.36943,1.97709,1.65287,1.46751,1.58949,1.98463,1.87651,0.587701,-0.450102,-0.695255,-0.24908,-0.319966,-0.977353,-1.37798,-1.29295,-1.11355,-1.13762,-0.847861,-0.626847,-0.568452,-0.463788,-0.417604,-0.439279,-0.51606
-0.190914,-0.317927,-0.310852,-0.221343,-0.365678,-0.286744,-0.21278,-0.333753,-0.292955,0.202498,0.292012,0.0703298,0.304127,0.34869,0.0758762,-0.486089,-0.952256,-1.03617,-0.592527,-0.0242271,0.252394,-0.153512,-0.84398,-1.0973,-0.787901,-0.246317,0.195356,-0.0390627,-0.433214,-0.273294,0.320393,0.193496,-0.0309342,-0.1558,0.157163,1.17355,2.64662,3.84934,3.59219,4.01146,3.26084,2.75197,2.68014,3.06606,2.8496,1.93388,1.80911,1.73814,0.695141,0.323946,0.361106,-0.0113371,-0.49083,-1.10382,-1.3478,-1.20945,-1.00564,-0.726606,-0.615339,-0.502178,-0.36835,-0.354777,-0.413218
-0.26891,-0.551407,-0.320951,0.0933476,0.161562,-0.285315,-0.406851,-0.378766,-0.287081,-0.936319,-1.34241,-1.10537,-0.826663,-0.815225,-0.861142,-0.913295,-0.542635,-0.0940293,0.101303,0.380484,0.868481,0.446587,-0.332296,-0.843627,-0.694024,-0.352029,-0.0655076,-0.0710936,-0.131197,-0.0522162,-0.586813,-1.13849,-1.20679,-0.910522,-0.67552,-0.0938255,1.31463,2.44278,3.22659,2.87159,4.24375,3.66333,3.81558,3.70561,3.46759,3.57945,3.3201,2.87688,2.055,1.11351,1.12832,0.772049,0.492349,-0.0396757,-0.66046,-0.847991,-0.956039,-0.811455,-0.637284,-0.618159,-0.521225,-0.461948,-0.450662
0.0308748,0.0317234,0.105829,0.0102473,-0.253859,-0.840001,-1.01871,-1.10735,-1.52878,-1.20651,-0.736564,-0.0626571,-0.0324944,-0.275591,-0.478454,-0.460443,0.0128286,0.352275,-0.0610453,-0.230119,0.394879,1.05782,0.691429,-0.0217174,-0.16027,-0.0821886,0.254352,0.244971,0.331888,0.0620483,-0.423885,-1.21907,-1.35585,-0.939537,-0.154463,0.671318,1.20683,1.79937,1.82266,1.34716,2.45884,4.01768,4.08417,3.73945,3.248,3.1338,3.41122,3.34138,3.33752,2.7376,2.26541,1.40447,1.06683,1.11071,0.736517,-0.0338756,-0.0402387,-0.180837,-0.383154,-0.624409,-0.799034,-0.816289,-0.736494
0.197488,0.256843,-0.384506,-0.893296,-1.3047,-1.38753,-1.48968,-1.29091,-0.952026,-0.188331,0.487576,1.64982,2.152,1.88689,1.32876,1.20324,1.31869,1.49217,1.36264,0.967072,0.791793,1.14335,0.997622,0.51935,0.47876,0.654447,0.487337,0.133595,-0.219417,-0.653734,-0.867442,-0.980688,-1.21131,-1.00737,0.0709875,1.23947,1.1625,0.729678,0.387284,0.442968,0.822992,1.43852,2.25967,2.30236,2.30505,3.74692,3.85163,3.92485,3.83657,4.05611,2.58311,1.42937,0.953331,1.67983,1.76129,1.40035,0.880343,0.793971,0.436709,-0.0726507,-0.599117,-0.996468,-1.05712
0.961544,0.324033,-0.444504,-0.915631,-0.912889,-0.820014,-0.807465,-0.729808,-0.725348,-0.271471,-0.153529,-0.121836,0.023142,0.43392,0.758025,0.495748,0.908275,1.86393,2.26008,2.04675,1.8779,1.92324,1.748,1.34106,0.829241,0.877762,0.791522,0.58853,0.166895,-0.640144,-1.3471,-0.991242,-0.915183,-1.20228,-0.470437,0.0423358,-1.37955,-2.60084,-1.58635,-0.334422,0.164436,0.311406,-0.118945,-0.571271,-0.86165,3.91682,3.76749,2.97185,3.38452,3.53749,2.74582,2.70368,2.47581,2.20015,2.28656,2.49641,2.07229,2.01894,1.89494,1.64704,0.658306,-0.390024,-0.681675
0.749715,0.597551,0.280462,-0.339097,-0.433075,-0.462598,-0.331756,-0.501195,-0.169068,-0.338828,-0.56791,-1.13193,-1.54426,-1.06895,-0.703914,-1.11226,-1.61572,-1.00624,-0.0258385,0.551392,0.893805,1.83849,2.34564,2.12205,1.38527,0.771061,0.510318,0.309316,-0.280909,-1.30826,-2.27682,-1.78207,-1.67722,-2.57604,-2.86929,-3.28016,-3.36078,-3.36019,-2.96675,-1.69613,-0.71764,-0.715117,-1.58674,-1.72046,-2.61934,0.61643,0.985866,1.10876,2.6311,3.76562,3.57261,3.21178,3.24212,3.16212,1.65922,1.81864,2.25418,2.33153,2.42542,1.88,1.05235,0.245781,-0.127615
0.57938,0.294724,-0.0681144,-0.299758,-0.227721,-0.278106,-0.491468,-0.252645,-0.371027,-0.12162,0.149192,0.362583,0.372172,0.392324,0.101585,-0.353755,-1.04945,-1.05446,-0.351975,0.493141,0.789246,1.30138,1.95576,2.58964,1.92518,1.24816,0.806463,0.483851,-0.216252,-1.07797,-2.02862,-2.12795,-2.13706,-2.93913,-3.98145,-3.70992,-2.90173,-1.73089,-2.11629,-2.48199,-2.15053,-1.05072,-0.0105223,0.173652,-0.384828,-0.234765,1.20067,2.53371,3.51538,4.15642,4.03175,3.73909,4.10422,2.64595,1.13205,2.04571,3.09646,3.52788,2.71432,0.439114,0.308125,0.254058,-0.0352095
1.14629,0.31249,-0.215502,-0.280776,-0.382699,-0.250668,-0.346989,-0.278465,-0.0385424,0.403032,0.823245,1.86585,2.05928,1.67788,1.06191,0.498536,0.385161,0.96031,1.31774,1.87024,2.30443,2.20875,2.34174,2.29387,2.63779,1.72945,1.22387,0.887041,0.286312,-0.106963,-0.97315,-1.6063,-1.42774,-2.17128,-2.62011,-2.75068,-2.74863,-2.15907,-1.4811,-1.34536,-2.61355,-1.07991,1.07584,0.900752,0.875291,1.37296,2.39107,2.59818,2.58418,2.75255,3.31995,3.52014,2.82921,2.72862,2.35652,2.65532,3.14979,4.2566,3.06124,0.779216,0.831694,0.715167,0.355233
1.15661,0.347075,-0.0963954,-0.214551,-0.269921,-0.157088,-0.0804304,-0.0726424,0.251589,0.118296,-0.504142,-0.135122,2.40776,2.82651,2.03006,1.38701,1.552,2.44199,2.87376,2.81337,2.66655,2.77827,3.18296,3.07742,2.49723,2.15167,1.46645,1.24845,0.828037,-0.348029,-0.473486,-0.495026,-0.672731,-1.21442,-1.44925,-1.29798,-2.01192,-1.40503,-0.698607,-0.60535,-1.05857,-0.216382,1.23767,1.22944,1.46441,1.62537,1.85899,2.06265,1.47436,1.34166,2.92587,3.39545,2.27404,2.06948,2.75461,3.51518,3.72487,3.96181,3.16071,2.70216,0.820394,-0.368683,0.287321
1.73595,0.387749,-0.338867,-0.356398,-0.139684,-0.156638,-0.168505,0.229103,0.144118,-0.541132,-1.27779,-1.90835,-0.152231,2.0239,2.44579,1.76262,0.700835,0.493,3.06998,3.01756,2.37151,2.26581,2.8682,3.37049,3.32098,2.68368,1.89213,1.30416,-0.0588727,-1.24869,-0.56865,0.0993218,-0.39488,-1.28428,-1.64198,-1.79133,-1.55796,-1.16421,-1.56624,-0.845674,1.77024,1.09689,1.68941,2.36662,2.55095,2.37735,2.31085,2.62349,2.47875,2.56896,3.40698,3.7523,3.12,1.82579,1.10885,2.75114,4.00107,3.49863,3.51335,3.27623,0.300349,-0.214502,0.486798
