public/uploads/wind/vent_json/20200513/wind_field_03.json
{"header": {"parameterUnit": "m.s-1", "parameterNumber": 2, "dx": 0.051, "dy": 0.036, "parameterNumberName": "eastward_wind", "la1": 45.3082, "parameterCategory": 2,"nx": 177, "ny": 123, "refTime": "2018-09-30 00:00:00", "lo1":1.38177}, "data":
[rows 84 to 111 of 123, columns 64 to 127 of 177]
2.94528,3.45348,2.57704,1.91386,2.46689,2.3727,0.795247,-0.59341,-1.74085,-2.16745,-3.82385,-5.14051,-4.98276,-4.5448,-1.74636,1.34276,2.95655,1.39091,0.929472,0.491933,-1.20949,-1.57331,0.326798,1.12926,-1.48097,-3.07979,-0.789789,0.522384,-0.738148,-2.97665,-4.04949,-2.30343,-0.452842,-0.725941,-1.38476,-0.785388,0.672861,2.42582,2.77902,2.96802,2.94617,1.73907,-1.59907,-2.25133,-0.0835471,0.00858906,0.867772,0.954021,-0.764157,-0.564172,1.75614,1.37554,0.892262,3.00179,3.09037,0.887684,0.434514,-2.55427,-2.09927,0.986564,0.286423,-0.165014,1.48566,3.07013
3.78718,2.94813,2.34076,2.33079,2.60125,2.55309,1.81529,-0.794479,-2.75191,-3.19435,-4.2977,-4.74141,-3.90906,-3.57086,-1.35673,0.182764,-0.57124,-0.923626,0.15324,-0.341422,-0.538,0.397638,1.40151,2.04501,1.12853,-0.567974,-1.06841,-1.45944,-1.1583,-2.36036,-3.87068,-3.59108,-2.1584,-1.14919,-0.505946,0.378422,0.564554,0.0131571,0.242387,3.41606,6.58011,5.46294,-0.499324,-0.556373,3.10479,2.63522,1.7714,0.746759,-0.657197,0.824802,0.61568,-0.00581903,1.25471,3.5502,5.15063,3.73197,2.05578,-0.185567,-2.22528,0.032356,0.567917,0.666804,1.73619,1.86356
2.86727,2.2269,2.47193,3.28983,3.41983,2.56191,1.035,-1.7006,-2.59834,-2.31117,-3.6309,-3.12575,-1.11498,-0.512021,-0.750625,-2.27293,-2.98852,-2.12309,-0.918033,-1.77621,-1.94212,0.419983,2.75409,4.7254,4.34989,1.71196,-0.125965,0.350243,-0.562856,-0.858485,-1.80002,-4.01722,-4.12844,-2.33605,0.0825364,1.44407,0.143213,-2.79304,-1.75622,3.9626,7.73981,6.58067,-0.0480688,-3.12682,1.47463,3.12627,1.02575,-0.851169,-0.931952,1.80336,1.35924,0.223426,2.01374,4.79381,7.0998,5.38617,2.15169,-0.43369,-0.979486,1.35949,1.07396,-0.727982,-0.849853,-0.389464
1.75712,2.06991,2.27883,1.97629,1.70811,0.697954,-0.835148,-1.53912,-1.79116,-3.60321,-4.39523,-2.67082,0.935942,2.27521,-0.746273,-4.07993,-3.44081,-2.13295,-0.891583,-1.27854,-1.51366,1.45518,3.4701,4.50076,3.95882,0.658362,-1.20862,1.06942,1.51096,-0.0523617,0.205238,-1.62626,-4.08325,-3.67177,-0.735962,0.711498,0.295574,-2.80253,-2.39702,4.49524,7.73544,5.64156,0.757932,-2.13972,1.56684,5.17617,2.58111,-2.14557,-1.46621,2.54578,3.66803,3.2447,3.96504,5.62816,6.98927,5.91132,2.5595,-1.71416,-0.444992,2.38561,1.88586,0.175647,-0.00138927,0.0449888
2.44038,1.58513,1.81824,1.21422,0.797308,-1.16956,-2.2418,-1.7873,-3.08966,-4.8803,-4.86033,-1.24726,2.27044,2.80503,-2.1777,-4.66132,-3.15816,-0.821502,0.177823,0.231601,0.583263,2.8061,3.9141,3.42536,1.29497,-0.74239,-2.52962,-1.13173,0.75479,1.06476,0.345949,-0.725601,-2.309,-3.45681,-3.93865,-0.984919,1.2546,-0.942801,-1.8152,3.35587,5.59428,4.76901,4.34589,2.34388,1.53959,5.57659,3.28292,-3.62836,-2.93519,1.4621,4.33216,5.67832,6.35434,5.18267,4.78763,4.4465,0.139701,-3.49538,0.0765392,2.87538,2.95219,3.1354,3.05763,1.93501
1.79651,0.379079,0.0853845,1.23837,0.782639,-1.42227,-2.86955,-2.4342,-2.69771,-5.45067,-4.45121,-1.93277,0.192288,-0.125651,-3.13478,-3.80432,-1.85435,-0.37487,-0.436667,-2.296,-0.738506,3.32415,4.57171,1.71544,-1.37708,-2.2521,-2.21013,-2.08674,-0.502246,1.11169,0.242649,-0.778806,-0.219306,-1.21249,-4.05011,-3.15201,1.38258,1.89005,-1.60433,-0.0679955,2.45006,4.49424,8.05588,5.81398,0.158723,1.55082,4.25094,3.51183,2.7315,4.73736,4.96503,5.08993,5.0497,3.52913,2.50183,2.29002,-0.415289,-2.40892,-0.760233,0.620852,2.93154,4.32514,4.25327,2.98682
1.5802,-0.356282,-0.0668189,1.28466,-0.00187847,-0.992681,-1.46548,-2.15692,-3.3052,-4.21891,-3.58744,-3.29386,-3.72295,-2.6872,-2.22788,-3.1026,-2.57253,-0.692508,0.0178248,-1.90503,-1.00048,3.7071,4.67152,1.25249,-2.30688,-3.44399,-3.51839,-3.41371,-1.68477,1.03559,0.544055,-0.683465,0.26646,-0.612745,-3.11783,-2.75499,1.82387,2.48924,-2.30206,-2.1591,0.63864,6.47975,10.3806,6.26117,-3.09342,0.822591,6.59411,6.29109,4.83398,5.36822,5.28128,4.41516,3.46255,2.06522,1.34013,1.13015,-2.10766,-1.38133,0.199394,0.136592,1.8784,2.89347,2.14685,1.49499
0.580507,-0.796065,-0.434074,-0.20889,-0.912101,-0.774496,0.184817,-1.0963,-4.34276,-4.35095,-3.42854,-4.01451,-4.76258,-2.96319,-1.69376,-3.30498,-2.77014,0.0950761,1.4974,1.06007,1.30005,3.4397,3.45865,0.136711,-2.1283,-3.32758,-4.17747,-4.64686,-3.55022,0.308207,1.26783,0.117788,0.0353181,-3.15925,-4.7497,-2.74155,2.0651,1.92237,-3.76705,-3.43894,1.39298,7.51507,10.3851,5.48381,1.38337,4.90664,7.29336,5.81444,3.63334,3.17943,3.44447,2.95723,2.11559,0.52981,0.298705,0.123249,-0.969845,0.529916,1.2435,0.682398,1.47232,1.78366,1.12514,0.645159
0.26917,-0.340598,-0.858093,-0.859343,-1.67443,-1.28033,-0.166325,-2.2018,-5.36598,-5.07633,-2.4006,-1.37072,-4.13333,-4.68057,-3.81252,-3.35662,-2.60372,-0.0314994,1.6217,3.15557,3.44874,3.05122,2.06706,-0.0457922,-2.71975,-3.18415,-3.60429,-4.12333,-3.91911,-1.47632,0.658573,2.12914,0.687478,-3.4506,-4.74823,-1.38677,1.96411,1.9257,-1.72714,-2.95258,0.596569,5.80181,8.14099,6.575,7.89058,8.74037,6.53933,2.81919,1.80869,1.52573,1.44147,1.5406,1.16012,0.413077,-0.111693,-0.123014,0.471721,1.8708,1.84849,1.43251,1.89835,1.58497,0.726632,0.40786
-0.155844,-1.00368,-1.01663,-0.577603,-1.08998,-0.968576,-0.953719,-3.75283,-5.37392,-4.37021,-2.00137,-3.60318,-5.49391,-4.40791,-2.20117,-1.80488,-2.44751,-1.76484,0.353499,2.99674,3.46357,0.958337,0.426569,-0.0287791,-1.72433,-3.26965,-2.94727,-2.75691,-2.64012,-1.74845,-0.155399,1.43109,-0.955923,-3.9187,-2.81584,-1.63463,0.542646,1.45115,-1.14606,-2.79246,-1.68913,3.19174,6.17404,8.57371,10.7985,10.1679,5.33027,3.84659,3.24607,2.2483,1.85072,1.87315,2.16522,2.74348,1.82907,-0.105709,0.331303,1.80131,1.96505,2.20674,1.21561,1.2362,0.508053,0.364286
-0.267282,-1.72185,-1.69712,-0.299958,-0.0701633,-0.165867,-1.92571,-4.18647,-3.51367,-0.685874,-2.32823,-5.31195,-5.06123,-2.81736,-1.39953,-2.09632,-2.805,-3.09568,-1.29313,2.4755,2.70322,-1.24758,-1.49887,0.986634,0.301882,-2.54882,-3.6183,-2.03954,0.498746,1.098,0.155816,-1.03204,-3.77907,-2.8581,0.0308608,-0.86257,-1.35104,0.0318867,-0.506095,-2.3194,-2.62151,0.453622,4.35708,8.53451,9.988,11.6238,9.58337,8.70709,7.29868,4.29559,3.37304,2.96145,2.62966,2.8355,2.23731,0.498404,0.218584,1.08957,2.04459,2.88802,2.35983,1.21295,0.791794,0.965032
-0.351886,-2.20697,-1.84785,-1.03815,-0.885992,-1.61279,-4.49012,-4.96731,-1.72962,0.520176,-2.23655,-3.82531,-2.93676,-3.04902,-3.62219,-2.61415,-2.18049,-1.95869,0.0879609,2.66701,1.07959,-3.56953,-3.49394,0.867548,2.49738,0.974969,-2.23646,-1.59645,2.56378,2.07393,0.0488698,-1.21577,-2.65964,-2.60834,-1.97169,-2.7417,-2.28307,-0.936941,0.993611,1.32928,-1.27128,-1.23735,3.71318,7.60677,10.3093,11.8676,9.35397,6.84657,6.01095,4.84741,3.62673,2.768,2.30591,2.31026,1.86285,0.793245,0.269948,0.78048,2.1374,2.49909,2.44193,2.02819,1.44105,-0.253036
-0.479229,-2.79826,-2.57564,-1.64737,-2.35454,-3.27575,-5.77353,-4.73283,-1.65447,-0.48359,-2.29543,-1.95143,-0.552668,-1.4466,-3.68339,-3.3006,-3.42181,-2.58633,1.03053,3.49306,1.31639,-3.23517,-4.04727,-0.464156,2.39596,3.56171,0.35266,-1.202,1.12746,0.712627,-0.324008,-0.246864,-2.66747,-4.41955,-3.95769,-3.806,-4.08197,-0.777752,2.91821,3.99463,0.0825753,-1.35534,3.98547,8.82523,10.9067,10.7396,4.29278,2.196,2.67724,2.9492,3.18898,3.01139,3.1421,3.2954,1.86558,1.35731,1.20936,1.11642,1.76759,2.26054,2.20603,2.24142,1.37746,-1.83739
-0.316909,-3.23646,-3.3353,-2.62575,-3.0302,-4.22372,-4.88198,-4.19789,-3.36322,-3.1369,-3.01591,-0.255852,1.54784,-0.093831,-2.82757,-3.29904,-3.40152,-3.14557,0.86579,3.92769,1.23252,-1.50252,-3.23303,-2.66312,1.03459,5.04056,3.9653,-0.46017,-0.364204,0.973066,1.13019,0.554694,-2.08983,-3.13515,-2.27766,-2.45087,-3.58629,-2.16263,1.27246,3.91071,-0.234757,-2.71577,4.69361,9.12134,11.2086,9.28252,3.4311,-2.00203,-0.758896,1.11299,0.968351,0.600523,2.59405,3.51709,2.45075,1.20396,1.50667,1.89434,1.57118,2.19309,1.88285,2.17129,1.55292,-2.34139
-0.684231,-2.90665,-3.92979,-3.59536,-3.76876,-4.16123,-4.06164,-3.94865,-3.68434,-3.08616,-1.80059,-0.855261,-1.18356,-1.96251,-2.57394,-2.27996,-1.95183,-2.6732,-0.0129563,2.79402,0.324394,-1.32717,-2.16783,-2.29199,0.551523,3.47743,3.22744,1.00904,0.156375,-0.746809,-1.44708,-0.76014,0.151279,0.362564,-0.257864,-2.97908,-4.86183,-4.03243,-0.545306,0.862571,-1.25952,-3.14205,2.29854,9.08981,10.2015,11.2332,6.02548,-1.26797,-1.92295,0.384636,0.522651,0.93812,3.41001,4.16343,3.12699,2.1262,2.49016,3.2454,2.88263,2.30139,1.69385,1.83831,1.78726,-1.5723
-0.749255,-0.965552,-1.70294,-2.58019,-2.93774,-4.19704,-4.79968,-3.70051,-2.58302,-3.58576,-1.40841,0.0227341,-3.55534,-2.05049,1.35581,0.908523,-2.30132,-3.21811,-0.633939,0.939226,-0.784617,-1.23675,-0.672305,-0.656627,0.0933625,1.80502,2.32362,1.36448,-0.995037,-2.8636,-2.73804,-0.735924,0.899494,1.54189,2.30549,0.203189,-4.44391,-3.68347,-1.73634,-4.31149,-2.58853,-1.48849,1.25209,6.85533,11.2456,11.2831,6.61583,0.439595,0.252147,2.80997,3.04757,2.73863,3.28867,3.71141,3.39443,2.68268,2.87569,3.06046,2.75199,2.2914,1.88663,1.87552,2.42527,-0.15285
0.236871,0.210291,-0.312144,-0.568551,-1.88648,-3.54467,-4.25349,-3.2645,-3.18015,-3.56253,0.0891029,0.474295,-3.81629,-1.30742,1.75122,-1.04565,-4.11742,-4.11603,-1.27689,-0.638277,-2.114,-1.356,-1.44865,-1.32752,0.29414,1.3152,2.92251,2.72309,-1.57643,-4.59625,-3.43182,0.4056,2.27341,3.05438,4.16865,3.36008,-1.03596,-2.68372,-1.62372,-4.26644,-2.41237,-0.361172,0.206053,4.8974,11.5673,10.5104,6.22002,2.6416,3.40837,3.77555,3.71386,2.94095,2.34939,3.0247,3.59544,3.57789,3.7332,3.23827,2.61435,2.22472,1.20691,0.841307,1.42581,1.66231
1.24559,0.148787,-1.50316,-1.53855,-1.16558,-1.35664,-1.70466,-2.33293,-3.89494,-3.18201,0.651434,-0.558879,-3.01419,0.620293,0.939261,-3.37285,-4.5608,-4.30087,-2.62315,-2.23275,-3.5231,-3.1003,-3.54603,-3.07326,0.77203,2.94718,4.56406,3.6065,-1.5615,-4.83819,-4.43996,-0.815772,1.37464,4.14701,4.87458,3.78203,2.37268,0.337349,-1.96489,-3.34406,-1.61014,-1.43067,-1.71026,3.73056,10.5797,9.38217,6.91546,6.43705,6.36771,3.89927,3.41915,2.36169,2.30423,2.73005,3.42937,3.98747,4.01381,2.96311,2.5851,2.16074,0.628717,-0.64909,-1.77661,0.69159
2.35272,1.43709,-2.21088,-2.6683,-0.681422,0.360622,0.28074,-0.480147,-2.02869,-1.29245,-0.412213,-2.90473,-1.59392,1.47539,0.0794019,-3.14316,-3.83769,-4.0754,-3.27275,-2.60347,-3.33711,-3.40094,-2.73717,-1.79563,0.511317,2.90993,3.9322,0.243258,-2.67405,-2.40492,-3.01297,-3.5403,-0.969776,3.28393,4.5809,4.03843,4.96268,1.80715,-2.80914,-3.59992,-1.96981,-2.00709,-1.37303,3.34707,8.42642,9.49876,9.32696,10.5021,7.25028,3.08139,1.07315,1.17661,2.74865,2.55206,3.11869,2.56673,3.17867,2.58417,2.45608,1.09642,-0.360114,-1.50488,-1.7886,-0.186539
0.669799,0.0815496,-2.61596,-2.94987,0.633854,2.0542,1.24738,-0.128057,-2.30811,-3.21543,-2.56768,-3.14208,-1.13885,0.0150324,-2.32502,-2.06289,-2.3676,-4.03944,-3.26366,-1.47374,-2.28138,-3.48193,-0.347017,1.18579,1.07081,2.58911,1.31886,-2.59166,-3.57674,-1.42527,-1.08165,-3.31393,-0.668374,5.0698,6.39181,5.91836,5.4947,0.382599,-3.23402,0.666175,0.242634,-2.17149,-0.996004,2.51651,7.25517,9.64673,11.3365,12.171,5.61335,1.00823,0.844445,1.68024,3.42405,3.75621,3.25872,2.72589,2.35345,2.08318,1.21364,-0.61263,-1.7243,-1.80369,-1.13092,-0.0724582
0.656476,-0.0700649,-1.3852,-1.31458,1.20568,1.38984,-1.04545,-2.54179,-2.97292,-3.76225,-2.73057,-1.42648,-0.388849,-0.846699,-3.76624,-2.24956,-0.99028,-2.38438,-1.64095,0.128466,-0.849827,-3.26765,-0.562022,2.43322,2.53413,1.95693,-1.5484,-4.70881,-4.70462,-1.54332,-1.84109,-4.48031,-0.0824674,6.20027,7.34983,5.93927,2.58294,-3.56671,-2.67408,2.7551,3.3191,-1.29189,-0.442072,3.40991,7.66867,9.69697,11.9349,9.53361,5.82955,1.06855,0.881096,2.09717,3.69238,3.16981,2.34827,1.55525,1.8265,2.0175,0.233969,-2.11535,-2.93572,-2.59924,-1.68642,-0.514257
2.48907,1.08933,-0.104445,-0.133051,0.477964,-0.406967,-2.74093,-3.00233,-2.4853,-2.84133,-2.22515,-0.917259,-0.658841,-2.43372,-4.66113,-3.0721,1.34921,1.95405,1.8466,1.26158,-0.801417,-3.0612,-0.444511,2.47922,0.77761,-1.18584,-3.29609,-3.94703,-3.54087,-4.03703,-3.72814,-4.33544,2.01275,7.40517,7.29017,4.9846,-0.96442,-5.30415,-1.28602,1.93886,2.57256,1.31511,2.52134,3.29836,5.0754,9.91329,12.2388,6.54077,-0.805843,-0.76216,1.38429,2.60754,1.95503,1.63875,1.31223,1.07249,1.93237,2.12345,0.63597,-1.6352,-3.03745,-2.84076,-1.80214,-0.637258
2.10169,1.5846,0.824635,-0.0103421,-0.206585,-2.0182,-4.1163,-4.10513,-2.80637,-1.97377,-1.87386,-1.59353,-2.00108,-3.16669,-4.835,-3.25945,1.20286,3.66443,2.74335,0.722419,-0.791287,-1.40023,0.17676,0.0762981,-1.69737,-3.61211,-3.28694,-1.83323,-1.24843,-2.01186,-2.42226,-2.12254,4.04389,8.29434,7.40496,2.21201,-1.77593,-4.63378,-2.37757,0.218825,1.00179,2.30523,5.079,5.29252,6.05006,9.53554,12.5998,6.60684,-1.57233,-1.61622,0.720499,0.709593,0.78142,1.36369,1.0615,0.949818,1.87894,1.39131,-0.380097,-2.07414,-3.06164,-2.43553,-1.87223,-1.48661
1.79734,2.05168,1.97249,0.976139,-0.0855866,-2.44991,-4.14295,-4.55835,-3.88187,-2.63735,-2.29624,-2.25388,-2.35048,-3.42748,-4.48019,-3.27916,0.695927,3.69983,2.99535,0.0267733,-0.478633,0.0904075,-1.29656,-3.12436,-3.07991,-2.98523,-2.84926,-1.55479,-0.694127,1.28791,1.98903,1.80014,5.51517,8.80564,7.00919,1.34197,1.12151,1.22447,-2.26875,-1.60336,0.056398,0.983454,3.39179,6.2734,7.3917,9.46401,12.4919,9.65876,3.5198,-1.34356,-0.32574,0.630769,0.656448,0.662216,0.968052,1.33047,1.2514,0.081949,-1.13867,-1.80612,-2.21823,-2.15673,-2.08815,-1.68015
2.92561,3.55676,2.57479,1.12796,-0.485778,-2.92001,-3.9228,-4.35367,-4.63017,-4.32516,-3.79827,-3.69458,-2.35792,-1.14965,-3.78049,-3.9723,-0.504944,2.93109,3.28004,0.171095,-0.699179,-0.602638,-2.42688,-3.05464,-1.48125,-1.48378,-1.71565,-0.784064,-0.104966,1.38972,2.92464,2.95112,6.4779,8.8423,7.2208,4.17694,5.32963,5.29185,-0.71534,-2.59204,0.991331,0.885468,2.55697,5.49175,9.92136,11.1809,12.5446,8.30238,3.75049,-0.477092,0.467678,1.30209,0.355736,0.31836,1.05027,1.0327,-0.0456293,-0.408327,-0.535045,-2.03768,-2.68149,-1.8083,-1.25483,-0.899661
3.75422,4.62848,3.25253,1.25884,-0.741823,-2.79617,-3.70528,-3.93498,-4.57986,-4.20106,-3.17067,-3.42402,-2.74366,-0.31326,-3.0114,-4.48371,-0.790421,2.84315,3.08471,0.017356,-2.59903,-2.72916,-3.24676,-2.62971,-0.571395,-2.14632,-2.2883,1.57734,2.34286,0.0683717,-0.624813,-0.730144,2.74803,7.71567,7.95365,7.47354,6.18968,3.34821,-0.0468296,0.949324,2.3699,1.26035,0.423357,4.76936,10.4524,13.4487,11.4233,3.56232,-1.22751,-0.969889,0.0760491,0.087038,0.491401,0.577124,0.450235,-0.274473,-0.915553,-0.0594873,-0.0628588,-1.31804,-2.28194,-1.88231,-1.31781,-0.306159
4.17047,4.67752,3.97644,1.76385,-1.19828,-2.68083,-3.07104,-3.66592,-4.53558,-4.32523,-2.59473,-2.27488,-2.23162,-0.431423,-2.5747,-4.83604,-1.57731,2.935,3.20763,0.0552618,-2.6743,-2.81357,-3.07455,-2.78936,-2.56313,-3.09425,-1.10259,0.989618,-1.41652,-2.62101,0.940281,4.09322,6.32655,8.13263,7.72013,5.53779,1.43581,2.72798,2.00851,3.92083,6.32253,3.59467,0.596414,4.82198,10.1185,13.8671,12.3072,2.68205,-1.1013,0.0906993,-0.140846,-0.107913,1.23695,0.908272,-0.167996,-0.774902,-1.22166,-0.721046,-0.500348,-1.47796,-1.78294,-1.347,-1.17083,-0.213397
3.60891,4.46875,4.12275,1.56004,-1.29021,-2.7655,-2.67347,-2.30214,-3.80855,-4.17398,-2.04662,-0.933655,-1.59907,-1.61911,-3.07308,-4.65685,-2.68836,1.12844,3.36969,0.689927,-1.22958,-2.18513,-3.08891,-3.43467,-2.00268,-1.20997,0.463011,0.101963,-2.77128,-0.976385,3.96228,7.29209,8.42054,7.00601,5.00161,1.85636,3.25501,4.38995,5.14593,4.51024,6.96745,3.30518,0.850315,4.82784,9.15318,13.5707,12.627,6.48177,2.23378,3.14292,2.14412,1.17136,1.81005,0.90422,-0.407728,-1.13503,-1.71859,-0.952129,-1.05735,-1.60405,-0.903442,-0.631134,-0.670329,-0.466713
