public/uploads/wind/vent_json/20200513/wind_field_01.json
{"header": {"parameterUnit": "m.s-1", "parameterNumber": 3, "dx":  0.051, "dy": 0.036, "parameterNumberName": "northward_wind", "la1": 45.3082, "parameterCategory": 2,"nx": 177, "ny": 123, "refTime": "2018-10-03 01:00:00", "lo1":1.38177}, "data":
[rows 28 to 55 of 123, columns 0 to 62 of 177]
-0.576268,-0.798252,-1.37622,-1.44358,-0.844368,-0.145323,-1.73263,-1.82019,0.2272,2.78789,2.70705,0.38693,0.394596,0.498683,1.35236,2.45487,3.71772,3.89232,3.21748,2.38536,1.90433,1.22412,-0.0765278,-0.199356,-0.585826,-1.78582,-1.97102,0.433074,1.7994,2.13515,1.64215,0.656829,-0.10439,-0.513385,-0.593678,-0.360982,0.0120692,0.292575,0.135115,-0.431657,-0.85476,-0.555013,0.924727,1.05758,1.13259,0.67744,1.30441,1.30745,1.10549,0.616055,-0.198636,-0.581682,-0.301446,0.123967,0.0813435,0.0651843,0.061759,-0.144318,-0.0446909,-0.322775,0.034132,-1.19407,-0.795789
-0.480337,-1.91096,-2.65529,-3.18114,-2.32232,-1.54936,-2.43432,-2.77205,-1.46867,0.943164,0.582978,-0.755373,-0.515571,0.00996623,0.634248,-1.401,-2.60985,-0.162004,1.63262,1.8956,0.80014,-0.297307,-0.454406,0.283524,-0.193142,-0.427976,-0.249657,-0.348207,0.296631,1.1134,0.913191,0.766828,0.681493,0.0284917,-0.0996555,0.0140572,-0.0504108,0.0134003,-0.105065,-0.641493,-0.588912,-0.311168,-0.509904,-0.17305,0.184193,0.23013,0.0970827,-0.322561,-0.589439,-0.68568,-0.721669,-0.698532,-0.757949,-0.324348,-0.520699,-0.608442,-0.475999,-0.945571,-0.692912,-1.15241,-0.355381,-1.51821,-1.15869
-1.27841,-3.01779,-3.71521,-4.06955,-4.1998,-3.58491,-2.55375,-2.49575,-1.47682,0.196182,-0.121997,-0.765646,-0.991957,-0.919893,-0.687445,-1.52449,-3.88761,-2.98673,-0.53138,0.800307,-1.1481,-3.29212,-2.66294,-0.444549,0.81926,1.08301,1.7809,1.11479,0.0362589,-0.111829,-0.0461898,0.275015,0.609734,0.740343,0.340366,-0.12403,-0.792901,-0.71839,0.206672,0.19064,0.0401335,0.0346983,-0.026165,0.218095,0.163463,-0.350948,-0.929736,-0.600255,-0.241805,-0.128542,-0.0545767,0.0897316,-0.168986,-0.349917,-0.290467,-0.518617,-0.561164,-0.953262,-1.29172,-1.48991,-1.5043,-1.89743,-2.09676
-5.05428,-4.52309,-4.82681,-4.58927,-4.53148,-4.25138,-3.84467,-3.2569,-1.33755,0.667866,1.28471,0.438716,-1.19301,-1.04226,-1.24848,0.931558,1.3343,1.04307,1.41969,-0.290077,-2.4467,-1.25607,-1.54445,-0.909958,0.114892,0.900223,1.11313,0.263315,-0.173059,-0.288023,0.229985,0.0904271,0.563431,-0.0153506,-0.595214,-1.00829,-1.46848,-1.51733,-0.816743,-0.472786,-0.326345,-0.048172,0.324282,0.391034,0.367418,-0.282257,0.162492,0.647071,0.906476,0.885835,0.748897,0.637384,0.264493,0.25022,0.265753,-0.416199,-0.665209,-0.823935,-1.5768,-1.54231,-1.98273,-1.58342,-2.26932
-7.69455,-6.10866,-5.29021,-5.14145,-5.01808,-4.05875,-4.01301,-3.05006,-2.01428,0.0762269,1.83248,0.600557,-1.27556,-2.43444,-3.21953,0.564868,4.11136,3.81408,1.55916,-2.58048,-1.25611,2.72814,1.86661,0.13032,-1.04778,-0.88013,-0.803724,-1.1708,-1.26923,-0.179193,1.16501,0.998146,-0.193078,-0.937424,-0.971208,-0.939649,-0.764787,-0.829064,-0.822781,-0.649548,-0.427856,-0.00845302,0.221622,0.370845,0.580387,0.527876,0.534697,0.469604,0.435407,0.621101,0.546127,0.740005,0.521325,0.669397,0.112803,-0.924527,-0.781709,-1.50645,-1.75791,-2.15409,-2.16267,-1.93659,-2.09662
-8.12883,-6.00908,-5.12544,-4.64772,-4.51014,-3.45296,-2.74585,-1.11955,-0.336229,-1.15372,-0.792375,-1.27977,-1.90605,-2.9253,-3.41659,-0.103364,2.89398,3.08436,0.581203,-0.822397,0.63111,2.41508,2.08534,-0.141104,-1.31653,-1.50231,-1.17881,-1.25009,-0.431737,-0.147566,1.07714,0.667359,-0.461722,-0.245031,0.0650107,-0.16781,-0.287884,-0.0355825,0.233808,0.18789,-0.0545649,-0.141773,0.0253281,0.184411,0.23506,0.708488,0.946641,0.840328,0.687742,0.716656,0.876567,0.922975,0.984689,0.000928776,-0.453648,-1.45458,-1.20093,-2.09473,-1.97039,-2.01948,-1.7831,-1.66431,-1.42911
-6.21615,-4.38179,-4.1937,-3.7564,-3.63469,-3.46906,-3.56734,-4.05368,-3.68877,-2.7509,-0.238447,0.314388,0.538933,0.0834813,-0.248575,0.140225,0.482074,1.16184,2.14533,2.73364,1.74769,1.04836,1.14881,-0.160049,-0.315282,-0.456036,-0.802756,-0.357791,0.172681,0.0972476,-0.488167,-0.46065,-0.571425,-0.0185424,-0.183628,-0.408906,-0.560381,-0.51757,-0.119034,0.243907,0.190954,0.141156,0.0670451,0.0146422,0.284527,0.481015,0.548798,0.241099,0.0574489,0.0518185,0.448335,0.392161,0.16554,-1.21653,-1.90488,-2.18724,-1.96206,-2.07427,-1.66848,-1.32222,-1.22445,-1.0628,-0.913787
-3.3787,-3.28477,-2.92009,-3.10021,-3.32868,-3.66968,-4.94306,-5.1208,-4.65023,-2.91444,1.83529,3.18222,3.36669,4.55321,3.54598,1.64744,0.598411,0.353596,1.64962,2.61849,1.2235,-1.54284,-1.28121,-1.81562,-0.628529,-0.483768,-0.945522,-0.780142,-0.818593,-0.880341,-1.42082,-0.725736,-0.0666477,-1.19652,-1.4954,-0.903131,-0.656789,-0.963277,-0.771333,0.0779133,0.376096,0.384762,0.48441,0.406216,0.37972,0.270585,0.176177,0.409743,0.405241,0.624839,-0.298293,-0.837864,-1.63349,-1.89973,-2.19121,-1.60344,-1.32444,-1.14633,-0.902403,-0.796283,-0.764695,-0.654953,-0.792036
-2.53261,-3.33627,-3.2019,-3.02163,-3.56956,-3.58999,-3.0487,-2.16714,-1.60487,-2.1267,-0.959937,0.186825,0.211618,3.21038,3.30024,1.05051,-0.377346,-2.10243,-1.11233,0.0753868,-1.54214,-3.96247,-3.30696,-3.14844,-1.62332,-2.04964,-1.27579,-1.34941,-1.57113,-1.41258,-0.927801,0.0144432,-0.866681,-3.6242,-1.92285,-0.895226,-0.575503,-1.05827,-1.48008,-0.767314,0.139444,0.359869,0.479019,0.566822,0.674426,0.823173,0.694659,0.742772,0.69461,0.137611,-1.44209,-2.36824,-2.3715,-1.91102,-1.45804,-1.13883,-1.02836,-0.921471,-0.909821,-0.848484,-0.849175,-0.711794,-0.838218
-2.87179,-3.19791,-2.99621,-3.40094,-3.81454,-4.49072,-4.84213,-4.56726,-4.57384,-5.01325,-4.80059,-4.83955,-5.58494,-4.21628,-2.4901,-2.03542,-2.70098,-3.16772,-3.03829,-3.3446,-3.61194,-3.12701,-1.15838,-0.819423,-1.25746,-2.32794,-1.34705,-0.678707,-1.42085,-1.13897,-0.320235,-1.21595,-2.02209,-2.01173,-1.42551,-0.746314,-0.697932,-1.00168,-1.78969,-1.56441,-0.397805,0.125257,0.26047,0.346124,0.77404,0.809302,0.725694,0.341588,0.296158,-1.67096,-2.22857,-2.29142,-1.39949,-1.07724,-0.856651,-0.946458,-1.02457,-1.00026,-0.928062,-0.892013,-0.771777,-1.10848,-0.975406
-2.18509,-3.21152,-2.97793,-2.81094,-3.54811,-4.78181,-6.20781,-6.65339,-6.22261,-5.4334,-4.45479,-4.1527,-4.28503,-3.02775,-2.49064,-3.1398,-3.68501,-3.68359,-3.72971,-3.7125,-3.01302,-0.315262,0.913562,0.574778,-0.120719,-0.720115,-0.465291,-0.494803,-1.3035,-1.145,-1.24027,-1.0964,0.101624,-0.657672,-0.820516,-0.633126,-0.728895,-0.584189,-1.33196,-1.52522,-0.646167,0.322997,0.91834,0.933496,0.756131,-0.554387,-0.801584,-1.21853,-1.26966,-2.43065,-1.86921,-1.23678,-0.669968,-0.576779,-0.568345,-0.727037,-0.961562,-1.02097,-0.763932,-1.11441,-0.957852,-2.58207,-2.53947
-4.14958,-4.02192,-3.74322,-3.17885,-2.72141,-1.93925,-3.3808,-4.35025,-5.52716,-5.71543,-4.55762,-2.46397,-0.874963,-0.672494,-1.90366,-3.6499,-4.91919,-3.83802,-1.92116,-0.593139,-0.110115,-1.60111,-2.04751,-1.87839,-0.843604,-0.207773,-0.306259,-1.2244,-1.64486,-1.41982,-1.97922,0.303748,0.747953,0.162723,-0.522171,-0.564714,-0.967644,-0.284535,0.177287,0.0660561,-0.938971,-0.668197,-0.068691,1.17592,-0.797147,-1.55502,-1.94865,-2.33344,-1.71304,-1.75275,-1.31057,-0.9919,-0.803541,-0.399914,-0.302522,-0.50715,-0.537962,-0.990678,-0.856727,-2.63894,-2.54553,-3.79794,-4.21288
-5.77937,-4.93294,-4.93469,-4.36912,-3.58196,-0.733391,1.87944,-0.410613,-3.59734,-6.0075,-7.51779,-6.29056,-4.80982,-4.38839,-4.83546,-4.75365,-3.91915,-1.92599,1.02362,3.1541,2.21905,-0.652039,-2.64525,-2.983,-2.1899,-2.40121,-2.70726,-4.08401,-3.68254,-2.89382,-2.12665,-0.783177,0.027743,0.69204,-0.127659,-0.179472,-0.350001,-0.473085,-0.285305,-0.533149,-1.40225,-1.37732,-1.12719,-1.04986,-1.98746,-1.22393,-1.21016,-1.92349,-1.17189,-0.926371,-0.812909,-0.757626,-0.632252,-0.412813,-0.151625,-0.591375,-0.54577,-2.44964,-2.36282,-3.75922,-4.18867,-3.6583,-4.10644
-6.06827,-5.9477,-5.21846,-4.82149,-4.37849,-1.7949,1.75744,3.15273,2.0087,-1.1412,-4.2461,-5.7745,-5.2616,-4.34741,-4.41815,-4.40236,-3.95027,-2.25241,-0.578544,1.52355,3.51948,2.76401,0.860064,-0.0245489,0.153646,-1.17756,-2.9259,-3.81218,-3.60686,-2.22433,0.158959,0.0803357,0.160431,0.335664,-0.0876649,0.331508,0.258358,-0.84338,-1.64123,-1.76589,-1.1984,-0.0417046,-0.496681,-1.81259,-1.14467,-1.02109,-1.06196,-1.79963,-1.13042,-0.784803,-0.576316,-0.286044,-0.0153941,-0.267015,0.110969,-1.90779,-2.02659,-3.7354,-3.94959,-3.59492,-4.09786,-4.03039,-3.90815
-5.92591,-5.63088,-4.96325,-4.7823,-4.03508,-3.54734,-0.135726,1.68461,4.13818,4.95213,3.70688,0.753023,-0.202571,0.318183,0.78921,-0.118065,-3.92112,-5.7895,-4.86317,-2.968,0.400018,3.71954,4.43577,4.47219,4.23345,2.31257,0.209047,-0.379244,-0.429826,-0.509078,1.09637,1.34962,0.568035,-0.73799,-0.948843,-0.876512,-1.365,-1.62877,-1.2026,-0.702502,-0.490826,-1.0079,-1.18669,-0.78807,-0.888083,-1.29297,-1.40647,-1.28174,-0.428575,-0.285099,-0.334935,-0.0986238,-0.192108,-0.746345,-0.710451,-3.72288,-3.85523,-3.45545,-4.62648,-4.35336,-3.46983,-4.04826,-4.43824
-4.58718,-4.68269,-3.8403,-3.93069,-3.20775,-3.69521,-2.84885,-2.12653,0.864246,5.9469,7.61237,7.73471,6.88312,5.21975,4.4441,4.64413,0.0744469,-3.28407,-3.16808,-2.54034,-1.70316,0.27073,2.87026,3.42423,3.2825,3.32623,3.45463,3.74557,3.52299,3.25793,2.65389,1.73289,0.345571,-1.24524,-1.70351,-1.87535,-1.80176,-1.31272,-0.759321,-0.447702,-0.350504,-1.68869,-1.23599,-0.776481,-1.53685,-1.87271,-1.43145,-0.648605,0.0117393,0.097211,-0.16619,0.0683015,-1.77782,-2.23171,-2.62473,-4.25373,-4.88386,-3.74526,-4.44077,-4.35056,-3.86363,-3.41268,-4.5995
-1.98429,-1.83203,-2.4317,-3.08916,-3.33272,-3.79254,-5.24446,-5.17855,-3.08716,1.69167,5.11053,5.51806,5.17837,4.59007,4.85355,5.43952,5.54313,4.61785,3.34255,1.86031,0.81618,-0.615572,-1.42168,-1.54251,-0.324113,1.24915,3.43638,3.93537,3.69257,3.42718,2.45463,0.863758,-0.308475,-1.39193,-1.52293,-1.32588,-1.34677,-0.786484,-1.29092,-0.766202,-1.13932,-1.40498,-0.955919,-1.16967,-1.6722,-1.59213,-0.678263,-0.141499,-0.0212363,-0.171258,-0.981348,-0.764984,-3.96298,-3.72613,-4.41508,-4.18987,-4.71774,-4.66748,-3.53021,-3.94479,-4.85439,-4.0213,-4.73922
-0.719531,-0.378885,-0.557399,-1.25847,-1.6649,-2.53182,-4.07604,-4.411,-2.83286,0.277897,2.97792,2.57649,0.172786,-0.326856,0.720415,2.46594,4.72296,6.88236,5.78778,4.06791,2.82739,1.22824,-0.102662,-0.637563,-0.589746,-0.878007,-0.192889,0.0765451,0.531453,0.721981,0.312689,0.289091,-0.975547,-1.53482,-1.52038,-1.51874,-1.65101,-1.20399,-1.60338,-0.938529,-1.58828,-2.54643,-1.6551,-2.09238,-1.52221,-0.902934,-0.156077,-0.0893087,-0.641365,-0.596752,-2.94589,-2.8607,-4.80912,-5.02031,-5.04253,-4.80774,-4.05698,-4.67365,-3.60503,-4.94857,-4.9447,-5.0358,-4.73085
1.64825,1.68748,1.86474,1.10434,0.342553,-0.163945,-0.925078,-1.12923,-0.9817,0.924604,2.69523,0.170044,-3.968,-4.67989,-3.78599,-1.96057,0.320634,2.54855,4.00249,3.81115,3.46643,2.40494,1.53919,1.05295,-0.0736828,-0.850214,-1.08564,-0.63316,0.171485,0.608344,0.470403,-0.267679,-1.24095,-1.43483,-1.75678,-2.07352,-2.00285,-1.93168,-1.12478,-1.35945,-1.68724,-2.60338,-2.58446,-2.45394,-2.31522,-1.3382,-0.814148,-0.85943,-1.40602,-1.64221,-4.56413,-4.54628,-4.52453,-5.02857,-4.82388,-4.89396,-4.68581,-3.98347,-4.16064,-5.04483,-4.3779,-4.49403,-4.44484
3.17495,3.76501,3.7794,3.44632,2.93585,2.51218,2.59504,1.71867,0.507538,0.146309,1.00434,-2.49252,-4.15195,-3.23386,-1.62404,-0.952383,-0.369687,-0.194921,-0.596467,1.13597,3.07789,3.3156,2.54277,1.09823,0.164402,-0.468679,-0.424421,-0.313219,-0.0618219,0.255964,-0.101149,-1.10176,-1.34726,-1.53047,-2.27184,-2.81813,-2.49627,-2.99307,-1.38043,-1.80971,-2.0657,-2.17552,-2.95434,-2.02713,-2.5742,-1.69142,-1.55122,-1.75107,-1.78873,-3.79427,-4.92291,-5.30085,-5.14416,-4.14492,-5.1063,-3.84031,-4.81666,-3.84105,-4.19569,-4.63973,-4.43466,-3.42476,-3.87515
4.13361,4.56278,5.09734,4.78426,4.83067,4.53097,5.27974,4.77693,2.91234,0.898441,1.26209,0.26986,0.95276,1.01928,0.457482,-1.57005,-2.55033,-3.03856,-3.63788,-3.00117,-1.41054,1.1381,0.975505,0.425959,0.0853251,-0.00118216,0.115996,-0.234182,-0.279421,-0.292479,-0.974514,-1.43172,-1.3979,-2.15991,-3.24733,-3.14701,-2.5212,-3.54486,-2.05175,-2.84321,-3.03653,-2.98836,-3.18877,-2.26375,-2.00634,-1.74135,-2.10796,-2.28217,-2.58563,-5.00605,-4.6327,-5.22481,-5.14157,-4.64256,-4.97237,-3.6876,-4.0403,-4.24663,-4.46471,-4.46555,-4.24965,-3.45729,-3.60307
5.74609,5.26936,5.48173,5.41788,5.13939,4.79883,5.62062,5.02233,4.60212,3.48093,4.01902,4.52998,4.62631,2.45521,-0.0419316,-1.97407,-1.65908,-0.654719,-0.547377,-1.19606,-1.45483,-1.27005,-1.78943,-1.47796,-0.750279,-0.0985103,0.0960095,0.173512,-0.00835759,-0.665499,-1.23455,-1.29353,-1.78221,-3.03454,-3.83073,-2.81665,-2.8556,-3.41036,-1.87954,-3.27266,-3.42735,-3.36743,-3.13866,-2.57868,-1.98222,-2.0858,-2.4177,-2.50093,-4.19988,-5.2029,-4.7357,-4.92728,-4.26545,-4.96986,-4.11333,-4.5743,-4.40191,-4.76634,-4.47454,-4.02481,-3.79815,-3.60896,-3.6373
6.52099,5.80938,6.01388,5.55062,4.81297,4.60139,4.54429,4.32492,3.80192,2.16729,3.50871,4.83763,4.89612,4.25236,2.90662,2.05805,2.08213,2.40964,2.6859,2.71323,1.55955,-0.184074,-1.31622,-1.68036,-1.67293,-0.796084,-0.241637,0.161075,0.327442,-0.227126,-0.709529,-1.19172,-2.24109,-3.36918,-3.82465,-2.53417,-3.85765,-2.66755,-1.5871,-2.93183,-3.5631,-3.06942,-2.55029,-2.60946,-2.48915,-2.4932,-2.5123,-3.0243,-4.94461,-5.11456,-5.1665,-5.22523,-4.78033,-4.31174,-3.78502,-4.481,-4.55433,-4.44603,-4.19026,-3.89893,-3.41653,-3.02018,-3.17472
7.0451,6.27311,5.98479,5.56568,4.85313,4.12789,4.07243,4.45788,3.3616,1.37377,1.93042,3.56513,3.89894,5.02663,4.70966,4.13929,3.34044,2.56807,2.06483,1.5772,0.959417,0.0837786,-0.170115,-0.911083,-1.74476,-1.14434,-0.261913,0.306736,0.358593,0.405658,-0.70337,-1.77332,-2.71561,-3.2633,-3.26947,-2.47437,-3.6573,-2.22698,-2.06455,-3.56255,-3.86252,-3.76099,-2.87861,-2.64842,-2.84197,-2.93149,-2.76455,-4.26544,-4.99525,-4.29255,-4.6525,-4.91683,-4.7204,-4.37376,-4.28577,-3.45943,-4.18314,-3.97246,-3.85254,-3.67384,-2.60158,-2.65729,-2.92529
6.5549,5.85627,5.73529,5.28279,5.08545,4.35027,4.52327,4.61356,4.41801,3.64876,3.15025,3.57661,3.57773,3.96369,3.71291,2.99499,0.742234,-0.946158,-1.92278,-2.17571,-2.49439,-2.64705,-2.51761,-1.81348,-1.75327,-1.71651,-1.81871,-1.48196,-0.223843,-0.0340709,-1.72668,-2.51484,-3.11765,-3.18966,-2.91567,-2.59683,-2.38667,-2.33001,-2.4294,-4.25085,-3.63924,-4.05094,-3.47719,-2.65805,-2.68842,-2.80491,-3.09121,-4.58976,-4.94963,-3.90117,-3.8961,-4.49678,-3.53291,-4.03353,-4.10801,-3.59815,-4.04868,-3.7584,-2.79614,-3.13941,-2.53955,-2.27872,-2.57641
5.64858,5.39314,5.37259,5.35122,5.30885,4.89416,5.17313,4.6374,4.06793,3.34756,2.87791,3.31968,3.56371,3.739,2.67246,0.988932,-1.23154,-2.06543,-2.13501,-2.10602,-2.58902,-3.09304,-2.82106,-2.00976,-2.28418,-1.87788,-2.84259,-2.95554,-1.74,-1.11297,-2.46812,-2.91091,-3.26281,-3.21115,-2.98024,-2.50559,-2.16343,-3.18718,-2.45298,-4.46003,-3.63845,-3.25946,-3.15699,-2.43805,-2.18016,-2.22294,-3.68906,-3.83679,-4.10372,-4.08641,-3.84103,-3.9778,-3.38776,-2.81769,-3.75977,-4.02383,-3.1142,-3.17336,-2.25259,-2.45911,-2.38739,-1.83847,-1.9371
4.72283,4.83274,4.96128,5.15312,5.37941,5.51533,5.35284,4.77425,3.38826,2.30308,3.02572,3.21022,3.01515,3.87651,4.17095,3.67595,2.06232,2.13311,1.77,0.430576,-0.970627,-0.532281,-0.354576,-1.54235,-0.778972,-0.387887,-1.05603,-1.39542,-1.0036,-1.17939,-2.14667,-2.84554,-3.02658,-3.08081,-2.76438,-2.18732,-2.30838,-3.81737,-2.50958,-4.07743,-3.73705,-2.72796,-2.79686,-1.84418,-1.93562,-2.30812,-4.27846,-3.78379,-3.50335,-3.80959,-3.90867,-2.65052,-3.83444,-2.74743,-3.80767,-3.81855,-2.68807,-2.89244,-2.21969,-2.25115,-1.63146,-1.25563,-1.28348
3.21425,3.68918,4.27831,4.71594,4.87848,4.9956,4.4982,4.27842,4.00874,3.77201,4.10694,3.08111,1.28266,1.39363,3.1513,3.78753,4.39351,4.28927,3.48162,2.10716,0.727525,0.593696,1.12952,-0.0168463,1.04009,2.90293,1.87693,0.423785,-0.312503,-0.775385,-1.78668,-2.67927,-2.71772,-2.74774,-2.33861,-1.82894,-2.10403,-3.11157,-2.62717,-3.33814,-3.56497,-2.66272,-2.98504,-1.61082,-3.23786,-3.25549,-4.25073,-4.12548,-3.67819,-3.11512,-3.54177,-2.57915,-3.76997,-3.74645,-3.32938,-3.49426,-2.81843,-2.21488,-1.94805,-1.98545,-1.51818,-0.825309,-0.573784
