public/uploads/wind/vent_json/20200513/wind_field_14.json
{"header": {"parameterUnit": "m.s-1", "parameterNumber": 2, "dx": 0.051, "dy": 0.036, "parameterNumberName": "eastward_wind", "la1": 45.3082, "parameterCategory": 2,"nx": 177, "ny": 123, "refTime": "2018-09-30 00:00:00", "lo1":1.38177}, "data":
[rows 0 to 27 of 123, columns 0 to 62 of 177]
0.647194,1.54398,2.49028,3.09663,3.35843,3.44732,3.57003,3.74303,3.87295,3.98845,4.28762,4.45312,4.18096,3.44053,2.70396,2.63532,3.47096,4.51445,5.1562,5.45899,5.54878,5.55104,5.45034,5.36605,5.28626,5.19881,5.17024,5.22573,5.35592,5.50585,5.59825,5.60982,5.57876,5.51764,5.37116,5.22966,5.17159,5.15658,5.12651,4.99917,4.7054,4.40637,4.2722,4.33284,4.45085,4.51406,4.52732,4.43875,4.20913,3.84862,3.38484,2.86607,2.37777,1.96956,1.64246,1.49787,1.48359,1.49715,1.52371,1.53169,1.4152,1.06412,0.756596
1.11919,2.25721,3.0189,3.79318,4.0249,4.0086,4.09038,4.36984,4.78102,4.85851,4.9237,5.10867,5.19039,4.49694,3.69487,3.65772,4.09915,4.78048,5.10507,5.14486,5.28054,5.39314,5.40152,5.38449,5.30056,5.12244,5.20809,5.45862,5.37773,5.25575,5.3179,5.37666,5.41222,5.40306,5.46345,5.50958,5.35499,5.2128,5.20274,5.15211,4.92016,4.76187,4.60361,4.478,4.55902,4.57307,4.55726,4.35346,3.83639,3.63887,3.85586,3.89399,3.63004,3.31094,3.06226,2.88535,2.79829,2.77077,2.75251,2.71636,2.60711,2.06054,1.54527
1.47697,2.80793,3.62839,4.06826,4.18337,4.35242,4.46273,4.73714,5.0654,5.00151,4.94915,5.10566,5.20451,4.53609,4.03795,4.26382,4.23479,4.38021,4.78399,5.05221,5.24785,5.41211,5.453,5.42726,5.35983,5.20401,5.08032,5.10722,5.17486,5.24755,5.31871,5.36841,5.64268,5.90462,5.83842,5.69203,5.31539,4.93142,4.83235,4.99172,5.07281,4.66909,4.23687,4.17023,4.22784,4.18294,4.23691,4.23364,3.75197,3.36599,3.59431,4.01252,4.04984,3.83233,3.43146,2.76029,2.64381,3.10141,3.26331,3.16175,2.81934,2.02504,1.74983
2.0942,3.10441,3.46915,3.65529,3.91022,4.16598,4.38419,4.47784,4.86038,5.34433,5.19158,5.19895,5.56447,5.49387,5.37827,4.97097,4.80925,5.61113,5.95514,5.42363,5.39291,5.83458,5.92311,5.91866,5.57508,5.37225,5.9486,6.11724,5.84482,6.15883,6.26002,5.9571,6.01525,5.78742,5.31811,5.0891,5.23991,5.53127,5.11064,4.84379,5.31134,5.46171,5.01636,4.50235,4.46015,4.57203,4.55491,4.6426,4.41448,4.06132,4.23609,4.49308,4.40857,4.33766,4.0584,3.65084,3.76198,3.9354,3.78134,3.44562,2.81332,2.25156,2.36831
2.83559,3.5892,3.8891,4.21571,4.67003,4.78532,4.91658,5.19944,5.30531,5.46658,5.54118,5.55255,5.64737,5.79932,5.80752,6.00665,6.11685,5.55766,5.95137,6.35964,6.26427,6.39954,6.15637,5.72293,6.1026,6.32109,5.69123,6.14784,6.35919,5.97696,6.20514,6.21538,6.36124,6.57408,6.51123,6.41332,5.32679,4.74199,5.53761,5.00746,4.23821,5.09348,4.94663,3.71541,3.07547,2.96767,2.98118,3.37812,4.32636,4.21809,3.31098,3.04646,2.92694,2.90147,2.92505,2.79349,2.74092,2.65132,2.5938,2.39195,2.5861,3.41262,3.18243
3.45959,3.89829,4.12771,3.8832,3.81001,4.91822,4.94858,4.68077,5.4659,5.80749,5.83051,5.82913,5.88004,5.85031,6.10231,6.38181,5.9658,6.09749,6.27764,5.89676,6.20782,6.36977,5.83841,6.07299,6.33175,5.95552,6.15252,6.50903,6.53474,6.46612,6.60819,6.58857,6.54996,5.94009,5.33191,5.98651,6.36613,5.95414,5.57463,5.85729,5.69048,4.85703,5.10999,4.97524,4.16563,4.00981,3.78449,4.09119,4.21478,4.01188,4.20095,4.15136,4.11502,3.95255,3.9993,4.066,4.08684,3.81796,3.07344,2.57794,2.25731,2.53412,2.64051
4.71853,4.79142,4.01152,3.9655,4.78169,4.94635,4.74931,5.39128,5.76003,5.94178,5.94143,6.16492,6.50274,6.51066,6.44442,6.14112,6.34734,6.46842,6.08238,6.26129,6.50709,6.40458,6.3045,6.4127,6.49086,6.44906,6.50144,6.58749,6.61783,6.64418,6.68051,6.60929,6.63302,6.64778,6.43481,6.47669,6.54016,6.60789,6.17123,5.50144,5.76308,5.81847,5.56621,5.1404,4.67719,4.71296,4.09008,3.13974,3.33985,4.23594,4.36936,3.51894,3.37072,4.211,4.23508,3.23756,2.63472,2.43692,2.36898,2.47977,2.30047,2.11548,2.17794
4.1785,4.01559,4.03548,4.86007,5.02613,4.96179,5.65826,5.99611,6.10228,6.06627,6.24966,6.67984,6.63759,6.68715,6.73107,6.63258,6.68006,6.73424,6.60289,6.60693,6.63893,6.51924,6.48813,6.51426,6.52402,6.5545,6.57188,6.63219,6.71917,6.76049,6.75736,6.72986,6.71073,6.7555,6.733,6.69039,6.64984,6.63153,6.51861,6.18823,5.97348,4.85851,4.05432,4.82791,5.07698,4.03457,3.65325,4.03875,4.01797,4.2765,3.99481,3.4215,4.06527,4.27322,3.89647,4.00972,4.37824,4.29966,3.37554,2.51648,2.08068,1.80548,1.94044
3.92497,4.01184,3.78602,4.3641,5.3882,5.58754,6.22392,6.69546,6.25904,6.62925,6.94064,6.33302,6.52173,6.60309,6.64971,6.84433,6.88828,6.86699,6.79629,6.7723,6.72302,6.61879,6.58464,6.57591,6.55792,6.55889,6.57974,6.67268,6.77345,6.82462,6.85392,6.83295,6.79176,6.80592,6.83016,6.78709,6.7175,6.66481,6.55566,6.40993,6.19387,5.76118,5.34178,4.08574,3.47952,4.39394,4.8565,4.18563,3.57594,4.05629,4.42168,4.28284,3.79593,3.81368,4.37399,3.63713,2.88096,2.97973,2.71155,2.21364,1.97045,1.75838,1.62422
4.44859,3.14283,3.70879,4.8525,6.32353,6.64045,6.70357,6.78148,6.7736,6.7489,6.48881,6.83901,7.07743,6.98255,6.98981,7.04547,7.04587,6.98939,6.91194,6.85149,6.77752,6.68785,6.65128,6.63965,6.59295,6.54989,6.58696,6.68674,6.78366,6.83966,6.84654,6.84698,6.8949,6.94308,6.96799,6.95867,6.92418,6.82201,6.71079,6.54093,6.27424,5.77297,5.04538,4.96321,4.75219,4.00939,3.46352,3.45645,4.1456,4.21334,3.37118,3.35526,3.23803,2.31941,2.3598,2.41722,2.66938,3.59114,3.80077,3.9042,3.23075,1.84338,1.41531
3.46301,3.85888,4.19715,4.42284,5.58101,5.40186,7.09343,7.31963,7.5115,7.64912,7.53993,7.4196,7.40462,7.34279,7.2835,7.21159,7.13329,7.03594,6.94955,6.88154,6.81037,6.74819,6.71195,6.68716,6.63393,6.57561,6.60964,6.68994,6.72764,6.77443,6.8252,6.8712,6.96633,7.06707,7.09743,7.07443,7.04286,6.94885,6.83568,6.66651,6.32051,6.01784,5.56571,4.3459,3.75239,4.17962,4.0735,4.18256,3.9177,3.60018,4.00712,3.56399,3.29645,3.55614,2.84823,2.18336,2.38243,2.872,2.92163,3.00743,3.34687,2.86564,1.81077
3.82217,4.21781,4.10934,4.63328,4.91266,5.26707,5.20282,5.41854,5.48264,6.45233,6.05083,7.44005,7.45424,7.39735,7.30931,7.22083,7.13394,7.03102,6.97169,6.93946,6.86574,6.78752,6.71424,6.66058,6.63434,6.6102,6.61558,6.67078,6.74499,6.80559,6.87358,6.95463,7.05038,7.14709,7.20918,7.19444,7.17233,7.07813,6.96833,6.72683,6.48186,6.06085,5.17222,5.02378,4.7133,4.29039,4.18583,4.10294,4.10843,3.81855,4.05187,4.24316,3.95133,3.57274,2.66754,1.58847,1.40622,2.32037,2.70243,2.23641,2.57845,2.5534,2.20987
3.77244,4.0566,4.12102,4.37883,4.80328,5.31836,4.92018,4.67776,4.8553,5.75987,5.77821,7.45563,7.3866,7.26389,7.07449,6.92627,6.86623,6.88512,6.93622,6.94647,6.88364,6.80307,6.72771,6.63512,6.57374,6.58349,6.64225,6.7281,6.82759,6.91145,6.97376,7.03562,7.11306,7.19894,7.26618,7.27992,7.21977,7.17184,6.99868,6.86401,6.53577,5.82714,5.27005,4.7741,4.66936,4.5096,4.37654,4.25124,3.97221,4.09066,3.99559,3.07202,2.14998,1.91131,2.5396,3.24522,2.29479,1.56942,2.36052,2.46575,2.46254,3.28556,3.69532
2.48024,2.95507,4.45014,4.17179,4.80143,5.11997,4.86956,4.30589,4.65256,4.8412,5.77006,5.69264,7.13254,7.04626,6.91755,6.8449,6.80305,6.78704,6.78059,6.76023,6.70736,6.64882,6.5967,6.56516,6.56667,6.61171,6.70126,6.81207,6.92612,7.02553,7.08992,7.13085,7.17407,7.23059,7.27796,7.30808,7.26559,7.18053,7.05123,6.85741,6.73107,6.13016,5.27311,5.01933,4.39327,3.94914,4.26205,4.27073,4.33422,3.98759,3.47363,3.65644,2.83046,1.4581,1.52193,2.57316,2.61146,1.54051,1.53258,2.49886,2.51486,2.03756,2.11498
3.56505,4.67427,3.53304,4.43506,4.49713,4.91883,4.5433,4.4548,4.6211,4.91206,4.32238,4.99235,5.25284,6.74514,6.78904,6.71531,6.7665,6.80959,6.73526,6.55919,6.37387,6.24522,6.18036,6.23748,6.38738,6.57052,6.7898,7.00271,7.16214,7.2323,7.21593,7.1775,7.17164,7.2125,7.27955,7.30406,7.27935,7.16755,7.06251,6.87222,6.73277,5.86396,4.58481,4.64946,4.70371,4.34096,3.90146,3.03256,2.63304,3.10984,3.93925,3.85712,2.60393,1.20028,0.784865,1.5554,2.49439,2.09424,1.79369,3.25311,3.68666,2.08591,1.38278
1.91299,2.47112,4.13125,4.12418,4.12054,4.81671,4.45855,4.60886,4.71553,4.33992,3.95331,3.76919,3.41853,5.43069,6.73748,7.03943,6.83239,6.73539,6.70511,6.5537,6.26231,5.99149,5.86577,5.94298,6.15851,6.42796,6.74937,7.06838,7.26502,7.28036,7.1679,7.05535,7.03919,7.10882,7.21741,7.30725,7.31653,7.23367,7.06254,6.95366,6.62505,5.56966,5.36816,5.36262,4.62602,4.499,4.23586,3.97997,3.98459,3.18249,2.4338,2.68148,3.23313,2.45224,1.06679,0.887993,1.76267,2.32377,2.085,2.0204,2.21042,1.99548,1.28014
2.14376,2.62472,3.85346,3.85565,4.14567,4.40308,4.53165,4.52122,4.53063,4.03889,3.89586,3.85575,3.56494,3.64627,5.13836,5.50562,7.05508,6.83806,6.42726,6.22341,6.21518,6.20482,6.09057,5.99877,6.09047,6.38967,6.82591,7.17566,7.1494,6.84091,6.63848,6.7029,6.90934,7.1199,7.25937,7.34501,7.33571,7.25277,7.06582,6.93702,6.77392,6.47989,5.92283,5.11523,4.7814,4.55294,4.5837,4.68058,3.82826,3.04628,3.12746,2.81084,2.39546,2.0123,1.17584,0.623519,1.55161,2.97925,2.62292,1.43966,0.846607,1.16623,1.32286
2.46793,2.55931,3.46511,3.99042,3.85533,4.23256,4.34838,4.34252,4.21568,3.95822,3.80279,4.1786,4.19908,3.81237,3.1904,4.44092,5.13974,6.86292,6.96656,6.51168,6.11133,5.96724,6.11974,6.39391,6.68641,6.96542,7.1357,6.98865,6.49961,6.05698,6.00968,6.32668,6.73966,7.07096,7.31553,7.42429,7.36857,7.17396,7.00767,6.81537,6.80725,6.40247,5.51644,5.20875,5.00157,4.69366,4.46002,4.51128,4.16872,3.83514,3.51033,2.03125,1.74179,2.83174,2.55462,1.28194,0.77213,1.705,3.28269,3.26494,1.63098,1.18325,1.12425
4.24734,3.89054,3.25569,3.46388,3.67663,3.93595,4.09964,4.06918,3.93774,3.8148,3.7154,4.0347,4.42841,4.53436,3.68189,2.76241,3.13441,5.13309,5.36641,6.7597,6.85348,6.73493,6.51115,6.72627,7.15146,7.30704,7.02183,6.37695,5.72907,5.47657,5.68253,6.15017,6.64982,7.03091,7.26885,7.31418,7.17667,6.97065,6.78503,6.71708,6.62699,6.56185,5.95676,5.07097,4.90913,4.82523,4.56069,4.37818,4.39183,3.63873,2.91447,2.9432,2.30415,1.98499,2.18149,1.69347,1.53571,2.3524,3.23741,3.32409,2.39257,1.16776,1.13556
3.558,3.42133,2.95962,3.42765,3.45321,3.82037,3.9876,3.8848,3.68128,3.57809,3.61119,3.94926,4.34624,4.61448,4.7266,4.2026,3.37658,3.12399,3.93097,4.68011,6.09021,6.06252,7.91023,7.88431,7.35568,6.89709,6.47231,6.02893,5.62832,5.4938,5.74056,6.25463,6.76987,7.0989,7.21121,7.12263,6.89676,6.66633,6.57873,6.50405,6.53227,6.19665,5.47901,5.26764,5.03484,4.77131,4.61441,4.40699,4.36012,4.25106,3.96572,3.17563,2.42137,2.83295,2.8399,1.90333,1.15881,1.146,2.11652,2.64186,1.75597,1.60953,2.84918
1.16502,1.50975,3.6092,3.22556,3.58467,3.96857,4.08737,4.2297,3.89381,3.6731,3.27815,3.81044,4.016,4.98135,4.75718,5.19305,4.45239,3.69139,3.22361,3.90013,4.82623,5.28163,6.45972,6.13954,7.4144,6.91188,6.34658,5.88011,5.72362,5.8057,6.04421,6.38681,6.7406,6.93055,6.93712,6.84926,6.70189,6.54205,6.44437,6.37627,6.25876,6.21041,5.72554,5.03001,5.00698,4.74665,4.74532,4.77127,4.14429,4.19707,3.7147,2.8723,3.25638,3.19574,2.98432,3.12078,1.85676,0.590665,1.78324,3.34762,2.92323,2.37375,3.23948
2.0885,2.5592,3.5377,3.79158,3.95903,3.77498,4.56547,4.17022,4.4031,4.05151,3.38123,2.99138,3.78009,4.6471,5.22149,5.30621,5.35981,5.3705,5.1012,4.20022,4.40122,3.98749,3.68931,5.04514,5.46073,6.85236,6.98744,6.79495,6.39987,6.29062,6.30597,6.31913,6.36673,6.47193,6.5979,6.70432,6.71449,6.60642,6.43014,6.29593,6.1382,6.03988,5.89166,5.61177,5.23084,4.49804,4.62574,4.78239,4.08874,4.07561,3.95557,3.62696,3.22525,3.26797,3.7112,2.62052,0.79055,1.05486,2.41331,1.50679,-0.172964,-0.18051,1.18938
1.46801,1.77456,3.75175,3.97854,3.77583,4.03898,4.4953,4.51758,4.7413,4.63998,4.24574,3.41925,3.81563,4.92211,5.32205,4.98697,4.95323,5.42596,6.05093,5.12422,3.5452,2.39458,2.66549,3.45302,3.96239,4.73992,6.15234,6.09146,7.35501,6.77387,6.3793,6.25043,6.30099,6.40052,6.53125,6.68118,6.75064,6.68507,6.49553,6.31262,6.13347,6.01255,5.8687,5.72191,5.17986,4.02203,4.43362,4.67213,3.7667,3.94086,3.9193,3.9089,3.47655,2.34222,1.9331,1.33607,0.867432,0.775362,1.18674,2.21854,2.66095,2.04761,1.22601
1.40946,1.76512,4.03223,4.01665,3.97281,4.53859,4.37591,4.48992,4.34488,4.76315,4.39165,3.94852,3.51981,5.22121,5.70907,5.46789,5.51425,5.14305,4.68136,4.92687,3.5372,2.04709,2.14617,2.81632,2.84863,3.90595,4.58437,5.85482,5.67535,6.90323,6.56682,6.36637,6.43711,6.62104,6.75866,6.80595,6.78458,6.71449,6.56789,6.37901,6.18488,6.01301,5.87292,5.58818,5.32773,4.51415,3.75792,4.36313,4.34763,3.65245,3.89716,3.78731,3.34927,3.34189,2.24871,0.546788,-0.481912,0.051335,2.06835,2.85851,2.07941,1.20127,0.625108
3.29492,3.23428,4.41084,3.97832,3.95922,4.81423,4.29982,4.46052,4.90743,4.43257,4.83654,4.18331,3.50783,4.76817,5.65224,6.69664,5.62461,3.97971,3.0079,3.51723,3.55957,1.74343,2.0815,2.75719,3.14518,3.35931,4.23306,3.98017,4.73701,4.80282,6.3741,6.45246,6.43067,6.6378,6.92416,7.10455,7.08558,6.93623,6.75126,6.52436,6.26388,5.98736,5.79003,5.45389,5.13931,4.77461,4.36458,4.31026,4.27244,4.08197,3.32047,2.80109,3.58203,3.81409,2.05796,1.11409,2.31373,2.76759,1.74934,1.54115,2.74324,2.63709,1.52451
4.18786,3.30851,4.46437,4.25326,4.13945,4.42017,4.39255,4.23724,4.41679,4.9709,5.0724,4.5976,3.50453,4.49042,6.103,6.55926,5.34624,3.26049,2.392,2.63329,2.39197,1.40021,1.71094,2.60568,3.43314,3.13481,3.57923,3.47297,3.88843,4.42467,4.76959,6.43409,6.82525,6.81503,6.97232,7.21634,7.39278,7.35699,7.13763,6.79874,6.3986,5.96767,5.59815,5.23312,4.9113,4.71349,4.52431,4.31014,3.42073,2.98826,3.69876,3.72313,3.01857,2.90645,2.87082,2.45353,2.30356,1.90508,1.38131,1.70957,2.11963,1.95013,1.19073
3.15061,3.12883,4.48295,4.17073,4.01009,4.70517,4.13892,4.20124,4.45559,5.192,5.37514,4.61203,4.04137,5.23229,5.74375,6.40476,5.98109,5.17585,4.72935,3.36062,1.63037,0.0812601,1.03871,2.2549,2.43271,2.17834,2.55376,2.94883,3.51675,3.67603,3.89134,5.02891,5.2615,6.89026,7.12804,7.37474,7.59428,7.65644,7.48454,7.10264,6.59466,6.01589,5.46906,4.96393,4.63907,4.52705,4.48795,4.37228,4.03111,3.60338,2.94926,2.79244,3.24456,3.24979,2.48975,1.80996,2.70355,3.24379,1.75262,1.05696,1.94925,2.34139,2.27251
3.47906,3.41597,4.92893,3.98103,4.66766,4.2562,4.48526,4.38459,4.48882,5.48131,5.38734,4.41813,4.13003,5.03484,5.6937,5.47963,6.12373,6.42459,5.222,3.62758,1.01077,-0.82334,0.351708,1.541,1.38811,1.60834,2.19285,3.09439,3.41057,3.33293,3.50593,3.45648,4.80915,5.27789,7.01605,7.56564,7.77551,7.69542,7.47847,7.15548,6.71285,6.10883,5.42367,4.91756,4.55126,4.4949,4.47568,4.3579,4.01858,3.41688,3.20607,3.15695,2.94759,3.35425,4.16095,3.57173,2.35923,2.15029,1.95368,1.96565,1.91903,1.89557,2.46128
