public/uploads/wind/vent_json/20200515/wind_field_16.json
{"header": {"parameterUnit": "m.s-1", "parameterNumber": 3, "dx":  0.051, "dy": 0.036, "parameterNumberName": "northward_wind", "la1": 45.3082, "parameterCategory": 2,"nx": 177, "ny": 123, "refTime": "2018-10-03 01:00:00", "lo1":1.38177}, "data":
[rows 29 to 57 of 123, columns 0 to 63 of 177]
1.41905,1.89313,1.869,1.87287,1.90932,1.82815,1.51328,1.2919,1.07829,1.04361,0.900629,0.862653,1.02647,0.0886715,-0.191077,-0.895696,-0.619991,-0.511815,-2.12906,-1.48233,-1.95135,-0.703464,0.0749579,2.37161,2.58792,2.05986,1.17213,0.924046,1.0278,0.941367,0.566436,-0.382279,-2.19724,-1.82785,0.353147,2.40183,4.17036,4.7204,4.70664,4.46958,4.43621,4.57265,4.20473,4.39399,4.31926,4.684,4.60052,4.8843,5.02393,4.73209,5.01087,5.21495,5.61868,5.66562,5.6249,5.40487,5.29746,5.33283,5.53306,4.78776,5.27607,4.46231,4.92143,4.71975
1.98622,2.3169,2.39622,2.46927,2.52759,2.31341,1.93283,1.58556,1.08413,1.39103,1.1215,1.01171,1.16954,1.17151,0.298889,-0.270855,0.0642304,-0.760267,-2.38493,-0.647198,0.959435,0.904908,0.833955,1.41695,0.897974,-0.365536,-0.733496,-0.718733,-0.851251,-0.647016,0.0184461,-1.04231,-2.05132,-2.82618,-1.31391,0.45119,2.52211,3.83284,4.81942,5.05477,4.93541,4.86714,4.70145,4.65491,4.84421,4.72758,4.91876,4.88691,4.57872,4.81669,4.84992,4.52333,5.14103,5.36292,4.97036,5.60425,5.23407,5.47129,5.69211,5.50826,5.4771,5.36085,5.00706,4.389
2.93994,2.51233,2.88316,3.08634,3.28313,3.32208,2.86553,2.30161,1.6556,1.81499,1.21512,0.993968,0.926047,1.60614,1.04153,0.564656,-0.162195,-1.12064,-1.07243,0.0897559,1.57039,0.735147,-0.276143,-0.838909,-0.764471,-0.685719,-1.04325,-1.48691,-1.75566,-1.88791,-1.81791,-2.0628,-3.64523,-3.15342,-2.56622,-1.24606,0.498585,2.2339,3.48398,4.68751,5.11374,5.09676,4.74504,4.99211,4.86295,5.06029,5.11952,5.10005,5.02967,4.84073,4.9169,4.89218,4.77566,4.64581,5.02862,5.32533,5.29194,5.47693,6.01683,5.72375,5.57429,5.2229,4.50749,4.81748
3.14359,2.98106,2.8164,3.55883,3.83626,3.70592,3.42443,2.91679,2.27569,1.78232,1.10372,0.692081,0.46253,0.532789,0.886398,0.438333,-0.64742,0.204443,0.522592,-0.0689397,0.131763,-0.229098,-0.939704,-1.28452,-1.13107,-0.701699,-0.721741,-0.7255,-1.35788,-1.65056,-1.87076,-2.45366,-2.94061,-3.81967,-3.63744,-2.88721,-1.52995,0.136638,1.64666,3.02869,4.42873,5.0586,5.13836,5.31645,5.36072,4.83995,5.12697,5.16999,4.77518,5.22861,5.05034,4.64205,5.08934,4.949,5.54939,5.06383,5.36609,5.52205,5.90543,5.8253,5.10503,4.52337,4.91516,4.98938
2.47705,2.21898,2.67387,3.07257,3.72546,3.8005,3.6317,3.05389,2.32737,1.43442,0.876517,0.570842,0.582981,0.0499633,0.820773,-0.389968,-0.675091,0.895592,0.80325,0.312557,0.41258,0.548212,0.447245,-0.310954,-1.42175,-1.96196,-1.55805,-0.979347,-0.324474,-0.26141,-1.15089,-1.52709,-2.73189,-3.60519,-3.95015,-3.72517,-2.95033,-1.93624,-0.262765,1.16185,2.8259,3.73104,5.20389,5.16113,5.84804,4.92447,5.01735,5.35483,4.47919,5.56662,5.47757,4.5114,4.59681,5.20313,5.55757,5.29162,5.36883,5.51728,5.86647,5.93621,4.74854,5.09836,5.14546,4.44349
0.288347,0.291235,1.20532,2.16312,3.10677,3.57936,3.27796,2.84587,2.60445,1.99137,1.44875,0.802081,1.40935,1.16484,1.1421,0.035553,-0.214391,0.587223,0.745215,0.839454,0.251621,-0.671089,-0.831788,-0.967805,-1.07884,-1.13128,-1.24611,-0.92347,-0.512813,-0.221725,-0.857178,-0.813648,-1.71287,-2.64422,-3.73264,-4.07912,-3.57724,-3.07519,-1.90939,-0.414752,1.15337,2.28353,3.96484,5.21957,5.54844,5.40185,5.40885,5.41844,5.5124,5.38257,5.42004,5.32801,4.3117,5.29298,4.93503,5.24767,5.29045,5.30557,4.7885,5.06446,5.09884,5.44036,4.49672,3.91547
-1.68006,-1.38041,-0.466875,1.06621,2.16971,3.30276,3.85448,3.46769,2.94985,2.34348,1.93921,1.3306,1.89172,0.512403,0.10608,0.198645,-0.453542,-0.0643266,0.117717,0.180998,0.268501,-0.129986,-0.572261,-0.419047,-0.233043,-0.348866,-0.323293,-0.286052,-0.559491,-0.151524,-0.0599351,0.0528105,-1.40278,-2.83667,-3.34763,-3.85202,-3.71204,-3.39751,-2.63296,-1.48956,-0.0235261,1.37416,2.69729,4.42782,5.5089,4.78944,5.19199,5.84694,5.61739,5.42727,5.59961,5.66997,5.29902,5.14127,4.60673,5.08713,5.08146,5.21307,4.04019,4.87029,4.71683,4.82281,3.7477,3.41528
-2.21159,-2.20117,-1.29572,0.313746,1.32301,2.80026,3.94525,3.62595,2.65638,2.0467,1.49884,1.50537,1.57175,0.193297,0.017211,0.545413,-0.0221309,-0.0961578,0.480743,0.803117,1.55406,1.2561,0.480181,0.158084,0.116245,0.0565952,-0.267197,-0.856458,-1.19406,-0.820422,-0.49032,-1.06837,-2.24974,-4.9909,-3.44753,-3.22543,-3.26528,-3.22248,-2.83922,-2.09076,-0.794541,0.761363,2.0388,3.34422,4.65088,4.03991,4.19823,5.91675,4.5018,5.63158,5.303,5.6029,5.72861,4.64095,5.22003,5.27322,5.09554,4.72847,4.87127,4.80975,4.51319,4.25946,3.21863,2.89272
-2.35041,-1.86463,-1.32621,-0.331602,0.654559,1.63701,3.69497,3.12714,2.02089,1.86072,1.64558,1.92909,2.27117,2.11702,1.62893,1.27669,1.54574,0.914795,1.62027,2.27117,1.6994,-0.064145,-0.672367,-0.672765,-0.588434,-0.625047,-0.230197,-0.82156,-2.07316,-2.34414,-2.79811,-3.26868,-3.92607,-4.14964,-4.4403,-2.6441,-2.65173,-2.70147,-2.70401,-2.45749,-1.57799,0.125741,1.44268,2.45204,3.21991,3.54034,3.54222,4.42033,3.58589,4.62607,4.05911,5.07125,5.61675,5.46601,5.03956,5.3683,5.42492,4.106,4.70963,3.82295,4.58749,3.48657,2.98524,2.60274
-1.30866,-1.52158,-1.36069,-0.621048,0.353837,0.767752,2.47227,3.12699,2.37501,2.07925,2.11173,2.23001,2.6407,2.79855,2.59664,1.80548,1.92476,1.96549,2.31161,2.62888,0.965189,-0.625831,-0.168126,-0.448418,-0.828858,-1.19129,-0.013143,-0.299787,-1.36386,-2.54577,-3.46376,-3.67898,-3.06175,-2.88205,-3.46977,-2.22519,-2.38501,-2.3224,-2.22233,-2.15547,-1.91417,-0.735604,0.837892,1.59849,2.01514,2.47998,2.7619,2.99878,3.10326,3.30137,3.25813,5.06688,4.84724,5.82576,4.6912,5.19184,5.36859,3.98155,3.56808,3.19618,3.73799,2.80007,2.98047,2.57047
-1.42911,-1.43592,-1.39656,-0.546859,0.444543,0.671571,1.24721,1.8726,2.06799,2.01928,2.34868,1.68501,1.49986,1.58409,2.33995,1.8447,2.45848,2.72095,2.6998,2.00796,0.738842,0.814476,1.07532,0.788486,-0.816729,-1.44898,0.282032,0.170407,-0.239592,-1.88793,-2.71001,-2.53412,-2.86291,-1.32623,-1.96029,-1.8993,-2.20646,-2.14095,-1.95818,-1.591,-1.4978,-1.14762,0.102001,1.17116,1.61539,1.89433,2.23814,2.63477,2.95542,3.03459,3.41572,4.54235,4.0996,4.50521,5.20141,5.44289,5.09886,3.81025,3.06619,3.2367,3.04478,2.62963,2.95431,2.70326
-1.41507,-1.35192,-1.20374,-0.120145,0.948683,0.740793,0.0467199,-0.0349896,0.112545,0.505327,1.88953,1.9322,1.12805,1.50257,2.15796,1.87482,2.12922,1.89291,0.195322,-0.803193,-0.511979,0.639251,1.47165,1.00087,-2.12855,-2.78328,0.92692,1.83602,0.902877,-1.75229,-2.37186,-2.33264,-2.08946,-1.92698,-2.32261,-1.90332,-1.75646,-1.82872,-1.91393,-1.55713,-1.14126,-1.05297,-0.555507,0.499151,1.40438,1.99095,2.33708,2.56463,2.70354,3.02406,4.42861,3.38416,4.68232,3.5859,4.60385,5.13347,4.5976,3.33462,3.00988,3.20963,2.99387,2.51016,2.81036,2.85375
-1.19227,-1.49271,-0.824212,0.111353,0.848965,0.371635,-0.638511,-1.54519,-1.58517,-1.49909,-0.219395,0.530789,0.170692,0.82882,0.482335,-0.246833,1.22398,1.64189,-0.117562,-1.26452,-2.248,-1.49383,-0.609735,-1.7291,-3.79668,-3.71152,0.17166,0.920661,1.1597,-1.7135,-2.425,-2.32291,-2.54417,-2.43705,-2.56127,-2.16654,-1.13438,-1.4456,-1.80608,-1.83536,-1.34465,-0.909496,-0.649518,-0.196559,0.521262,1.36973,2.07151,2.38362,2.67409,2.96373,4.38046,3.11937,4.67575,3.4543,3.46829,3.95341,3.62355,2.92024,3.02031,2.96084,2.92592,2.41911,2.61616,2.86635
-1.62443,-2.04039,-1.37806,-0.676881,0.480847,0.640104,-0.232152,-1.42993,-2.68103,-3.15259,-2.38189,-1.59277,-1.33398,-1.52881,-2.24565,-3.01924,-2.00421,1.14601,1.39592,0.171423,-1.56295,-2.21489,-2.15837,-2.84809,-3.17625,-3.50502,-3.25427,-4.38193,-4.07369,-3.41944,-2.70581,-2.59264,-2.6483,-2.29189,-2.10597,-2.29637,-1.13365,-1.19624,-1.57486,-1.6548,-1.1965,-0.558815,-0.361271,-0.25784,-0.0366114,0.432903,1.26041,2.11988,3.26069,2.48466,3.21758,3.05129,3.84686,2.9628,2.86915,3.15706,2.79549,2.8478,2.89118,2.81895,2.83565,2.29593,2.44886,2.85067
-2.91053,-4.16952,-3.43282,-2.84758,-1.65054,-0.70397,-0.378272,-0.402517,-1.48459,-2.7617,-3.05764,-2.69024,-1.978,-1.80918,-1.96958,-2.55303,-3.48027,-2.95437,0.00387306,-0.196913,-0.653933,-0.79474,-1.00226,-1.32548,-2.25846,-2.78296,-2.64864,-3.03221,-3.43407,-3.38569,-2.58557,-2.8959,-2.56472,-1.91607,-1.59904,-1.77035,-1.51646,-0.632147,-1.05667,-1.12301,-0.791557,-0.469874,0.0552894,0.00114406,-0.0659011,0.182537,0.780776,1.59194,2.53767,1.46631,1.9367,2.70775,3.15938,2.95972,2.95953,2.5058,2.49308,2.65201,2.57999,2.71954,2.70649,2.20364,2.43642,2.92226
-3.95091,-4.82649,-4.90609,-4.63932,-3.99301,-3.45668,-2.1645,-1.62126,-1.93262,-1.34524,-2.8913,-2.54995,-1.18301,-0.968402,-1.01978,-1.74168,-2.33062,-3.10032,-3.17181,-2.92899,-1.86478,-0.662533,-1.14304,-0.813377,-1.47405,-1.75993,-0.65872,0.283098,0.0847912,-1.63665,-2.44574,-1.82904,-2.38448,-1.66724,-1.24194,-1.30351,-1.6794,-0.911651,-0.470594,-0.555364,-0.459644,-0.134668,0.415716,0.498184,0.289202,0.427384,0.737543,1.11011,1.40759,1.067,1.70591,2.24618,3.08099,4.00339,3.91524,1.94636,2.33781,2.21242,2.30637,2.5897,2.62941,2.31888,2.53118,2.87761
-5.48664,-5.39661,-5.24131,-5.13229,-4.95395,-4.6675,-4.67438,-4.59643,-3.48286,-1.60316,-4.09293,-4.02737,-0.0721843,-0.216641,-0.62105,-1.94081,-1.86692,-1.55465,-3.20747,-4.21512,-3.0982,-1.19803,-1.57156,-1.59112,-1.69922,-1.75875,-1.76786,-1.66706,-1.11134,-1.14983,-1.62492,-1.95568,-2.20093,-1.70069,-1.27411,-1.71936,-1.40989,-0.589119,-0.0127531,-0.106763,0.21911,-0.0127818,0.128525,0.758262,0.98924,1.09575,1.28985,1.5934,1.28069,1.51587,2.69039,2.00395,3.81006,4.1325,3.64207,1.93774,2.45145,2.14452,2.3846,2.60209,2.66624,2.52299,2.65271,2.9295
-5.52832,-4.27716,-3.8632,-3.48288,-3.95072,-4.17267,-4.72016,-4.84258,-4.06694,-2.05295,-3.88428,-5.51587,-1.30485,1.00035,0.384507,-1.44825,-1.58921,-1.28893,-1.63189,-2.40336,-2.31335,-1.30071,-0.949024,-1.13659,-1.28716,-1.60925,-1.17716,-1.42769,-1.71054,-1.65325,-2.3629,-2.4314,-2.55433,-2.1325,-1.66055,-2.3008,-1.39865,-0.05943,-0.461279,-1.01879,-0.320416,-0.0353433,-0.0276841,0.490011,1.26087,1.55883,1.82491,2.38285,1.73294,2.32326,3.05728,2.30445,3.83036,3.07428,2.57586,2.47401,2.66334,2.42611,2.699,2.87255,3.07695,3.19278,3.31208,3.46078
-4.17934,-3.80227,-2.75252,-3.07858,-3.50095,-2.86852,-3.03227,-3.01783,-2.97842,-2.77122,-3.675,-5.63491,-4.70082,-0.14466,1.19013,0.67124,0.350263,-0.207649,-0.928004,-1.08711,-1.12027,-0.966956,-0.642437,-0.622053,-1.17954,-1.45236,-1.73652,-1.70864,-1.76493,-2.05505,-2.62544,-2.14226,-2.34812,-2.13736,-1.59191,-2.05995,-1.89897,-1.18228,-1.53809,-1.59721,-0.786675,0.140512,-0.0235782,0.187656,0.891558,1.06181,1.44645,2.34923,2.86162,2.74623,2.00359,2.39863,2.58554,2.01399,2.08935,2.61254,2.78502,2.87604,3.20173,3.32163,3.3783,3.18929,2.92489,2.67443
-3.42743,-2.75618,-2.52565,-2.2942,-2.04841,-2.48615,-2.09894,-2.333,-2.18676,-2.45816,-4.0172,-4.86702,-4.44213,-3.16385,-1.69308,-1.30591,-0.218749,-0.73633,-0.276675,-0.186169,-0.237032,-0.253243,-0.450414,-0.951465,-1.50531,-1.91357,-1.72007,-1.21204,-0.845663,-0.847714,-2.56045,-1.32344,-1.45884,-1.44442,-1.2958,-1.40289,-1.61601,-1.72696,-1.7621,-1.21824,-0.583995,0.245858,0.118379,-0.212069,0.113205,0.3992,0.917801,1.75426,2.74588,1.96957,1.2607,1.81049,1.30496,1.44968,1.73665,2.23053,2.38022,2.47521,2.62344,2.50136,2.28061,1.81442,1.40158,1.19528
-2.92637,-2.58239,-2.6117,-2.57853,-2.3901,-2.46215,-2.49438,-2.23864,-1.70639,-2.17883,-3.3702,-3.68005,-2.91307,-4.22166,-4.92216,-4.77897,-4.4247,-3.79737,-1.29455,0.159286,0.48554,0.137234,-0.486243,-0.783549,-1.18772,-1.54364,-1.80552,-1.91992,-1.5415,-1.34861,-2.51848,-0.639024,-0.343598,-0.204065,-0.229869,-0.253484,-0.512677,-0.793941,-0.773315,-0.51413,-0.185898,0.118686,-0.629548,-0.887313,-0.368179,0.162388,0.451792,0.669011,1.0067,0.776407,1.07162,1.10659,1.04589,1.13858,1.1837,1.30821,1.25644,1.11793,0.971277,0.78239,0.523854,0.178911,0.0908933,0.260294
-2.24526,-2.57492,-2.66742,-2.66752,-2.53778,-2.5233,-2.49696,-2.0678,-1.89187,-2.18869,-3.03788,-3.19628,-2.8146,-3.43118,-4.73409,-5.251,-4.79208,-3.74012,-1.46216,-0.229286,0.205955,0.0629294,-0.246232,-0.502132,-0.837798,-1.20236,-1.4154,-1.63463,-1.81301,-1.79797,-2.72693,-1.30379,-0.575521,0.0724701,0.420054,0.641256,0.578893,0.56319,0.511027,-0.089264,-0.630875,-0.557975,-0.812787,-0.317861,-0.17171,-0.816949,-0.530274,-0.44178,0.10693,0.699824,1.35307,1.67272,0.723876,0.809538,0.252015,0.0808657,-0.210109,-0.323368,-0.323438,-0.198207,-0.173057,-0.241972,-0.0661234,0.33843
-2.10719,-2.6506,-2.54364,-2.66506,-2.69532,-2.55099,-2.33159,-2.27308,-2.62685,-3.46043,-3.80564,-3.36708,-2.79015,-3.2201,-3.73034,-3.73327,-3.36961,-2.54709,-0.0160586,-0.0808851,-0.100716,0.0300821,0.227462,-0.205971,-0.613367,-1.05313,-1.46129,-1.37939,-1.15618,-1.26093,-2.76568,-2.20527,-1.94723,-1.36728,-0.96384,-0.374373,0.18078,0.657272,0.677069,-0.241553,-0.53311,0.364858,1.07024,0.712456,0.165828,-1.30176,-0.704924,-0.501606,0.204529,0.821935,1.57498,1.69021,-0.931741,-0.270967,-1.0179,-0.938358,-0.964184,-0.928168,-0.90551,-0.620238,-0.190183,0.280656,0.573031,0.781258
-2.37701,-2.6216,-2.65389,-2.6183,-2.55465,-2.48383,-2.53271,-2.70177,-2.94912,-3.44397,-3.41923,-3.16208,-3.35058,-3.3625,-3.01268,-3.20354,-3.32046,-2.16638,0.663014,1.23063,1.00415,0.634174,0.28177,-0.186514,-0.50496,-0.78596,-1.39341,-1.62464,-1.68771,-1.71403,-2.46604,-2.13888,-2.14856,-2.06915,-1.96071,-1.52022,-0.899392,-0.105011,0.406223,0.314305,0.585354,1.11038,1.10143,-0.151378,0.0467593,-0.650441,-0.370492,-0.443707,-0.153961,0.195303,0.506604,0.381182,-0.897655,-0.866767,-1.40581,-1.05482,-0.400131,-0.0329722,0.115572,0.417661,0.710762,1.03084,1.25107,1.13651
-2.74898,-2.71134,-2.68046,-2.50416,-1.89188,-2.35974,-2.51815,-2.63973,-2.67163,-2.64771,-2.55522,-2.6409,-2.96757,-3.27119,-3.51999,-4.05482,-4.80554,-4.58622,-1.7257,0.739095,1.57413,1.46143,1.29584,1.28726,1.21857,0.807041,0.116888,-0.0776953,-0.151658,-0.408684,-2.18031,-1.66509,-1.84282,-1.77257,-1.87538,-1.70188,-1.28026,-0.759011,-0.342974,-0.393165,-0.442057,0.0814819,0.35361,-0.10865,-0.312804,-0.480145,-0.871009,-0.82446,-0.896646,-0.956473,-1.12336,-1.03032,-0.578517,-0.393039,-0.0607195,0.29706,0.447666,0.531938,0.6734,0.612594,0.529467,0.685992,1.03665,1.5742
-2.8117,-2.6433,-2.6139,-2.0067,-1.92853,-2.43673,-2.44138,-2.49127,-2.63611,-2.55506,-2.70596,-2.79393,-2.86108,-3.03106,-3.32386,-4.08198,-4.54901,-4.56607,-4.3121,-2.44603,0.719663,1.05976,1.43925,1.72908,0.802208,0.368495,-0.141436,-0.258798,-0.0780382,-0.267572,-1.52621,-1.31918,-1.3266,-1.35485,-1.51047,-1.61432,-1.47154,-1.10402,-0.755144,-0.526923,-0.228605,0.307057,0.711811,0.371201,-0.90472,-0.379337,-0.586156,-0.391786,-0.341786,-0.227157,-0.115811,-0.185962,-0.207145,0.222777,0.764014,1.1394,1.16387,1.00065,0.823306,0.582936,0.435222,0.541336,0.803243,0.645215
-2.33228,-2.41982,-2.30518,-1.67787,-1.9853,-2.63433,-2.6091,-2.40743,-2.33469,-2.50295,-2.69364,-2.7259,-3.10169,-2.90209,-2.7495,-2.55457,-2.59204,-2.64713,-2.8937,-3.05807,-1.84726,-0.887429,-0.234803,-0.259739,-1.16031,-0.66987,0.244104,0.464043,0.438766,0.166083,-1.09446,-0.905941,-0.817417,-0.877319,-1.09898,-1.26112,-1.36357,-1.38201,-1.17019,-0.76353,-0.389298,-0.31788,-0.512246,-0.670023,-0.797991,-0.183298,0.0441091,0.220183,0.492157,0.717849,0.67549,0.664849,0.621154,0.52226,0.490214,0.539234,0.504184,0.201634,0.0651479,0.301742,0.670563,1.01986,1.14982,0.564851
-2.29163,-2.20624,-1.67149,-1.2807,-1.17613,-2.26462,-2.18763,-2.04429,-1.46423,-2.18065,-2.3588,-2.64086,-3.08347,-2.78628,-2.78238,-2.91967,-2.41964,-2.18924,-2.43418,-2.11569,-2.53492,-2.34964,-0.803987,-0.685811,-1.03493,-0.96116,0.765203,1.50538,1.26707,0.419467,-0.701106,-0.521285,-0.429038,-0.369188,-0.406637,-0.646457,-0.752477,-1.00612,-1.28863,-1.28019,-0.908984,-0.411694,-0.0435069,0.211932,0.533309,0.623836,0.845132,0.999793,0.946946,0.538986,0.123051,-0.135821,-0.315212,-0.321977,-0.175113,-0.0704612,0.00714033,0.032777,0.116562,0.337457,0.686571,1.07821,1.28523,1.35254
-2.45081,-2.27889,-1.50072,-1.20842,-1.7464,-2.19513,-1.97134,-2.40706,-1.35638,-2.20712,-2.31477,-2.56186,-2.63445,-1.95647,-2.47769,-2.78533,-2.73815,-2.76021,-2.53603,-1.72663,-1.48242,-1.79757,-0.770301,0.289518,0.183743,0.0750508,0.951291,1.8824,1.84059,1.53534,0.466288,-0.366289,-0.143365,-0.364707,-0.149409,-0.209111,-0.0702594,0.15121,0.479853,0.573603,0.463917,0.481115,0.939274,1.28116,1.09607,0.847931,0.734482,0.639812,0.304913,-0.18707,-0.268987,-0.45009,-0.508062,-0.298571,-0.0621017,0.18756,0.433161,0.645309,0.738452,0.603627,0.393542,0.368425,0.407074,0.522287
