public/uploads/wind/vent_json/20200515/wind_field_16.json
{"header": {"parameterUnit": "m.s-1", "parameterNumber": 2, "dx": 0.051, "dy": 0.036, "parameterNumberName": "eastward_wind", "la1": 45.3082, "parameterCategory": 2,"nx": 177, "ny": 123, "refTime": "2018-09-30 00:00:00", "lo1":1.38177}, "data":
[rows 28 to 55 of 123, columns 64 to 127 of 177]
3.50783,3.68782,3.59193,3.52858,4.12815,3.85574,3.55411,3.50458,3.12663,3.03458,2.59607,1.81614,1.25417,0.980191,0.984815,1.20896,1.71876,2.23999,2.35457,2.16607,1.9861,2.15347,1.96482,2.20034,3.95358,4.76303,4.76227,5.05572,3.80855,2.58095,2.42508,2.88272,4.65309,4.80332,4.08119,5.00197,5.50909,5.70232,5.0953,4.53393,5.51859,5.69288,4.68263,4.66252,5.63824,6.09082,6.15407,6.16571,6.39188,6.62831,6.84342,7.19729,6.98322,6.05395,5.62046,6.58996,7.10451,6.6193,6.84467,7.00215,6.40148,6.45601,6.76171,6.1518
2.88363,2.76592,3.14364,3.88632,3.92862,2.84309,2.32629,2.6171,2.28342,2.46434,3.55747,3.32044,2.03104,1.12641,1.02243,1.39844,1.91587,2.37878,2.46307,2.31495,2.3629,2.18137,2.47969,3.9891,4.54783,3.94035,4.27736,4.29736,2.9388,2.12186,2.51129,2.63069,3.22331,5.05047,5.29632,4.68321,5.5034,5.32872,4.59932,5.51345,5.70073,5.2269,6.00104,5.58385,4.86056,5.71296,6.24528,6.38771,6.37253,6.65654,6.48874,5.9331,6.33585,6.32808,5.69934,5.79645,6.74721,7.12176,6.53692,6.40766,6.7275,6.10825,5.62698,6.44732
3.52958,3.62981,3.72388,4.0297,3.95091,3.45895,3.09684,3.15374,3.26417,2.50783,2.21274,2.59797,1.89287,0.846513,0.673887,1.37578,2.06545,2.19033,2.2794,2.46611,2.69671,2.62822,2.18535,2.24993,3.17719,4.7211,4.64762,2.83831,1.7865,2.06866,2.472,3.19295,4.93904,5.39918,4.92079,5.61611,5.43787,4.56436,5.40009,5.63406,5.15876,5.96448,5.65694,4.95218,5.87155,5.84953,5.54101,6.31439,6.47796,6.85642,7.13815,6.41522,6.54911,6.60597,6.23958,6.62264,6.82965,6.99975,7.25595,6.75745,6.00156,6.31936,6.57469,6.38131
3.711,3.26077,3.25288,3.64168,3.51961,2.61429,2.30429,2.97788,3.12464,1.94088,1.81607,3.64024,4.40756,2.85931,1.21735,1.02403,2.16388,3.73175,3.82014,3.31236,2.97623,3.22645,4.25727,4.49532,4.67999,4.96933,4.23059,3.07039,2.52364,2.31233,2.94696,4.85887,5.48493,5.04267,5.64454,5.33115,4.44135,5.25229,5.47551,5.06838,5.94698,5.87238,5.16992,5.94117,5.87974,5.36783,6.15903,6.54751,6.8429,7.05386,6.45698,6.52691,5.96979,5.34625,6.1342,6.71049,6.9959,6.81929,6.82053,6.83257,5.80362,5.45217,6.44703,6.95573
3.36721,3.13737,2.78999,2.73945,2.34168,1.29136,1.01286,1.71623,2.27958,2.01232,1.6413,2.46812,3.39253,2.71055,1.64185,0.991839,1.32427,2.64168,3.27761,3.94277,4.96408,5.19293,4.6307,3.99064,3.79173,4.40784,5.11951,4.27824,3.21789,2.73263,2.41984,2.53314,3.45939,5.02598,5.55111,5.61965,5.04585,4.53675,5.65867,5.71182,5.07941,5.9563,5.88455,5.28724,5.9291,6.31907,6.58777,6.37482,6.09089,6.75922,6.61071,5.96745,6.38469,6.11407,5.77605,6.64742,7.08252,7.06103,6.52704,5.5873,5.44808,6.19493,6.24626,6.01987
3.2371,3.07755,3.43563,3.23588,2.88604,1.78796,0.55692,1.14329,2.24718,2.17046,1.24245,0.944464,2.16351,3.5439,2.93651,1.46627,0.960919,2.21413,4.08544,4.82947,5.36738,4.88828,4.23703,4.87702,5.46828,5.36767,3.86939,2.53613,2.47762,2.61923,2.24792,2.7031,4.43794,5.23215,5.52679,4.99784,4.47492,5.30504,5.67862,5.88404,5.47805,4.93503,5.90059,5.87835,5.42692,6.28572,6.71307,6.84836,6.58155,5.94629,6.41666,6.08697,5.4431,6.14134,6.74488,7.09128,7.14542,7.23014,7.13821,5.98715,5.54108,6.33195,6.23946,6.0246
3.05637,3.5586,3.94982,3.73118,2.64689,1.49277,0.717112,0.759877,1.4207,1.39052,0.816517,0.445299,1.01901,2.0981,2.15172,1.73305,1.61776,1.98183,2.63335,2.37176,3.07665,4.80319,4.63963,4.39964,5.00151,4.197,2.64146,2.07313,2.38794,2.62852,2.66439,2.46806,3.2784,4.88169,5.47269,5.53836,5.35161,5.60589,5.34994,4.71988,5.6596,5.61176,4.9899,5.87796,6.51615,6.86772,7.1731,6.81792,6.84176,6.76061,6.1162,6.31548,6.22641,5.97517,6.71656,7.05032,7.20118,6.98086,6.75284,6.66332,6.22259,6.34415,6.45716,6.81774
2.31917,2.4732,2.7589,2.51067,1.65691,1.11716,0.688872,0.011128,-0.207224,0.290861,0.796738,0.780224,0.81129,1.10802,1.48117,1.91157,2.17614,1.92499,2.40981,3.76329,3.59462,3.75853,4.95357,5.27583,5.51948,4.56231,2.87461,2.41863,2.54628,2.13789,2.56993,4.54156,4.88957,4.39398,5.30285,5.25652,4.86579,5.75116,5.75145,4.60382,4.62657,5.73343,6.17972,6.39803,6.72717,7.05712,7.22643,6.19728,5.30032,5.9641,5.91645,5.54633,6.33036,6.7913,6.97003,7.03753,7.30082,7.46065,6.3793,6.19932,6.63205,6.16802,5.97588,6.67667
1.10046,1.16893,1.44663,1.34972,1.11524,0.835661,0.196404,0.5166,1.86699,1.73768,0.859512,0.659792,0.691175,0.951623,1.469,1.93416,2.21028,2.08647,2.18676,2.86162,3.45923,4.38988,4.8049,4.23978,3.65396,2.9847,2.56127,2.29871,2.12888,1.80415,2.52715,4.62922,5.77948,5.76529,5.47818,5.54048,5.73519,5.13488,4.91211,5.70772,4.85266,4.1415,5.63528,6.48732,6.79601,6.27472,5.46436,6.16264,6.1279,5.53118,6.1426,6.52614,6.81596,7.09928,6.9796,7.15187,7.07087,6.91719,6.4834,5.99398,6.31385,6.60376,5.90613,5.61121
-0.0355153,-0.036582,0.278285,0.660376,0.80049,0.437665,-0.116787,0.277165,1.83263,2.07031,0.820915,0.261136,0.631338,1.14175,1.59772,1.73563,1.66515,2.01654,2.23234,2.98866,4.42059,4.76282,4.07163,3.04269,2.24898,2.11156,2.34637,2.30549,2.09188,2.11298,2.60006,2.98376,3.82864,5.3275,5.88585,6.02491,5.68826,4.54787,4.53298,5.58525,5.94617,5.22721,5.2717,6.36734,6.63655,6.62109,5.92314,5.16492,6.10312,5.9608,5.47697,6.28206,6.81199,6.99395,7.05907,7.21183,6.8668,6.211,6.39665,6.11741,5.55851,6.20544,5.98531,5.28579
-0.837912,-0.940126,-0.42777,0.331299,0.326456,0.00553147,-0.192229,-0.00135896,1.16137,1.58139,0.680338,0.222933,0.564467,0.955809,1.15774,2.11301,3.63982,4.09877,3.63283,3.04873,3.25404,3.93432,4.72797,5.07086,4.66056,4.84334,4.39374,2.66223,2.90604,4.61451,5.13302,5.56195,5.21569,4.79688,5.69131,5.8791,5.23896,5.10452,5.90541,5.43445,4.54642,5.67298,6.10403,5.71779,6.39253,6.07501,5.29613,6.15767,6.06225,5.55341,6.24876,6.67145,6.78879,6.77294,6.83983,6.8743,6.80396,6.2575,5.6036,6.14012,6.16221,5.21699,4.48095,3.93486
-1.1922,-1.21973,-0.635524,0.0075164,-0.146068,-0.325784,-0.378565,-0.0608881,0.877718,1.09463,0.566833,0.304985,0.339454,0.558917,0.980035,1.8564,3.05448,3.25643,2.72731,2.43244,2.54958,2.72442,2.39902,3.22358,4.89493,5.67665,5.87946,4.64937,2.82983,3.33471,5.30776,5.73008,5.1908,5.66967,5.96558,5.78221,6.1586,5.62987,4.87008,5.77933,5.66669,4.94669,6.02811,6.38105,5.80067,6.31323,6.05186,5.27169,6.06261,6.11568,5.57015,6.29354,6.72327,6.77951,6.92017,6.15557,5.47283,6.08533,5.83676,5.06351,5.78668,5.84381,4.47504,3.42637
-1.21186,-1.15523,-0.698122,-0.347749,-0.555176,-0.519293,-0.467826,-0.30515,0.276381,0.49181,0.297682,0.248528,0.410137,0.750699,1.23889,1.78147,2.19762,2.29219,2.35046,2.47649,2.43939,2.37201,2.23848,2.25096,2.92441,3.68187,3.90843,3.10102,3.03766,4.73156,5.33319,5.02744,5.55028,5.9058,6.23521,6.38441,5.017,3.29782,3.4276,5.27557,5.82679,5.41047,6.24573,6.09561,5.28568,6.02448,5.94046,5.19202,6.02739,6.00903,5.42055,6.23448,6.00417,5.4518,6.06769,5.95122,5.67342,5.57493,4.68351,3.86443,3.75458,3.67009,3.51336,3.39706
-1.15924,-0.956799,-0.68352,-0.602805,-0.769402,-0.624014,-0.524646,-0.416896,0.0498285,0.157774,0.00478415,0.276021,0.783076,1.26242,1.51453,1.60633,1.68869,1.88453,2.09478,2.13421,2.08108,2.24361,2.62376,2.85671,2.69953,2.23419,2.09122,2.32931,2.70304,3.33835,4.2627,5.35853,5.95307,5.81713,6.06043,6.662,6.34298,4.76562,4.13842,5.35412,6.02284,6.14238,6.58145,6.0522,5.44218,6.1045,5.85671,5.06971,5.81546,5.86429,5.46957,5.84913,5.82262,5.90011,5.68158,5.22421,4.68375,4.48162,5.62294,5.37862,4.68907,5.358,5.02048,4.27275
-1.04493,-0.772947,-0.75673,-0.799101,-0.794506,-0.676672,-0.465477,-0.294122,-0.011616,0.0791741,0.0812297,0.573902,1.13874,1.34067,1.18612,1.12063,1.34762,1.7488,2.11786,2.34677,2.58335,2.87001,3.23195,2.9162,3.00613,4.44761,4.26352,3.45461,4.5763,4.72091,4.29099,5.5077,6.02914,5.78262,6.20124,6.3658,5.31912,4.73062,4.91222,4.94808,5.93056,6.07513,5.45743,6.09774,5.89222,5.20976,5.65694,5.92058,5.72851,5.69624,5.21623,4.98608,5.04115,4.80318,5.2743,5.56441,5.30177,4.77324,4.61421,5.6234,5.56358,5.07427,5.2002,4.30744
-0.932325,-0.791749,-0.992008,-1.04844,-0.780395,-0.525725,-0.165057,0.0596466,0.0957737,0.245321,0.530709,0.937415,1.00411,0.815835,0.853888,1.22878,1.62069,1.84056,1.97863,2.16687,2.50185,2.71212,2.68111,2.60805,2.57691,3.00251,3.52548,3.80437,4.30878,5.12806,6.0207,5.75443,5.29129,6.12907,6.38386,4.9514,4.25734,5.16746,4.98293,3.74662,4.06657,5.7242,5.90744,5.2127,5.93239,5.74852,4.83525,5.51575,5.63542,4.73817,4.47968,4.23766,4.5223,5.44335,5.47689,4.66814,4.70416,5.781,5.72409,4.36285,4.20108,5.46712,5.62187,4.48073
-0.896891,-0.830393,-1.13748,-0.957766,-0.293111,-0.096575,0.119997,0.240011,0.0891514,0.202336,0.33303,0.341008,0.325425,0.578384,1.06876,1.51914,1.77688,1.89952,2.04492,2.39201,2.27261,2.96329,4.55903,5.06045,5.11669,4.48248,3.29917,4.0101,5.20916,5.36492,5.92995,6.05848,5.53308,5.50344,5.34371,4.96926,5.24023,5.20421,4.21995,4.42166,4.79974,4.98094,5.62782,5.89218,5.8953,5.74154,5.63769,5.2266,4.9078,4.80324,4.54908,4.92266,4.9171,5.26073,5.87241,5.86065,5.86164,5.26552,4.75748,4.89254,4.39678,4.36455,5.439,5.50964
-0.834733,-0.484512,-0.564971,-0.435991,-0.0141336,0.0193733,-0.0255252,-0.19745,-0.312046,-0.0220335,0.151195,0.0093702,0.0381048,0.453328,1.02413,1.40246,1.47452,1.72376,1.8884,2.66757,4.17086,4.26843,3.67607,3.74547,4.36303,4.20317,3.78896,5.02058,5.8357,5.81069,5.94474,5.6806,5.98992,6.51158,5.79914,4.48556,3.71872,3.53924,3.54021,3.58469,3.69249,3.91247,4.13085,3.91987,4.52656,5.24779,5.32732,5.56853,5.60138,5.78403,5.48817,5.29715,5.34961,5.35132,5.73869,5.18899,4.51492,4.95955,5.64468,5.11992,4.9112,5.5137,4.75812,3.73818
-0.369452,-0.140947,-0.500484,-0.880389,-0.748004,-0.707232,-0.701786,-0.661166,-0.531606,-0.132593,0.174353,0.233412,0.44778,0.878376,1.00992,0.929551,1.12104,1.77775,2.47843,2.85752,3.15975,4.01079,4.7857,5.43286,5.59083,4.80963,4.9715,5.70827,6.03797,5.10966,4.47126,5.40411,6.0754,6.39801,5.97537,5.58944,4.91799,3.7214,3.39346,3.46251,3.49528,3.46147,3.49636,3.61258,4.38991,4.89461,5.19543,5.5777,5.58244,5.90307,6.02718,6.13337,5.93867,4.96476,4.50455,4.75559,4.88578,4.78761,4.94224,5.46198,6.05564,5.83542,4.6601,3.43493
-0.842407,-1.15545,-1.45953,-1.5196,-1.30984,-1.14548,-0.876915,-0.654545,-0.472792,-0.258475,-0.0886476,0.387385,1.02361,1.40945,1.46631,1.48834,1.73809,2.18996,2.90897,3.41772,4.01248,5.08833,5.29659,4.31902,3.96909,5.06112,5.21263,4.91115,5.58316,5.76365,5.66475,5.96918,6.51132,6.85413,6.44587,4.50461,2.83517,3.11561,3.63219,3.53132,3.21564,3.22401,3.51033,3.82938,3.88949,3.79125,3.69492,4.32704,4.87401,5.00876,5.92677,6.03638,4.89752,4.51622,5.06771,5.26651,5.52287,6.22055,6.06826,5.8134,5.66683,4.45836,3.1894,2.73906
-1.9521,-1.85233,-1.59203,-1.19886,-0.793505,-0.791783,-0.820377,-0.558702,-0.11042,0.40207,0.496268,0.499107,0.602704,0.77054,1.21038,1.78933,2.16915,2.36546,2.73994,3.68477,4.93355,5.70547,5.27286,5.06925,5.57742,5.71642,5.54871,5.33125,5.69064,5.66904,5.48716,6.40535,6.67537,6.04449,5.71402,4.7451,3.57263,3.23701,3.21086,3.21554,3.25731,3.41282,3.98363,5.15101,5.16676,4.28834,4.52419,4.7721,4.35634,4.20552,4.17877,4.09323,4.19887,4.29658,4.13196,3.8526,3.82405,4.08987,4.34461,4.27175,3.72718,3.06623,2.70189,2.68497
-2.05595,-1.84873,-1.22785,-0.567461,-0.614593,-0.661326,-0.58493,-0.590863,0.0372408,0.709161,0.560405,0.319282,0.564755,0.938167,1.44652,1.7575,2.17244,2.34597,2.85023,4.60485,4.87771,4.57352,5.67743,5.60139,5.21366,5.80751,5.98283,5.89147,5.4249,5.37495,6.20096,6.67304,6.98004,6.3534,4.11885,2.74716,2.94258,3.05575,3.11079,3.23828,3.40468,4.21361,4.54757,4.35494,4.92702,5.08147,4.73802,4.46802,3.67419,2.95049,2.85404,3.09745,3.47211,3.81123,3.87889,4.28496,4.7999,4.35578,3.94276,3.65692,3.95896,5.44573,5.26658,3.62558
-1.62787,-1.18708,-0.992475,-0.570894,-0.481223,-0.788737,-0.48049,0.0802744,0.595498,0.712943,0.314955,0.203355,0.605079,0.994638,1.2779,1.73122,1.98857,2.62268,4.11162,4.56428,4.40976,5.28596,5.55362,5.45413,6.02447,6.18826,6.3271,6.36736,5.85493,6.12521,6.61543,6.34419,6.16143,4.86116,2.70748,2.02277,2.35861,2.85718,2.92772,3.09553,3.68287,3.92456,4.21964,4.78966,5.21428,5.19761,4.68888,3.66026,2.71771,2.66914,3.10663,3.57759,3.93887,4.06535,3.88608,3.57091,3.36565,3.37691,3.53226,3.5746,3.50976,3.58587,3.46353,3.03139
-1.19021,-0.835019,-0.662131,-0.46587,-0.0366441,-0.3044,-0.229531,0.498227,0.567515,0.207541,0.0408076,0.527121,1.21855,1.37943,1.5095,1.64783,2.27336,3.69042,4.09287,4.21503,5.24289,5.5388,5.61611,6.5213,7.14159,6.8714,6.56493,5.92131,5.67526,6.1507,6.53825,6.59221,5.12932,2.78262,1.90864,2.23949,2.77787,3.04325,3.08516,3.10089,3.40471,3.56519,4.03418,5.16743,5.44871,4.67307,3.55836,2.69543,2.51573,2.62315,2.81407,3.17688,3.72962,4.1552,4.02565,3.46764,3.15808,3.36599,3.66199,3.66463,3.44407,3.16759,2.903,2.69064
-0.636173,-0.693612,-0.270421,0.593123,0.192586,-0.145555,0.299117,0.107905,-0.20652,0.195194,0.770708,1.32094,1.56398,1.51156,1.49861,2.10594,3.31223,3.56841,3.87278,4.99608,5.82492,6.44347,7.00895,7.30664,7.39226,7.26627,6.14321,5.16761,5.59946,6.25641,6.48366,6.04852,4.66359,3.19078,2.43814,2.29962,2.36367,2.53965,2.71078,3.14096,3.33722,3.71221,4.92982,5.23044,4.34903,3.29114,2.3787,2.20111,2.53983,2.78089,2.96035,3.32258,3.74964,3.93672,3.72973,3.37132,3.26165,3.43878,3.61599,3.68681,3.77221,3.66912,3.15262,2.51737
-0.683247,-0.203114,0.174807,0.380416,-0.0918386,0.178938,0.86216,0.681701,0.481975,0.716799,1.0562,1.15559,1.24527,1.2781,1.57839,1.91964,2.75521,4.08442,4.56603,5.18014,6.12973,6.86155,7.28843,7.62048,7.56412,7.08924,6.39648,5.75273,5.66825,6.08881,6.06517,5.95858,5.8583,5.26818,4.30266,3.27875,2.91231,3.00005,3.14499,3.40325,3.76925,4.33947,4.55419,4.1504,3.43052,2.66089,2.32665,2.44479,2.7143,2.96396,3.15788,3.39461,3.68941,3.84062,3.71393,3.52218,3.59279,3.53657,4.12058,5.35049,4.78712,3.23696,2.65671,2.50008
-0.618645,-0.202547,0.0429037,-0.0904916,-0.258123,0.206713,0.579593,0.636905,1.02628,1.56942,1.88442,1.96185,1.98155,2.11371,2.06457,2.74105,4.01599,4.83037,5.39131,5.73202,6.35233,7.11253,7.43942,7.80089,7.72058,6.91332,5.97333,4.978,4.64533,5.79552,5.94336,4.33313,3.12985,3.09891,2.98517,2.54331,2.51859,2.64463,2.82182,3.14007,3.14765,3.42313,4.18293,3.93087,2.96319,2.63504,2.51528,2.33798,2.59724,3.17171,3.53678,3.59188,3.60269,3.61552,3.51366,3.52017,3.69348,3.95459,4.11927,3.47253,2.41619,2.00784,2.13365,2.34517
0.44398,0.419216,0.0953072,0.534051,0.493842,-0.0375101,0.366201,1.06945,1.65524,1.84667,1.82493,1.92603,2.53254,3.36249,3.63803,3.4377,4.0273,5.2923,5.90504,6.37017,7.03414,7.25239,7.68785,7.94438,7.82391,6.86244,5.3193,5.35529,6.05245,5.33188,4.92776,5.65278,5.88054,5.49789,3.76146,2.04612,1.94249,2.24316,2.66334,2.93977,3.1435,3.77877,3.92431,2.88064,2.2107,2.44555,2.62004,2.65418,2.9526,3.36552,3.54851,3.51028,3.41512,3.42345,3.4809,3.58956,4.00024,4.26269,3.58038,2.48743,2.06869,2.2061,2.35425,2.44879
