public/uploads/wind/vent_json/20200515/wind_field_16.json
{"header": {"parameterUnit": "m.s-1", "parameterNumber": 2, "dx": 0.051, "dy": 0.036, "parameterNumberName": "eastward_wind", "la1": 45.3082, "parameterCategory": 2,"nx": 177, "ny": 123, "refTime": "2018-09-30 00:00:00", "lo1":1.38177}, "data":
[rows 28 to 55 of 123, columns 0 to 63 of 177]
4.12938,4.00795,4.2378,3.99435,3.85932,4.05215,3.36505,3.19766,2.6062,2.79639,2.97762,2.80489,2.4378,2.1875,2.83968,2.61906,2.46559,3.04715,2.52317,-0.317016,-3.01192,-1.83145,-0.863029,-1.44901,-1.04426,-0.641867,1.12489,2.29017,2.13966,1.86494,1.44917,2.18059,2.59749,2.49998,3.91622,5.73917,6.71969,6.86942,6.72622,6.55284,6.30221,6.22194,5.98935,5.26201,5.4615,5.75718,5.64469,5.53936,5.36132,5.25575,5.02,4.70178,4.50497,4.44091,3.98953,3.61675,3.55547,3.091,3.32846,3.5423,2.95662,2.73462,3.08319,3.52653
3.59733,4.24639,4.06241,3.86753,3.61786,3.92056,3.44245,3.16917,2.92877,2.87152,2.74004,2.87765,2.23524,1.89433,2.91372,2.67343,2.27192,1.76774,0.854792,-2.22387,-3.72958,-1.92108,-1.70818,-2.39954,-1.3087,-0.316112,0.523972,0.955491,0.740648,0.545598,0.0788564,-0.402533,-1.49236,-0.653584,1.04531,3.01027,5.2167,6.51435,6.86357,6.76308,6.67465,6.17486,5.45435,5.33299,5.20373,5.33472,5.05608,5.32863,5.4614,4.61454,4.73681,5.03797,4.66799,4.37835,4.35558,3.91709,3.42461,3.48809,3.09188,3.03379,3.54216,3.36005,3.60974,3.6309
3.6856,3.72271,4.01553,3.60853,3.53666,3.56516,3.48111,2.74551,2.38492,2.92472,3.2165,2.55026,2.47835,2.26793,1.58932,1.44062,1.2192,-0.915702,-2.30302,-4.11505,-4.04399,-2.37622,-2.81683,-2.40558,-1.8478,-1.97663,-1.55874,-1.07808,-1.05745,-0.915331,-0.477454,-2.61443,-2.57431,-1.89788,-1.06189,0.505296,2.54947,4.4996,6.1124,6.76048,6.68732,6.58383,5.92783,5.29632,5.16313,5.09475,5.17739,4.53437,4.05359,4.66973,4.21599,3.64986,4.43975,4.6095,3.78921,3.88504,3.85259,3.41854,3.66786,3.83082,3.71676,3.89004,3.54329,3.23935
3.87418,3.12528,3.9031,3.60655,3.31737,3.23653,3.22951,2.9382,2.94786,2.98641,2.89186,2.20813,2.37374,1.84181,1.16272,0.919273,0.00251814,-2.73698,-3.25208,-3.25029,-3.48324,-3.57726,-3.12329,-2.3668,-2.76243,-2.9648,-2.9381,-2.66923,-2.5891,-2.27286,-2.52328,-2.3782,-2.67737,-1.84177,-1.46039,-0.487087,0.967941,2.59123,4.21333,5.82251,6.52888,6.2225,5.66116,5.34348,5.10398,5.04684,4.81485,4.97248,4.88906,4.36461,4.6771,4.66783,3.73216,3.33609,3.936,4.1699,3.54554,3.74991,4.02962,3.73357,3.87847,3.6289,3.16405,3.57491
4.40926,4.21393,3.1972,3.56187,2.97184,2.88323,2.7082,2.60694,2.39767,2.32834,2.13046,1.48841,1.86362,1.63842,0.611577,0.169956,-1.2936,-3.19576,-3.06418,-2.91345,-3.24302,-3.3125,-2.89702,-2.46403,-1.5478,-2.56136,-3.08299,-2.00703,-2.42122,-3.15129,-2.9699,-3.96119,-3.02733,-2.89189,-1.94504,-1.2169,-0.336233,1.01113,2.41847,3.87251,5.49866,6.11365,5.74968,5.72921,5.38746,4.94402,4.90812,4.25241,3.98747,4.3411,3.88443,3.81348,4.35322,4.51316,4.20882,3.79686,3.79847,3.69024,3.81651,3.8908,3.40899,3.23606,3.64815,3.68596
4.63551,4.15917,3.14913,3.10887,2.66404,2.22996,1.60837,1.69632,1.30154,0.964003,0.764915,0.728903,0.971569,1.15554,0.152882,-2.10447,-2.67415,-2.30788,-3.25301,-3.24821,-2.9235,-2.82733,-2.22073,-3.21298,-3.38722,-3.60832,-3.38218,-3.03114,-2.9109,-3.38985,-4.00535,-3.98791,-3.79138,-2.96222,-1.86541,-1.10411,-1.06564,-0.571231,0.770816,2.2109,3.34304,4.56255,5.34287,5.15475,5.21919,4.15355,3.56145,4.07082,3.82644,4.35905,4.52801,3.34261,2.97618,3.4711,4.25643,4.33549,3.8416,3.99554,4.41508,4.21049,3.58124,3.68353,3.91835,3.73473
5.01256,3.80086,3.33695,2.60239,2.22194,1.5271,0.834421,1.11299,1.27146,1.48067,1.21829,0.296458,0.127526,1.04418,-0.318199,-2.74223,-2.1125,-2.14546,-3.22159,-3.18428,-2.66998,-2.20539,-2.34083,-3.31018,-3.74483,-3.51691,-2.96128,-1.51169,-2.26719,-2.13884,-3.60967,-3.817,-3.93928,-3.16941,-2.3616,-1.00885,-0.695216,-0.849481,-0.404582,0.564502,1.85862,2.81772,4.11543,4.9565,4.7397,4.47843,4.20954,4.05723,4.14303,3.81961,3.72043,3.78378,3.3966,3.73591,3.9223,3.70901,3.98943,3.63918,3.06035,3.17284,3.85449,4.23532,3.75751,3.0938
4.75223,4.31791,3.10936,2.60069,1.80151,0.515326,0.112645,0.697621,0.917814,1.24685,1.00203,0.223194,0.486586,0.817502,-1.35627,-2.73933,-1.55637,-2.21421,-3.32337,-3.02526,-3.41058,-3.49762,-3.9348,-3.17929,-3.41499,-3.2241,-2.29066,-1.68047,-1.97794,-1.78044,-2.39323,-2.6153,-2.68697,-2.84442,-2.66843,-1.43056,-0.649546,-0.546135,-0.572811,-0.299781,0.833023,1.85944,2.58095,3.79695,4.51672,3.52756,3.03652,3.66359,3.57844,3.43974,3.79547,3.83396,3.86613,3.68503,3.58297,3.90774,4.05907,3.84473,3.35888,3.54209,3.76226,3.37478,3.08622,2.64802
4.88084,5.31488,3.78385,2.77446,1.88795,0.240592,-0.221099,0.320652,0.232211,0.46736,0.410607,0.00105445,0.0515044,-0.344149,-2.44531,-2.87475,-1.65441,-2.15868,-3.21648,-1.94158,-2.92125,-3.00959,-3.95076,-2.99251,-3.25736,-2.93568,-2.40758,-1.34156,-0.857751,-0.585639,-0.969748,-1.06751,-1.2746,-1.53396,-1.60084,-1.46354,-0.868126,-0.65645,-0.62722,-0.539054,0.235827,1.42381,2.08975,2.37401,2.32006,1.52954,1.90244,2.90197,2.94682,3.15961,3.6516,3.88318,3.33964,3.0606,3.71618,3.94503,3.93553,3.9347,3.86321,3.51527,3.32707,3.36159,2.69176,1.72083
5.94158,4.81647,3.74256,3.04039,1.64206,0.170075,-0.739383,-0.747959,-0.659414,-0.355772,-0.572242,-0.203357,0.152814,-0.374135,-1.90565,-2.29354,-1.57202,-1.24288,-1.56803,-1.3937,-1.52966,-2.75969,-2.9526,-2.38378,-2.19948,-2.19223,-2.89478,-2.87899,-2.61775,-2.15879,-1.97263,-1.7854,-1.74516,-0.35849,0.0077107,-0.621495,-0.800313,-0.8064,-0.909207,-1.01765,-0.776037,-0.0738872,0.213996,-0.0128533,-0.238928,-0.318653,0.00958057,0.417361,0.836942,1.3418,1.65046,2.4701,3.53759,3.6404,3.61805,3.97061,3.64388,3.07101,2.88887,2.9853,3.26359,2.50348,1.36008,0.630175
4.75874,4.76877,3.90786,2.66748,0.905181,-0.301693,-0.607736,-0.939485,-0.231512,-0.086676,-0.829344,-0.224206,0.665533,0.694102,-0.538803,-1.5462,-1.40271,-1.25032,-0.8642,-0.499906,-1.435,-2.62344,-2.31545,-1.54639,-1.13407,-1.83886,-2.06079,-2.83933,-2.95635,-3.52293,-3.27951,-2.8287,-1.4206,-0.035392,0.688724,0.0210221,-0.530752,-0.635671,-1.00975,-1.3778,-1.49653,-1.46309,-1.54507,-1.60469,-1.5891,-1.46242,-1.2542,-0.888012,-0.335277,0.190286,1.2126,2.59293,3.57272,3.72838,2.81944,2.77765,3.42789,2.97266,2.17045,1.6046,1.35384,0.93174,0.321536,-0.254204
5.15457,3.95346,3.71534,2.42327,0.872957,0.402252,0.482679,0.132381,1.0528,0.291611,-1.06929,0.0442312,1.62989,0.962569,-0.77418,-0.908796,-0.688067,-0.461669,-0.0259316,-0.109759,-1.03572,-2.07872,-2.44848,-1.94524,-2.07922,-1.03887,-2.02978,-2.76811,-2.99728,-3.54453,-3.64125,-2.6535,-0.903727,0.430996,0.836703,0.305986,-0.411592,-0.234522,-0.647618,-1.2403,-1.6607,-1.79848,-1.9398,-1.97931,-1.91608,-1.80592,-1.58058,-1.12735,-0.564524,-0.337142,0.228594,1.24584,1.84241,2.52564,3.20409,3.29754,3.02262,2.49139,1.49047,0.589935,0.388071,0.125258,-0.441551,-0.89897
4.0399,2.67592,2.82856,1.43056,0.179032,-0.231956,0.490219,0.380081,1.46752,2.13073,0.773117,0.692275,2.0068,0.493932,-0.88434,-0.335026,-0.611242,-1.1471,-1.4696,-1.39245,-0.859941,-1.04302,-0.878547,-0.737229,-1.53637,-0.525735,-0.399228,-1.98659,-2.72915,-3.06994,-1.92121,-1.84581,0.119747,0.729184,0.487498,0.153372,-0.43354,-0.115488,-0.253348,-0.702436,-1.42579,-1.88911,-2.17398,-2.17258,-2.0022,-1.7813,-1.43481,-0.987542,-0.678106,0.0856845,0.947338,1.3695,2.00003,2.22721,2.27439,2.44466,2.40586,1.7644,0.464519,-0.230909,-0.231576,-0.483643,-1.01703,-1.24528
0.453788,0.0182471,1.4854,0.441613,-0.636881,-1.26446,-0.849347,-0.525735,0.312615,0.868329,0.517235,0.468591,0.326713,-0.840949,-0.910085,-0.448627,-1.23306,-1.74072,-2.16438,-2.30088,-1.65526,-0.830207,0.193716,0.700102,0.51145,0.638085,0.76972,0.915018,-0.087444,-2.22153,-1.55184,-1.26662,-0.0619277,0.154544,0.341376,0.459383,-0.259034,-0.229593,-0.331325,-0.482671,-1.13472,-1.74873,-2.14229,-2.21005,-2.15706,-2.02703,-1.76826,-1.5124,-1.20741,-0.137523,0.694878,0.779793,1.33132,1.50373,1.32812,1.64826,1.58347,0.4554,-0.596439,-0.796815,-0.773184,-0.96872,-1.32926,-1.40226
-2.73595,-2.83111,0.4255,-0.412121,-0.898196,-1.67287,-2.16475,-2.86278,-3.10519,-2.39402,-1.32979,-0.306095,0.357349,0.743995,0.55321,0.269353,0.0355324,-0.698028,-1.40439,-2.12669,-2.30271,-1.67698,-0.768722,0.0574446,0.616065,0.515966,0.229502,1.19195,1.96986,-0.283574,-1.15583,-1.12527,0.263357,0.315127,0.313705,0.976664,0.263807,-0.417568,-0.512737,-0.648824,-1.09398,-1.40456,-1.74794,-1.90153,-2.12788,-2.35317,-2.05006,-1.12553,-0.469135,-0.0422947,0.268823,0.217408,0.758613,1.16365,1.04358,1.05946,0.261257,-0.916812,-1.24988,-1.2335,-1.20555,-1.26916,-1.5423,-1.48265
-0.294625,-0.671136,-0.960131,-1.17529,-0.514991,-0.800716,-1.56801,-3.13619,-4.11408,-4.19668,-2.82216,-0.426014,1.21878,0.92666,0.101286,-0.560248,0.501125,1.88972,0.872432,-1.36378,-2.53552,-2.22799,-1.65944,-0.954803,-0.559906,-1.03376,-1.28906,0.3619,2.3534,1.45462,-0.50114,-0.60323,0.550238,0.058218,0.154364,1.60221,0.894435,-0.660734,-0.515121,-0.245373,-0.572632,-1.03092,-1.44906,-1.57439,-1.94872,-2.27352,-2.04557,-1.26394,-0.579437,-0.312074,-0.68723,-0.889932,-0.261467,-0.140214,-0.251111,-0.422685,-1.22862,-1.67802,-1.64719,-1.70191,-1.58958,-1.5254,-1.63669,-1.39891
-1.7753,-1.51285,-0.665684,-0.278934,0.678191,1.01693,0.788183,0.742146,-0.227663,-2.50998,-2.72534,-0.863931,-0.202164,-1.17923,-1.55029,-1.14889,-0.531359,2.01813,3.53261,0.979742,-1.45485,-2.00064,-1.51891,-1.20616,-1.72506,-2.04642,-1.811,-1.197,-0.280699,-0.298424,-0.332988,0.533992,1.17372,0.340464,0.392679,1.61982,0.493477,-1.0986,-0.494515,0.144033,-0.274298,-0.621287,-1.03819,-1.50667,-1.7575,-1.84782,-1.67283,-1.21566,-1.03347,-1.68151,-2.26494,-1.85055,-0.585187,0.60512,0.311692,-1.24411,-2.06839,-1.98303,-2.00328,-2.00206,-1.7809,-1.59631,-1.53675,-1.28255
-2.35644,-1.25367,-0.485453,0.572747,1.38004,1.60597,1.85262,2.24538,2.10854,0.0321096,-1.07576,-0.458977,-0.851033,-1.18487,-1.07548,-0.951776,-0.827921,1.0909,3.10767,2.74035,0.448224,-1.35739,-1.47468,-1.16376,-1.36792,-1.82321,-1.75322,-1.24759,-1.61396,-1.79141,0.361034,1.08829,0.961399,0.403145,0.610087,0.84088,-1.0905,-1.07274,0.412758,0.727144,0.626015,-0.0200941,-0.836314,-1.42185,-1.71677,-1.56112,-1.12109,-0.771716,-1.09825,-1.54227,-1.67291,-1.39222,-0.425526,0.365267,-0.542408,-2.06683,-2.22394,-2.00539,-2.05671,-1.94031,-1.71945,-1.532,-1.42535,-1.22444
-2.89365,-1.25738,-0.242289,0.777739,1.30994,1.47681,1.52732,2.48111,3.15871,1.25102,-0.60516,0.830915,0.504578,-1.1783,-1.76995,-1.7129,-1.14837,-0.974588,0.356555,1.22322,0.398088,-0.939343,-1.26439,-1.4925,-1.96923,-1.9138,-1.892,-1.81722,-1.60239,-1.59725,-0.168843,0.721534,0.685137,0.101379,0.387197,0.557329,-0.533321,-0.234894,0.666446,0.0582371,-1.08415,-1.0225,-0.511083,-0.947935,-1.30004,-0.864129,-0.556316,-1.04522,-1.75138,-1.60885,-1.43968,-1.15895,-0.373171,-0.322395,-1.44161,-2.17595,-1.92888,-1.86127,-1.91241,-1.78633,-1.58874,-1.2777,-0.953216,-0.677086
-1.45947,-0.63492,0.0323387,1.06908,1.44457,1.26765,1.36584,2.67511,3.8737,2.82097,-0.56537,0.305075,2.28938,1.23473,-0.950677,-1.56222,-1.95658,-2.54966,-1.94977,-1.6066,-1.54647,-1.1941,-1.09554,-0.926664,-1.67278,-1.66872,-1.72042,-1.97882,-2.07585,-1.47424,0.00262162,0.514842,0.172025,-0.149401,0.182406,0.754389,0.426794,0.161986,-0.621898,-1.88616,-1.72124,-0.813967,-0.318517,-0.315584,-0.318365,-0.191303,-0.361973,-1.03359,-1.55373,-1.20602,-1.163,-0.956545,-0.660808,-1.23537,-1.81782,-1.90566,-1.67674,-1.61881,-1.59257,-1.38582,-1.07285,-0.804002,-0.687918,-0.674064
-0.941096,-0.558129,0.151038,0.70757,1.02744,1.37933,1.46613,2.61932,4.47588,3.86301,0.620002,-0.611779,3.09337,5.00591,2.43899,0.346323,-0.642326,-1.77052,-2.09468,-1.89955,-1.46336,-1.18206,-0.935809,-1.51744,-1.67181,-1.71066,-1.71021,-1.67075,-2.33772,-1.37419,-0.00766198,0.250818,0.0907269,0.202934,0.236442,0.521603,0.458575,-0.266499,-1.13375,-1.24861,-1.1524,-0.830522,-0.00316397,0.363285,-0.290169,-1.00815,-1.14862,-1.14189,-1.12666,-1.37478,-1.78479,-1.58243,-1.69701,-1.97632,-1.75747,-1.53735,-1.32393,-1.28903,-1.26189,-1.2058,-1.26491,-1.3932,-1.59404,-1.8294
-1.15115,-0.857071,0.487158,1.20326,1.53834,1.50502,1.69827,3.05017,4.29878,3.73096,0.310013,0.519088,3.43623,5.63722,5.85277,4.25107,2.69645,0.26846,-0.59782,-0.996552,-1.0529,-1.41709,-1.3287,-1.94097,-1.96794,-1.87222,-1.69663,-1.54565,-1.37493,-1.81729,-0.357894,-0.0461465,-0.0761869,0.334922,0.32293,0.594595,0.384175,-0.417809,-0.939684,-0.653817,-0.139133,-0.0549778,-0.667519,-1.22197,-1.459,-1.35789,-1.06058,-1.09681,-1.54528,-2.11172,-2.3135,-2.17452,-2.09108,-1.85668,-1.61337,-1.58278,-1.58146,-1.65998,-1.89158,-2.08242,-2.10987,-2.1462,-2.20114,-2.14961
-0.314473,-0.279224,0.518884,1.16357,1.6063,1.70442,1.95275,3.21016,4.20711,3.18828,1.23884,1.19816,2.78004,3.91983,4.59599,3.90618,2.49477,0.619709,-0.572744,-0.66415,-0.740132,-1.22651,-1.39368,-1.85636,-2.208,-2.03087,-2.00414,-1.96432,-1.85108,-2.09672,-0.922161,-0.915288,-0.591011,0.0887664,0.521677,0.94455,1.03615,0.39717,-0.434879,-0.231454,-0.49577,-1.75797,-2.30274,-1.63251,-1.14934,-1.26967,-1.60075,-2.12405,-2.54255,-2.64172,-2.43554,-2.17681,-2.10681,-2.083,-1.98309,-1.92617,-1.99957,-2.16571,-2.28918,-2.31964,-2.32933,-2.35134,-2.2893,-2.06473
-0.971884,-0.881962,0.611084,1.06645,1.49584,1.8515,2.2383,3.03671,3.843,3.35898,2.35688,2.08732,1.95429,1.95749,3.52249,4.36163,3.37099,0.567086,-1.29148,-1.36208,-1.61736,-1.70882,-1.6835,-1.7482,-2.13044,-2.21724,-2.12165,-2.07744,-2.09666,-2.45907,-1.40053,-1.54286,-1.54892,-1.17872,-0.856518,-0.692103,-0.592755,-0.581519,-0.889556,-1.27285,-1.86397,-2.26007,-1.89807,-1.56447,-1.88656,-2.17958,-2.26485,-2.23185,-2.07728,-1.95919,-2.05753,-2.2625,-2.32078,-2.28838,-2.35986,-2.61574,-2.64064,-2.35132,-2.18402,-2.19614,-2.17729,-2.02139,-1.72175,-1.42368
1.04064,0.89654,0.508608,0.994858,1.39238,1.94423,2.21051,2.6125,3.07198,3.24147,3.01252,2.25626,1.17789,1.20945,3.13898,4.3602,3.74366,0.904489,-1.2361,-1.61264,-1.45316,-1.72426,-1.48617,-2.10978,-1.97451,-2.40246,-2.14209,-2.0327,-2.17316,-2.22886,-1.22591,-1.54172,-1.74664,-1.72176,-1.57511,-1.58648,-1.8161,-1.96204,-1.86777,-1.49236,-1.46029,-1.83814,-1.89858,-1.89321,-1.99892,-1.82744,-1.65845,-1.59171,-1.65951,-1.80872,-2.06146,-2.45674,-2.54158,-2.37855,-2.62221,-2.77532,-2.40279,-2.08111,-1.92044,-1.76212,-1.56753,-1.43234,-1.34337,-1.05064
1.29166,1.06338,0.486541,0.812961,1.06628,1.72025,1.7821,2.16669,2.81203,3.25576,3.16008,1.52956,0.165123,0.940928,2.78477,4.07658,4.08166,3.54152,1.84707,-0.0607452,-0.847388,-0.654816,-1.01773,-1.40602,-1.59963,-1.94684,-2.18738,-2.09697,-2.25568,-0.975815,-0.825111,-1.34025,-1.64642,-1.70993,-1.64448,-1.55642,-1.69763,-1.7355,-1.74628,-1.8188,-2.0823,-2.44427,-2.53924,-2.1745,-1.76004,-1.79225,-2.18032,-2.28948,-2.15552,-2.13086,-2.11352,-2.1235,-2.14743,-2.22716,-2.33545,-2.11886,-1.72388,-1.4481,-1.21617,-1.07603,-1.01388,-0.938834,-1.00793,-1.10452
-1.19348,-0.957431,0.693428,0.413183,0.87858,1.32331,1.33327,1.90872,2.62796,3.11716,2.95887,1.47583,-0.0516211,0.374062,2.1954,3.57654,4.21721,4.19824,4.19436,1.74038,0.0735112,-0.0466668,-0.339056,-0.384601,0.300186,-0.342341,-1.4156,-1.59903,-1.44752,-1.99714,-0.904977,-1.22949,-1.53636,-1.54215,-1.72532,-1.79049,-1.99043,-2.10264,-2.32109,-2.65001,-2.80055,-2.54774,-2.35524,-2.19631,-2.32206,-2.82136,-2.88832,-2.69702,-2.69709,-2.66164,-2.46325,-2.38053,-2.4517,-2.16785,-1.729,-1.55436,-1.36226,-1.06211,-0.8316,-0.733204,-0.768385,-0.713035,-0.0830758,-0.212625
-0.41148,-0.34057,0.607314,0.316975,0.608789,1.16262,1.41251,1.62643,2.18107,2.69041,2.87407,2.16771,0.888661,0.676071,1.94662,3.3701,3.95593,4.06424,3.86989,2.7499,1.55316,0.497595,-0.350534,-0.539755,0.140276,0.396933,-0.681742,-1.43508,-1.85901,-1.91024,-1.07654,-1.18189,-1.30263,-1.31674,-1.6434,-1.82207,-2.11956,-2.25686,-2.25555,-2.222,-2.21684,-2.11087,-2.04885,-2.34738,-2.72637,-2.6124,-2.39366,-2.26718,-1.91436,-1.56617,-1.55366,-1.79481,-1.9947,-1.94868,-1.72886,-1.53028,-1.27522,-1.05758,-0.944598,-0.80453,-0.653871,-0.368052,0.0718863,0.274365
