public/uploads/wind/vent_json/20200515/wind_field_16.json
{"header": {"parameterUnit": "m.s-1", "parameterNumber": 3, "dx":  0.051, "dy": 0.036, "parameterNumberName": "northward_wind", "la1": 45.3082, "parameterCategory": 2,"nx": 177, "ny": 123, "refTime": "2018-10-03 01:00:00", "lo1":1.38177}, "data":
[rows 0 to 28 of 123, columns 0 to 63 of 177]
4.13803,4.04774,4.35589,5.05825,5.21629,4.92288,3.93087,3.63534,3.972,5.116,5.21927,5.03722,3.91244,3.9689,3.87095,4.15058,4.27264,4.61492,4.80616,4.89747,4.78163,4.58187,4.5206,4.46146,4.55189,4.49036,4.39106,4.09,3.80136,3.72868,3.78037,3.73664,3.55053,3.15074,2.98853,3.00239,3.12765,3.12293,3.07517,2.92686,2.86391,3.10293,3.44263,3.52176,3.57366,3.37485,3.41741,3.43254,3.41437,3.48022,3.39949,3.25459,3.15765,3.08176,3.13057,3.06794,2.93041,2.54909,2.22038,2.09975,2.10067,2.03747,1.88145,1.81887
5.06699,4.74477,4.62123,4.75969,4.79035,4.5705,4.25111,3.85282,4.38091,4.82121,4.64885,4.56659,3.88354,4.50432,4.55855,4.87513,4.53289,4.81098,4.60121,4.56386,4.51863,4.64233,4.73945,4.40813,4.26413,4.13472,4.05932,4.16039,3.79273,3.60522,3.49,3.39721,3.26509,3.22571,2.99125,3.17194,3.02911,2.96638,2.96904,3.11206,3.06374,3.26401,3.34485,3.24315,3.38474,3.34416,3.55386,3.61551,3.21667,3.1962,3.1648,3.43096,3.43723,3.38698,3.17998,3.10979,3.20085,3.22977,3.0439,2.97727,2.89014,2.72786,2.44875,2.53244
5.83207,5.4582,4.91864,4.4709,4.33319,4.1815,4.78765,4.22999,4.86725,4.57517,4.07941,3.94329,4.1307,4.29032,4.76889,5.03774,4.48171,4.78609,4.44634,4.10739,4.50785,4.64535,4.79753,4.44642,3.94612,3.76546,3.88719,4.02032,3.57975,3.64276,3.40288,3.11419,2.96884,3.42072,3.00399,3.36326,2.96543,3.0487,2.87402,3.04219,3.47333,3.34316,3.22637,2.9104,3.19822,3.28394,3.44675,3.64568,3.01484,2.80662,2.9974,3.3657,3.45065,3.41258,2.87898,2.6791,2.98772,3.3588,3.39675,3.3357,3.12558,2.78451,2.56326,2.82974
5.77352,5.63221,4.93598,4.51995,4.15931,4.23157,4.28787,4.49118,4.19763,4.96906,4.03889,3.98063,4.64334,4.31916,4.82962,4.93675,4.50356,5.02513,5.00021,4.27947,4.71403,5.0077,4.75449,4.76122,4.27728,3.59349,4.17739,4.51676,3.82748,4.13461,4.18796,3.23861,3.25108,3.16564,3.2746,3.17566,3.03898,3.32765,3.31328,2.79557,3.4886,3.73239,3.55791,3.22419,3.38797,3.62177,3.65651,3.67473,3.25043,2.6182,3.07435,3.49147,3.35542,3.40086,2.79641,2.81356,3.10019,3.3503,3.31736,3.30881,2.84261,2.78257,2.33883,2.7531
4.84559,4.86695,4.52123,4.54839,4.12931,4.83911,3.71515,4.74542,4.04966,5.0712,4.40479,4.63511,4.87435,4.8302,4.84143,5.05441,4.91083,5.26459,5.26714,4.87379,4.68418,5.04112,4.82135,4.57189,4.84974,3.61168,4.1987,4.86962,4.52496,4.38086,4.74506,3.68273,4.07126,3.29155,3.80854,3.34337,3.68089,3.59705,3.72809,3.23119,3.3579,3.79014,3.77228,3.63916,3.69346,3.39812,3.73501,3.61931,3.65889,2.63351,3.06053,3.36025,3.23045,2.98917,2.89807,3.22617,3.32586,2.95746,3.12341,2.92883,2.38221,2.90585,2.24943,2.2696
3.77455,3.81147,3.90022,3.88232,4.21934,4.8683,3.6833,4.61287,4.87837,4.85912,4.86164,4.94056,4.95816,4.8674,4.88233,5.02664,4.85872,5.04512,4.99045,4.75521,4.82856,4.89592,4.96282,4.6597,5.02365,3.95896,4.50299,4.79954,4.81877,4.66248,4.69975,4.4921,4.6576,4.33505,4.18758,4.14105,4.26313,4.07019,3.76095,3.8233,3.89712,3.62274,3.87044,3.70424,3.80701,3.18774,3.66357,3.72821,3.73351,3.07355,3.3701,3.17964,3.17671,2.85551,3.32544,3.02512,3.3046,2.41583,3.18872,2.66281,2.26472,2.58053,2.27684,1.95566
3.45101,3.46124,3.4311,3.22927,4.05426,3.99213,3.64489,4.38116,4.80911,4.79073,4.87683,4.88266,5.05659,4.83473,4.94175,4.56596,4.77535,4.9219,4.65679,4.744,4.91489,4.84268,4.77363,4.865,4.82371,4.64533,4.94542,4.98526,4.89406,4.95287,4.87744,4.92347,4.76128,4.73714,4.49781,4.58983,4.43048,4.41604,4.17173,3.9433,4.2487,4.05701,4.17758,3.89884,3.75616,3.84055,3.57545,3.71064,3.80912,3.69312,3.71579,3.70432,3.28297,3.41196,3.33973,2.88209,3.17957,2.60719,2.75611,2.37047,2.23075,2.13699,2.06757,1.92872
3.44994,3.54225,3.32487,3.19116,3.48186,3.0315,3.76605,4.2979,4.49578,4.57292,4.73735,4.78873,4.86793,4.91122,4.88854,4.76327,4.92137,4.89195,4.74051,4.7979,4.70105,4.61451,4.55666,4.5931,4.61426,4.80631,4.85565,4.90017,4.97616,4.97475,4.96599,4.89937,4.8365,4.70326,4.68162,4.59153,4.53797,4.42407,4.43881,4.284,4.27633,4.34243,4.2533,3.83798,3.97704,4.04702,3.52557,3.86696,3.72887,3.92975,3.83952,3.92456,3.66418,3.45485,3.06811,3.35094,3.37055,3.38245,2.54081,2.01263,2.12497,2.17788,2.07274,1.91594
3.46018,3.79825,3.57503,3.62633,3.88074,3.13156,3.46396,3.96954,4.08669,4.45165,4.73854,4.94446,5.10189,5.10513,5.08873,5.1324,5.10294,4.945,4.84498,4.67543,4.51182,4.40719,4.3628,4.37041,4.4131,4.47787,4.56693,4.64135,4.7725,4.81471,4.8578,4.85389,4.84243,4.78559,4.70984,4.66344,4.63711,4.58736,4.52783,4.53153,4.48331,4.40035,4.35549,4.12539,4.33084,3.75678,4.0219,3.78243,3.75235,3.87957,4.17013,3.43105,3.80265,3.3015,3.52561,3.26358,3.39478,3.2709,2.49662,2.29792,2.08458,2.26702,2.30275,2.1235
5.42283,3.50252,3.32587,3.53903,3.9114,4.32472,4.34162,4.57195,4.53782,5.00348,4.86197,5.35195,5.62951,5.72684,5.74889,5.71256,5.5876,5.36278,5.09962,4.85836,4.658,4.46668,4.37925,4.31697,4.27438,4.26173,4.28008,4.31293,4.40016,4.48817,4.60098,4.69406,4.76724,4.80762,4.78831,4.77577,4.73239,4.71973,4.66827,4.61716,4.57263,4.49315,4.4534,4.45837,4.43473,4.0984,4.48981,3.65124,3.98281,3.95445,4.06882,3.54445,3.86147,3.72008,3.5048,3.03899,3.40756,2.77475,2.62822,3.13152,2.40443,2.12049,2.35531,2.3814
3.48165,3.95096,3.91628,4.0673,3.82766,3.93817,4.87579,5.06821,5.1282,5.19374,5.69103,6.0598,6.32688,6.46861,6.48661,6.34777,6.09477,5.82897,5.57737,5.35876,5.1562,4.90163,4.72285,4.56389,4.4046,4.27977,4.17711,4.13325,4.15232,4.23602,4.36696,4.5107,4.64695,4.77062,4.8356,4.86523,4.80081,4.81669,4.75793,4.7144,4.6495,4.57706,4.56993,4.55537,4.38097,4.20476,4.3945,4.22438,4.24529,4.1419,3.92231,3.92274,4.12355,3.65517,3.15591,3.36633,3.32678,2.65984,3.20667,3.09918,2.4388,2.22255,2.02188,2.47663
1.87153,2.84316,3.19511,3.31752,3.27199,4.12093,4.98746,5.75942,6.01488,5.71442,6.09291,6.45397,6.41657,6.39026,6.27288,6.12004,5.93911,5.76853,5.64848,5.5617,5.48908,5.35123,5.19108,5.0,4.80363,4.64662,4.52117,4.40135,4.31128,4.27025,4.31494,4.44116,4.60364,4.76749,4.8843,4.95642,4.89334,4.85256,4.7819,4.71456,4.66785,4.63854,4.64249,4.69028,4.23415,4.3632,4.49882,3.97606,4.24048,4.24829,4.19979,3.84684,4.01564,3.04156,3.42179,3.71875,2.86257,2.35957,3.15178,2.43325,1.85978,2.74705,1.93609,2.73796
1.99572,3.3524,3.33184,3.5554,3.85783,3.48637,3.72385,4.28495,4.48621,3.96736,4.79669,6.06013,5.92777,5.70123,5.57761,5.45029,5.34869,5.33067,5.3091,5.28682,5.27728,5.24525,5.20196,5.14559,5.093,5.05848,5.03075,4.92746,4.79716,4.69111,4.6691,4.73136,4.86007,4.96844,5.03245,5.01776,4.91191,4.79546,4.69399,4.64797,4.63943,4.66056,4.67598,4.66579,4.36475,4.56108,4.52296,3.76279,3.93569,4.18615,4.10421,3.97326,3.58086,2.93681,3.02122,3.60889,2.78482,2.10197,3.20139,2.49211,1.72168,2.79023,2.15415,2.42339
2.83701,3.26739,4.0565,3.73637,3.89093,4.04183,4.05419,4.01877,4.00764,4.01473,4.3779,4.69762,5.76775,5.68657,5.36156,5.19702,5.04164,4.90726,4.84222,4.82624,4.8405,4.8535,4.86417,4.90871,4.97388,5.04408,5.11089,5.17316,5.24594,5.3525,5.44224,5.49643,5.50063,5.37823,5.18135,4.93968,4.73336,4.61185,4.55227,4.56057,4.60516,4.63531,4.66024,4.6484,4.10278,4.50036,3.69074,4.14188,4.11816,4.12451,4.16374,4.13435,3.14315,2.89128,2.27921,2.89309,2.69053,2.1209,2.98475,2.93928,2.07959,2.18771,1.84813,1.92246
4.42474,5.0027,3.9393,4.0614,4.17617,4.03453,3.70393,3.33407,3.4506,3.58636,3.60351,4.50254,5.24859,5.9675,5.85951,5.27528,4.955,4.8161,4.665,4.55753,4.51427,4.5764,4.70447,4.78018,4.8126,4.88908,5.0811,5.36536,5.65946,5.95127,6.14512,6.16719,5.95891,5.54922,5.07568,4.70653,4.49072,4.43547,4.46144,4.52978,4.58921,4.6266,4.53167,4.44357,4.20964,4.41326,3.31782,4.20254,3.9044,3.97657,4.27684,3.74435,3.36261,2.71008,2.08675,2.1899,2.43666,2.11856,2.12143,3.20016,2.55506,2.01453,1.44515,2.146
4.8859,4.84092,4.88152,4.41876,3.93346,4.13914,3.55971,3.21711,3.40847,3.47849,3.6943,3.28705,3.95662,5.04552,5.38219,5.87971,5.33865,4.83981,4.73102,4.70358,4.70821,4.68764,4.67441,4.80742,5.05289,5.30716,5.56814,5.81729,6.01877,6.14657,6.11579,5.89331,5.52121,5.08579,4.74678,4.59781,4.55532,4.58503,4.61665,4.64458,4.62349,4.54709,4.52474,3.45482,4.36479,3.56814,3.87445,4.14491,3.27852,3.73021,3.90908,3.12844,3.8196,2.89734,2.16953,2.03226,2.34695,2.22475,1.64678,2.43274,2.44984,2.33115,1.85667,2.22885
4.56847,5.30508,4.94552,4.44085,4.44254,3.93637,3.22305,2.97334,3.04088,3.21186,3.31673,3.45912,3.99102,4.61838,4.99286,5.2125,6.0862,5.70241,5.06662,4.86565,4.87883,5.05299,5.21158,5.31467,5.53608,5.79049,5.97552,6.01916,5.90035,5.65821,5.2896,4.92475,4.67042,4.57372,4.69676,4.93041,5.09138,5.13189,5.03942,4.85158,4.66058,4.42693,4.4527,3.27084,4.07427,3.32747,3.93871,3.97625,3.3361,3.7675,3.97991,2.84981,3.67493,3.05601,2.4206,1.91824,2.36916,2.44475,2.25589,1.63201,1.58505,2.04105,2.39436,2.16097
4.04388,4.34113,4.28048,4.48716,4.10896,3.64897,3.27409,3.17466,3.21999,3.21999,3.36736,3.35518,3.25486,3.28103,3.55008,4.85552,5.12668,5.5208,5.88439,5.63293,5.46017,5.31456,5.44464,5.78486,5.89037,5.85413,5.72563,5.56457,5.26898,4.90369,4.58546,4.43888,4.49368,4.76067,5.1494,5.46496,5.59208,5.5254,5.2952,4.96643,4.66227,4.46948,4.26202,3.97576,3.86244,3.8365,3.75684,3.79927,3.91231,3.99068,3.69012,2.98307,3.68703,2.9513,3.04178,1.9994,2.23691,2.77324,3.31112,2.3091,1.38813,1.40406,2.15386,2.47071
3.71119,4.46092,4.68782,4.0581,3.85663,3.59144,3.44676,3.36433,3.30026,3.18368,3.18199,3.50074,3.49904,3.56457,3.64049,3.44786,4.69712,5.0329,5.04759,5.35524,5.17828,5.85746,6.00026,5.87183,5.93307,5.94392,5.68777,5.24841,4.8512,4.65564,4.68391,4.85339,5.06971,5.33637,5.57627,5.67894,5.64155,5.51038,5.30113,5.04024,4.82152,4.68424,4.52058,4.32958,4.16881,4.11421,3.99421,3.82594,4.04649,3.95677,3.33198,3.59739,3.64366,3.04983,3.83274,2.5559,1.90839,3.15323,3.47704,2.84617,2.01429,1.15865,1.7608,2.62434
1.80157,2.30718,2.44019,3.03177,3.21256,3.58568,3.70113,3.65129,3.48465,3.25668,3.13581,3.30809,3.90567,3.65703,3.69857,4.33006,4.37836,4.0557,4.60536,4.77265,5.03557,5.31033,6.14942,6.72038,6.19786,5.74133,5.32123,5.0163,4.81049,4.78398,4.92238,5.11922,5.29412,5.43304,5.50952,5.51276,5.47206,5.43753,5.37557,5.25462,5.14283,5.05857,4.90024,4.83074,4.56274,4.45219,4.25279,4.16987,3.74512,3.88807,3.73589,3.64947,3.34475,3.63999,3.72825,3.2381,2.04309,2.88614,2.70889,2.80808,2.34516,1.2667,1.9046,2.0775
0.240547,0.556514,1.2527,2.08311,2.65079,3.20762,3.52992,3.79357,3.62211,3.74571,3.85613,3.22115,3.11,3.58105,3.71033,4.13906,5.24823,5.95304,4.95828,4.5166,4.61028,6.23032,6.25563,5.75289,6.22581,5.4694,4.71715,4.22959,4.44248,4.84453,5.08749,5.17406,5.19255,5.22859,5.28273,5.33643,5.37913,5.43712,5.48227,5.48513,5.42502,5.37175,5.22023,5.17679,5.07754,4.82825,4.80167,4.44056,4.42554,3.60753,3.93394,3.3927,3.72146,3.76378,3.29113,3.85897,2.57944,2.28415,2.46334,2.97718,2.59915,1.81423,2.00218,1.57542
-0.232568,-0.0907004,0.462853,1.30503,2.04484,2.22157,2.69892,2.66897,2.39321,2.94814,3.73638,3.41751,3.64387,3.82028,3.86147,3.83802,4.55875,5.46256,6.44819,6.47687,6.21646,4.99754,4.2319,5.00806,4.70488,4.41107,3.96968,4.51709,4.66714,4.97379,5.29325,5.42821,5.40741,5.35835,5.3381,5.36384,5.40949,5.45664,5.50669,5.54494,5.5433,5.49131,5.4711,5.37683,5.56554,5.35771,5.58362,5.04062,5.04849,4.00834,4.14615,4.08251,3.92869,3.50653,3.77069,3.70797,3.19222,2.1541,3.04729,3.11146,3.12373,2.39985,2.07382,1.78878
0.443657,0.428686,0.720299,1.21069,1.5943,2.05052,2.23369,2.25589,1.84116,2.10132,2.5201,2.63007,3.07,3.37608,3.51271,3.34615,3.5003,4.63691,5.52084,5.85972,4.86307,3.96851,4.25924,3.95873,4.38184,4.18561,3.75744,4.15664,5.85413,5.84985,5.50278,5.34648,5.3082,5.3147,5.32704,5.32985,5.34733,5.38299,5.42761,5.47995,5.51161,5.51877,5.48733,5.53938,5.55569,5.59088,5.47819,5.63208,5.05781,4.90812,4.75792,4.47247,3.95599,4.18251,3.92724,3.5392,3.82876,2.34124,3.14213,3.45999,3.06583,2.83513,2.44022,2.21136
1.16212,1.22793,1.13722,1.1015,0.957597,1.09393,1.10675,1.16352,1.11006,1.16311,0.928995,0.946237,1.12859,1.00047,0.894403,1.37022,2.45046,3.29591,4.01384,4.44802,3.55271,3.21048,3.90746,4.99672,4.67904,4.84928,4.80277,5.14958,5.19193,6.11237,5.6317,5.14925,5.07196,5.13852,5.17446,5.16607,5.15818,5.19676,5.26537,5.33409,5.36045,5.34206,5.30047,5.26683,5.26405,5.27418,4.70218,5.34435,5.34993,5.35801,5.32393,4.62741,4.89378,4.55032,4.01576,4.11145,4.32539,3.10343,3.55552,3.48793,3.07653,3.42636,2.78266,2.88472
1.28043,1.43231,1.42742,1.03209,0.860763,0.806848,0.740852,0.788726,0.893514,0.742187,0.816463,0.73187,0.853486,0.505383,0.147418,0.615674,0.676785,0.247569,2.12476,3.88218,4.0258,4.04168,4.84475,5.07175,5.84235,6.70059,5.78246,3.44277,3.08214,3.82266,5.2395,5.50211,5.24045,5.0938,5.03685,5.01316,5.01332,5.03229,5.05265,5.06544,5.03878,4.97614,4.85441,4.77591,4.75828,4.79565,4.62084,5.02002,4.78017,5.37466,5.45223,5.4965,5.61267,4.59131,4.7655,4.77273,4.56278,4.24194,3.95918,3.55668,3.82573,3.76912,2.78058,3.6964
1.26932,0.949348,0.898409,0.742168,0.677117,0.72819,0.561784,0.316354,0.223118,0.566717,1.13407,1.20769,1.09192,1.06192,0.901872,0.271181,-0.760028,-1.11132,0.227712,1.89858,3.83362,4.22121,4.30946,5.25738,5.65118,4.82197,2.79247,1.62209,1.18708,2.78842,3.9763,5.04032,5.65062,5.33323,4.98099,4.8774,4.87733,4.87396,4.83496,4.781,4.73523,4.67013,4.61216,4.47446,4.49688,4.54509,4.78471,5.02587,4.16057,4.84749,5.46254,5.77757,5.21899,5.39988,5.32801,5.17418,4.95048,4.88752,4.17776,4.35915,4.44157,3.50305,3.09231,3.67433
0.905819,0.618913,0.549512,0.519977,0.278478,0.386865,0.243336,0.0485555,0.138488,0.3745,0.748132,0.745398,0.601122,0.878403,0.494803,-0.803637,-1.8964,-1.91533,-1.80627,-0.535352,2.34601,4.19086,4.30341,4.35057,3.83522,3.33863,2.2374,2.52119,2.6697,1.9692,3.08622,3.76723,4.48364,5.5258,5.41815,5.06689,4.87736,4.79804,4.74652,4.67539,4.60041,4.54598,4.48779,4.52185,4.45585,4.5858,4.7482,4.99158,4.90975,4.96517,5.59229,5.11444,5.36794,5.8333,5.60714,5.48967,5.38145,5.43949,5.14786,4.87478,4.83678,3.73627,4.19651,3.21466
1.02481,0.712548,0.705152,0.710871,0.783255,0.78022,0.672114,0.524521,0.678431,0.789521,0.573699,0.468222,0.239615,-0.0867589,-0.441726,-0.902825,-1.85813,-2.26141,-2.12129,-1.36616,0.0220018,3.69485,3.84516,3.35811,2.81356,3.1517,2.88174,3.12375,2.56352,1.78543,1.49826,1.81372,3.02653,4.51952,5.56431,5.56546,5.12588,4.75065,4.57454,4.51445,4.45773,4.40259,4.41687,4.28159,4.51682,4.55852,4.83224,4.99332,5.18236,5.38915,5.37735,5.19718,5.67358,5.78441,5.42606,5.60135,5.64125,5.1309,5.51496,5.404,4.59091,4.70209,4.52204,3.51567
1.17542,1.10791,1.13555,1.22082,1.09023,0.925438,0.626711,0.51921,0.680616,0.616349,0.534053,0.392668,0.247487,-0.40585,-0.575612,-0.811475,-1.17771,-1.51218,-2.04536,-1.58378,-1.83291,0.57251,2.79425,2.91764,2.80008,2.77004,2.66452,1.96844,1.76525,1.39157,1.42504,1.48597,0.725634,1.68512,3.36881,4.80686,5.07389,4.74976,4.34557,4.2063,4.24418,4.27113,4.2468,3.98277,4.27231,4.62807,4.66504,5.02934,5.14353,5.04075,5.30439,5.5552,5.59545,5.70106,5.56156,5.26074,5.62414,4.78046,5.46601,5.2416,4.58361,4.63033,4.28897,4.51329
