public/uploads/wind/vent_json/20200521/wind_field_13.json
{"header": {"parameterUnit": "m.s-1", "parameterNumber": 2, "dx": 0.051, "dy": 0.036, "parameterNumberName": "eastward_wind", "la1": 45.3082, "parameterCategory": 2,"nx": 177, "ny": 123, "refTime": "2018-09-30 00:00:00", "lo1":1.38177}, "data":
[rows 56 to 83 of 123, columns 0 to 62 of 177]
-1.25929,-1.16607,0.585077,0.09146,0.280545,0.55495,0.338989,0.192262,0.48818,0.127758,-0.759792,-0.678312,0.449494,1.43152,2.11637,2.91958,3.22626,1.19248,-1.13533,-1.25527,-1.87094,-2.00418,-2.48909,-2.86688,-2.61742,-3.09172,-3.9147,-4.53971,-4.71115,-4.05985,-2.12642,-2.27411,-3.56137,-4.03234,-3.77596,-3.3113,-3.8861,-3.9771,-3.0878,-3.1297,-3.82767,-3.8194,-3.08808,-2.54335,-2.36126,-2.2314,-2.09311,-1.83102,-1.52621,-1.68542,-2.17905,-1.91972,-1.78538,-2.59499,-2.88244,-2.20078,-1.58595,-1.42054,-1.51074,-1.3443,-0.905784,-0.643614,-0.370564
-0.473102,-0.816207,-0.365716,-0.513905,-0.531804,-0.322185,-0.477091,-0.524411,-0.3988,-1.01325,-1.3127,-1.05045,0.353931,1.32006,1.67658,2.7329,2.80966,-0.332302,-2.14364,-2.13148,-2.23208,-2.44422,-2.95258,-3.26499,-2.99666,-3.28745,-3.99501,-4.56873,-4.60865,-4.48857,-2.99822,-2.69647,-2.85166,-2.97844,-3.19217,-2.68586,-2.2941,-2.25813,-2.09316,-2.38169,-2.9038,-2.97865,-2.60661,-2.26803,-2.21133,-2.14663,-1.74834,-1.43332,-2.05906,-2.86477,-2.96564,-2.79795,-2.56067,-2.09946,-1.65267,-1.50588,-1.49971,-1.41632,-1.14475,-0.831793,-0.697623,-0.523492,-0.350367
0.81951,0.335629,-1.04612,-1.16975,-1.3671,-1.30682,-1.44263,-1.45657,-2.07173,-2.29281,-2.22528,-1.16456,-0.222033,0.529668,1.08422,1.90671,0.689124,-2.21394,-3.20267,-2.80841,-2.62974,-3.15415,-3.2635,-3.26583,-3.01919,-3.68835,-4.09816,-3.83763,-3.66194,-3.62693,-4.28093,-3.12795,-3.00116,-2.20289,-2.12447,-2.63289,-3.01939,-3.06491,-2.93528,-2.71394,-2.36757,-2.29354,-2.04243,-1.75178,-1.70799,-1.8022,-2.12718,-2.824,-3.6558,-3.62262,-2.84015,-2.20436,-1.72622,-1.68175,-2.01583,-2.00893,-1.60323,-1.10788,-0.905063,-0.926995,-0.743358,-0.439025,-0.240371
-1.19395,-1.20735,-1.24807,-1.60614,-1.72011,-1.8152,-1.94143,-2.43115,-2.95465,-3.11884,-2.42806,-1.99019,-1.50478,-1.14296,-0.766334,-1.30194,-2.84261,-4.06845,-3.77047,-3.19362,-2.96894,-3.16507,-2.9371,-2.97235,-3.11217,-3.58021,-3.73859,-3.88862,-4.72328,-3.41535,-3.24181,-2.6639,-2.44583,-2.4468,-2.44211,-2.34931,-2.37733,-2.80675,-3.79293,-3.98225,-2.99776,-2.74341,-3.21702,-3.10345,-2.4351,-2.70246,-3.29724,-3.2089,-2.84447,-2.14807,-1.585,-1.76897,-2.16618,-2.08322,-1.72348,-1.42198,-1.20464,-1.04969,-0.91377,-0.61517,-0.301646,-0.087988,0.0708959
-0.239308,-0.623686,-1.50904,-1.77207,-2.13487,-2.31663,-2.50156,-2.75514,-3.48681,-3.37277,-3.12066,-3.05399,-3.04961,-3.23079,-3.61832,-4.18332,-4.7018,-4.64787,-4.31819,-3.44835,-3.13443,-3.03847,-3.27489,-3.06668,-3.36311,-3.22797,-3.09484,-3.79124,-3.77266,-3.55239,-3.40458,-4.3382,-2.93008,-2.86377,-3.02896,-3.20293,-2.953,-2.67415,-2.51049,-2.82121,-3.50376,-3.40122,-2.45257,-2.17266,-1.95682,-1.75071,-2.05167,-2.15197,-1.90408,-2.10737,-2.55648,-2.45432,-2.11919,-1.72144,-1.48013,-1.29949,-1.08605,-0.836864,-0.616484,-0.466299,-0.239916,0.0570285,0.326795
-1.05118,-1.32229,-1.4495,-1.79385,-2.07909,-2.4492,-2.88294,-3.22518,-3.43531,-3.36973,-3.22333,-3.59934,-4.74988,-5.06944,-4.66168,-4.37474,-5.06644,-4.89706,-4.55131,-3.97675,-3.65588,-3.48253,-3.51979,-3.19579,-3.12627,-3.45989,-3.06268,-3.27368,-2.94183,-2.34091,-2.82374,-3.41855,-4.04091,-2.72137,-2.72392,-2.56583,-2.47578,-2.69749,-3.30664,-3.56389,-3.06347,-2.42582,-1.88301,-1.88512,-2.40601,-2.49358,-1.89492,-1.61858,-1.91234,-2.23881,-2.23584,-1.86168,-1.66158,-1.60759,-1.48546,-1.23245,-0.982304,-0.776853,-0.543016,-0.268163,0.0476297,0.330291,0.531527
-1.1024,-1.40854,-1.47246,-1.78226,-2.14754,-2.62097,-3.06478,-3.60324,-3.64638,-3.31406,-3.31619,-4.37434,-5.33715,-5.45477,-5.04105,-4.87681,-5.06924,-4.67995,-4.26608,-3.85257,-3.76166,-3.51534,-3.51758,-3.3139,-3.3099,-2.89064,-2.93872,-2.61568,-2.5354,-1.8446,-2.59477,-2.44309,-3.00744,-4.06306,-3.16618,-3.40552,-3.2473,-3.28565,-3.09815,-2.77434,-3.10643,-2.98553,-2.09269,-1.79671,-1.56829,-1.31708,-1.33956,-1.24943,-1.20659,-1.44278,-1.77165,-1.72716,-1.60693,-1.46412,-1.28158,-1.07089,-0.758989,-0.548589,-0.391708,-0.113439,0.271013,0.54014,0.714137
-0.302427,-0.865371,-1.62762,-2.18992,-2.66842,-2.99682,-3.5184,-4.02194,-4.22633,-4.05792,-4.32049,-5.07184,-5.52202,-5.55115,-5.32135,-5.72355,-5.39158,-5.40544,-4.96803,-4.65653,-4.21181,-3.90394,-3.59757,-3.00266,-3.19548,-2.64255,-2.56036,-2.17962,-1.98108,-2.03037,-1.88806,-2.52828,-2.4766,-2.96784,-3.86823,-2.77067,-2.70323,-2.8023,-3.12573,-2.97977,-2.47257,-2.48741,-2.29497,-1.94095,-1.7632,-1.45002,-1.06986,-1.14729,-1.33128,-1.3422,-1.52677,-1.67492,-1.5328,-1.35889,-1.16935,-0.920522,-0.674881,-0.428551,-0.224244,0.0732524,0.496275,0.767262,0.882811
-0.448649,-1.04542,-1.56343,-2.06045,-2.53828,-2.92771,-3.36871,-3.97118,-4.22852,-4.18411,-4.51568,-4.93256,-4.95088,-4.94079,-4.45087,-4.54859,-4.60743,-4.41005,-4.58793,-4.25124,-4.0974,-3.71401,-3.49203,-2.99572,-2.83996,-2.92836,-2.67298,-2.31735,-2.15978,-1.81955,-2.23199,-2.12367,-2.08605,-2.13699,-2.4811,-3.56944,-3.48767,-3.61132,-2.82569,-2.51701,-2.4332,-2.26181,-2.33275,-2.10458,-1.48439,-1.30099,-1.34416,-1.33886,-1.19523,-1.17662,-1.27725,-1.3206,-1.24485,-1.07198,-0.958525,-0.676842,-0.469566,-0.273545,-0.0109796,0.27755,0.701249,1.05229,1.1799
-0.517342,-1.04067,-1.56572,-1.97812,-2.4458,-2.91241,-3.54157,-4.08676,-4.14066,-4.00809,-4.19992,-4.50403,-4.59844,-4.80827,-4.3461,-4.42806,-3.99782,-4.60992,-4.37317,-4.29604,-3.84184,-3.74499,-3.40683,-3.13013,-2.83697,-2.77996,-2.75831,-2.47993,-2.17434,-1.9806,-1.97015,-1.75021,-1.55442,-1.45368,-1.65661,-1.96576,-1.95434,-1.73453,-1.99117,-3.26833,-2.98189,-2.40338,-2.03881,-1.83509,-1.51292,-1.36496,-0.941662,-0.912983,-0.937818,-0.849612,-0.83876,-0.999352,-1.08738,-0.862998,-0.684616,-0.430018,-0.209307,-0.0383099,0.22613,0.49454,0.926112,1.41437,1.59087
-0.618065,-1.09299,-1.52489,-1.99153,-2.46515,-3.04955,-3.63597,-3.98011,-3.94861,-3.94509,-4.14284,-4.44016,-4.77342,-5.00928,-4.88302,-4.74421,-3.80346,-4.2927,-3.84449,-3.74703,-2.77251,-3.14072,-2.75789,-2.86435,-2.62589,-2.6741,-2.43582,-2.31039,-2.21821,-1.89463,-1.66682,-1.14538,-1.48797,-0.915528,-1.289,-1.44977,-1.18593,-1.31403,-1.62921,-2.23511,-2.13185,-2.59868,-1.76775,-1.77233,-1.65423,-1.4392,-1.37577,-0.965549,-0.864388,-0.908495,-0.868448,-0.813277,-0.741293,-0.544935,-0.318085,-0.0287712,0.142052,0.283543,0.488077,0.654017,1.17254,1.95757,2.01123
-0.533067,-0.992864,-1.52103,-2.0341,-2.59467,-2.99146,-3.27213,-3.40652,-3.45731,-3.35271,-3.47234,-3.46428,-3.66327,-3.63882,-4.02609,-3.99778,-4.01922,-3.92845,-3.47374,-3.12286,-2.49392,-2.57149,-2.4542,-2.49406,-2.14575,-2.11934,-1.57985,-1.52662,-1.63348,-1.81317,-1.84411,-1.41604,-0.845275,-0.546928,-0.987507,-0.841447,-1.51088,-1.13073,-1.21236,-1.85269,-2.69376,-2.53635,-2.01121,-1.6655,-1.73478,-1.67204,-1.3421,-1.03903,-0.86075,-0.758085,-0.609153,-0.570409,-0.438175,-0.0623124,0.187013,0.436627,0.648836,0.55925,0.662439,0.709369,1.61504,2.24849,1.46882
-0.6243,-1.0338,-1.44057,-1.87342,-2.29496,-2.48461,-2.58016,-2.62052,-2.70154,-2.52314,-2.28142,-2.06325,-1.75034,-1.918,-2.22466,-2.13832,-1.74192,-1.51746,-1.57451,-1.80238,-1.86381,-1.74642,-1.59427,-1.47039,-1.71122,-1.37953,-1.15516,-0.967435,-1.06494,-1.15977,-1.61765,-1.91124,-0.788453,-0.244967,-0.811317,-1.06765,-1.24992,-0.585763,-0.993025,-1.27429,-1.24173,-2.11612,-0.314751,-1.96995,-2.17241,-1.55242,-1.31063,-1.08584,-0.692599,-0.836684,-0.605165,-0.138653,0.0115896,0.39513,0.687437,0.942679,0.91289,1.2273,1.27221,0.875257,1.31761,1.95518,2.43472
-0.884348,-1.19669,-1.31098,-1.53447,-1.72578,-1.89355,-1.92113,-1.68963,-1.31439,-0.462302,0.36324,0.711212,1.10689,1.12824,0.548784,0.0605354,0.368028,1.45671,1.6891,0.170934,-1.00049,-1.21259,-1.06456,-0.781626,-0.832278,-0.871318,-1.38525,-1.38711,-0.91545,-0.827308,-0.880197,-0.949452,-0.353013,-0.352913,-0.813624,-0.961462,-0.910975,-0.679665,0.029746,-0.594466,-1.34262,-0.96499,-0.331221,-1.16409,-1.40542,-1.5481,-1.69154,-1.21132,-0.677156,-0.679292,-0.501526,-0.134287,0.285998,0.909277,1.21286,1.67542,2.50201,1.34665,0.45264,1.43323,1.45483,1.61961,2.92773
-0.58097,-0.783861,-1.01542,-1.03324,-1.1427,-1.31489,-1.21967,-0.862484,-0.163559,0.55811,0.953731,0.971324,1.03204,1.08408,1.24405,0.956933,0.640839,0.997241,0.473253,-1.40049,-1.53052,-1.1005,-1.0372,-0.783009,-0.463927,-0.0910186,-0.521052,-0.865501,-1.32788,-1.3477,-0.615912,-0.333464,0.0621036,-0.261496,-0.642958,-0.70734,-0.497364,-0.626135,-0.309855,-0.560615,-0.664307,-0.388487,0.346697,-0.222562,-1.18974,-1.79539,-1.17416,-1.01831,-0.850575,-0.461097,-0.375255,0.694682,0.903435,0.884098,1.04425,1.6569,3.0356,1.38567,0.137147,0.345991,1.31111,1.6344,2.53208
-0.415006,-0.47475,-0.595493,-0.614127,-0.612323,-0.591004,-0.546319,-0.0383534,0.601079,0.676291,0.83188,1.00076,1.13989,1.44049,1.93107,2.07028,1.74635,0.903903,0.024476,-0.511902,0.238013,0.130815,-0.478098,-0.715474,-1.0012,-0.537599,-0.318137,-0.884956,-1.57191,-1.1042,-0.347851,-0.460935,-0.266701,-0.322709,-0.518909,-0.337288,-0.157632,0.186852,-0.793017,-0.524604,-0.00780484,-0.00634037,0.542735,0.134402,-1.18993,-2.00341,-1.60469,-1.53363,-1.12467,0.253687,0.317533,1.52104,1.0968,-0.402745,1.20148,2.11024,1.85555,1.71932,0.807896,0.211726,0.654735,1.80107,2.58009
-0.0137116,0.133871,0.0171122,-0.112627,0.153859,0.283731,0.36562,0.919554,1.26818,1.47177,1.44415,1.3634,1.35555,1.9436,2.51024,2.60037,2.45295,2.93505,1.65514,1.08364,0.745248,0.489587,0.406434,0.329267,0.0816703,-0.554135,-1.37073,-1.36345,-1.17277,-0.380078,0.332045,-0.0800716,-0.687599,-0.437179,-0.148134,-0.0780517,0.263463,0.487004,0.0845569,-0.38486,0.428704,1.0393,0.0407658,-0.306544,-0.821965,-1.15451,-1.17803,-0.940174,-0.395667,-0.404099,-0.0691623,1.77895,1.11344,-0.132829,1.4487,1.56425,1.67382,1.19275,1.21807,1.09106,0.371046,1.18261,1.61563
0.196416,0.481487,0.519721,0.682404,1.06946,1.33143,1.22539,1.52191,1.74518,1.7204,1.60393,1.44995,1.19352,1.9493,2.19535,2.5646,2.99134,2.9762,2.67934,2.48414,1.97851,1.88586,1.61215,1.77563,1.3308,0.907536,0.0094051,-0.485895,0.0451191,0.258289,0.564226,-0.240619,-1.00934,-0.348184,0.0531221,0.502694,0.493178,-0.103256,0.380179,0.184178,0.512255,1.62848,0.669234,-0.0557827,-0.12565,-0.17703,-0.674207,-0.469984,0.193458,-0.794066,-0.193483,1.31362,1.78934,0.381032,1.62718,1.07735,1.44256,1.40512,0.987163,1.34133,0.821721,1.45309,1.8703
0.848387,0.938564,0.841654,1.28704,1.79357,1.83791,1.82808,1.89361,1.88967,1.99401,1.84603,1.38485,1.19108,1.794,2.15382,1.69882,2.82071,2.95283,2.87752,3.0742,3.13096,3.22034,2.97884,2.26902,2.39235,2.38146,1.65436,1.61029,2.10277,0.998083,-0.435578,-1.21431,-1.00306,0.178247,-0.000339813,0.398045,0.144449,-0.669189,-0.138045,-0.0182474,0.595943,1.05963,1.55313,0.707805,-0.0158024,0.0932623,-0.399408,-0.323596,0.044603,-0.85403,-0.81862,0.929647,1.47634,1.17995,1.66335,1.07506,1.19488,1.13054,0.958026,1.09307,0.771062,1.27157,1.75727
0.901849,0.970771,0.983396,1.44696,1.78155,1.90275,1.9188,1.88108,1.92569,2.04389,1.72616,1.22103,1.0442,1.36162,1.85413,1.95307,2.46172,3.20427,3.21044,3.19127,3.29469,3.56035,3.52224,3.03885,2.45974,2.2894,2.7904,3.28577,2.08992,-1.14519,-2.13695,-1.39387,-0.819269,0.333703,0.032794,-0.604603,-0.903936,-0.571607,-0.456513,-0.234858,0.928519,0.886744,1.45361,0.890341,0.215607,0.0105029,-0.134879,-0.173469,-0.249487,-0.174357,-0.583896,0.753512,0.899265,0.83932,1.45285,1.02129,1.25262,1.29371,1.19176,1.29527,1.22641,1.51941,2.16826
0.581508,0.788314,1.12592,1.37974,1.64631,1.73822,1.7091,1.87028,1.96908,1.93465,1.37135,0.817018,0.734953,1.18181,1.55047,1.90976,2.56556,2.91978,3.18718,3.12994,3.5221,3.26648,3.45298,3.41765,2.92735,2.45272,2.56972,2.77739,0.471599,-2.50098,-2.03523,-0.794418,-0.697854,0.286906,0.234891,-0.888478,-0.828849,-0.377785,0.126483,0.597775,1.21638,1.40908,1.38291,0.86019,0.365372,-0.0427509,-0.00607903,0.0766084,-0.275178,0.19231,-0.271778,0.533951,0.399733,0.437218,1.3413,0.661822,1.62709,1.63215,0.876735,1.31577,1.39924,1.50664,1.97535
0.57002,0.788024,1.16947,1.37021,1.62302,1.6214,1.63269,1.86583,1.96546,1.6109,0.930247,0.716467,0.802357,1.06817,1.29294,2.15364,2.79596,3.19627,3.18172,3.28208,3.27828,3.34207,3.4995,3.71547,2.80779,2.55491,1.61951,0.435076,-0.683642,-1.27346,-1.19192,-1.08446,-0.96987,0.23412,0.280964,-0.670874,-0.44416,0.111673,0.868373,1.52565,1.2449,1.14067,1.41618,1.07768,0.626067,0.114957,0.0310803,0.394993,-0.0106882,0.37153,0.153418,0.486448,0.635848,0.563421,0.836428,0.506438,1.81894,1.84604,1.1878,0.959764,0.9569,1.42346,1.70595
0.571802,0.934965,1.13488,1.3698,1.48279,1.51257,1.66048,1.77089,1.60376,1.1891,0.857728,0.867696,0.932846,0.990734,1.56887,2.29625,2.83267,3.26429,3.83616,3.73137,3.20328,3.19723,3.56881,2.96759,1.49789,1.14228,0.486293,-0.199246,-0.178021,-0.762682,-1.78132,-1.85755,-0.923625,0.345247,0.35788,-0.400065,0.0181047,0.821708,1.72508,2.39472,1.53236,0.5264,0.962111,0.894455,0.703361,0.461784,0.332199,0.543321,0.0730236,0.472674,0.2947,0.880964,0.766179,0.689809,1.05434,0.700687,1.34471,1.67873,1.88434,0.83734,0.887199,1.09785,1.57192
0.562344,0.905855,1.11654,1.34275,1.42063,1.48194,1.59807,1.58136,1.25098,0.998462,0.898039,1.04063,1.16985,1.49177,1.85197,2.20272,2.82574,3.00748,3.47012,3.47025,3.10014,3.15948,1.89198,-0.0975979,-0.0917612,-0.281905,-0.327114,-0.623575,-0.848218,-1.86006,-2.27999,-1.53854,-0.574982,0.607872,0.870701,0.420678,0.886345,1.74454,2.58554,2.69987,1.97172,0.0207378,0.0680735,0.49182,0.590841,0.726234,0.532768,0.424698,0.301578,0.686745,0.215535,0.943805,1.00805,0.636486,1.19479,1.03126,0.906828,1.14579,1.65426,1.10568,0.831304,1.30545,1.78018
0.513125,0.811587,1.12332,1.33177,1.45113,1.40208,1.46043,1.48271,1.25332,1.18287,1.1102,1.29246,1.63005,1.87116,1.94045,2.49658,3.0855,2.81307,2.98947,2.68469,3.57668,2.37191,-0.485205,-0.669103,-0.751375,-0.784881,-0.626853,-0.468278,-1.00881,-1.63201,-1.44784,-0.67669,-0.0188151,1.04534,1.53882,1.55905,1.67096,2.51394,2.80464,2.40375,1.72752,-0.165382,-0.583062,0.0696819,0.489171,1.10543,0.952152,0.341138,0.381013,0.912434,0.342365,0.718565,1.14574,0.653413,1.31077,1.2384,0.496121,0.954706,0.765835,0.674799,0.966697,1.01658,1.56025
0.878949,1.05647,1.1019,1.24207,1.37189,1.44843,1.45055,1.46234,1.58,1.63142,1.66842,1.8059,2.0776,1.88079,2.12648,2.65833,3.11597,3.00261,2.57545,2.84926,2.13788,0.695786,0.130589,0.115363,-1.01588,-0.858568,-0.185572,0.403605,-0.143339,-0.636103,-0.505642,-0.0241364,0.338136,1.2408,1.89622,2.18833,2.23195,2.51073,2.61772,2.14005,1.73343,0.437783,-0.523198,-0.202295,0.598135,1.23169,0.903578,0.376711,0.396079,0.87711,0.46605,0.631075,1.1668,0.658609,0.852258,1.25602,0.616064,0.746941,0.445438,0.6031,0.845408,1.01838,1.5996
0.825831,1.00282,1.16722,1.28846,1.46693,1.4786,1.53603,1.6631,1.94736,2.11637,2.13648,2.2576,2.21587,2.27168,2.01037,2.2018,3.06063,3.16613,2.85828,2.19247,1.2118,1.12797,0.935081,0.173225,-0.341472,-0.456243,0.303068,0.989546,0.992998,0.350793,0.481902,0.835129,1.36282,1.57894,2.13365,2.43778,2.91787,2.27453,2.26276,1.9763,2.04935,1.45492,-0.139565,-1.12471,0.170176,1.16838,0.892874,0.555706,0.815162,0.76335,0.490954,0.55646,1.1704,0.552665,0.345951,0.915238,0.680394,0.500902,0.54539,0.349996,0.31081,0.561362,1.41184
1.36968,1.40231,1.2866,1.31463,1.49159,1.75546,2.07726,2.26447,2.3051,2.30838,2.35227,2.16845,2.07467,1.90311,1.95841,2.23335,2.15107,2.36413,2.61906,2.27974,2.42545,2.42392,2.05314,0.346999,-0.287099,0.4349,1.15954,1.61013,1.81641,1.47288,1.42072,1.82482,1.97937,2.09443,2.32449,2.69288,3.02085,2.95717,2.59223,1.72903,1.57352,0.578354,-1.78748,-1.83887,-0.484067,0.882569,1.01495,0.695444,1.10741,0.867199,0.369139,0.361833,1.25888,0.226533,0.0835236,0.449122,0.60074,1.00205,0.6994,0.780856,0.456773,1.42629,1.80641
