public/uploads/wind/vent_json/20200521/wind_field_13.json
{"header": {"parameterUnit": "m.s-1", "parameterNumber": 3, "dx":  0.051, "dy": 0.036, "parameterNumberName": "northward_wind", "la1": 45.3082, "parameterCategory": 2,"nx": 177, "ny": 123, "refTime": "2018-10-03 01:00:00", "lo1":1.38177}, "data":
[rows 56 to 83 of 123, columns 0 to 63 of 177]
-3.10088,-3.24412,-3.25533,-3.10857,-3.048,-2.89198,-3.15558,-2.71389,-2.76803,-2.26889,-2.30614,-3.44457,-4.5988,-4.01031,-3.28675,-2.09001,-0.721766,-0.647536,1.09646,1.24309,1.28298,1.47368,0.767093,-0.465113,-1.21401,-0.904747,-0.275542,-0.329886,-0.574302,-1.32008,-2.11453,-1.32823,-1.03791,-1.46972,-1.64141,-1.65034,-1.38258,-1.4687,-1.22969,-0.817557,-0.96418,-1.41581,-1.96947,-1.81632,-1.87293,-1.64215,-0.824756,0.0377473,0.250935,0.271076,0.64783,0.676254,-0.0197924,-0.721834,-0.568354,-0.0234701,-0.172965,-0.357028,-0.173998,-0.190963,-0.43612,-0.752704,-0.800832,-0.557113
-3.1495,-3.04583,-2.97914,-2.68738,-2.70618,-2.57939,-2.76816,-2.54036,-2.3037,-2.44157,-2.76903,-3.76167,-4.10738,-3.60317,-3.5436,-2.87,-1.75453,-0.4023,0.0290033,-0.079469,0.38573,0.583891,0.311193,0.189182,0.220697,-0.0346766,0.192766,0.264756,0.428951,0.0887869,-1.09436,-1.94898,-1.14164,-1.13845,-0.675756,-1.03644,-1.38226,-1.66726,-1.47459,-0.782756,0.27743,0.761496,0.254915,-0.0103019,-0.130008,-0.169319,-0.304054,-0.377766,-0.155843,-0.40533,-1.20263,-0.901285,-0.792484,-0.281765,-0.0052185,-0.418138,-0.78277,-0.878481,-0.681384,-0.47697,-0.592727,-0.789243,-0.907881,-1.03009
-2.50344,-2.83687,-2.54437,-2.362,-2.19199,-2.21469,-2.25241,-2.26259,-2.37858,-2.43894,-2.84659,-3.40157,-3.56855,-3.87896,-3.45378,-2.61552,-2.0406,-0.416741,-0.468923,-1.19615,-1.11671,-0.424133,0.337717,0.989277,0.933045,0.58274,0.210109,-0.0645499,-0.0584342,-0.494744,-1.13454,-1.66322,-1.5285,-1.5068,-1.1521,-0.676522,-0.331641,-0.732499,-1.58624,-1.71436,-0.714692,0.563949,0.553695,0.214221,-0.337963,-0.0727029,-0.729552,-1.0664,-0.778498,-0.196446,-0.43661,0.0928911,-0.250864,-0.63209,-0.957667,-1.09795,-1.10411,-1.01321,-0.998355,-1.06749,-1.04701,-0.933591,-0.918441,-0.838471
-2.92885,-2.28556,-2.22902,-1.81882,-1.73227,-1.84772,-1.87421,-2.06683,-2.18479,-2.04191,-2.20971,-2.87904,-3.46961,-3.4361,-3.72617,-2.4435,-0.924665,-0.065106,-0.51795,-1.12841,-1.11488,-0.650214,-0.311114,0.171467,0.33917,0.193512,0.0744313,-0.270756,-0.709929,-0.513477,-0.267763,-0.909022,-1.53946,-1.37138,-1.47701,-1.19131,-0.487516,-0.405967,-0.654059,-0.860065,-1.0149,-0.475741,-0.489849,-0.556845,-1.45087,-0.742493,-0.650863,-0.106486,0.531316,1.04355,0.544861,-0.469918,-0.795629,-1.07856,-0.802244,-0.563849,-0.469344,-0.669953,-0.82547,-0.872092,-0.821629,-0.839713,-0.77472,-0.763389
-2.2635,-2.07329,-1.802,-1.58518,-1.41863,-1.38927,-1.35848,-1.34421,-1.68014,-1.44283,-1.68293,-2.44889,-3.31889,-4.15928,-4.03655,-2.74452,-0.770152,-0.0476398,-0.285572,-0.279904,-0.192911,-0.328589,-0.340503,-0.00310691,0.622825,1.07281,1.26574,1.65985,2.10704,2.02108,1.20235,0.196009,-0.846492,-1.31733,-0.861986,-1.20868,-1.06117,-0.723459,-0.210839,-0.213139,-0.744571,-0.816754,-1.28022,-0.479606,-0.789958,-0.520575,-0.350552,0.569946,0.70484,0.613248,0.0399344,-1.15176,-0.532342,-0.516134,-0.51935,-0.749567,-0.755044,-0.748136,-0.697824,-0.73993,-0.858885,-0.892369,-0.858013,-0.825801
-2.04287,-1.81532,-1.54968,-1.30582,-0.90441,-0.823279,-0.688261,-0.695091,-0.854286,-1.13372,-1.11968,-2.04032,-3.10637,-3.78064,-3.69052,-2.4971,-0.889725,-0.108564,0.0901846,-0.014057,-0.10812,-0.00377045,0.214414,0.416709,0.73099,1.13588,1.21063,1.72656,2.31416,2.16082,1.26397,1.1867,0.599378,-0.67508,-0.607946,-0.792805,-1.02085,-0.880594,-0.777425,-0.650684,-0.785095,-0.746357,-1.5091,-0.852167,-0.871544,-0.794145,-1.45483,-0.527223,-0.0304142,0.27883,0.238275,-0.0593362,0.0192699,-0.195501,-0.290208,-0.382011,-0.471228,-0.496517,-0.637316,-0.684432,-0.658473,-0.593622,-0.615994,-0.659855
-1.71093,-1.54182,-1.31078,-1.09548,-0.692266,-0.493682,-0.498525,-0.569468,-0.744773,-0.714729,-1.01255,-1.71118,-2.23727,-2.62237,-2.56361,-2.09415,-1.28396,-0.611086,-0.321144,-0.312242,-0.104047,0.109272,0.350737,0.605608,0.63948,0.89927,1.32213,1.48999,1.85971,1.29184,1.09898,1.43021,1.71094,1.2183,0.107057,-0.212724,-0.481887,-0.709211,-0.642005,-0.626858,-0.520581,-0.706723,-1.57425,-1.52444,-1.34974,-1.04999,-1.10485,-0.908094,-0.776597,-0.239587,0.164986,0.110851,-0.112935,-0.101687,-0.12314,-0.173226,-0.269535,-0.295781,-0.34303,-0.428117,-0.466096,-0.445384,-0.499968,-0.536082
-1.46496,-1.28286,-1.01924,-0.740031,-0.45439,-0.0646145,0.001917,-0.0666975,-0.213491,-0.225807,-0.639828,-0.965642,-0.838661,-0.544484,-0.67245,-0.827405,-0.622536,-0.323964,-0.149899,0.105748,0.307928,0.255865,0.330798,0.23796,0.176346,0.0344004,-0.0216455,0.337757,0.5724,1.01797,1.20184,1.3534,1.45028,1.74332,1.41622,0.570655,0.840857,0.747878,0.455811,0.248762,-0.0468712,-0.243809,-0.3408,-0.236895,-0.411341,-0.504093,-0.624643,-0.755265,-1.2349,-0.89259,-0.645594,-0.122611,-0.0528,-0.0198135,-0.132206,-0.162874,-0.191687,-0.29942,-0.353909,-0.377652,-0.359926,-0.289311,-0.323186,-0.374711
-1.43773,-1.04787,-0.651021,-0.241132,0.361906,0.562623,0.758874,0.707627,0.636037,0.73244,0.495681,0.47253,0.581913,0.683938,0.567768,0.255221,0.365961,0.715266,0.883937,0.817806,0.65146,0.569635,0.250635,0.0685474,0.104327,0.00300881,-0.261356,-0.296811,0.0699636,0.464144,0.838352,1.14631,1.98173,1.93529,2.16537,2.20891,1.55736,1.65512,0.928676,0.430629,0.259831,0.439872,0.5369,0.426928,-0.0907173,0.0764219,-0.041845,-0.126963,-0.916308,-0.406976,-0.378232,-0.0314689,-0.0160056,-0.0733314,-0.0699408,-0.114245,-0.0951444,-0.178859,-0.25611,-0.290596,-0.297048,-0.199373,-0.0965582,-0.0911202
-1.41038,-0.771292,-0.279246,0.140383,0.4381,0.87025,1.1137,1.23627,1.38863,1.50401,1.5246,1.45657,1.50263,1.32759,0.945777,0.77858,1.10398,1.15435,1.48944,1.76089,1.85049,1.67858,1.68396,1.66311,1.3973,1.25552,1.12769,0.992645,0.639294,0.689423,0.976403,1.58003,1.59022,2.03552,2.32635,2.62913,3.25163,3.4581,2.96076,2.40066,1.63795,1.05632,0.307083,0.356139,-0.322658,-0.0307062,-0.189262,-0.199734,-0.50083,-0.381477,-0.323682,-0.20897,-0.0685849,-0.113629,-0.0803399,-0.0188109,-0.0209026,-0.0194705,-0.0542853,-0.135196,-0.248946,-0.122193,0.158228,0.134179
-1.17945,-0.471817,0.120961,0.636629,0.976311,1.39043,1.72819,2.13787,2.5311,2.62878,2.54676,2.42475,2.30974,1.97036,1.83548,1.98513,2.0975,2.18211,2.29442,1.98294,2.07802,2.3005,2.62794,2.26807,2.19404,2.18543,2.19128,2.05678,2.10883,1.74397,1.38075,1.09622,1.47095,1.58914,1.67095,2.11544,2.70606,2.8486,2.30715,2.44845,2.42487,1.98582,1.25664,1.31405,0.846854,0.36596,-0.0298427,-0.319664,-0.29022,-0.330487,-0.195632,-0.234343,-0.073393,0.0453717,0.167277,0.282767,0.44367,0.499417,0.290914,0.158475,-0.384005,0.475238,0.748238,0.83049
-0.786275,-0.1274,0.547242,1.17257,1.45278,2.03166,2.50573,3.0648,3.44032,3.56892,3.38114,3.16121,2.96016,2.64025,2.47059,2.4937,2.55206,2.30036,2.16413,1.85335,2.02917,1.87931,2.11023,1.91338,2.09026,2.04272,2.06972,2.47552,2.75821,2.79859,2.4151,1.79419,0.870918,1.34736,1.29968,1.53025,1.53214,1.87238,1.2905,1.02364,1.32549,1.08446,2.35008,1.4828,1.51271,1.09029,1.08909,0.667453,0.386539,0.283088,0.255634,0.383759,0.547126,0.530462,0.646092,0.777507,0.686417,0.70556,0.758883,0.551739,0.200144,0.0364666,-0.0798863,0.499676
-0.338074,0.241234,0.946604,1.70345,2.09967,2.69663,3.10723,3.59586,3.95672,3.67136,2.81822,2.50988,2.32563,1.98546,1.70396,1.95133,2.18991,2.35003,1.97921,2.17616,2.34143,2.40109,2.27813,2.21436,2.22876,2.19349,2.33592,1.88296,2.04326,2.63701,2.61599,2.14104,1.37512,0.856576,0.852344,0.735132,0.841922,1.58696,1.19418,1.90337,2.54913,3.33251,3.22999,2.92183,2.20265,2.01867,1.74885,1.28531,1.09497,0.874785,0.616293,0.546963,0.679729,1.01105,1.16652,1.28187,1.44877,1.49183,1.30585,1.02542,1.17733,-0.437115,-0.354767,0.660947
0.0480312,0.586397,1.28851,2.00646,2.43178,2.98516,3.44044,3.67196,2.79617,1.01653,-0.464042,-0.815161,-0.599299,-0.673963,-0.494321,-0.42858,-0.640365,-0.266497,-0.118281,1.1117,1.53788,1.45993,1.6772,2.03756,2.09309,2.51145,2.60236,2.2957,2.02735,1.91741,1.74988,2.11925,2.64547,2.16509,1.63257,1.30144,1.45068,1.36639,1.28064,1.8705,2.05222,3.01517,3.69304,3.02866,3.29282,3.11722,2.18999,2.24681,1.69859,1.60489,1.54363,1.40934,1.85838,1.66642,1.85394,1.73597,2.38027,2.61701,2.22901,1.71116,1.69786,1.00915,0.502851,0.539174
0.388314,0.913374,1.53772,2.08733,2.43535,3.01586,3.26501,2.39154,-0.0770552,-2.09232,-3.00293,-3.0084,-3.00996,-2.94799,-3.04252,-3.41757,-3.77319,-3.55225,-3.38602,-1.16295,0.559623,1.0803,1.29802,1.42723,1.46688,1.26844,1.96944,2.34448,2.33511,1.87193,1.50115,1.74695,2.14071,2.09893,2.10645,2.13266,2.21552,2.1388,1.891,0.548588,1.74123,2.11546,2.13897,2.45032,2.62867,2.38529,2.66832,2.39547,2.17757,1.99861,2.48391,2.47019,2.86652,2.45299,1.84915,1.62429,1.6993,1.67951,3.1352,2.71559,2.14861,2.01542,0.137426,-0.817699
0.614389,1.13339,1.64929,2.1032,2.31112,2.79347,2.20489,0.0974035,-1.64695,-1.83771,-1.49664,-1.71077,-2.00377,-2.28893,-2.71326,-3.26132,-3.33647,-2.77764,-2.14747,-0.236849,1.29348,1.31244,1.2879,1.3295,1.24069,1.11968,0.692779,1.10731,1.77598,2.20997,2.51791,2.50427,2.21619,1.83656,1.82623,1.97638,2.09571,1.81753,2.00079,1.83786,1.41304,1.70934,2.33428,1.95723,1.89948,2.62447,3.45403,2.3588,2.53769,2.16934,2.6907,3.26461,3.16242,2.97734,2.32821,2.55331,1.87446,1.61227,1.46264,2.9277,3.49225,3.33424,2.24464,1.08635
0.701206,1.14906,1.55165,1.98884,2.09673,2.15355,0.478957,-1.55677,-1.70218,-1.29528,-1.34895,-1.52657,-1.63638,-1.87897,-1.9002,-1.98628,-1.21434,-0.272957,0.713071,1.75225,1.65336,1.17873,1.05269,1.06452,1.36604,1.5895,0.788047,0.812239,1.42217,1.83235,2.17978,2.36402,2.53604,2.17381,2.09874,2.31865,2.26625,2.28869,2.00897,2.61779,1.45059,1.67254,2.04303,1.40638,1.39192,2.67884,3.54766,3.81603,3.85512,3.64408,2.86753,2.95453,2.29686,3.16996,2.77266,1.94208,1.57911,1.26991,0.663449,0.719463,1.61467,1.46981,1.15837,0.341495
0.663333,0.939276,1.14224,1.36436,1.91797,1.23296,-0.919555,-1.83152,-1.7655,-1.66358,-1.61116,-1.59363,-1.69449,-1.93985,-1.4796,-1.78769,-0.976786,-0.0907386,0.175929,0.0293977,-0.48972,-0.382435,-0.119778,-0.306241,-0.295262,0.659014,1.80756,2.02589,1.89828,2.36684,2.79352,1.80573,2.09559,2.22175,2.03906,2.03797,2.50124,2.49932,2.32465,2.25069,2.12475,1.22175,1.24968,1.84439,2.25727,2.78551,2.92822,3.57036,2.89252,3.00583,3.59566,0.514789,1.13985,1.27699,1.39611,1.88673,1.64902,1.45249,1.18427,0.865447,0.418541,0.346404,0.402216,0.321129
0.775277,0.659645,0.622476,0.516245,0.859403,-0.127845,-1.21449,-1.4775,-1.6821,-1.82501,-1.70756,-1.65954,-1.90002,-2.05808,-1.73011,-1.3872,-1.69905,-0.733812,0.0285223,-0.387558,-1.00407,-1.36073,-0.806762,-0.177205,0.0754285,0.125639,0.646087,1.42766,2.08983,2.53677,2.98557,1.93078,2.08472,1.91055,1.84913,1.66725,1.20031,1.76462,2.30932,1.83202,1.83822,1.5483,1.07187,1.28364,2.49065,2.18452,2.44373,2.43873,2.29737,2.43566,2.89295,2.43075,2.01164,2.19909,1.80601,1.65521,1.84701,1.18915,0.957615,0.665152,0.758408,0.549061,0.461985,0.712451
0.626365,0.478483,0.339411,0.0791331,-0.120816,-0.674883,-0.985075,-1.30822,-1.61108,-1.81519,-1.60451,-1.70281,-2.10656,-2.48853,-2.52586,-2.12838,-1.45726,-1.33372,-0.778157,-0.641108,-0.776289,-0.825748,-0.731723,-0.0567233,0.698194,0.433596,0.505487,0.158055,0.00354612,2.2512,2.74663,2.30938,2.2863,1.77395,1.69117,1.54668,0.839574,1.1881,1.66557,2.30123,2.41463,2.50077,2.10457,1.73656,2.38773,2.45947,2.28587,2.35939,1.97052,2.04904,2.98726,2.81752,2.55561,2.09132,1.49428,1.49817,1.0987,1.06652,0.953547,0.393308,0.309758,0.0232581,0.319039,0.371067
0.480172,0.390305,0.253427,0.0306658,-0.297529,-0.554444,-0.890395,-1.23857,-1.45079,-1.42841,-1.45823,-1.86551,-2.23795,-2.4844,-2.40734,-2.16171,-1.40668,-0.761282,-0.820387,-1.00339,-0.935232,-0.869085,-0.988787,-0.849239,-0.890872,-0.422843,0.0373092,-0.375862,-1.79069,2.30804,3.16473,2.82764,2.37464,1.95584,1.73326,1.52024,1.39643,1.78149,2.06547,2.56699,2.76305,3.16272,2.70064,2.24415,2.74641,2.38046,2.2953,2.11366,2.30881,2.25668,2.35631,2.17354,2.08754,2.37528,2.04225,1.65005,1.24969,1.44043,1.36528,1.11608,0.938419,0.746141,0.375725,-0.0255698
0.387387,0.349855,0.232455,0.030544,-0.25561,-0.560312,-0.798575,-1.13516,-1.33035,-1.65769,-2.1879,-2.42431,-2.55605,-2.60868,-2.82006,-2.33716,-1.5226,-0.952536,-0.365454,0.100105,-0.233555,-0.951155,-1.31979,-1.03245,-1.5822,-1.98867,-1.603,-2.0296,-2.27035,2.81089,3.32493,2.66923,2.25574,2.37092,1.74381,1.76589,1.90525,2.04688,2.38045,2.60958,3.24268,3.30238,2.70221,2.56079,2.79986,2.63357,2.14497,2.11944,2.22228,1.95757,2.0497,1.96676,2.03329,2.20501,1.83194,1.76194,1.54322,0.800043,1.26148,1.47522,0.99708,0.516748,-0.0985042,-0.392465
0.284687,0.321579,0.197072,0.0248954,-0.280149,-0.557265,-0.785984,-1.03707,-1.3694,-2.03996,-2.44896,-2.66414,-2.75569,-2.64061,-2.31107,-1.83515,-1.52811,-1.33298,-1.07051,-0.452067,0.54861,0.450145,0.545537,-0.661481,-1.57059,-1.19582,-2.01266,-2.76761,-2.38502,1.53774,2.27242,2.15419,2.46175,2.48488,2.12513,1.96928,2.20572,2.16459,2.22419,1.86576,2.25691,3.33951,3.01977,2.31941,2.8981,2.77451,2.42006,2.22332,2.31319,2.42961,2.45183,2.38058,2.09236,2.01629,2.11599,2.21512,2.03078,1.32248,1.03631,1.28617,1.39112,0.982932,0.974938,0.890699
0.355001,0.309265,0.177287,-0.00388981,-0.169176,-0.398981,-0.762822,-1.08979,-1.38459,-1.79605,-2.10562,-2.45751,-2.43203,-2.1347,-1.59555,-1.38612,-0.9239,-0.975932,-0.989113,-1.11452,-0.897055,0.363431,0.152499,-0.999159,-1.50354,-1.76309,-2.08118,-2.16567,-1.35172,0.479054,1.90893,2.27457,2.50598,2.37809,2.01023,2.10268,2.20001,2.5094,2.59506,2.02875,1.57458,2.88135,3.21655,2.90584,2.52443,3.32,2.91991,2.31341,2.27943,2.11947,2.60648,2.91581,2.45421,2.69536,2.09739,2.24731,2.32186,2.05467,1.39108,1.20104,1.12833,1.2033,0.563787,0.77266
0.480796,0.310469,0.164,-0.0298268,-0.151921,-0.41289,-0.803557,-1.23161,-1.4915,-1.58215,-1.70714,-1.83063,-1.71875,-1.48612,-1.63676,-1.12072,-0.957565,-0.547321,-0.583198,-0.426167,-0.0964864,-0.420214,-1.74843,-0.711275,-1.14446,-1.61805,-1.89175,-1.32074,-0.0292696,0.977583,1.9023,2.15905,2.3469,2.02964,1.74354,1.72662,1.75774,2.28681,2.29232,1.8435,1.09745,2.21737,3.16611,3.25451,2.94295,3.13725,3.20093,2.73236,2.8727,2.73631,2.79644,3.23055,2.82117,2.77036,2.71574,2.19613,2.0258,1.88284,1.91574,1.45011,1.63163,1.55886,1.12226,0.584077
0.613716,0.382477,0.226068,0.052729,0.0349732,-0.06662,-0.295434,-0.802828,-1.11451,-1.18508,-1.27428,-1.27692,-1.18233,-1.17691,-1.08374,-1.3943,-1.4551,-1.23931,-0.66737,0.0361324,-0.277468,-1.60459,-1.1618,-0.989247,-0.947478,-1.20269,-1.12217,-0.661459,0.0879767,1.04529,1.63755,1.87557,2.06512,2.07302,1.48598,1.21826,1.2091,1.37543,1.56195,1.76731,1.7844,2.26166,2.99872,3.54888,3.1792,3.19796,2.9181,2.7192,3.24487,2.95841,3.4013,3.32958,3.18929,3.2678,2.84502,2.07092,2.11504,2.02166,1.89111,2.17434,1.80428,1.8679,0.798156,1.26822
0.731682,0.63423,0.498281,0.342247,0.339623,0.151078,-0.225506,-0.442265,-0.572932,-0.706066,-0.740618,-0.699807,-0.622793,-0.660047,-0.539988,-0.742253,-1.16041,-2.06036,-2.03612,-1.87009,-2.29179,-1.94842,-1.08984,-1.08569,-1.31313,-1.25024,-0.929359,-0.487966,0.000652888,0.992466,1.33617,1.64463,1.95368,1.91729,1.24263,0.833101,0.518906,0.440166,0.718865,1.39127,1.68417,2.20769,2.78349,3.12898,3.31335,2.64784,2.56724,2.6724,2.59442,3.01354,3.75898,3.1757,2.7428,2.35227,2.9598,2.3451,1.65984,1.47353,1.35433,1.40642,1.82232,1.55747,1.60435,1.48977
0.805001,0.812731,0.73809,0.616474,0.38033,0.255278,0.477444,0.588564,0.563612,0.381575,0.252696,0.282056,0.177971,0.242072,-0.00467276,0.514385,0.412547,0.0873272,-0.795605,-1.3047,-1.24675,-1.45955,-1.13081,-1.14911,-1.16135,-1.05009,-0.82689,-0.376614,-0.123504,0.510653,0.783495,0.851296,0.711797,0.881521,1.08148,1.08257,0.506547,-0.0895692,0.0811609,0.964322,1.56668,0.746047,1.28623,2.77436,3.04311,3.04471,2.80259,3.01794,2.93817,2.91819,3.55612,3.17253,2.98452,2.39077,2.81659,2.43426,2.19003,1.56392,1.46571,1.07802,1.50455,1.79824,2.11367,2.13363
