public/uploads/wind/vent_json/20200521/wind_field_13.json
{"header": {"parameterUnit": "m.s-1", "parameterNumber": 3, "dx":  0.051, "dy": 0.036, "parameterNumberName": "northward_wind", "la1": 45.3082, "parameterCategory": 2,"nx": 177, "ny": 123, "refTime": "2018-10-03 01:00:00", "lo1":1.38177}, "data":
[rows 56 to 83 of 123, columns 64 to 127 of 177]
-0.645327,-0.691581,-0.860817,-1.12786,-0.886859,-1.56439,-1.37261,-1.21551,-1.19404,-0.960705,-0.869012,-0.978862,-1.0987,-1.11436,-1.06206,-0.9601,-1.88991,-1.39715,-1.02095,-0.416678,-0.303763,-0.353163,-0.427152,0.134204,0.0707711,0.315033,0.657502,0.5167,1.03986,1.0695,1.71202,2.35149,1.78605,1.50613,1.58506,1.49306,1.22346,0.5495,-0.211999,-0.949109,-1.31178,-1.84205,-2.17288,-2.29722,-2.39531,-2.18275,-2.39335,-2.24278,-1.7548,-1.33157,-1.06281,-0.835504,-0.559129,-0.426008,-0.386414,-0.393297,-0.239911,0.0135899,0.191895,0.102797,0.0276632,-0.00902356,-0.411292,-0.538331
-0.739926,-0.719448,-0.650715,-0.892453,-1.05671,-1.34916,-1.22791,-1.24605,-1.27034,-1.23606,-1.18328,-1.12136,-1.03086,-0.928814,-1.00135,-1.20507,-1.6383,-1.15256,-0.600694,-0.190913,-0.0555876,-0.0110658,-0.124927,0.403522,1.06612,1.48243,1.59108,1.11557,1.27736,0.92073,0.434021,2.87606,2.63302,2.25926,2.03006,1.47447,0.928245,0.373937,-0.432334,-1.06984,-1.4949,-2.02862,-2.71241,-2.35447,-2.78647,-2.29668,-2.67739,-2.25149,-2.01043,-1.73985,-1.47513,-1.26237,-0.887633,-0.633694,-0.372199,-0.315272,-0.345971,-0.164564,0.193316,0.243716,0.0839692,0.162001,0.336864,-0.0779145
-0.643167,-0.588778,-0.739103,-0.687609,-0.760496,-0.937684,-1.16869,-0.874306,-0.958591,-1.32311,-1.43394,-1.23101,-1.09353,-1.11697,-1.10706,-1.35839,-0.905924,-0.473876,-0.175019,-0.0355332,0.170617,0.320576,0.0967685,0.272461,1.34755,2.49687,2.60117,2.17289,2.15389,1.56288,1.28317,2.76446,2.67574,2.41573,1.98879,1.44121,0.780547,-0.0704781,-0.631669,-1.18786,-1.59066,-1.71032,-2.59357,-2.09842,-2.89911,-2.57807,-2.43233,-2.09325,-2.05452,-1.90671,-1.65825,-1.35781,-0.984166,-0.725954,-0.422459,-0.27805,-0.4423,-0.534981,-0.17228,-0.0601844,0.138052,-0.0165144,0.417022,0.399382
-0.84062,-0.895553,-0.805258,-0.826089,-0.653321,-0.882821,-1.0455,-0.481583,-0.850461,-1.25818,-1.33465,-1.28901,-1.10926,-1.42663,-1.27159,-0.838909,-0.195767,0.353284,0.387966,0.522752,0.274932,0.501506,0.52132,0.655609,2.02241,3.15753,3.11425,3.24152,2.80487,3.08167,1.41432,1.96853,3.45216,2.4208,1.95479,0.965694,0.135076,-0.354756,-0.6902,-1.20338,-1.40518,-1.33231,-1.82382,-1.94698,-2.26855,-2.50703,-2.06908,-1.95264,-1.96762,-1.8338,-1.54048,-1.10349,-0.77975,-0.585162,-0.413581,-0.185892,-0.351267,-0.775479,-0.772804,-0.477619,-0.0498733,-0.109761,-0.0611971,0.333542
-0.748349,-0.733302,-0.69009,-0.879926,-0.724527,-1.07279,-0.438071,-0.670674,-1.22514,-1.2431,-1.16982,-1.16926,-1.19531,-1.2569,-0.834894,0.183198,0.511559,0.526542,0.649976,1.2053,1.26057,0.920826,0.537514,1.01364,2.46561,2.85357,2.5372,2.6347,2.90871,3.38688,3.71663,3.81973,3.29484,3.32591,2.96232,1.92316,1.57442,0.698714,-0.279048,-0.669062,-0.739333,-1.52207,-1.7113,-2.03123,-2.19778,-2.34804,-2.01734,-1.88397,-1.86835,-1.62913,-1.26839,-0.883449,-0.563897,-0.402373,-0.42521,-0.322754,-0.331704,-0.578294,-0.697791,-0.427387,-0.223594,0.0585224,0.189585,0.684462
-0.703544,-0.682984,-0.818535,-0.748945,-0.959135,-0.684158,-0.354567,-0.848853,-0.963456,-0.744593,-0.846191,-0.762349,-1.22647,-0.685284,-0.197178,0.885709,1.20432,1.23188,1.38256,1.99137,2.57588,2.2476,1.37797,0.549808,1.36113,2.89326,2.85071,3.25233,3.06781,3.53905,3.9752,3.80994,3.47134,2.88054,2.86168,3.94195,2.11721,0.729593,-0.0216526,-0.121255,-0.842382,-1.70066,-2.05161,-2.09912,-2.22124,-2.17939,-2.06025,-1.84082,-1.69059,-1.31969,-1.04285,-0.851045,-0.568209,-0.49192,-0.607391,-0.599851,-0.466277,-0.373203,-0.327646,-0.16263,0.0509795,0.180423,0.168353,0.393673
-0.536699,-0.625742,-0.692395,-0.65555,-0.884658,-0.510017,-0.244495,-0.0531607,-0.0878012,-0.0920532,-0.26006,-0.0590639,-0.269602,-1.02972,-1.26953,-1.13794,-0.899227,-1.09463,-0.803088,-0.281373,1.75925,2.93742,2.18003,0.936212,-0.294044,1.43422,2.23097,2.45188,3.49517,3.58139,3.62378,3.1733,2.62218,3.25744,2.76798,2.79443,0.202802,0.692313,0.0984528,-0.125777,-1.66676,-1.74264,-2.08277,-2.08347,-2.12399,-1.89363,-1.97818,-1.70099,-1.35067,-1.01266,-0.958968,-0.90932,-0.805902,-0.689847,-0.753759,-0.866377,-0.730799,-0.457893,-0.106284,0.107993,0.0626467,-0.277484,-0.565162,-0.416771
-0.358975,-0.332829,-0.309672,-0.376729,-0.346607,-0.428952,0.144763,0.595306,0.564525,0.438426,0.490266,0.525038,0.915776,-0.051927,-1.17883,-1.72976,-1.88978,-1.98782,-1.84984,-1.62041,0.250339,2.44292,2.54731,1.33575,-0.13416,0.951419,2.28841,2.60397,2.98145,3.50177,3.49087,3.11721,1.66694,1.50121,3.47336,2.06848,0.244955,0.119261,-1.12059,-1.69866,-1.70133,-1.84242,-2.05719,-2.10342,-2.10507,-2.00109,-1.78323,-1.49386,-1.04266,-0.888303,-0.883717,-0.974655,-0.959963,-0.89606,-1.07632,-1.26038,-1.09225,-0.740928,-0.306212,-0.268197,-0.696195,-1.15396,-1.37358,-1.37495
-0.0557804,0.0284234,0.174995,0.145041,0.0466311,0.0464713,0.470479,0.997474,1.11482,0.924715,0.888931,0.709477,1.13519,0.393944,-0.388857,-0.850896,-0.628263,-0.496143,-0.696515,-0.866293,-0.604792,0.660288,1.20857,0.036462,-0.281863,0.98108,1.66517,2.37219,2.85787,3.9129,3.07265,1.69876,0.0664497,-1.15604,0.90786,1.6481,1.14444,-0.348038,-0.79428,-1.102,-1.17864,-1.8574,-2.43185,-2.48219,-2.19782,-2.55626,-1.84425,-1.27751,-1.16958,-1.05145,-0.962465,-1.05839,-1.20317,-1.51434,-1.78866,-1.76199,-1.40995,-0.965741,-0.844684,-1.00258,-1.16888,-1.34658,-1.52111,-1.64864
0.395893,0.444215,0.760717,1.19041,1.09878,0.883159,0.782959,1.38409,1.7445,1.64727,1.56703,1.4332,1.93553,1.3931,0.730768,-0.0122077,-0.125767,0.858714,0.575499,-0.789433,-1.61203,-1.91386,-1.81387,-2.22489,-2.12615,-1.26819,-0.228699,0.36432,0.558887,1.33595,1.27496,0.389908,-0.238051,-1.24466,-1.26843,-0.680014,1.19106,1.1125,0.32882,-0.574137,-0.943036,-2.05336,-2.57689,-2.8217,-2.50725,-2.78318,-1.79735,-1.35603,-1.54788,-1.40185,-1.22805,-1.33572,-1.84062,-2.26216,-2.37106,-2.01579,-1.4698,-1.19242,-1.22679,-1.13751,-1.15075,-1.18522,-1.28354,-1.38807
0.618653,0.379059,1.20318,2.36339,2.11467,1.3634,1.67885,1.71783,1.25664,0.661854,0.00911041,-0.315607,0.414486,0.311927,0.714719,0.784306,0.318854,0.517583,0.549376,-0.456127,-0.830439,-0.831388,-1.15173,-1.40733,-1.72144,-1.90042,-1.32955,-1.38328,-1.00227,-0.7318,-0.359958,0.0438362,-0.0258491,-0.4314,-1.31024,-1.07439,0.178571,0.793221,0.198031,-0.283048,-0.73012,-1.06576,-1.59026,-2.52409,-2.61666,-2.62938,-1.69974,-2.04475,-1.77266,-1.81244,-1.83988,-1.82159,-2.27823,-2.60078,-2.48963,-2.18541,-1.69532,-1.7395,-1.58176,-1.34137,-1.26199,-1.26765,-1.40205,-1.49143
0.946854,1.41459,1.37422,2.9799,2.76811,2.86497,1.48396,-0.17862,-1.43683,-2.19871,-1.76032,-1.32322,-0.73373,-0.491913,-0.505031,-0.960499,-1.33283,-1.52674,-1.00481,-0.378213,0.132574,0.322768,0.0745703,-0.521527,-0.613473,-0.500385,-0.624984,-0.193599,-0.211283,-0.337263,-0.721094,-0.0387635,0.686291,0.603007,-0.085954,-0.869972,-0.446346,0.264513,1.32654,0.232166,0.590466,0.857705,-0.62608,-2.1047,-2.49544,-2.5592,-2.07386,-2.52055,-2.17592,-2.48316,-2.46648,-2.20231,-2.51276,-2.59419,-2.32865,-2.255,-2.20933,-2.25435,-1.84759,-1.54148,-1.2589,-1.19545,-1.26884,-1.49805
1.57222,0.584689,-0.0629062,1.42571,3.04611,1.6549,0.752066,0.157708,0.129613,-0.0941951,-0.275914,0.210744,0.201149,-0.31125,-0.962666,-1.26924,-1.12271,-0.82469,-0.52899,-0.270468,-0.583593,-0.634942,-0.768149,-0.90874,-0.386499,0.279236,0.37741,-0.324114,-0.575164,-0.415514,-0.324742,-0.161286,0.640743,0.593197,-0.00879805,-0.378665,-1.38778,-1.64342,0.294894,0.0575002,0.637715,0.0513215,-1.75872,-3.05804,-2.05757,-2.65376,-2.50187,-2.34483,-2.74612,-2.8444,-2.38838,-2.39087,-2.47451,-2.25844,-2.11855,-2.01381,-2.25657,-2.00993,-1.81141,-1.52966,-1.34162,-1.29795,-1.28214,-1.38679
-0.0311764,-0.266797,-0.565095,-0.456285,0.400014,0.852108,0.201115,0.802169,0.582493,1.18935,0.8446,0.437217,0.216863,-0.326275,-0.424289,-0.436265,-0.288285,-0.0301482,0.842301,1.23086,0.654749,-0.2374,-0.777311,-0.671512,-0.0520938,-0.00892496,-0.665544,-0.86825,-0.0855681,0.401198,0.992678,0.819783,0.752647,0.597803,0.238617,1.13275,0.416451,-0.911901,0.0852723,0.419293,0.058761,-1.71496,-2.50656,-2.73092,-2.8231,-2.62725,-2.64476,-2.30556,-2.86693,-2.48409,-2.17023,-2.3268,-1.99901,-1.84551,-1.92941,-1.79783,-1.93037,-1.57182,-1.59823,-1.52464,-1.40687,-1.32042,-1.28222,-1.09402
-0.876146,-0.190679,0.0893468,0.245506,0.165879,0.190461,0.535401,1.62333,1.75404,2.20891,1.5538,0.716616,0.218878,-0.0872248,-0.0241543,0.0238259,0.167858,-0.146553,0.897513,2.66019,2.56952,1.71386,1.03419,0.863804,0.867617,0.754623,0.5844,0.609859,0.854913,0.967395,0.579824,0.792368,1.26039,1.51315,1.70892,1.45253,2.2836,2.01451,2.10572,2.43187,0.518003,-0.969017,-1.48897,-1.84563,-2.09535,-1.66305,-2.00399,-2.39482,-2.28713,-2.05505,-1.93116,-1.7946,-1.51685,-1.54882,-1.70318,-1.58281,-1.58834,-1.30901,-1.36335,-1.39368,-1.37496,-1.23056,-1.03965,-0.849866
0.484576,0.0939316,0.00638547,0.123806,0.0470509,-0.229478,0.913065,1.49089,0.895155,0.831515,0.651709,0.466394,0.243253,0.541598,0.645106,0.7584,0.523912,-0.110322,-0.86437,-0.687479,0.514195,0.896663,0.662769,0.126803,-0.0555621,0.441422,1.54108,1.53474,1.06612,1.46926,1.66518,1.49461,1.95071,1.9192,2.06082,2.08901,2.42326,2.60064,2.3411,1.64742,-0.156197,-0.933813,-0.570433,-0.112607,-1.06709,-0.288735,-1.53636,-1.54468,-1.20735,-1.72379,-1.45108,-1.3106,-1.20382,-1.39706,-1.4687,-1.36901,-1.47643,-1.33314,-1.42511,-1.5004,-1.51793,-1.34541,-1.11842,-1.07703
0.190035,0.224307,0.360659,0.285572,0.353317,0.232518,0.0243579,-0.231002,0.396385,0.55942,0.366777,0.370303,0.583866,1.04141,1.26806,1.28399,0.816354,0.193784,-0.861485,-1.57402,-1.50692,-1.16129,-1.10382,-1.38252,-1.16467,-0.335097,0.557821,0.905187,0.941294,1.48051,2.48444,2.19188,2.14474,2.55492,2.5268,2.2849,2.43322,2.56621,2.59216,1.41555,1.34269,0.609417,0.832338,-0.227704,-0.950248,-1.40638,-1.93129,-1.67519,-1.6119,-1.1649,-1.12181,-1.17878,-1.133,-1.28673,-1.35931,-1.36499,-1.5829,-1.56527,-1.58689,-1.64143,-1.57556,-1.37543,-1.21739,-1.21106
0.281632,0.456986,0.455783,0.361059,0.393304,0.0204334,0.0226664,0.268923,0.494117,0.654264,0.849729,0.165733,-0.1852,-0.0073178,0.00998114,-0.568816,-0.64475,-0.594827,-0.763746,-0.781278,-0.613493,-0.792349,-0.847508,-0.633393,-0.19835,0.404162,0.615658,0.965265,1.04055,1.74649,2.6563,2.58856,2.17267,3.01339,3.49483,3.00695,2.45889,2.61172,2.81026,2.75807,2.213,1.79898,1.65713,1.4457,0.308018,-0.822099,-1.02444,-0.300165,-0.0941136,-0.144122,-0.508776,-1.06333,-1.17546,-1.35346,-1.43095,-1.49287,-1.53338,-1.61129,-1.63715,-1.6176,-1.49588,-1.32755,-1.21442,-1.19978
0.909373,0.897943,0.862856,0.756053,0.424013,0.594051,0.493279,0.455469,1.01939,1.34023,1.07073,1.28756,1.15722,0.617029,-0.100983,-0.648837,-0.662067,-0.183253,0.501292,0.778829,0.206596,-0.117094,-0.0434205,0.0312706,0.00225323,0.0564175,0.306742,0.596924,0.447293,0.707225,1.05227,1.33097,1.0712,1.33519,2.82154,3.61445,3.74904,3.07394,3.54209,3.04046,2.53385,2.48904,2.37525,3.16985,1.40331,0.9044,1.40193,1.04935,0.733841,0.247949,-0.0544408,-0.483327,-0.961774,-1.39437,-1.4524,-1.44394,-1.39192,-1.42741,-1.53024,-1.54402,-1.45934,-1.32587,-1.21555,-1.12311
0.30431,0.621131,1.0302,1.20256,1.28281,1.29079,1.32363,1.15169,0.273934,-0.436177,-0.207425,0.131951,-0.117513,-0.480881,-0.577602,-0.211138,0.473532,1.05595,1.35935,1.76823,1.57999,0.959065,0.756469,0.528007,0.244082,0.162599,0.26239,0.193635,0.319142,0.362415,0.260127,0.300177,0.363162,0.365683,1.27757,2.7528,4.01823,4.1837,3.61519,3.79075,3.13956,2.8041,2.97051,2.90218,2.448,1.98654,1.82437,1.43075,1.40634,1.38005,1.11744,0.658242,-0.212293,-0.916522,-1.1021,-0.943481,-1.0213,-0.922396,-1.0413,-1.18138,-1.25298,-1.26537,-1.17234,-0.944762
0.3552,0.897027,1.33991,1.50472,1.12366,0.710606,0.61674,-0.244805,-0.389058,-0.210367,0.374814,0.238247,-0.149661,-0.400429,-0.261391,0.454964,0.782113,0.765801,0.84802,1.3845,2.08039,2.27551,1.75438,0.88438,0.434789,0.580565,0.896576,1.25183,1.09374,0.655778,0.0137895,-0.314265,-0.0470597,0.264903,0.850432,1.36611,2.81245,3.32398,2.68744,3.46742,4.18082,3.44502,3.45142,3.29923,3.19959,2.81719,2.62929,2.79449,2.71151,2.73958,2.41325,1.76917,0.854102,0.20781,-0.104012,0.0251368,0.0210749,0.0590178,-0.035277,-0.399346,-0.719234,-0.870871,-0.854464,-0.561971
0.13353,0.578525,0.700779,0.137648,-0.366534,-0.569904,-0.518024,-0.424964,0.631164,1.35766,2.08819,2.39871,2.08789,1.36428,1.39698,1.79637,2.28319,2.29073,1.66159,1.05359,1.37859,2.30751,2.12518,1.62272,1.40328,1.42991,1.35356,1.01452,0.593345,0.552555,-0.174517,-0.67151,-0.539057,0.416909,1.6651,2.35426,2.09069,2.32409,2.17504,2.45726,3.03474,3.74301,3.95738,4.3599,4.41304,3.74404,4.16702,3.86343,3.56709,3.05778,2.48587,1.68067,1.71588,1.83816,1.37095,0.823921,0.939751,0.758268,0.448201,0.00743206,-0.2092,-0.321998,-0.365672,-0.35716
0.851457,0.616499,-0.0721754,-0.538612,-0.39053,-0.287794,-0.255484,0.0825098,0.230444,0.291441,0.334818,0.859179,0.92887,0.924861,0.851096,0.830039,1.0683,1.88729,2.1785,1.97141,1.99822,2.46639,2.44353,2.03441,2.3068,2.16827,2.08974,1.59434,1.15817,0.458917,0.0767123,-0.179922,-0.181575,0.728712,1.65114,0.884326,0.0686339,0.89477,1.66265,1.34041,1.1188,1.33016,0.908476,2.54557,5.89634,6.15355,5.54412,4.98565,4.06095,3.19123,2.84233,2.52234,2.69485,3.13705,3.00115,2.84669,2.60408,2.08703,2.02352,1.19781,0.279018,-0.0856447,-0.210695,-0.55366
1.01869,0.997402,0.279988,0.0764695,-0.183073,0.159833,0.105692,-0.0403792,-0.463453,-0.758052,-0.720249,-0.914654,-0.526597,-0.0386981,-0.0630392,-0.848028,-1.0559,-0.30907,0.436795,0.99244,2.02479,3.58001,3.56418,2.79881,2.33731,1.8879,1.64003,1.07823,0.3669,-0.429345,-0.51498,-0.562845,-1.28624,-1.71255,-2.14203,-2.05224,-2.38717,-1.83909,-0.523779,0.38901,0.291928,-0.711829,-2.14784,-1.44433,5.12358,5.47815,4.09967,4.21795,4.40326,3.45512,3.30271,3.09666,3.30441,2.91109,2.91232,3.23936,3.39439,3.2547,3.04328,2.1118,1.42552,0.647769,0.262254,-0.438793
0.668521,0.775747,0.583138,0.503546,0.337967,0.146699,0.192231,-0.267739,-0.428506,0.0274542,0.538087,0.685164,0.953135,0.832062,0.334563,-0.16084,0.274962,0.774637,0.988617,1.16349,1.62209,2.73143,4.28521,3.41951,2.66889,1.60355,0.892185,0.627792,0.206666,-0.344149,-0.694009,-1.21028,-2.36491,-3.70786,-3.37845,-2.37547,-1.11774,-1.20614,-1.67235,-1.30919,-0.953369,-0.679488,-1.05108,-1.42543,1.18832,2.83911,3.62528,4.46593,4.9313,4.45841,4.16857,4.02963,2.90375,1.91642,2.92646,3.90273,3.95142,3.3727,1.48469,1.02209,1.15721,1.00069,0.856789,0.0770437
1.13725,1.03947,0.874502,0.341086,0.372377,0.0813076,-0.375513,-0.379533,0.366149,0.846153,1.9495,2.60806,2.42005,1.58582,0.900291,0.734089,1.6213,2.21458,2.38514,2.45591,2.42339,2.50153,3.07991,4.03847,2.65172,1.44408,1.21835,1.15893,1.12891,0.455316,-0.830925,-1.5215,-2.51791,-2.81299,-2.50156,-2.03539,-1.43119,-1.02224,-1.17659,-1.95372,-2.29625,-0.541027,0.286719,-0.0946129,1.16043,2.83927,3.93989,5.07978,5.05716,5.26849,4.93506,3.65794,3.23189,2.45656,3.2445,4.1214,4.66426,3.71088,1.16309,0.406941,0.278488,0.257959,-0.224809,-0.418759
1.21501,1.19908,0.900159,0.59554,0.477579,0.546105,-0.0168436,0.431542,0.218755,-0.280136,-0.208184,2.31264,3.56159,2.70293,1.62915,1.29828,1.94928,3.14816,3.05292,2.60195,2.81133,3.01562,3.3722,2.8652,2.38512,1.5937,1.78216,1.90732,2.64996,1.47376,-0.412097,-1.24544,-1.50359,-1.42387,-1.18027,-1.65775,-1.27391,-0.559045,-0.317509,-1.02152,-0.911555,0.646116,1.03574,1.28855,1.87144,3.18019,4.33942,4.30468,3.83592,3.91378,4.73855,4.02365,2.85748,2.86538,3.94632,4.58946,4.76512,4.15946,3.0242,0.166144,-0.680779,-0.105912,-0.821929,-0.94838
1.1847,0.422088,0.1948,0.0245571,-0.245966,-0.520741,-0.215472,-0.135654,-0.373741,-1.1457,-1.9609,-0.84755,1.66299,2.34359,1.35837,0.544162,-0.585489,2.55952,3.36634,2.78344,2.3871,2.63,3.32925,3.45002,2.69404,1.97605,1.88354,1.60401,1.3402,0.257778,-0.305021,-0.749374,-1.21701,-1.33907,-1.59453,-1.26457,-1.21379,-1.07082,-1.31365,0.955482,1.48948,1.79165,2.48499,2.77819,2.83822,3.01255,3.57777,4.67477,4.60475,4.23022,4.74937,3.92594,2.15606,1.17088,2.78473,4.59993,4.28305,4.33492,3.67653,0.734242,0.456319,0.317653,-0.394174,-0.368977
