public/uploads/wind/vent_json/20200521/wind_field_13.json
{"header": {"parameterUnit": "m.s-1", "parameterNumber": 2, "dx": 0.051, "dy": 0.036, "parameterNumberName": "eastward_wind", "la1": 45.3082, "parameterCategory": 2,"nx": 177, "ny": 123, "refTime": "2018-09-30 00:00:00", "lo1":1.38177}, "data":
[rows 0 to 27 of 123, columns 0 to 62 of 177]
0.678098,1.5883,2.60527,3.33013,3.76459,3.98883,4.13495,4.18391,4.18764,4.31693,4.76326,5.06058,4.76425,3.84796,2.9067,2.69241,3.38242,4.36604,5.0611,5.53061,5.74734,5.69568,5.2676,4.81919,4.69291,4.88173,5.16676,5.33119,5.38813,5.4068,5.44562,5.49413,5.50522,5.41013,5.14912,4.94929,5.00282,5.31671,5.54752,5.1949,4.11997,2.9072,2.09044,1.6148,1.46889,1.58161,2.03712,2.40754,2.30219,1.69397,1.07494,0.917695,0.982023,1.10673,1.21658,1.28386,1.31046,1.30952,1.28069,1.23186,1.20288,1.16342,1.12443
1.26491,2.43627,3.19673,4.07321,4.44026,4.53528,4.65116,4.87786,5.26608,5.35555,5.4893,5.76947,5.80454,4.88846,3.83526,3.65643,4.00547,4.65753,5.00704,5.13915,5.52841,5.84251,5.50459,5.19669,5.26025,5.17402,5.28638,5.54436,5.37305,5.10844,5.0878,5.18699,5.29695,5.28406,5.23628,5.2155,5.16185,5.33193,5.57445,5.31848,4.43661,3.59971,2.82773,2.17741,2.04958,2.03727,2.49487,2.79404,2.33021,1.96495,2.05694,2.20638,2.23181,2.28496,2.33363,2.35543,2.37968,2.40893,2.4016,2.36077,2.32386,2.0737,1.84101
1.77599,3.12302,3.92517,4.36043,4.44861,4.62706,4.83805,5.17715,5.50968,5.44791,5.44736,5.64771,5.68954,4.85076,4.13252,4.22683,4.14023,4.27352,4.66173,4.93633,5.14643,5.59626,5.883,5.56216,5.17353,5.12418,5.14997,5.16797,5.11745,5.02952,5.00361,5.07199,5.41658,5.69988,5.59204,5.42799,5.13192,5.01185,5.22246,5.27422,4.67315,3.42472,2.34213,1.82172,1.6849,1.70306,2.27669,2.85104,2.5382,1.95839,2.00778,2.51989,2.7806,2.8137,2.65642,2.22297,2.2134,2.6629,2.83739,2.78085,2.55403,2.03523,1.96184
2.9047,3.78403,3.85494,3.92338,4.16094,4.42927,4.68033,4.79041,5.18818,5.70219,5.6356,5.4334,5.40503,5.03839,4.5644,4.29815,4.59541,5.54051,5.86752,5.19395,5.10438,5.66471,5.89568,5.96019,5.54021,5.24977,5.81552,5.94805,5.58406,5.82952,5.9123,5.62378,5.72254,5.55115,5.12063,4.94967,4.83428,4.79745,4.75527,4.89165,5.17809,5.02724,4.28493,3.5446,3.52601,3.6805,3.73296,3.94304,3.71147,3.21613,3.23528,3.44567,3.39282,3.37713,3.16485,2.88121,3.09396,3.33774,3.26423,3.01058,2.50629,2.08915,2.30128
3.74563,4.33208,4.42396,4.64236,5.01999,5.08837,5.19822,5.46299,5.58998,5.7732,5.94091,5.94384,5.98918,6.07394,5.95245,6.06748,6.33633,5.56914,5.12245,5.83734,5.5805,5.03858,5.81355,6.28899,6.31372,6.29258,5.45551,5.05917,5.82227,5.66326,5.15577,5.79945,6.1406,6.18293,5.93685,5.53265,5.78893,5.73547,5.71778,5.25478,4.58984,5.12817,4.83486,3.35491,2.60142,2.6179,2.58651,2.87769,3.80061,3.68138,2.66918,2.32081,2.15457,2.27533,2.57121,2.46532,2.4867,2.59448,2.56652,2.29557,2.3514,2.88254,2.73206
4.39769,4.68307,4.74095,4.3047,4.05137,5.0657,5.07027,4.75249,5.56363,5.95428,6.06097,6.18085,6.28871,6.34322,6.4222,6.63336,5.94135,5.26495,5.83019,5.87382,5.33545,5.88087,5.87105,5.64017,6.11017,6.23829,6.08874,5.77089,5.95416,6.00629,5.97989,5.8148,5.69986,6.23579,6.30635,6.20031,6.06801,6.13241,5.67227,4.99423,5.45766,5.11776,4.3447,4.39161,4.25106,3.98119,3.6095,3.82976,3.82349,3.4038,3.52142,3.40495,3.29716,2.48239,1.69397,1.86863,2.01446,2.0428,2.05074,1.87758,1.76674,2.26839,2.35338
5.49687,5.44499,4.49762,4.33046,5.04291,5.03926,4.60942,5.23101,5.59726,5.87792,5.99598,6.00462,6.41515,6.44598,6.4624,6.4458,6.45939,6.52124,5.82193,5.31546,5.96506,5.97809,5.58235,6.03747,6.33161,6.32048,6.28423,6.18801,6.06442,6.18025,6.28061,6.43321,6.49749,6.30608,6.36971,6.38241,6.41715,6.26805,6.29235,6.29036,5.33375,4.61945,5.11065,4.88411,3.97646,4.38085,4.21314,3.04352,2.97,3.75792,3.79393,2.80328,2.85522,3.43637,2.5552,1.60895,1.7595,1.8346,1.65487,1.60056,1.38437,1.43406,1.56332
4.89167,4.65367,4.50178,5.19728,5.18394,4.84908,5.55517,5.77817,5.88354,5.54223,5.21394,5.86474,6.22852,6.36328,6.34504,6.54692,6.81083,6.34521,6.40448,6.55885,6.02118,5.78326,6.22923,6.38673,6.41107,6.35279,6.40056,6.45365,6.51399,6.68204,6.40194,6.47885,6.44786,6.66771,6.82999,6.03395,6.11122,6.68066,5.75722,5.00131,5.64124,5.27455,4.13695,4.03018,4.71185,4.32232,3.7066,4.02557,3.95343,3.94528,3.61692,2.4906,2.0022,2.38909,2.32775,1.52068,1.30071,1.78696,1.95496,1.5439,1.10872,0.923347,1.20425
4.44548,4.46598,4.14123,4.51376,5.51146,5.19652,4.84746,5.83944,5.76624,5.38875,6.00903,6.35606,6.44172,6.24372,6.44719,6.8144,6.36225,6.60898,6.81461,6.29117,6.54995,6.64784,6.32444,6.47537,6.524,6.57821,6.20683,5.56565,6.18188,6.42295,6.57866,6.76894,6.55301,6.69342,6.46925,6.69729,6.79664,6.27742,6.5682,6.46072,5.8144,5.83786,5.78716,4.47191,3.82629,4.62571,4.9927,4.29839,3.50339,3.87332,3.75333,2.36009,1.43301,1.60192,2.05075,1.92186,1.32386,0.673321,0.933644,1.32981,1.08218,0.830951,0.755052
5.07271,3.40568,3.54064,3.95859,5.55654,6.57353,6.20205,5.85408,6.36,6.65636,6.31914,6.57448,6.63705,6.7665,6.90766,6.38223,6.57618,7.04135,6.75384,6.29835,6.47837,6.38015,6.55775,6.25722,5.58745,6.15324,6.42963,6.42518,6.91113,6.7953,6.74962,6.2309,5.67808,6.43731,6.802,6.74108,6.54585,6.63893,6.43221,5.6494,6.10392,6.51044,5.33105,4.31869,4.77609,4.84022,3.66598,3.28413,4.13879,4.08289,3.4612,3.6799,2.84998,1.02193,0.755703,1.33149,2.1209,2.64007,1.4707,0.622994,0.754286,0.404324,0.144757
3.86278,4.1205,4.24667,4.2375,5.26765,4.96664,6.42775,6.54688,6.92141,7.38138,7.34919,7.32525,7.28901,7.22055,7.15493,7.0324,6.86325,6.44752,6.6523,6.80103,6.79226,6.75266,6.76582,6.52152,6.4962,6.8287,6.92435,6.87932,6.47262,6.58449,6.84862,6.85289,6.76272,6.90949,7.09009,7.04872,7.04501,6.83303,6.13371,6.28654,5.97073,5.21777,5.51477,4.91919,3.92788,4.28113,4.78621,4.00673,3.06378,2.64207,2.28212,2.23271,2.66267,3.06967,2.32066,1.27369,1.61123,2.70641,2.18825,0.735355,0.10917,-0.261317,-0.551865
3.6838,3.92389,4.03679,4.40468,4.68203,4.86514,4.60454,4.67093,4.84368,5.98415,5.7116,7.11869,7.25549,7.33483,7.32357,7.21827,7.09209,6.96472,6.95225,6.90366,6.78679,6.77039,6.64204,6.37093,6.54988,6.47084,6.65766,6.46194,6.65734,6.96209,6.89518,6.84208,6.95654,7.0259,7.08369,7.16129,6.94413,6.40361,6.54749,6.18456,5.40282,5.71998,5.25815,4.51871,4.75098,4.10931,3.15775,3.24033,3.88392,3.86465,3.83683,3.32068,2.03961,2.14759,2.39697,1.3513,0.693026,1.65842,2.39377,1.31764,-0.0592254,-0.596427,-0.242913
4.07702,4.0641,3.90173,4.19949,4.5243,4.82495,4.28309,3.97691,4.13284,5.12309,5.25144,6.94202,6.93457,7.00733,7.04547,7.0584,7.05253,7.05427,7.02575,6.93945,6.83358,6.71903,6.65231,6.62832,6.7407,6.84451,6.94118,6.99024,6.98436,7.05166,6.98384,6.92812,7.01887,7.17066,7.23156,7.2464,7.14339,6.99288,6.88641,6.79641,6.30809,5.97566,5.70005,4.84418,4.94713,4.54953,3.4542,3.9279,4.2589,4.14249,3.94775,3.09164,1.81959,1.05716,1.95284,3.28067,2.44131,1.0668,1.41498,1.31147,0.338136,-0.357996,-0.28539
3.29024,3.55427,4.14414,4.08283,4.49212,4.62005,4.33061,3.89738,4.31669,4.50772,5.23235,5.19312,6.54884,6.57682,6.67947,6.86448,6.94165,6.93072,6.9085,6.85386,6.80488,6.61783,6.63824,6.51168,6.00389,6.56448,7.09899,7.06244,7.08419,7.09866,7.08787,7.08452,7.08207,7.16168,7.31522,7.29159,7.26309,6.95879,6.39262,6.36336,6.3798,6.29858,6.0334,5.55808,4.55675,3.85103,4.24967,4.49232,4.57853,4.02093,3.40174,3.96702,3.56529,1.80111,1.24993,2.24701,2.7541,1.71809,0.833668,0.729318,0.699583,0.484628,0.294974
3.25118,4.16695,3.3956,4.33819,4.27566,4.5658,4.09284,4.23473,4.77361,4.98076,4.15516,4.59011,4.78685,6.13222,6.26938,6.40575,6.64592,6.74713,6.71372,6.6085,6.5105,6.38523,6.36907,6.52547,6.65047,6.93213,7.17849,7.16966,7.12605,7.10002,7.03061,7.01702,7.09501,7.22924,7.35685,7.40009,7.20704,6.71842,6.66283,6.85802,6.76158,6.03724,5.2219,5.4127,5.18619,4.64307,4.15787,3.30403,2.87206,3.15537,4.04309,4.3492,3.40302,2.08004,1.16274,1.25369,2.10352,2.31447,1.49279,0.831339,1.01802,1.13408,0.601071
2.03352,2.49916,4.01262,4.0743,3.97862,4.47032,4.19931,4.58709,5.06428,4.69585,4.18376,3.85421,3.3071,5.18457,6.45153,6.6653,6.40521,6.40294,6.51488,6.48359,6.30481,6.11797,6.07351,6.279,6.63093,6.98902,7.20759,7.18442,7.04801,6.98377,6.95304,6.9722,7.0637,7.21569,7.36794,7.39902,7.25267,6.98031,6.8062,6.71441,6.544,5.95766,6.05702,6.09166,5.19751,4.86384,4.51848,4.43505,4.50999,3.86798,3.45385,3.61908,4.26799,3.73565,1.9908,1.07257,1.43368,2.0623,1.86512,1.19198,0.930724,0.667596,0.108825
2.16164,2.52249,3.95007,3.93104,4.10729,4.15658,4.37283,4.69952,4.91808,4.44993,4.22639,4.33125,4.09332,3.91875,5.13976,5.26571,6.52193,6.22581,6.0397,6.07935,6.20033,6.26438,6.21321,6.26529,6.58675,7.01806,7.22393,7.07383,6.81215,6.73465,6.83032,6.97513,7.11538,7.26451,7.38062,7.37739,7.19483,6.97643,6.7911,6.70234,6.68197,6.63335,6.31738,5.77021,5.43927,4.93193,4.92538,5.12205,4.34143,3.72137,4.23011,4.83292,4.4496,3.33458,2.14574,1.18637,1.00406,1.45567,1.40652,0.773429,0.101103,-0.447138,-0.533027
3.12616,3.17553,3.62153,4.12861,3.94323,4.24333,4.45422,4.62507,4.5414,4.2627,4.10377,4.6987,5.04819,4.73815,3.77599,4.46513,4.84084,6.32937,6.3715,6.089,5.91864,5.85233,6.05194,6.49388,7.04045,7.37683,7.18844,6.6843,6.36986,6.42137,6.67904,6.97333,7.22644,7.3888,7.45097,7.38689,7.2387,6.96521,6.86338,6.61961,6.18473,6.25904,6.04512,5.78185,5.48105,5.13232,4.90482,4.93395,4.7206,4.57969,4.3589,3.52867,3.61655,4.38691,3.20691,1.18753,0.661568,0.76573,0.469193,-0.0564457,-0.452285,-0.727186,-0.457173
2.98685,2.91313,3.82036,3.75381,3.91996,4.2652,4.43054,4.4605,4.29973,4.09507,4.00225,4.39235,5.05047,5.36434,4.6585,3.53696,3.40318,5.04721,5.15101,6.49138,6.56731,6.37072,6.19913,6.6545,7.25961,7.33767,6.85845,6.29629,6.07969,6.2219,6.54177,6.91175,7.23493,7.40311,7.4463,7.38725,7.27018,7.13082,6.99831,6.971,6.80878,6.76683,6.34745,5.54834,5.39094,5.25276,5.02864,4.88908,4.91567,4.2873,3.87898,4.49569,4.15762,3.13542,1.87183,0.748065,0.37898,0.124388,-0.243832,-0.395015,-0.308211,-0.228422,0.22791
3.74265,3.7066,3.32723,3.80745,3.82515,4.34374,4.49767,4.3644,4.16567,3.94704,3.93955,4.36984,4.92473,5.32337,5.38628,4.98862,4.15564,3.42565,3.92267,4.69218,5.88048,5.62981,7.37018,7.52689,7.20722,6.7888,6.36537,6.15065,6.12687,6.31423,6.66332,7.02167,7.23916,7.27975,7.27473,7.27226,7.25121,7.21757,7.21653,7.17983,7.14492,6.72422,6.06216,5.79396,5.49877,5.27046,5.1224,5.00021,4.77763,4.85475,4.94969,4.36023,3.32034,1.89672,0.811368,0.422723,0.189027,-0.215514,-0.471591,-0.337712,0.0181785,0.330394,0.634057
3.36439,3.27632,3.80207,3.71979,3.90652,4.3572,4.50097,4.63802,4.24582,4.01743,3.53345,4.1913,4.49751,5.64592,5.32916,5.87421,5.3478,4.49392,3.81932,4.36988,4.77293,4.88693,6.04754,5.86818,7.09743,6.59806,6.09477,5.79465,5.9295,6.35298,6.82409,7.10674,7.13481,7.05849,7.06115,7.13725,7.21165,7.26908,7.33494,7.33507,7.10807,6.86479,6.24024,5.46437,5.4987,5.28476,5.30473,5.41223,4.72858,4.70355,4.85577,4.22446,2.86821,1.12682,0.289878,0.266992,0.187299,-0.144569,-0.354714,-0.219939,0.163709,0.471985,0.521563
2.5933,3.2154,3.99911,4.16357,4.32813,4.05687,4.77066,4.35456,4.52282,4.26431,3.63816,3.22323,4.29094,5.29021,5.82458,5.87275,5.91082,5.79932,5.57591,4.66393,4.45636,3.531,3.35408,4.98305,5.43689,6.84442,6.95378,6.63805,6.26201,6.38726,6.65137,6.74918,6.70829,6.73799,6.89067,7.06733,7.19697,7.28274,7.32004,7.26056,6.94068,6.64254,6.39507,6.08449,5.79063,5.13355,5.28801,5.45953,4.75721,4.77947,4.35044,3.29224,2.24719,1.11663,0.35718,0.183353,0.274336,0.123519,-0.0819474,-0.089503,-0.0102393,0.290261,0.522068
3.5539,3.57698,4.08133,4.35074,4.16382,4.33759,4.64614,4.49628,4.75362,4.5961,4.12152,3.37444,3.84746,5.1498,5.64415,5.39489,5.39874,5.7529,6.3739,5.37831,3.61616,2.23646,2.49395,3.5626,4.24354,5.00253,6.18064,5.95095,7.16916,6.65771,6.32336,6.23805,6.35842,6.57069,6.80546,7.00841,7.11738,7.18847,7.21222,7.08326,6.71553,6.3897,6.20301,6.10055,5.67729,4.6754,5.14714,5.42673,4.48082,4.61525,4.5913,3.69178,1.6992,-0.343464,-0.368403,0.265714,0.498529,0.372446,0.184936,0.0313906,-0.208768,0.268807,0.627891
2.5496,2.83591,4.30804,4.38058,4.2937,4.70579,4.44249,4.51401,4.364,4.7582,4.31532,3.96746,3.65441,5.30925,5.82045,5.71411,5.79617,5.33025,4.74194,5.00093,3.58515,1.99788,2.13717,3.12052,3.28902,4.163,4.62357,5.91391,5.78125,6.99543,6.56261,6.2976,6.36231,6.56632,6.75387,6.87736,6.95288,7.02788,7.06438,6.93325,6.57483,6.15694,5.90243,5.69015,5.62255,5.12528,4.52898,5.15453,5.09346,4.35429,4.31267,2.94345,1.99962,2.66083,1.63185,0.406823,0.542619,0.487113,0.337426,0.0448863,-0.11429,0.411491,0.444645
4.32969,4.12819,4.65779,4.43095,4.14712,4.8078,4.22396,4.3934,4.80676,4.3059,4.60918,3.95452,3.48585,4.746,5.57969,6.88815,5.80033,3.88757,2.84727,3.42919,3.37042,1.50756,1.95206,2.99635,3.59824,3.66674,4.32401,4.00552,5.08648,5.29423,6.84414,6.62397,6.37171,6.4254,6.59917,6.74355,6.79963,6.83769,6.84996,6.72836,6.44142,5.98027,5.55692,5.24502,5.20333,5.1943,5.11279,5.02953,4.79999,4.56692,3.56301,1.71509,1.13536,1.78018,1.31356,0.457463,0.624624,0.706801,0.373035,-0.0587426,0.147979,0.428624,0.19972
3.65248,2.99755,4.75703,4.3856,4.12304,4.26469,4.19536,4.01275,4.26452,4.8164,4.87163,4.24332,3.32192,4.40412,5.94235,6.71097,5.7276,3.54588,2.43339,2.49872,2.16033,1.034,1.4752,2.79356,3.80595,3.55876,4.25297,4.1573,4.34987,4.69467,5.14381,6.75056,6.86145,6.67708,6.70615,6.76573,6.79134,6.77134,6.70078,6.51766,6.24802,5.81593,5.24511,4.79798,4.78533,4.95305,5.05246,4.94125,3.70749,3.22917,3.92556,2.58645,1.51081,2.44039,1.68667,0.399798,0.115367,-0.13891,-0.209618,-0.0837412,0.328703,0.197085,0.138884
4.69597,4.11932,4.30517,4.24265,3.85922,4.46461,3.90231,3.99764,4.29507,5.05947,5.21333,4.32434,3.7778,4.98975,5.59604,6.56576,6.51968,5.77475,5.02788,3.18814,1.28463,-0.139038,0.883201,2.22377,2.70999,2.6539,3.19467,3.45855,3.72203,3.69328,3.99793,5.28553,5.45608,7.00688,7.04084,7.0303,6.99191,6.9041,6.73055,6.41781,6.05338,5.65902,5.10071,4.59459,4.47644,4.66093,4.66323,4.25335,4.011,3.92961,3.42448,1.86823,0.905713,1.37552,0.918878,0.00797595,0.397323,1.00169,0.391141,-0.00368533,0.251565,0.0226699,0.213877
4.84602,4.35068,4.73985,3.94036,4.37268,3.96941,4.26713,4.15648,4.28587,5.32914,5.18528,4.15865,3.92044,4.68876,5.45606,5.44753,6.38913,6.99945,5.33009,2.9619,0.352121,-0.995105,0.23316,1.53565,1.68443,2.06098,2.54165,3.22745,3.40914,3.40828,3.66445,3.4097,4.69357,5.38878,7.10904,7.34053,7.22643,7.03633,6.8617,6.47623,5.89932,5.39468,4.981,4.42613,4.01353,4.24238,4.00268,4.1255,4.1892,3.83997,3.73358,2.31249,0.601884,0.328009,-0.0055043,-0.517113,-0.318016,0.0903547,-0.0132526,-0.0183136,0.0799321,-0.0271057,-0.0580064
