public/uploads/wind/vent_json/20200603/wind_field_21.json
{"header": {"parameterUnit": "m.s-1", "parameterNumber": 2, "dx": 0.051, "dy": 0.036, "parameterNumberName": "eastward_wind", "la1": 45.3082, "parameterCategory": 2,"nx": 177, "ny": 123, "refTime": "2018-09-30 00:00:00", "lo1":1.38177}, "data":
[rows 87 to 115 of 123, columns 65 to 129 of 177]
-1.80834,-2.73856,-2.94091,-2.38752,-3.20357,-3.28963,-3.08674,-3.00375,-2.94813,-2.73337,-1.69277,1.9465,3.46881,0.0718643,-1.62682,-0.609458,0.0534464,1.38752,1.75963,1.16101,3.23227,4.47909,4.66796,3.84767,0.432473,-2.63244,-1.59599,-0.190218,1.17153,1.42577,-1.05487,-3.25372,-3.27054,-0.0265526,3.37225,2.3675,-3.92972,-4.01159,4.97455,8.1725,4.36502,-0.668241,-2.31728,1.1245,6.17776,5.68452,-1.93099,-4.53029,0.859906,2.69916,1.36564,0.476374,1.87605,5.84164,7.40895,4.57958,-1.11204,-0.767856,3.10807,3.85883,2.0629,1.39436,1.22668,1.13289,1.95059
-1.40709,-1.7731,-1.263,-2.61969,-3.64955,-3.92941,-2.07869,-2.25575,-3.17423,-3.01951,-0.104776,3.52782,3.07949,-1.57681,-2.46952,0.306005,2.13584,2.74188,2.02905,2.47427,3.68885,3.99643,3.56423,1.71108,-0.685448,-2.99099,-2.22081,-0.602353,1.24799,1.6541,-0.130597,-2.09104,-3.50951,-4.71354,-0.985297,4.12009,1.10872,-2.443,3.88639,4.75061,1.37768,1.16317,0.730381,1.88136,6.86906,4.87742,-2.69992,-3.83811,0.474041,3.22868,4.83208,5.06883,3.42087,4.19496,6.55199,1.35676,-4.02199,0.288922,4.16509,3.473,2.58741,3.26913,3.4119,1.59751,1.8429
-1.61067,-1.368,-1.75769,-2.90013,-3.11308,-3.02672,-2.1634,-1.74189,-2.51142,-1.55514,0.437269,2.13136,0.389588,-2.1267,-0.916738,1.3317,2.7257,1.51354,0.281462,1.79161,4.27237,4.75785,3.00449,-0.57101,-1.95173,-1.72714,-1.72622,-0.718254,0.601028,0.452234,0.338908,0.129329,-1.21555,-4.07274,-4.1704,2.31977,4.38616,0.25379,0.19024,0.818461,1.15973,5.54954,6.53067,2.90397,2.10417,2.9716,0.934712,-0.046595,3.68767,5.50274,5.38065,5.32848,3.33231,2.85583,3.53611,-0.530557,-2.73643,-0.236886,1.33586,3.1874,4.87426,4.81449,4.65489,4.42756,0.608739
-1.67096,-1.21343,-2.12169,-2.83187,-2.94683,-3.05503,-2.8764,-2.14975,-2.64556,-2.22049,-2.58492,-1.69286,0.301371,0.151079,-0.757226,1.05784,3.30252,1.62073,-0.53982,0.648384,4.3752,4.91741,2.31287,-1.53501,-3.52749,-3.02871,-2.48197,-1.37934,0.693224,0.929541,0.522013,1.28135,0.119421,-2.67406,-3.13219,1.74363,3.35012,-0.276962,-0.750454,0.288763,4.26497,8.49872,6.99323,-1.14083,0.387154,4.77003,4.33825,1.92012,4.91306,6.19001,6.06989,4.83472,2.69477,2.09115,1.44025,-2.73129,-1.4204,0.509252,-0.463097,1.59632,3.1618,2.1008,1.87125,3.87685,2.38065
-1.95644,-1.33596,-1.93734,-3.34174,-3.64715,-2.97222,-2.33525,-2.57425,-2.53175,-1.84678,-1.77373,-2.21415,0.250505,0.516735,-0.494056,0.072084,3.27923,3.49284,0.882592,1.51368,3.93974,3.79611,0.927383,-1.51405,-3.30962,-3.66141,-4.27299,-3.92574,-0.318231,1.65391,1.44168,1.42239,-1.80444,-3.75266,-1.7046,2.45049,2.19798,-1.46548,-0.941531,1.56551,5.48465,8.01879,4.07132,0.949965,5.3189,8.97154,6.87837,3.42175,3.55277,4.72325,4.49138,3.15523,1.54232,1.29142,0.141665,-2.07098,0.109296,1.21206,-0.0709825,0.653713,1.74668,1.25784,0.967033,2.60519,2.79526
-1.67352,-1.29614,-2.60445,-4.18289,-4.15271,-3.17456,-3.05497,-3.80729,-2.37681,-0.375455,-0.687498,-2.92035,-2.62927,-0.154953,0.849643,0.711484,3.05617,4.15003,3.65489,2.94454,3.09578,2.50421,0.181026,-2.49097,-3.23844,-3.59255,-4.02773,-4.02749,-3.51166,-0.692215,3.27682,2.15622,-3.97953,-4.90932,-0.869239,3.24471,3.34161,-0.21433,-1.42259,0.362234,4.91097,6.59322,3.56533,5.42246,9.19428,10.2143,6.96215,3.12296,2.99242,3.13774,3.44935,2.03597,2.00769,2.45927,0.387452,-1.21526,0.397585,0.883216,0.307337,0.448463,0.734617,0.605039,0.944173,1.82521,2.01118
-2.71344,-1.94297,-2.21412,-4.17028,-4.50974,-3.59137,-3.16824,-3.62205,-2.80788,-1.35805,-1.96368,-3.33016,-1.52616,-0.135826,-0.210027,-0.413433,0.748255,3.15944,4.43184,3.06933,0.373846,0.769298,0.695062,-1.42061,-3.51693,-2.99294,-2.74718,-2.09858,-2.8154,-1.85861,2.07317,-0.644603,-5.69441,-4.30852,-0.183478,3.25077,4.08657,0.502897,-2.50621,-0.534949,3.02029,6.25084,6.98403,7.88036,8.2837,6.24464,6.34961,5.97435,4.17937,3.42217,3.53765,3.18247,3.17896,3.03168,1.31606,0.173232,0.401077,0.366561,0.441345,0.586011,0.647514,0.712457,1.1075,1.37912,1.16267
-1.61557,-1.90715,-1.39978,-2.67285,-3.69807,-3.86662,-2.72295,-0.907969,-0.185281,-2.18054,-4.08978,-2.62484,-0.75483,-0.122154,-0.492884,-0.801541,-0.15431,2.10229,4.6793,2.93607,-1.64325,-1.24481,1.52087,0.328816,-3.25959,-4.15279,-1.986,1.18273,0.816655,-1.08745,-1.5628,-4.71367,-4.52591,-0.183556,0.553772,1.52457,2.84073,0.285368,-2.36212,-3.16312,-0.566182,3.54093,6.88404,7.14938,7.31759,7.0118,8.71864,10.3037,7.34934,5.34678,4.53239,3.68235,3.19018,2.95526,1.83858,1.57172,1.21558,0.825653,0.784271,0.925961,0.830264,1.02063,1.60243,1.05234,-0.359552
-1.52625,-2.15289,-1.95487,-1.02435,-1.67932,-2.77084,-1.6015,0.943574,2.00518,-0.701028,-1.71702,-1.06619,-1.66529,-1.78103,0.0126324,-0.251781,-0.273663,2.28196,4.0562,0.910364,-3.81857,-3.35231,1.05077,2.41679,0.836097,-2.71428,-2.02178,2.3603,1.27501,-1.82364,-2.88622,-3.93646,-3.62635,-2.00268,-1.66683,-0.942352,-0.105107,1.86895,1.38881,-2.70252,-4.22613,0.342159,3.46647,7.57356,9.0564,8.82861,9.22027,10.1582,8.89569,5.58132,3.19747,2.40407,2.63613,2.96407,1.90827,1.36947,1.31033,2.16333,1.55815,1.0295,0.673986,0.545285,-0.167887,-1.15656,-2.81815
-1.33476,-1.94049,-1.27641,-1.90691,-1.77896,-2.65962,-0.706647,0.962188,1.37887,0.243272,1.546,2.20704,-0.639662,-2.85118,-1.36091,-2.22449,-1.32156,3.00504,4.58511,1.06432,-3.47507,-3.86472,-0.230586,2.12103,2.98744,0.0686692,-2.0559,-0.753329,-1.19596,-0.52156,-0.844648,-3.23352,-4.7481,-3.80262,-2.6183,-2.20423,-1.3042,4.28824,7.29048,-1.57002,-6.34357,-1.6526,4.80611,8.77737,9.34483,6.9058,5.62734,5.93737,5.79439,4.53095,3.28941,3.08753,3.4335,3.00427,2.72852,2.96331,2.86971,2.60918,2.04475,1.36867,0.900146,-0.292892,-1.7552,-2.90227,-2.48752
-0.665741,-1.48532,-1.25517,-1.89058,-2.20763,-2.18449,-1.86288,-2.38391,-1.3404,0.0765307,1.55401,2.46575,0.725397,-1.34379,-1.23552,-1.86294,-0.91942,3.25632,5.07528,1.42394,-1.84377,-3.77843,-2.70658,1.11591,4.97931,3.26626,-1.44064,-3.70604,-1.71983,1.67741,2.57993,-2.00384,-3.42031,-2.29672,-2.1717,-3.39301,-2.99151,3.39165,8.89026,0.147772,-6.42013,0.496801,6.45302,8.55887,9.66024,9.36548,4.78221,1.57406,2.85657,1.7195,1.1919,2.4719,3.39951,3.48945,2.26659,2.62981,2.63268,2.37559,1.78832,1.20888,1.14124,0.425446,-1.83072,-2.95268,-1.79777
-0.343548,-0.975099,-1.22782,-2.07271,-2.80171,-3.00175,-2.75961,-2.89024,-2.59651,-0.68954,-0.683843,-1.24091,-0.00467537,0.603438,0.657562,-0.167206,-0.846883,2.18796,4.16897,1.88339,-0.879485,-3.24385,-3.25876,0.629898,4.17613,2.9978,-0.815907,-3.23456,-2.46902,-0.813681,-0.330169,-0.57609,-0.206078,-0.203064,-2.93393,-5.45568,-4.65098,2.72789,6.89376,2.6872,-3.81728,-0.176387,5.64417,6.94896,9.40174,10.3774,6.41287,2.17611,2.16988,1.81729,2.30841,4.24491,4.29511,4.11911,3.80157,2.89454,2.61841,2.56333,1.71553,1.17892,1.37188,1.13845,-0.987656,-2.54191,-1.73565
-0.851699,-1.09665,-1.44365,-2.5674,-3.56907,-3.61119,-2.5897,-2.82026,-3.5323,-0.508921,-0.537675,-3.08581,0.319019,3.54706,1.50683,-1.92801,-2.15128,1.23207,2.47508,0.366077,-0.262714,-0.218143,-0.397432,0.153945,1.01284,1.76973,1.56052,-1.2059,-2.7898,-2.54807,-1.35681,-0.493632,0.209961,2.07011,0.473889,-5.69962,-5.14109,0.684544,1.61788,2.16745,2.9055,0.703957,2.20269,7.41801,9.7369,9.02052,7.15577,4.79863,3.34454,3.42023,3.70627,3.60448,3.51497,3.96053,4.07315,3.41032,2.54257,2.42591,1.78565,1.28324,1.36372,1.12249,-0.769425,-2.23436,-2.01478
-1.28603,-2.75855,-2.03787,-2.20652,-3.75363,-3.3258,-2.23239,-3.39714,-2.92819,2.43365,1.19513,-1.5552,1.30356,3.03997,-1.10189,-3.46092,-2.74002,0.46097,1.27965,-0.838026,-0.243142,-0.506656,-0.521373,1.61441,2.24592,2.99848,3.27138,-1.25158,-4.39627,-3.47367,-1.58755,-1.46467,0.106041,4.29982,5.2703,-0.916007,-3.56683,-0.933726,-2.89176,-0.112152,4.01046,1.36987,1.02339,8.72435,8.99591,5.64362,5.14759,6.43833,5.04488,4.27691,4.1302,3.02208,3.13369,3.7172,4.04907,3.6871,3.00238,2.56163,1.90354,1.66483,1.50133,0.328981,-0.772045,-1.48048,-2.33491
-0.218223,-3.09509,-2.40406,-2.28536,-3.42256,-2.98412,-2.84047,-3.50766,-1.52036,2.39308,0.208687,-1.45428,2.58489,1.50079,-3.22892,-3.438,-2.7285,-0.636895,-0.06501,-2.1442,-1.02414,-1.73998,-1.88766,3.35155,5.46903,5.29181,4.00532,-1.46435,-5.7504,-5.27301,-2.50056,-2.87299,0.27664,4.78359,6.21837,4.49035,1.18414,-2.33848,-3.85471,-0.70013,1.14877,1.22693,4.23519,9.50976,6.00759,2.19413,6.14895,9.70157,7.44421,5.43036,3.26147,2.71559,2.26429,2.74026,3.56018,3.54324,3.04483,2.4302,1.97258,2.01629,1.94456,0.47273,-0.199894,-0.837383,-2.35564
0.0160547,-3.01408,-2.49465,-0.78342,-1.52434,-2.36904,-2.13038,-2.14101,-0.502815,0.289741,-2.745,-0.852255,2.99087,-0.0193687,-3.2315,-3.06803,-2.48317,-0.770784,-0.582232,-2.78788,-1.84611,0.0834395,0.527736,3.22043,5.66271,5.17613,0.272397,-2.21331,-2.47746,-3.90513,-4.68094,-3.3422,-0.499027,3.79656,6.90701,8.68153,3.89692,-3.87313,-5.05851,-2.23685,-1.20327,0.553267,5.06787,7.86233,4.7344,2.7551,9.06475,10.9439,7.02959,3.8493,2.04323,3.47502,1.96774,2.04307,1.86039,2.53485,2.27714,2.28681,1.64302,2.04881,1.86564,0.209557,-0.128832,-0.165424,-2.06168
0.784741,-1.43658,-1.18625,-0.00583518,-1.36865,-2.41028,-2.15196,-2.84623,-3.18943,-1.97907,-3.30767,-0.506129,0.726412,-1.43864,-0.840931,-0.734856,-1.40557,0.324307,0.817856,-1.75872,-3.38984,2.36167,3.52847,3.05414,5.17319,3.28481,-2.42888,-1.52269,2.03358,1.38586,-2.60593,-1.23109,3.26006,5.91789,8.91487,8.31666,0.964322,-3.86184,0.597925,0.44268,-2.51103,-1.13848,1.97583,5.08142,4.9865,5.36171,9.2639,9.42702,6.82061,4.05853,2.49015,3.19135,3.38379,2.23847,1.936,2.73925,2.86189,2.52168,1.91522,1.33831,0.677308,-0.416762,-0.47951,0.240473,-0.398659
2.42514,0.649912,-0.614969,-0.754665,-2.60156,-3.6742,-2.46596,-2.43509,-2.99251,-1.39143,-0.441615,-0.084574,-1.02229,-3.05568,-0.622486,0.923593,1.31613,2.47124,3.37262,-1.45212,-4.38199,0.837423,4.5908,4.67187,3.43592,-3.07155,-5.36857,-3.54989,2.34253,2.85137,-0.424207,2.60197,7.25915,9.48337,8.72096,4.12946,-4.33894,-2.32106,4.39205,4.56834,-2.16799,-2.21525,1.98385,5.95739,6.77888,7.28071,7.10952,8.02149,5.73483,2.99486,1.91948,3.06249,2.6479,1.99975,1.48916,1.35292,1.43172,1.48339,0.956585,-0.447962,-1.11907,-0.7785,0.00251366,-0.183041,-0.153688
1.84472,0.0020521,-0.894115,-2.06575,-3.13523,-4.01982,-2.42918,-0.905294,-1.27197,-0.182558,0.780239,-0.236073,-2.52549,-3.81962,-1.15157,3.39548,4.96182,4.30886,2.63442,-3.00381,-4.76451,0.520903,3.95478,2.12244,-1.17025,-3.64869,-4.30341,-3.03814,-1.87411,-0.695139,0.117797,5.38948,10.2419,10.2526,7.44562,-2.7035,-5.77851,1.60024,4.25158,3.07851,0.236497,1.73494,1.97267,4.56524,8.40461,9.97027,7.25856,3.74564,1.94285,0.530745,1.89975,3.06814,1.75177,1.22701,0.559033,-0.550521,-1.18417,-1.30434,-1.43816,-1.94738,-2.97428,-1.37356,0.235978,0.813639,0.379525
1.94072,0.334776,-0.503381,-1.09499,-3.2085,-4.57634,-4.15732,-1.50763,0.0358383,0.456974,0.0313669,-1.30549,-2.57377,-3.5964,-0.602953,3.999,6.04082,4.20684,0.570412,-3.22727,-3.08178,0.987639,1.02036,-2.17459,-2.90813,-1.15022,0.384705,0.258907,-0.127341,0.0370108,0.151453,6.20696,11.0965,10.1463,3.92106,-2.17716,-3.80695,2.15853,3.43977,1.40976,1.13956,4.85203,6.19527,7.00759,9.48222,11.8085,9.43606,5.08667,0.890978,0.195914,2.08161,2.50807,1.07865,0.654874,0.00550952,-1.22007,-1.88856,-1.42104,-1.40269,-2.53459,-3.13352,-2.37529,-0.50389,0.979885,1.51275
1.99991,1.92441,1.1105,0.277759,-1.59322,-4.14559,-4.24133,-2.69608,-0.960069,0.0629952,0.263229,-0.783299,-2.79653,-3.38099,0.0815613,4.42585,5.79145,3.83428,-1.10276,-2.37925,0.0948273,-1.35824,-4.2431,-4.62216,-3.34474,-0.784773,0.710669,1.55719,3.10034,3.46001,2.3827,6.09836,11.091,10.2156,5.13947,3.19503,1.93724,-1.43409,-1.12051,-1.28856,-0.307473,3.6668,9.21298,10.76,10.5806,10.1903,8.95363,7.98308,2.91749,-0.203785,1.2156,1.6788,1.16832,0.691868,-0.184035,-0.802324,-0.805676,-0.851359,-1.54615,-3.03078,-3.11945,-2.58837,-0.958511,0.620373,1.30659
3.85404,3.4525,1.76188,0.915208,-0.272481,-2.94897,-3.86765,-4.1183,-2.19843,-0.407318,1.06225,1.23617,-0.649352,-2.99163,-0.536239,3.60769,5.77136,4.36973,-2.54421,-1.47552,2.31111,-2.30124,-3.88248,-2.96273,-3.1858,-2.38581,-0.161944,1.68816,2.34514,2.5833,0.955764,4.60632,10.0389,11.2599,9.79749,10.4525,6.78622,-3.03851,-3.01256,0.387923,1.22564,4.44412,8.52003,13.2312,12.04,9.40372,6.91496,7.48737,3.37279,-0.158147,0.700768,1.06288,1.52107,1.08617,-0.286352,-0.673199,-0.509357,-2.14735,-3.41323,-3.24945,-3.04423,-2.83078,-1.33255,-0.120794,0.218012
4.69829,3.99735,2.62659,0.578118,-0.334326,-1.45042,-3.35083,-4.07557,-2.70363,-0.128906,0.306347,0.72522,1.3936,-1.69644,-1.65928,3.20977,5.75044,4.29638,-2.3414,-3.44478,-0.859074,-2.70654,-2.61878,-0.814451,-4.0539,-4.58074,1.18004,3.9527,1.48177,-0.101607,0.0605025,3.62333,9.68584,12.9204,13.1425,10.6551,6.22009,-0.0228567,-0.310933,1.86985,1.30842,1.22985,6.40818,12.423,13.1099,9.0114,4.95678,3.43469,0.97673,0.0857162,0.387073,1.39625,1.39508,0.3861,-1.07245,-1.78966,-2.41572,-2.778,-2.55721,-1.80642,-1.61951,-2.578,-1.78273,-1.39273,-1.45564
4.54771,4.5371,3.45886,-1.06312,-0.696641,-0.512277,-2.48547,-3.76827,-3.05204,-0.189844,-0.823446,-1.68178,1.06161,-2.42128,-3.76811,2.6819,5.19133,3.69923,-1.36286,-4.21397,-3.43768,-3.42604,-2.68365,-2.48472,-4.35112,-2.17434,1.11107,-0.421139,-1.57447,3.01243,6.57559,8.07831,11.2025,12.4162,10.6512,5.45808,7.29151,7.48701,6.20916,5.14175,1.62276,0.0726311,5.40527,10.6916,12.7239,11.4962,5.55142,0.614056,0.228057,1.29632,1.46042,2.71506,1.70799,-0.53187,-2.56671,-1.68305,-1.10297,-1.22742,-0.869308,-1.26207,-1.64313,-3.28463,-2.41253,-1.78335,-2.10831
4.32875,4.74396,3.09385,-1.5307,-1.464,-0.699765,-1.2333,-2.81516,-2.69488,0.0875262,0.0545672,-1.91039,-2.0212,-3.88799,-3.85765,1.0349,4.66597,4.67153,-0.695706,-4.30264,-3.9095,-4.06342,-2.79878,-1.73077,-1.18971,0.278164,0.0282372,-3.8679,-1.549,3.80519,7.86699,9.41639,10.0388,9.51319,6.11366,7.10325,8.41066,9.6467,7.62043,9.26631,3.80223,0.539887,4.72356,8.56269,12.0347,12.0636,6.44484,2.29781,4.33456,4.39607,1.75643,1.40406,1.38444,-0.500061,-1.57805,-1.17092,-0.611669,-1.42011,-2.22725,-1.25342,-0.691552,-1.8017,-1.95688,-2.40134,-2.63788
3.38224,3.80209,2.02543,-0.744343,-0.864749,-0.723324,-1.27769,-1.99793,-2.28806,0.201153,0.428234,-2.65721,-4.36941,-4.24365,-2.65711,0.486624,4.24609,5.58971,1.43679,-1.98106,-2.62373,-4.52918,-4.00482,1.42478,4.46614,1.27108,-2.97596,-4.63962,-3.40666,0.958717,3.4966,4.85837,4.60955,6.07316,6.91392,9.76449,11.9203,11.5294,8.46282,8.15483,3.73616,1.49148,4.45492,6.65528,10.4756,7.75439,4.96977,6.31119,7.31592,3.82757,0.669022,0.902094,0.866304,-0.214365,-1.25141,-1.16621,-0.350006,-0.736041,-1.92131,-1.23968,-0.918014,-1.50958,-2.55323,-1.69742,-1.93454
3.96099,2.07271,1.27544,-0.119757,-0.519623,-0.228367,-0.303943,-1.28,-1.4248,-0.545713,-0.742493,-3.7055,-4.81248,-3.7334,-1.42788,0.156503,3.26204,5.3585,3.52076,-1.56588,-4.21348,-5.65264,-4.71689,1.68728,3.74923,-2.13184,-3.29176,-0.0922263,-1.07143,-1.26528,1.94755,5.11017,7.68647,5.81107,6.81116,9.35309,11.351,11.1033,8.10059,4.90952,7.63904,7.74729,6.05284,5.89067,8.4896,8.53427,7.63515,7.88184,5.64533,-0.494674,-1.14761,0.344735,0.23457,-0.510123,-0.833799,-1.16238,-0.823528,-0.227324,-1.46474,-1.41842,-0.870421,-1.70387,-2.43393,-2.00344,-1.72023
4.99702,2.22009,-0.398344,0.316557,-0.241227,-0.456313,0.923122,0.916769,-0.41518,-1.31301,-1.30457,-3.31632,-4.20684,-2.89061,-0.113358,0.921594,1.69472,4.84399,4.24216,-0.736765,-4.22844,-5.47213,-4.63887,-1.19019,1.44115,-4.19556,-4.93608,1.42534,2.12344,-0.0780003,2.63429,8.7522,9.94018,6.21434,2.70594,7.10097,10.0661,9.54702,6.78537,5.98764,9.94994,14.406,15.7287,9.98646,5.27686,4.77866,4.04441,1.99973,-0.777707,-1.79074,-0.792952,0.376078,0.183999,0.25131,0.56038,0.483276,0.0529179,-0.542285,-0.663466,-0.94585,-1.8234,-2.16262,-2.18491,-2.63895,-2.48018
4.90264,3.27845,0.398403,-0.228264,-0.726825,-0.257649,1.00945,1.61874,0.848902,-0.305725,-1.30623,-2.22148,-2.96781,-2.21602,-0.678042,-0.161464,1.15866,4.86123,4.56807,0.29301,-3.49977,-4.54456,-4.8586,-3.32705,0.102092,-2.33018,-4.72248,2.6489,6.81055,3.35957,3.26614,6.47797,7.82359,4.23976,1.58971,4.62733,8.11672,6.08255,3.24523,6.07397,10.1071,14.9733,18.1044,16.4175,6.96891,1.24467,2.21665,0.929201,-0.804768,-0.476301,0.210373,0.596007,1.13393,2.19118,2.58355,1.53228,0.196468,-0.392489,-0.250128,0.306177,-0.823481,-1.72215,-1.33942,-1.597,-1.58092
