public/uploads/wind/vent_json/20200603/wind_field_21.json
{"header": {"parameterUnit": "m.s-1", "parameterNumber": 3, "dx":  0.051, "dy": 0.036, "parameterNumberName": "northward_wind", "la1": 45.3082, "parameterCategory": 2,"nx": 177, "ny": 123, "refTime": "2018-10-03 01:00:00", "lo1":1.38177}, "data":
[rows 56 to 83 of 123, columns 64 to 127 of 177]
-1.79378,-1.67419,-1.82822,-1.88207,-1.93035,-1.95576,-1.68731,-1.23073,-0.87027,-0.775376,-1.02176,-1.5229,-1.74005,-1.51814,-1.56359,-1.60588,-2.6104,-2.79614,-2.22519,-2.6373,-2.85792,-2.38613,-2.53889,-2.87294,-2.44367,-2.01703,-1.96294,-1.51773,-1.74367,-1.18738,-0.339154,-0.0844396,-0.120494,0.103834,0.0726822,0.20117,0.264047,0.320754,0.367601,0.440867,0.455103,0.347234,0.268166,0.487132,0.443702,0.479038,0.273651,0.196521,-0.116631,-0.371765,-0.933753,-0.83317,-1.41707,-1.13615,-1.83608,-2.15999,-2.37178,-2.45123,-2.58824,-2.38663,-2.31179,-2.10438,-1.8357,-1.82168
-1.81938,-1.76252,-1.64897,-1.79153,-1.94617,-2.10513,-2.25986,-2.13586,-1.91977,-1.59459,-1.92963,-2.1885,-2.32295,-1.99817,-2.12223,-2.33467,-2.62406,-3.06054,-2.29515,-3.1361,-2.65227,-3.09234,-2.28898,-2.00692,-1.70323,-1.57817,-1.28939,-1.24217,-1.04631,-0.607463,-0.0799033,-0.162631,0.077442,0.20031,0.260196,0.469146,0.698435,0.871875,0.925466,0.880959,0.846799,0.882953,0.894301,0.838705,0.833845,0.551043,0.149774,-0.0700793,-0.340528,-0.540938,-0.592555,-0.187984,-1.13221,-1.10994,-2.28997,-3.05495,-3.16813,-3.26543,-3.24611,-2.17897,-2.16902,-1.89782,-1.56944,-1.44881
-1.32434,-1.6204,-1.66976,-1.65372,-1.69646,-1.77689,-1.93449,-2.14268,-2.27426,-2.31115,-2.30128,-1.85077,-1.81679,-1.90699,-2.03919,-2.15646,-2.15918,-2.38327,-2.16398,-3.11631,-2.39021,-3.20483,-2.38152,-1.5592,-0.363436,-0.408932,-0.222529,-0.418659,-0.587683,-0.759548,-0.765141,-0.68723,-0.160467,0.109749,0.301723,0.46972,0.565048,0.646563,0.655325,0.558094,0.877799,1.15114,1.47122,1.32849,1.4348,1.09458,0.432099,0.175886,0.0747743,0.121897,-0.132196,-0.895436,-2.12329,-2.30789,-2.65066,-3.67015,-3.85374,-3.24795,-3.14091,-1.98418,-1.87715,-1.0425,-1.33679,-0.908465
-1.12456,-1.36196,-1.58039,-1.69269,-1.63256,-1.78866,-1.72815,-1.78814,-2.06188,-2.3874,-2.08618,-1.94006,-2.15167,-2.14124,-1.89799,-1.64598,-1.57864,-1.66432,-1.65798,-1.77811,-1.54074,-1.7661,-2.01427,-2.02283,-1.06007,-0.190273,-0.0648497,-0.28616,-0.746925,-1.11219,-0.606976,-0.553473,-0.431615,0.110519,0.493007,1.00851,0.858473,0.431718,0.150935,0.173817,0.787544,1.18901,1.68376,1.56334,1.47584,1.52524,1.20228,0.736634,0.303526,-0.412517,-1.56849,-2.46144,-2.81366,-2.9664,-2.80646,-2.97736,-2.68349,-2.12229,-1.90652,-2.34301,-1.76686,-0.52824,-0.974899,-0.567621
-1.08656,-1.15133,-1.33059,-1.54563,-1.63674,-1.79599,-1.71789,-1.74726,-1.90107,-1.97081,-1.86285,-2.51946,-2.79683,-2.45981,-2.10596,-1.35587,-1.01629,-0.700135,-0.788485,-0.277317,-1.35872,-1.9347,-3.53269,-4.08936,-3.62375,-1.8913,-1.11991,-1.05453,-1.56887,-1.95192,-1.99119,-3.26214,-2.76817,-2.23253,-1.514,-0.392409,-0.178781,-0.0529643,-0.158409,0.0756872,0.586632,1.3126,1.78608,1.80086,1.54021,1.34635,0.507672,0.143795,-0.87712,-1.94738,-2.31317,-2.16254,-2.35374,-2.84332,-2.71255,-1.40973,-1.06963,-1.54189,-1.60539,-2.85715,-2.67205,-0.893254,-0.263174,0.0026978
-0.884778,-1.01987,-1.14819,-1.31051,-1.52349,-1.61499,-1.68382,-1.82272,-1.73802,-1.70035,-1.99857,-2.37916,-2.92453,-2.29515,-2.80709,-1.7801,-1.28962,-1.97818,-2.7766,-1.72225,-1.56398,-2.18583,-3.84393,-4.44826,-3.72531,-1.85497,-0.121772,-0.695427,-1.44706,-3.39153,-3.93289,-4.67032,-4.95601,-4.14269,-3.40929,-2.48532,-2.38748,-1.36288,-1.38927,-0.46876,0.504013,1.29177,1.49832,1.62516,1.83882,1.51733,0.551418,-0.0427238,-1.74821,-1.88963,-1.42612,-1.35802,-1.72613,-1.78059,-1.67811,0.152149,-0.750104,-3.08549,-2.97206,-2.55386,-3.14171,-1.23081,0.490969,1.01238
-0.784804,-0.905096,-1.04378,-1.14924,-1.30753,-1.45527,-1.55666,-1.54744,-1.60774,-1.87286,-2.15137,-1.77949,-2.51437,-2.26989,-3.49832,-3.35483,-3.03245,-3.46485,-3.99529,-3.51204,-2.80017,-2.58704,-2.89581,-1.89367,-0.462719,-0.897953,-1.49537,-1.12669,-0.860246,-3.19088,-4.10446,-4.41473,-4.63,-3.91859,-2.7722,-1.78147,-1.21646,-1.29697,-0.801982,-0.827146,0.62648,1.58293,1.77271,1.724,1.67633,1.02647,0.602516,-0.268886,-1.37743,-1.28883,-0.957515,-0.677973,-0.504689,-0.388068,-0.368286,-0.244997,-1.73553,-3.9231,-3.05956,-2.17175,-2.35439,-1.4925,-0.0595796,1.02313
-0.680847,-0.817855,-0.962208,-1.09394,-1.22736,-1.35172,-1.39369,-1.47532,-1.65794,-1.80954,-1.54094,-1.56799,-1.71339,-1.3245,-1.39129,-1.76051,-2.04852,-1.73953,-2.69394,-3.74585,-3.80709,-3.22388,-1.89957,0.00305236,0.431518,-0.644985,-3.16426,-3.7006,-2.4329,-3.18138,-4.21029,-4.1799,-3.42342,-2.92848,-2.81533,-2.58724,-1.21606,-1.26871,-0.392674,-0.131832,0.866836,1.47249,0.669861,0.701919,0.83342,0.302614,-0.0788507,-0.462107,-0.903721,-1.0398,-0.636756,-0.359212,-0.035128,0.257894,-0.846995,-1.91205,-2.34987,-3.21667,-2.9378,-2.89241,-2.41533,-2.05077,-1.22109,-0.125406
-0.603212,-0.769788,-0.967093,-1.10375,-1.25701,-1.44824,-1.64324,-1.64459,-1.385,-0.900886,-1.08405,-1.37235,-1.02791,-1.1403,-0.207032,-0.958341,-0.856753,0.0600694,-1.47936,-3.1258,-3.3124,-3.10953,-2.3831,-1.04782,-1.03989,-1.03186,-1.89602,-3.62551,-4.43667,-4.63122,-3.87826,-1.97777,-0.23988,-0.163549,-1.27792,-2.23151,-2.45149,-1.6327,-0.506791,0.203957,1.30838,1.19346,0.363454,-0.016958,0.414385,0.891625,0.593791,0.0948799,-1.00606,-1.25656,-0.84371,0.0989867,0.4957,-0.41326,-2.95724,-3.48566,-3.18918,-3.95831,-4.8015,-3.63063,-2.66917,-2.30835,-1.78979,-0.629171
-0.467913,-0.761714,-0.998577,-1.12048,-1.28892,-1.58299,-1.66826,-1.68647,-1.40686,-1.04898,-1.63534,-1.11344,-0.833864,-1.44095,-1.81688,-1.67751,-1.24423,0.175696,0.887937,0.392521,0.411947,0.212333,0.0377109,0.552426,0.464425,-0.887212,-1.06506,-1.70728,-3.25322,-3.14866,-2.17794,-0.306914,0.563885,1.33195,1.08046,0.118758,-1.23731,-1.663,-1.01607,-0.458362,0.640623,0.701304,1.87945,1.13931,0.414071,0.697718,0.115734,0.111911,-0.149202,0.386295,0.816032,1.14821,-0.22295,-2.54592,-2.88078,-4.01942,-3.41575,-4.36498,-5.51349,-3.87977,-2.80312,-2.47479,-2.29896,-1.31515
-0.459457,-0.775553,-0.844542,-1.06047,-1.38271,-1.3547,-1.78726,-1.70852,-1.55431,-1.57775,-2.19259,-1.753,-1.64383,-1.78905,-1.79161,-1.54224,-1.72378,-0.357213,1.41391,2.9312,2.03915,2.12155,2.65133,2.26556,1.01023,-0.220217,-0.512163,-0.808104,-0.491158,0.104836,0.204891,-0.384056,-1.03871,-0.357667,1.36089,1.92985,0.401039,-0.950173,-0.80717,-0.0360182,0.217248,0.0704234,1.03631,1.35628,1.10705,1.05171,0.631505,1.31417,2.21834,2.2293,2.34516,1.09926,-1.73345,-2.58702,-1.56287,-3.67649,-3.32005,-4.52917,-4.07784,-4.14862,-4.10352,-3.07936,-2.56344,-2.00362
-0.524005,-0.823182,-1.09061,-1.12362,-1.19383,-1.50952,-1.40542,-1.56587,-1.70535,-1.43011,-1.2433,-1.36729,-1.37117,-1.26414,-1.31684,-0.383614,-0.71684,-0.622336,-0.0191102,1.55246,0.63395,0.0275489,1.21178,1.20685,-0.711771,-1.13968,-0.795779,-0.755679,0.778495,1.55286,0.503793,-0.561613,-0.888605,-1.05661,0.206315,1.82994,2.16607,1.0299,0.772798,-0.0820853,-0.471622,0.634348,0.581657,1.28098,2.11984,2.89882,3.01387,2.38312,2.82795,1.84437,1.48937,0.119648,-1.20963,-1.22923,-1.84499,-3.73564,-4.28546,-4.29025,-3.43341,-5.08692,-5.27717,-4.15932,-3.29387,-2.71407
-0.293774,-0.968016,-0.944488,-0.952424,-1.16794,-1.05441,-1.15302,-1.71681,-2.15024,-1.86093,-1.42203,-0.850205,-0.391751,0.110496,0.353011,0.538205,0.619444,0.0735481,0.666404,2.32853,1.89851,0.552228,0.138369,-0.200267,-0.550499,-1.41669,-1.30127,-0.382522,0.956531,1.78337,1.5666,0.305001,-0.619494,-1.04579,-0.529938,-0.0590334,2.34557,2.79109,1.59671,-0.0931985,-1.23481,0.476055,0.4035,0.858411,1.6782,2.74692,2.674,1.01028,1.36306,1.11472,1.47197,-0.700387,-0.327088,-0.648402,-2.46063,-3.07479,-3.49289,-3.06833,-3.89929,-5.06943,-5.15312,-5.38803,-5.12988,-4.18434
-0.245885,-0.920128,-0.800526,-0.860038,-0.343282,-0.660771,-1.33126,-1.63556,-1.27476,-1.39413,-1.47303,-0.8527,0.331484,0.660538,0.716821,0.507945,0.0538785,-0.0416792,1.11329,2.34346,1.84087,0.491352,-0.382062,-0.428336,0.116029,-0.384297,-1.01213,-0.0462308,0.484153,0.814015,1.02237,0.157121,-1.4251,-1.68822,-2.28953,-1.3103,0.0758031,0.738112,-0.49825,-1.17368,-1.21551,-1.17634,0.174014,0.183031,0.455746,1.53371,1.3458,1.06458,1.50506,1.68234,0.898683,-0.709784,-0.881734,-1.76622,-3.29996,-2.2263,-2.31901,-3.70956,-4.45728,-3.88068,-5.1238,-6.05267,-6.12939,-5.77979
-0.448676,-0.812502,-1.0356,-1.3174,-0.921161,-0.772017,-1.12366,-1.26133,-1.38021,-1.3106,-1.19368,-1.05799,-0.949777,-0.935696,-0.178719,-0.295198,-0.72022,-1.44022,-0.34824,0.481521,-0.27556,-1.63518,-1.36768,-0.822975,0.222581,-0.505827,-2.66896,-3.262,-2.43614,-0.995817,-1.49921,-2.01828,-2.76904,-2.18815,-2.19465,-1.60953,-1.51253,-1.57688,-2.59508,-2.11167,-2.0725,-0.837257,0.158444,-0.198355,-0.878464,0.891759,1.30492,1.83442,0.855085,0.328391,-1.08292,-0.721821,-2.78968,-4.12617,-3.90376,-2.61654,-2.77141,-4.03667,-4.48711,-3.89208,-5.20878,-5.55617,-5.72711,-6.45551
-0.61391,-1.06955,-1.22308,-1.51694,-1.3073,-0.814112,-1.09708,-0.755414,-1.68412,-0.606093,-1.07568,-0.768014,-1.35794,-1.56538,-0.283436,0.0638686,0.13852,-0.494462,-0.795377,-0.262586,0.351798,0.0115914,-0.671171,-1.53987,-1.09662,-1.65649,-3.41876,-3.71111,-4.02292,-3.95444,-3.6915,-3.69629,-3.39553,-1.9743,-1.67663,-1.56562,-0.841604,-1.62762,-1.43156,-0.078691,-0.681011,-0.389035,-0.0303486,-0.695453,-1.25793,0.369844,0.893771,0.629701,-0.742005,-2.55403,-2.93629,-2.33955,-3.74334,-4.44194,-3.3846,-2.92569,-2.84042,-3.03131,-3.74826,-4.73225,-4.74375,-4.73094,-5.60631,-6.14561
-0.910282,-1.19512,-1.17135,-1.39938,-1.44925,-0.990419,-0.573549,-0.838047,-1.82698,-0.917885,-0.876688,-0.89271,-1.97487,-1.92063,-0.357146,0.18051,1.50028,2.23807,1.19631,0.436076,1.51882,2.27231,1.16518,-1.25018,-2.98115,-3.50891,-2.94485,-2.40381,-2.9745,-3.4058,-3.76618,-3.18719,-2.81978,-2.62494,-2.68877,-2.6858,-2.34451,-2.22068,-1.60234,-0.642334,-1.57174,-1.27159,0.173232,0.714531,0.18927,0.249333,0.124465,-0.353784,-1.24,-2.55742,-3.95977,-4.65261,-4.19803,-4.05843,-3.13125,-2.59378,-2.26449,-2.89575,-3.97404,-4.70622,-4.53355,-4.84184,-5.16712,-5.7827
-0.874278,-0.865767,-0.882677,-1.30743,-1.45234,-1.10155,-0.812955,-1.39183,-1.73416,-0.8627,-0.521372,-0.699589,-0.695366,-0.464818,0.0720225,0.215969,1.77084,1.75346,0.975709,0.269756,1.38198,3.05177,2.02201,-0.430317,-2.5745,-2.38909,-1.32345,-1.50832,-2.57837,-2.76925,-3.25217,-3.17711,-2.97167,-2.94941,-2.82185,-3.11603,-3.45487,-3.97916,-2.88409,-3.25694,-2.51001,-3.30503,-2.74254,-0.933022,-0.820743,-1.0921,0.0287735,-0.0569819,-0.567986,-2.00836,-4.30749,-5.68429,-4.80779,-3.42058,-2.75471,-2.54856,-2.43732,-3.21704,-4.0789,-3.36235,-4.23039,-4.62045,-4.59153,-5.28519
-0.278066,-0.365136,-1.03032,-2.18948,-2.5167,-1.50804,-1.0253,-1.26092,-1.19028,-0.81143,-0.794871,-0.565042,0.670545,1.58814,0.877004,0.145635,0.0129479,-0.385936,-0.11137,0.782606,2.44584,2.33702,1.85082,0.0309113,-1.21568,-0.825053,0.199408,-0.255055,-2.63027,-3.3723,-3.83736,-3.51748,-3.37304,-3.42665,-3.69604,-3.7485,-3.82804,-4.76062,-3.87499,-1.91758,-1.35874,-1.50121,-2.49986,-1.31168,-0.244357,-0.336952,-0.59173,-0.410955,-0.87517,-1.19569,-3.43573,-4.38701,-3.53367,-1.6436,-1.63436,-2.17555,-2.22256,-2.79669,-3.19744,-2.71191,-3.68216,-3.6896,-4.38365,-5.20014
-0.320367,-1.41735,-2.90948,-2.86646,-3.05351,-2.58293,-1.65236,0.0503256,-0.311475,-0.424101,-0.394771,-0.00133321,0.626286,0.987293,0.0509657,0.181977,0.478336,0.180002,0.132397,1.04521,2.23076,2.79574,1.73522,1.06881,0.621483,-0.653016,-0.262132,0.989435,0.0979754,-1.48231,-3.65593,-4.51025,-3.40237,-3.32129,-3.95788,-3.04916,-1.96373,-5.35999,-5.45991,-3.3584,0.556569,1.55439,1.04106,-0.0818308,-0.157361,-0.398438,-1.62137,-0.590659,-0.777546,-0.16696,0.481754,0.785883,1.08073,1.0739,0.314855,-1.39627,-2.18098,-2.71064,-3.15523,-3.26614,-2.66302,-3.21242,-3.6447,-4.89586
-0.375414,-1.85902,-1.66956,-1.14129,-0.489906,-0.598827,-1.41604,-0.728256,-0.574518,-1.24108,0.603955,-0.834382,-1.46861,-2.74388,-2.77578,-1.63839,-0.110213,0.553373,-0.171798,-0.208403,1.64662,2.96448,2.50119,1.9698,1.08141,-0.156534,-1.09702,-0.291979,0.574521,0.754378,-1.85775,-4.17064,-3.581,-1.67075,-2.62952,-2.39297,-2.93832,-3.96285,-4.42608,-5.72833,-4.60284,-2.03194,0.688138,1.56775,0.941022,-1.45812,-3.22414,-2.02535,-1.41055,-0.738209,1.99516,3.85567,2.85078,1.44512,1.167,-0.160661,-2.73508,-3.62047,-3.43518,-3.0236,-1.71223,-2.68967,-3.03969,-4.22405
2.04918,2.0574,1.5082,1.89783,2.19954,2.08792,-0.675763,-2.18926,-2.76933,-3.68515,-2.30947,-3.81982,-4.53373,-5.17294,-5.24089,-4.77663,-3.60874,-1.82506,-1.92164,-1.97369,0.903385,2.52164,2.92714,1.54886,0.143359,-0.0792665,-0.464072,-1.5325,-1.38805,-0.171522,-0.866561,-2.69095,-2.98709,-2.30948,-2.47489,-4.47891,-5.14211,-3.25814,-1.43351,-3.91974,-5.10026,-5.76099,-4.5041,-1.96564,0.258263,-1.34649,-2.48236,-2.50742,-1.55624,-1.70268,-0.447952,0.232489,-1.17533,-0.913572,1.69088,1.66497,-0.351607,-2.79082,-2.47305,-1.70668,-1.4906,-2.11,-2.5427,-3.6005
2.62542,3.13355,1.65361,2.18308,1.20653,1.19825,-0.0223855,-1.24605,-0.290578,-0.36378,-0.866671,-2.23878,-3.20382,-3.51057,-3.20131,-3.21203,-2.88734,-2.52943,-2.50836,-3.21716,-2.41594,1.08479,2.63511,1.12172,-0.240888,-0.206842,-0.176091,-1.03568,-2.35746,-2.59198,-2.29921,-3.59074,-4.70623,-4.27932,-3.25287,-3.15923,-5.4332,-6.02902,-5.33503,-2.00511,1.38776,0.0952599,-1.9201,-2.963,-2.02842,0.0455694,1.99265,2.06125,1.16603,-0.266487,-0.89047,-0.77168,-1.15687,-1.00236,-0.281857,1.3017,1.72374,0.716275,-1.22804,-1.54619,-1.45538,-2.02814,-2.43496,-3.24915
1.16344,1.15786,0.632934,0.756341,0.38542,0.411222,0.406147,1.2802,0.974919,1.8608,2.36074,2.19258,1.81618,2.03416,2.20413,1.77504,1.38032,0.690362,-0.242555,-1.05843,-2.32634,-0.785497,1.54691,3.2632,2.77316,1.62923,0.261478,-0.758571,-1.63564,-3.30994,-3.74897,-4.8558,-5.06055,-4.41927,-2.68258,-1.10285,-2.71962,-5.8425,-5.78238,-4.10816,0.39,2.97154,2.27858,0.735321,0.627796,3.14648,3.0276,2.09347,-0.533986,-1.26486,-1.76649,-1.15436,-0.619556,-0.201314,0.372846,0.512452,-0.0282188,0.415416,-1.47693,-2.24845,-2.94241,-3.6574,-3.89383,-2.68134
0.908437,1.0571,1.42971,0.602383,0.560946,0.811803,0.26244,-0.93303,-1.95088,-1.59708,0.321758,1.83229,3.19954,2.65501,2.90418,1.66685,0.627675,0.234514,-0.325085,0.437884,0.327282,-0.914048,0.304698,2.65134,3.83009,2.98572,1.83129,1.98996,0.750843,-1.41388,-2.7052,-3.11836,-2.38751,-1.66187,-3.73773,-4.16478,-1.25357,-1.31382,-1.7,-2.08601,-1.57153,0.358773,-0.953624,-1.48692,0.485593,0.952391,-0.786142,-1.61454,-2.3873,-1.83106,-0.868248,-1.50333,-0.860231,-0.213674,0.675745,0.489099,-2.0179,-3.0395,-1.43756,-1.66194,-3.18096,-3.41949,-3.39872,-4.38207
0.747219,1.43972,1.45606,0.571011,0.803821,1.01015,-0.202087,-1.56439,-3.46355,-4.11949,-2.47814,-0.503928,-0.373251,-0.381232,-0.520947,-1.2948,-2.9632,-1.02004,-0.891347,-1.02023,-0.956716,-0.82385,-0.951522,0.465939,1.3313,0.515594,-0.0305674,1.06159,2.30801,1.99072,1.65022,1.30018,0.421827,-0.458771,-3.11394,-3.29539,-2.14697,-1.55638,0.690594,1.44786,0.305707,0.174021,0.35211,-0.170966,0.212371,0.524361,-0.892049,-1.1299,-0.154028,-0.693736,-0.392196,-0.0977816,-1.7007,-3.26415,-2.05108,-0.748625,-2.12985,-2.69805,-0.106022,-0.827189,-1.26469,-2.32551,-3.48297,-3.91516
0.805988,1.01025,0.880473,0.505471,0.656778,1.03432,0.129021,-0.704776,-0.757989,-2.73432,-3.91056,-4.62115,-4.97923,-4.96156,-5.66469,-5.72162,-4.99967,-3.25037,-1.29051,-2.42605,-2.7837,-3.31067,-2.4203,-0.808769,0.368219,-0.59418,-1.17352,-0.716842,0.438799,2.46339,3.53802,3.08383,0.190527,-1.77436,-2.29895,-1.53008,-2.24317,-2.0286,-0.747468,0.561171,1.33709,2.04074,1.82532,1.04844,-0.0325875,0.272977,-0.950514,-1.16349,0.114016,-0.305896,-0.67797,1.5877,-1.01277,-4.29382,-4.1992,-0.506661,1.43161,-1.79613,-2.62907,-1.42892,0.794805,1.00439,-2.49619,-2.70924
1.22159,0.710835,0.25793,-0.0849266,0.567688,1.08872,1.31824,1.66611,2.88968,1.37435,-0.843853,-3.97404,-4.82297,-5.15412,-4.86241,-3.25127,-3.14076,-3.83839,-3.12618,-2.26402,-2.0361,-2.09366,-2.51503,-1.88848,0.0465581,1.54688,1.58886,1.40704,0.895835,0.990979,1.6994,0.685933,-2.05562,-3.34034,-3.68533,-3.75001,-3.53834,-1.95847,-1.5602,-1.83675,-0.599414,1.09879,-1.41092,-3.34226,-4.0332,-2.93455,-3.64706,-2.26349,0.0214041,-2.79117,-3.43254,0.230881,-0.645055,-3.15708,-3.60123,-1.47256,1.36198,-1.57416,-4.20081,-2.10176,0.583635,-0.550679,-0.780653,0.365785
