public/uploads/wind/vent_json/20200603/wind_field_21.json
{"header": {"parameterUnit": "m.s-1", "parameterNumber": 3, "dx":  0.051, "dy": 0.036, "parameterNumberName": "northward_wind", "la1": 45.3082, "parameterCategory": 2,"nx": 177, "ny": 123, "refTime": "2018-10-03 01:00:00", "lo1":1.38177}, "data":
[rows 28 to 55 of 123, columns 0 to 63 of 177]
0.0487374,-0.849629,-1.52932,-1.83639,-2.26255,-1.0538,-1.97345,-1.94268,-0.238707,1.81583,1.0571,-0.804113,-0.687618,1.57265,1.24444,1.39423,3.26227,4.12681,3.82153,2.34428,1.12446,0.0635036,-1.7363,-0.828938,-0.243387,-0.900307,-0.490708,0.896192,1.88312,2.3657,1.76623,0.973232,-0.465386,-0.572291,-0.303758,-0.678939,-1.33906,-1.73227,-1.80762,-1.70294,-1.6507,-1.79703,-1.92855,-1.75819,-2.9073,-3.55183,-2.72437,-2.14397,-3.27903,-3.63339,-3.80389,-3.20925,-3.91341,-3.15445,-3.53074,-2.64813,-2.2183,-2.21779,-1.7834,-0.833601,-0.11163,0.353891,0.711022,1.08259
-0.423211,-2.21972,-2.45503,-1.96085,-1.87264,-1.98866,-2.46148,-2.43972,-1.85543,0.109521,-0.115612,-2.14642,-2.24072,0.542819,-0.0590625,-2.0306,-2.99792,-0.607818,1.43824,1.08493,0.280275,-1.06728,-1.29402,-0.0140229,0.204075,1.1324,1.95492,0.794391,1.16597,1.12049,1.30154,0.851679,0.408117,-0.182345,-0.236925,-1.16451,-2.20095,-2.69576,-2.46503,-1.69524,-1.19431,-1.19233,-1.37665,-1.56638,-1.44021,-2.94377,-1.90694,-1.65426,-2.10586,-3.62649,-4.23458,-3.11664,-3.94653,-3.67986,-3.81456,-3.62703,-2.86945,-2.69422,-2.54927,-1.7602,-0.730062,0.125289,0.708372,0.991594
-1.89269,-3.19828,-3.3892,-3.35279,-3.44311,-2.87891,-2.09544,-2.0753,-2.24409,-0.931736,-0.610735,-1.52033,-1.8178,-0.949981,-1.0048,-1.41461,-3.45936,-3.05722,-1.07875,0.197774,-1.54008,-3.23144,-3.01825,-1.2356,-0.351326,1.30094,1.89845,1.10687,0.3057,0.195904,0.121768,0.0668414,0.158611,-0.516859,-0.780005,-1.61446,-2.42184,-2.58603,-2.09146,-1.17451,-0.681178,-0.875229,-1.35991,-1.38383,-1.30717,-1.63441,-2.02285,-2.41024,-2.31037,-2.81153,-3.89659,-4.1056,-3.83479,-4.38971,-3.75382,-3.95239,-3.84877,-2.95491,-2.91454,-2.47306,-1.57435,-0.245475,0.566191,1.03505
-5.08898,-4.19059,-4.55838,-4.26929,-4.67547,-3.9325,-2.9227,-2.77982,-2.36769,-1.49232,-0.896884,-1.35202,-0.842744,-0.720549,-1.42383,-0.657113,0.795661,0.980312,0.931279,0.0682823,-2.45057,-2.37879,-2.08282,-1.46025,-0.462673,-0.229319,0.355183,-0.103095,-0.345916,-0.261209,0.0551111,-0.154318,-0.2483,-0.776024,-1.48623,-2.12932,-2.41472,-2.11484,-1.62112,-1.31861,-1.50552,-2.32926,-2.60325,-2.3265,-2.36082,-1.62189,-4.10764,-3.53857,-2.77094,-3.0196,-3.55358,-4.3725,-4.43106,-4.36253,-4.13261,-3.40715,-4.08995,-4.00808,-3.15173,-2.97063,-1.61801,-0.684605,0.190463,0.975695
-7.20076,-5.65566,-4.96304,-5.05014,-5.08752,-4.28119,-3.59958,-3.18815,-2.78679,-1.87469,-1.08556,-0.740637,-0.916687,-1.81318,-3.35516,-0.871947,2.90756,3.16594,1.41001,-2.23601,-1.1865,1.54927,1.42231,0.58345,0.0114084,-0.476549,-0.390141,-0.734408,-0.721584,-0.118462,0.739016,0.367721,-0.0643088,-0.910417,-2.19349,-2.745,-2.44427,-1.94028,-2.00968,-2.60087,-3.24787,-4.20456,-3.90714,-3.50882,-3.17267,-2.69642,-4.88852,-3.3385,-3.10562,-3.67708,-4.87129,-4.25747,-5.2563,-3.36887,-5.09441,-3.76949,-4.47037,-4.40592,-3.99454,-3.19178,-1.43972,-1.05322,0.0413641,0.953182
-7.09766,-5.3083,-4.94201,-4.76003,-4.59029,-4.06369,-3.47779,-3.08716,-3.09895,-2.89597,-3.01414,-2.56497,-2.62546,-2.4284,-3.29527,-0.667503,2.24972,2.89043,0.866901,-1.16111,0.365309,2.44205,2.33852,0.598379,-0.32939,-0.419888,-0.342192,-0.373964,0.127315,0.571588,0.836513,0.436255,-0.179308,-1.37101,-2.39447,-2.88538,-2.38713,-2.16436,-2.86445,-3.54206,-3.89,-4.2009,-3.82315,-3.56031,-3.50448,-3.27475,-3.45819,-2.91515,-3.80497,-4.10565,-5.46282,-4.93125,-5.08036,-4.09013,-5.79386,-5.08014,-5.1927,-3.96242,-4.80887,-3.80755,-2.73569,-1.50154,0.0270671,0.92808
-4.63183,-3.80107,-4.1902,-4.12807,-4.08242,-4.18242,-3.8448,-3.89992,-3.88152,-3.79659,-3.17596,-2.7016,-1.51474,-0.185963,-0.0413487,0.394752,0.751805,1.53301,2.78423,2.40985,1.69132,1.39878,1.43553,0.281129,0.01371,0.186742,0.138741,0.283185,0.705986,0.664748,0.00183969,-0.0877063,-0.700795,-1.23781,-2.11452,-2.70478,-2.31035,-2.45493,-2.99663,-3.16779,-3.23394,-3.25236,-3.06257,-2.98855,-3.18443,-3.14032,-2.65642,-3.4852,-3.91686,-4.74899,-4.69549,-5.02828,-4.87739,-5.39749,-5.56674,-5.98072,-4.91345,-4.71944,-4.87979,-4.18788,-3.59224,-1.64011,-0.578421,0.623312
-0.997341,-2.48117,-2.73152,-3.30308,-3.45298,-3.78148,-3.86251,-3.60488,-3.45671,-2.15818,-0.838083,-0.45555,0.589351,2.89217,3.49315,1.97397,1.2217,0.730826,1.70713,2.52021,1.26187,-1.59806,-1.19935,-1.35605,-0.263987,-0.202078,-0.470812,0.0319784,-0.0158269,-0.0910855,-0.617302,-0.538471,-0.443275,-0.798275,-2.12311,-2.60793,-2.21676,-2.16922,-2.17604,-2.25639,-2.37511,-2.474,-2.40325,-2.46927,-2.75071,-2.8591,-2.43733,-4.58513,-4.06112,-5.00233,-4.13679,-4.52577,-4.61933,-5.58801,-5.16363,-5.63024,-5.07625,-5.77726,-4.40608,-3.68271,-2.51579,-2.23598,-1.7516,-0.0789739
-0.241254,-1.91805,-2.33186,-2.494,-3.09666,-3.13653,-1.54469,-1.06218,-1.35051,-2.31894,-1.64904,-2.78234,-1.71692,0.696525,2.89871,1.32324,0.150875,-1.26276,-0.743727,-0.129019,-2.01267,-4.42773,-3.62916,-2.98703,-1.54969,-1.69812,-0.875032,-0.145972,0.0205532,-0.177855,-0.262864,-0.209743,-0.783801,-3.16403,-2.62741,-2.41273,-1.85285,-1.43914,-1.48263,-1.84549,-2.04219,-1.89226,-2.10381,-2.29583,-2.55048,-2.92132,-2.63359,-4.61219,-4.11223,-4.38248,-3.65524,-4.72481,-4.0777,-5.09148,-5.3588,-5.06866,-5.40657,-5.58413,-3.91001,-3.36367,-2.15962,-3.24388,-2.14886,-0.509519
-0.262709,-1.10419,-1.92449,-2.21263,-2.93266,-3.22518,-3.12685,-2.73496,-3.03953,-3.93124,-3.94658,-4.11888,-3.90876,-4.22396,-2.8669,-2.27711,-2.61135,-2.84018,-2.7118,-3.49301,-3.57984,-3.38057,-0.863932,-0.736882,-1.32922,-1.60704,-0.768978,-0.112499,0.484235,0.236345,-1.2156,-1.97496,-3.16745,-3.61602,-2.71089,-1.4644,-1.4006,-1.78287,-2.90398,-3.13257,-3.53278,-2.86665,-3.23626,-2.96972,-3.03665,-3.60169,-3.44752,-3.83161,-3.66323,-3.94498,-3.5888,-4.55171,-3.92269,-3.85308,-5.10163,-5.36022,-4.70128,-4.43002,-3.49735,-3.22999,-2.79729,-2.76054,-1.57484,-0.41178
-0.314667,-0.882444,-1.39052,-1.46485,-2.47164,-2.98856,-3.73624,-4.16025,-3.84128,-3.65791,-3.15005,-2.88198,-2.52741,-3.93817,-2.71735,-2.6965,-3.17468,-3.48617,-3.72097,-3.90299,-2.74135,0.0340486,1.36159,1.42353,0.249617,-0.122611,-0.433295,-0.352168,1.17635,1.01658,-0.593692,-1.10098,-1.60995,-0.519197,-0.59468,-1.30276,-2.85124,-4.30903,-5.27912,-5.03184,-5.4376,-4.94082,-5.02266,-4.25588,-4.0261,-4.50728,-4.50263,-4.48424,-3.67014,-3.78888,-4.23164,-3.41074,-4.24602,-3.29089,-4.81629,-5.20013,-4.03513,-3.53787,-3.2892,-3.16845,-2.94408,-2.21013,-1.40818,-0.458796
-1.09828,-2.16226,-2.15999,-1.64085,-1.42793,-1.10873,-0.999285,-1.86499,-3.33403,-4.08749,-4.0814,-3.84249,-3.28492,-2.82447,-1.38658,-2.50914,-3.73525,-3.30194,-1.93164,-0.736126,-0.364571,-1.70767,-1.63847,-0.444975,0.652644,1.46469,0.262157,2.67643,2.96489,1.68534,1.37336,0.853769,1.34834,-0.95813,-2.59555,-4.04616,-5.18324,-5.77566,-5.38533,-5.19461,-5.44913,-5.36565,-5.27144,-4.74522,-4.30209,-4.81786,-4.9414,-4.41016,-4.29954,-3.29505,-4.01814,-2.6523,-3.99628,-2.93257,-4.42157,-3.81183,-3.65929,-3.26861,-3.18038,-3.05867,-2.82074,-2.3213,-1.46822,-0.549547
-3.94719,-3.98375,-4.13982,-3.91253,-3.32577,-0.527249,1.88325,1.25242,-1.11107,-3.58146,-5.8059,-6.07438,-5.13945,-4.38492,-3.77295,-3.66077,-2.98078,-1.11025,1.40284,2.55096,1.10592,-3.36457,-4.95006,-4.95698,-3.42483,-1.34131,-1.835,-0.37733,1.61915,1.04506,0.510572,-0.953863,-0.664008,-4.14516,-5.18932,-5.38881,-4.95167,-4.59896,-4.16121,-4.12418,-4.29305,-4.25768,-4.27586,-4.15406,-3.88502,-4.21325,-4.78812,-3.09425,-4.13176,-2.81037,-2.65566,-2.43487,-2.6572,-2.3946,-3.11321,-2.91523,-3.25811,-3.06311,-2.89343,-2.6986,-2.51691,-2.07713,-1.30739,-0.480133
-5.18086,-5.30935,-5.24185,-4.91931,-4.40252,-3.16963,0.508097,2.93952,2.67463,0.968188,-1.8236,-4.34204,-3.98307,-3.66665,-3.82102,-3.9205,-3.22878,-1.9451,-0.833528,0.41923,2.65995,-0.42525,-3.46312,-5.1424,-5.54386,-6.65215,-9.51015,-10.9151,-8.61543,-7.06262,-7.32637,-5.53374,-3.35824,-4.23237,-4.13165,-3.8095,-3.50758,-3.24834,-3.06791,-3.02784,-3.03497,-3.10241,-3.0791,-3.76987,-3.79759,-3.55678,-4.41632,-2.95704,-3.01814,-2.51873,-2.33807,-2.38115,-2.23013,-2.43202,-2.5686,-2.86584,-2.87876,-2.84834,-2.73208,-2.45453,-2.16128,-1.82771,-1.24262,-0.523403
-5.75685,-5.41132,-5.5332,-5.21664,-4.44647,-4.55658,-1.18453,1.70783,3.00014,3.68466,3.19423,0.826964,0.643517,0.786069,0.541934,-0.719999,-3.75081,-5.97828,-4.91482,-3.07686,0.336292,3.01581,3.6661,2.47662,-0.891604,-7.09487,-10.6315,-12.296,-12.4029,-11.2068,-8.85914,-5.64264,-3.38573,-2.42716,-2.34163,-2.34587,-2.20973,-2.01453,-1.93429,-2.03688,-1.99403,-1.98683,-2.17812,-3.30027,-3.84903,-3.34629,-3.23969,-2.78418,-2.56085,-2.68126,-2.58984,-2.3858,-2.47544,-2.45825,-2.56437,-2.61587,-2.64358,-2.69194,-2.68011,-2.41228,-2.01808,-1.71542,-1.32657,-0.758793
-5.10517,-5.56896,-5.2197,-5.05343,-4.47597,-4.51514,-4.94016,-3.11455,-0.65609,0.637885,4.39965,5.22805,5.78165,4.5733,4.5142,4.16349,0.106289,-3.48848,-3.46736,-2.621,-1.85816,0.79927,3.56203,3.54858,1.11615,-3.09898,-5.06914,-5.74454,-5.25721,-5.52487,-4.58315,-3.34432,-3.17659,-1.7874,-0.661361,-0.406418,-0.476168,-0.642587,-0.923961,-1.0707,-0.953284,-1.07558,-1.74873,-2.06275,-3.05097,-2.6576,-2.22175,-2.22492,-2.45658,-2.59278,-2.36279,-2.34691,-2.4303,-2.39777,-2.35955,-2.44842,-2.54515,-2.59903,-2.63324,-2.49518,-2.08441,-1.72751,-1.43524,-1.00915
-4.07362,-4.09511,-4.59079,-4.67999,-4.43293,-4.80835,-6.32474,-6.77072,-5.1734,-3.89563,0.343044,3.1981,4.72321,5.32888,5.38363,5.65931,5.18377,4.23163,2.9362,1.54537,0.629937,-0.0442893,-0.603506,-0.316754,0.0663683,0.149844,1.07858,1.31624,1.21156,0.0646982,-1.17984,-2.7959,-3.89918,-2.59177,-0.555504,0.722473,0.963377,0.68872,0.269163,0.0840576,-0.107718,-0.677113,-1.20142,-1.20436,-1.67485,-1.64086,-1.65596,-1.7609,-2.01451,-2.21137,-2.28882,-2.26587,-2.22848,-2.26388,-2.4334,-2.51449,-2.53247,-2.55101,-2.58296,-2.57356,-2.2608,-1.79719,-1.47362,-1.13405
-3.59053,-2.9778,-3.19017,-3.29191,-2.89942,-3.68265,-5.32868,-5.63701,-4.41725,-2.88066,-1.14997,-1.0272,0.296059,1.29212,1.71901,3.50272,5.3864,6.64838,5.09387,3.24649,1.98448,1.05996,0.907226,0.491342,-0.737816,0.44642,2.06186,2.44524,2.34683,1.38199,-1.04027,-3.04669,-3.37519,-3.43502,-2.67367,-1.31936,0.0281823,0.573549,0.552571,0.276446,-0.265735,-0.669685,-0.709416,-0.836847,-0.947174,-1.15645,-1.34258,-1.58701,-1.85298,-2.04174,-2.16289,-1.9614,-1.90469,-2.12758,-2.31808,-2.46584,-2.57686,-2.58614,-2.51491,-2.51076,-2.40469,-1.99335,-1.57028,-1.23877
-1.93834,-0.737225,-0.438208,-0.633471,-0.98449,-1.17699,-1.54082,-2.65935,-2.50758,-0.570029,1.02061,-2.21935,-4.48073,-4.80975,-3.49606,-0.937439,2.92789,4.69462,4.81056,3.8495,2.45993,2.17561,2.00216,2.44519,0.307048,0.455495,-0.244123,-0.90553,-0.932705,-1.08834,-2.03541,-2.59098,-2.80331,-3.08202,-3.33386,-3.43478,-2.43096,-1.57264,-1.0771,-0.935242,-0.997025,-0.936449,-0.908898,-0.935243,-1.02226,-1.24985,-1.61948,-1.87409,-1.91709,-2.02977,-2.0565,-1.83913,-1.94147,-2.05873,-2.05106,-2.24491,-2.55154,-2.68053,-2.55005,-2.3769,-2.33662,-2.17522,-1.72144,-1.32766
0.077733,0.93148,1.3726,1.8645,1.49838,1.78551,1.57001,1.49588,0.197574,-1.44341,-0.712709,-3.98982,-6.01778,-4.5192,-2.06704,-1.33832,-0.550944,1.30944,1.95283,3.85239,2.6148,2.02793,2.99104,2.98718,2.14276,2.09357,1.41246,0.903472,0.667711,-0.0609148,-1.20568,-2.01516,-2.30651,-2.33244,-2.41212,-2.84759,-2.93352,-2.87132,-2.62498,-2.21169,-1.86162,-1.71378,-1.66341,-1.51011,-1.41045,-1.65746,-1.98107,-2.05064,-2.03172,-2.16129,-2.16014,-2.06907,-2.12622,-2.07498,-1.96352,-2.06313,-2.38243,-2.65963,-2.68717,-2.45159,-2.22374,-2.13896,-1.82779,-1.2738
1.3719,2.7798,3.27927,3.1308,3.24472,3.30883,4.29525,4.10083,3.10989,0.163688,-0.814562,-1.2474,0.0344935,0.172261,-1.37887,-4.7831,-7.15976,-6.81468,-5.51699,-4.76871,-4.52089,-3.41179,-0.86232,1.71997,1.93165,2.15406,2.04851,1.05506,0.046409,-0.521739,-1.07695,-1.42001,-1.56497,-1.61069,-1.70016,-1.84361,-2.01224,-2.25492,-2.49296,-2.49709,-2.34278,-2.21311,-1.95791,-1.64674,-1.6483,-1.88637,-2.06679,-2.13536,-2.21027,-2.318,-2.37686,-2.36329,-2.32656,-2.27719,-2.22744,-2.1788,-2.2407,-2.41446,-2.63353,-2.66415,-2.43306,-2.1105,-1.85909,-1.39252
3.68786,3.60539,3.40105,3.30864,2.83629,2.87858,3.61504,3.12906,3.67415,3.87086,3.32829,3.61868,4.27459,0.202288,-3.93578,-6.4041,-7.01121,-6.63918,-6.90989,-7.41225,-7.77104,-7.73961,-7.22349,-5.43967,-2.1096,-0.18464,0.968228,1.04257,0.561993,0.147617,-0.385022,-0.885255,-1.18203,-1.29839,-1.44098,-1.53298,-1.45557,-1.45662,-1.63281,-1.80594,-1.87268,-1.76961,-1.51363,-1.42432,-1.53841,-1.64801,-1.81581,-2.06508,-2.30541,-2.45181,-2.51017,-2.49507,-2.52022,-2.56701,-2.54541,-2.47673,-2.37292,-2.24282,-2.34304,-2.57319,-2.6789,-2.44581,-2.07095,-1.6206
4.51449,3.6134,3.26472,2.87321,2.16675,2.33393,2.4025,2.14255,3.0614,3.04083,2.13715,2.8046,2.6821,-0.803888,-2.96182,-4.06347,-3.64902,-3.60773,-3.64222,-3.9107,-4.54479,-4.81519,-5.43706,-5.53274,-4.62419,-1.83334,-0.622257,-0.321552,-0.0133489,0.227031,0.111276,-0.199726,-0.629786,-1.02182,-1.28156,-1.28716,-1.15711,-1.1084,-1.09778,-1.13077,-1.17355,-1.10837,-1.07198,-1.18409,-1.2581,-1.2873,-1.45955,-1.78714,-2.144,-2.37263,-2.42198,-2.47036,-2.64853,-2.74735,-2.65389,-2.60124,-2.58993,-2.38701,-2.20376,-2.2281,-2.39256,-2.57161,-2.52491,-2.06939
4.4185,3.6566,3.0514,2.65343,2.39905,2.26305,2.25247,2.19679,2.47761,0.636687,-1.60724,-1.13558,-1.10865,-1.27119,-1.41289,-1.81336,-2.28525,-3.05022,-3.0196,-2.52129,-2.17774,-0.854988,-0.0654874,-1.54991,-2.87102,-2.30194,-0.0734241,-0.327848,-0.436573,-0.327808,-0.151842,-0.0599373,-0.338136,-0.765245,-1.00977,-1.02969,-1.03489,-1.07816,-1.02514,-0.93258,-0.869728,-0.923607,-1.08214,-1.1194,-1.0751,-1.17598,-1.31146,-1.50621,-1.81841,-2.07778,-2.1945,-2.34368,-2.54887,-2.60928,-2.51421,-2.47,-2.52218,-2.50908,-2.34498,-2.16344,-2.00695,-2.01899,-2.26756,-2.40891
2.99093,2.85493,2.68536,2.59633,2.59478,2.10801,1.99104,1.70068,1.36691,-0.141714,-1.5972,-1.98491,-1.95954,-1.92283,-1.89133,-2.47189,-3.39734,-3.85745,-4.02928,-2.90704,-2.17786,-0.5467,-0.464108,0.117415,-0.136401,-1.20297,-0.355008,1.14381,-0.057421,-0.780783,-0.819855,-0.440237,-0.35623,-0.623114,-0.822861,-0.945803,-1.11641,-1.23846,-1.19019,-1.08345,-1.0584,-1.22229,-1.39622,-1.35928,-1.31375,-1.41738,-1.41995,-1.38122,-1.50546,-1.72457,-1.93219,-2.07781,-2.10672,-2.09506,-2.17861,-2.28599,-2.29996,-2.31569,-2.33346,-2.31102,-2.16972,-1.9165,-1.79029,-1.94076
0.837656,1.20543,2.1028,2.62603,2.53163,1.94455,1.49079,0.882589,0.270122,-0.398931,-0.756008,-0.49736,-0.170051,-1.0128,-2.4057,-3.72581,-5.38125,-6.43922,-6.29485,-6.19872,-4.93038,-4.50793,-3.43289,-0.100478,-0.950201,-4.6789,-4.42137,-0.408592,0.339098,-0.684682,-1.5821,-1.08163,-0.620296,-0.667826,-0.828648,-0.958979,-1.10432,-1.15402,-1.10868,-1.09415,-1.18127,-1.38573,-1.63087,-1.81288,-1.83007,-1.69205,-1.50066,-1.31321,-1.24243,-1.36908,-1.60615,-1.61654,-1.40124,-1.40172,-1.73568,-2.05375,-2.12759,-2.0672,-2.05461,-2.11338,-2.20367,-2.21081,-2.03926,-1.80405
0.313624,0.815041,1.95961,2.44345,2.66992,2.30016,1.73082,1.2664,0.506964,0.024709,0.0390828,0.100426,0.569867,0.786391,-1.10746,-3.13567,-4.75303,-5.24707,-5.81158,-6.35405,-6.52066,-6.65427,-6.34301,-4.35756,-4.16994,-7.367,-7.88991,-5.43332,-1.4277,-0.860863,-1.60395,-1.53387,-0.945477,-0.702188,-0.754894,-0.865085,-0.939501,-0.887199,-0.844898,-0.878241,-1.01776,-1.3032,-1.74801,-2.12498,-2.09158,-1.72377,-1.37976,-1.14187,-1.00982,-1.06905,-1.20454,-1.03359,-0.744822,-0.894883,-1.31915,-1.63669,-1.77798,-1.80392,-1.82172,-1.8422,-1.89488,-2.00574,-2.11081,-2.02828
0.515734,0.892004,2.04152,2.28106,2.53651,2.43564,2.27408,1.83267,1.3565,1.11546,1.25395,0.730728,0.461194,1.30208,0.602614,-0.950671,-2.1376,-3.24963,-3.68838,-4.8943,-5.40702,-5.38131,-6.1342,-6.14929,-4.90202,-4.44867,-5.61682,-6.39914,-4.13473,0.145817,-0.326164,-1.10423,-0.992643,-0.645008,-0.565925,-0.650747,-0.686176,-0.620559,-0.614203,-0.729377,-0.994933,-1.35049,-1.70505,-1.91996,-1.83958,-1.55062,-1.19697,-0.921334,-0.89254,-0.998971,-0.887186,-0.614928,-0.626511,-0.850719,-1.02174,-1.14355,-1.28329,-1.43232,-1.56156,-1.66407,-1.71492,-1.73799,-1.82143,-1.90482
