public/uploads/wind/vent_json/20200603/wind_field_21.json
{"header": {"parameterUnit": "m.s-1", "parameterNumber": 2, "dx": 0.051, "dy": 0.036, "parameterNumberName": "eastward_wind", "la1": 45.3082, "parameterCategory": 2,"nx": 177, "ny": 123, "refTime": "2018-09-30 00:00:00", "lo1":1.38177}, "data":
[rows 58 to 86 of 123, columns 65 to 129 of 177]
1.02142,0.87999,0.984943,1.13759,1.16839,1.16931,0.961597,0.599189,0.350231,0.458821,0.770354,0.684635,0.585377,0.780074,1.11349,1.61694,1.55066,1.92846,2.83827,3.44444,3.39229,3.76237,3.66105,3.75587,4.74476,5.10114,4.55788,4.4444,2.41561,3.53557,3.568,3.69439,4.20142,5.27882,6.71962,7.3088,7.49205,7.42134,6.77952,7.0763,7.26077,5.53617,4.13837,4.73272,4.64764,3.15665,2.95505,4.32007,4.76903,3.58805,2.233,1.96922,2.31005,2.80677,4.10122,4.94681,5.39944,6.22271,6.85544,6.98878,6.90943,7.15007,7.18821,7.13617,7.03609
1.07799,1.06617,1.03351,1.05828,1.02201,1.00956,0.949824,0.740854,0.82482,1.08829,0.676566,0.368267,0.780838,1.23287,1.38072,1.39288,1.53509,1.67234,1.81764,1.82485,1.60443,2.99055,3.76294,3.72884,2.23837,1.17558,1.03208,0.762525,0.585767,0.720176,0.986632,2.22606,2.24833,3.21829,3.90209,4.39087,5.07181,5.95367,6.28621,6.58122,6.17278,5.76299,4.77689,3.64911,4.22945,4.17421,3.05663,2.55492,1.8779,0.708285,1.09663,2.87283,3.53616,3.02512,3.13848,4.40706,5.8777,6.75496,7.12502,6.26467,5.64029,6.33554,6.46529,6.38377,5.76484
1.0914,1.16578,1.19657,1.06635,0.982247,1.01994,0.771285,0.589038,1.00103,0.999084,0.653847,0.99664,1.34302,1.32947,1.14224,1.06186,1.19897,1.40906,1.0825,0.79057,0.784583,2.02743,3.28113,3.34347,1.33484,-0.749155,-1.10776,-0.634259,0.0259121,0.155663,0.483823,1.365,2.1981,2.72885,1.52396,1.43393,1.74591,2.84667,3.95747,4.68895,5.37025,5.13992,3.78041,2.37162,1.7835,1.38798,1.11159,0.703183,-0.118109,0.306746,1.4113,2.14133,3.09851,3.80982,4.31185,5.36629,5.59097,5.15193,5.53265,5.44374,4.58348,4.08813,4.03944,3.93331,4.32035
1.06534,1.16604,1.25696,1.16073,1.10004,1.0526,0.913756,0.717237,0.717953,0.230985,0.394433,1.40874,1.54616,1.58509,1.3821,0.780503,1.11994,1.42678,0.682295,-0.376984,-0.368952,0.617344,2.40095,4.52875,3.69794,0.327672,-1.29602,-1.64638,-0.973786,-0.337446,0.220792,1.89123,3.01427,3.41948,2.51858,1.36078,1.01664,2.429,2.50793,2.64773,2.61853,2.39446,1.77369,1.30608,0.970823,1.04369,0.810888,-0.263661,-0.368875,0.547182,1.28387,1.91338,3.20602,4.79653,5.67534,5.56079,4.47305,3.67453,4.28237,5.10723,4.5935,3.75176,3.8509,4.07983,4.0386
1.1254,1.15031,1.23644,1.24344,1.21255,1.21915,1.16268,0.776377,0.392684,0.328829,1.04052,1.31838,1.09386,1.4125,2.52832,1.75938,1.1788,1.9007,2.3052,1.11046,-0.755093,-0.959907,2.46245,5.46198,5.12614,1.33648,0.0863392,-0.780862,-1.44627,-0.76378,0.383202,2.14171,4.20944,4.29228,2.82675,0.484854,1.20621,2.34019,2.53848,1.5924,1.05538,0.877893,0.689201,0.235484,-0.382193,-0.166947,-0.288671,-0.685576,-0.119579,0.590398,1.2591,2.11855,3.60383,5.15134,4.24103,2.32754,2.76607,3.86445,4.08333,3.9373,3.5778,3.31558,3.33794,3.54872,3.6864
1.21483,1.18184,1.23046,1.24282,1.24726,1.31417,1.13281,0.794669,0.551315,0.787476,0.559335,0.0401323,0.30612,1.09094,2.3359,1.67564,0.157592,1.11955,2.49915,1.69898,-0.260034,-0.668086,2.98555,5.47966,4.5082,2.9258,2.10474,0.173326,-1.28695,-0.910938,1.3747,3.20687,4.83984,5.07203,3.73977,0.983036,0.978765,1.80576,2.44284,0.529564,-0.226496,-0.690729,-0.880477,-1.05277,-0.781351,0.184526,0.11921,-0.432146,0.243269,1.07226,1.53568,2.37006,3.87158,3.9094,1.90049,1.37395,2.52074,2.89971,2.73576,2.85077,2.93801,2.73178,2.53613,2.64284,2.86363
1.28857,1.22994,1.1729,1.2139,1.32063,1.27582,1.04446,0.786773,0.700632,0.429585,0.48337,0.651076,0.521158,0.314322,1.24549,0.824433,-1.25447,-0.534254,1.78368,2.92009,2.7571,2.45094,3.75873,5.07721,3.32563,0.750442,0.92951,0.768053,-0.0213509,0.468406,2.60635,3.95561,4.71509,4.83178,4.46081,3.2344,2.03822,1.38408,2.02454,0.749983,-1.70891,-1.67834,-0.742522,-1.38204,-1.21986,0.201636,0.397668,0.0999367,0.795343,1.30157,1.80066,3.167,3.24681,2.04967,1.43186,1.36617,1.48168,1.66714,2.29583,2.6826,2.59318,2.35019,2.11957,2.24058,2.50143
1.28891,1.08942,1.01536,1.17678,1.18637,0.957912,0.709032,0.343591,-0.123995,-0.240912,-0.140386,-0.201016,-0.31289,-0.0855873,0.85775,1.01774,-1.0983,-1.31662,1.50929,3.63173,4.02791,4.37149,4.96086,5.4804,3.4146,-0.128604,-0.749415,-0.17439,0.870946,2.31028,3.68902,3.57786,2.90586,3.15474,3.81588,3.69027,2.51494,1.63974,1.82559,0.0169545,-1.76162,-1.7485,-0.404078,-0.185108,-0.73839,0.0644789,0.345497,0.11806,1.12195,2.06627,2.5243,2.49766,1.37546,0.963831,1.29599,0.953476,0.805226,1.40554,2.28236,2.3503,1.93938,1.7311,1.76232,1.86235,1.95548
0.892263,0.662028,0.724741,0.937636,0.53018,-0.108712,-0.194582,-0.15175,-0.473038,0.00800922,0.28157,-0.256401,0.0173141,0.18289,1.21179,2.23036,0.806279,-0.392108,1.18378,3.13688,3.90154,4.51814,4.78912,3.93839,2.36903,1.16312,-0.253349,-0.0901925,1.49737,3.18235,3.63146,3.48965,2.06693,1.46578,1.73742,2.18866,1.97042,1.51258,-0.0304892,-1.11983,-1.05326,-1.03031,-1.00699,-0.0677195,0.215197,0.961219,1.5441,1.46621,1.76744,2.32521,1.51884,0.354988,1.48733,1.77789,1.14858,0.627164,0.236587,1.02411,1.62308,1.62259,1.44673,1.28082,1.3337,1.45722,1.49053
0.589131,0.160369,0.271977,0.0787648,-0.648651,-0.536891,-0.188816,-0.343041,-0.336688,0.273828,0.643062,0.116287,0.0983575,0.609028,1.58371,2.49656,1.37604,0.559764,0.960289,2.32445,4.56875,4.87053,3.67656,1.45212,2.25478,2.2659,1.18692,0.946118,1.88434,2.64314,2.50947,2.59968,2.4638,1.8002,0.735678,0.219169,0.623178,2.0928,2.21403,-0.0330601,-1.21496,-0.988038,-0.251641,0.745264,0.963134,1.41583,1.41101,0.338136,0.235291,1.32363,0.0477081,-0.275664,2.09301,1.57405,0.633152,0.396841,0.435106,0.733081,0.485506,0.517349,0.851331,1.06504,1.02603,1.12572,1.3183
-0.00547149,-0.196724,-0.425434,-0.605151,-0.854545,-0.352353,-0.365719,-0.453446,0.147882,0.769288,1.00542,0.788739,0.349269,1.20801,1.6808,2.70912,3.04444,2.9391,1.47031,2.34227,5.3227,5.61384,3.14008,1.24107,2.63552,2.75713,0.62904,0.728798,1.50384,1.95327,2.13229,2.15916,1.81302,1.18749,1.03384,0.734888,0.657207,2.33448,1.81016,1.08558,-0.35045,-0.353393,0.600705,1.51519,1.39703,-0.0199628,-0.797946,-1.02176,-0.311693,0.145005,-1.05393,-0.161211,1.88188,1.5962,0.966346,0.822653,0.636967,0.259742,0.0324689,0.0999436,0.275292,0.47429,0.49295,0.62997,0.788301
-0.0767573,-0.393026,-0.226066,-0.355245,-0.80519,-0.588142,-0.672409,-0.595584,0.061652,0.493582,1.09768,0.902915,0.612434,0.922721,0.885794,1.67864,3.33185,2.62341,1.74433,2.39051,3.7736,5.09758,3.32654,1.38741,1.44173,2.58202,2.46591,1.75301,1.29755,1.66818,1.99224,2.38898,1.79037,1.82126,1.26364,1.10231,0.580954,0.559114,-0.0155777,-0.464685,-0.882443,-0.0595625,0.945784,0.963976,-0.430078,-1.68189,-1.04814,-0.7726,0.40397,-0.0540984,-1.16945,0.843848,1.76339,1.74414,1.37328,0.812978,0.204549,0.0236257,0.151592,-0.0413932,-0.296913,-0.18096,-0.0696589,0.023857,0.216247
-1.22076,-1.35796,-0.921807,-0.344307,-0.44207,-0.612075,-0.660892,-0.66653,-0.413411,-0.0640331,0.782491,0.565339,0.314671,0.454556,0.485334,1.64876,3.38991,3.23374,1.44416,0.691803,2.63759,4.10396,3.44062,0.749541,0.448325,1.42179,2.53349,2.46718,1.39091,0.761663,0.604429,1.41223,2.0743,1.41511,0.964361,0.90216,0.469587,-0.112131,0.540933,-0.402069,-1.12817,5.14919e-05,1.23731,0.295881,-1.43217,-1.73223,-0.671574,-0.449465,-0.967763,-1.60097,-1.03517,0.240837,0.93039,1.82245,1.86358,0.683883,-0.194381,-0.117966,-0.0149603,-0.0503422,-0.286073,-0.403357,-0.43358,-0.516994,-0.212132
-1.69564,-1.95584,-2.08725,-1.06137,-0.664682,-0.65208,-0.623506,-0.2512,-0.224749,0.0107143,0.56617,0.78301,0.904243,0.655496,0.878962,1.66537,3.3195,4.71804,3.26822,0.69027,1.97409,4.50368,4.89742,2.88016,0.0679503,0.686361,2.84177,3.22843,2.39633,0.9105,0.965791,2.34121,2.41768,1.28599,0.997467,1.35485,1.23059,1.27739,2.02043,1.78926,-0.459577,-0.294434,0.99986,0.844074,0.0823059,-1.17978,-1.05087,-2.0207,-3.12459,-2.66801,-1.56753,-0.432858,0.936433,2.07703,2.61002,1.25659,-0.123708,0.0560241,0.11133,0.0646776,-0.201577,-0.525026,-0.431678,-0.621784,-0.602697
-2.02553,-2.24008,-2.09734,-1.37565,-0.736782,-0.427738,-0.671204,-0.300695,-0.152973,0.113315,0.438704,1.43971,2.16391,1.67388,1.86907,1.8224,3.19124,4.37745,3.34954,1.64768,2.05172,2.97982,3.35251,2.43315,1.14245,1.1638,1.76652,2.02336,1.98037,1.47729,1.24366,2.5922,2.72106,1.97468,1.32288,1.45584,1.72216,2.04197,1.97322,1.44869,0.56131,0.408335,1.06401,0.664503,-0.134113,-0.717499,-0.0681417,-2.11015,-2.56133,-2.0997,-1.28658,-0.310029,1.16296,2.41292,3.15576,2.08579,0.613072,0.414962,0.160295,0.161784,-0.0451838,-0.551116,-0.816144,-0.991345,-0.842991
-2.39956,-1.97367,-1.6315,-1.04937,-0.487961,-0.657986,-0.651668,0.0687696,0.584831,0.142673,-0.366915,0.155571,2.58748,3.45898,1.98026,1.30079,2.20719,2.52373,2.34084,1.37116,1.17822,0.884445,1.55239,2.44995,2.67843,2.35316,1.2264,0.72656,0.857293,1.0594,1.71203,2.7367,2.80751,2.32466,1.40581,0.920047,1.63257,2.02162,1.53752,0.520996,0.254259,0.596152,0.580665,0.465673,0.0436718,-0.351386,-0.731993,-2.16664,-3.54419,-2.97195,-1.05633,0.605765,1.82847,3.16169,3.93038,3.02046,1.69358,1.47189,1.10404,0.655961,0.217919,-0.203162,-0.4633,-0.778894,-0.962788
-1.63783,-1.53627,-1.26366,0.347593,0.303385,-0.71289,-0.72534,0.899151,0.911859,-0.0767934,-0.310501,0.64948,3.04751,3.56157,1.74494,1.37517,2.90438,3.44649,3.52144,1.64725,-0.63615,-0.886496,0.0842246,2.69756,3.58792,1.24421,-0.860161,-1.10131,0.199385,1.04027,2.47653,3.0642,3.06122,2.63012,1.50326,0.524174,0.744671,1.90728,0.966263,-0.112729,-0.49858,0.618204,1.52348,1.90305,1.35402,0.651626,0.355704,-1.17347,-3.12847,-3.43998,-0.433967,2.49458,3.08792,2.93046,3.26945,3.38526,2.61146,2.39629,2.17893,1.31015,0.624207,-0.0654817,-0.521047,-0.684823,-0.748771
-0.541749,-0.929624,-0.680712,1.40289,2.01472,-0.110353,-1.11526,0.870218,1.33117,0.721535,0.380039,0.882971,2.50665,2.98051,2.33917,2.50518,3.25174,4.59581,3.94234,0.641413,-1.27874,-0.719991,0.362972,3.26749,3.02323,0.703565,-1.69137,-2.01908,-1.09112,0.313474,3.14497,3.5381,2.73265,2.74116,2.21171,-0.242736,-0.196474,2.25579,1.49533,-0.741185,-0.61271,0.392284,1.90069,2.25868,1.37601,0.776715,0.650159,0.473307,-0.956921,-2.95422,0.403744,3.36905,3.43957,2.95928,3.00612,2.52918,2.47396,3.28126,3.14036,1.74566,0.782947,0.465277,-0.0416677,-0.510609,-0.655062
0.315169,0.497173,0.850723,1.8021,2.59099,-0.00587571,-0.868976,0.380825,1.05944,0.473353,0.0865732,0.476236,1.45326,2.26339,2.55042,1.78085,1.43011,4.20771,3.76607,0.505183,-0.675989,-0.745728,0.634808,0.819165,-0.30166,-0.886385,-1.16129,-2.06501,-3.08554,-1.62709,2.8826,4.03634,1.27957,2.21668,2.30671,-0.613926,-0.99738,1.95315,3.0426,1.95833,1.17773,0.97398,2.1687,3.15383,1.74821,0.950624,1.49419,0.602932,-0.513198,-1.2835,0.337475,2.21231,1.95538,1.09278,1.57554,2.69523,3.8621,3.7761,3.1885,2.02945,0.905549,0.322617,-0.0213058,-0.144523,-0.360446
0.692759,1.45059,2.13606,2.13003,0.31074,-1.53331,-1.25127,0.568317,2.29661,2.12989,0.653462,0.340789,1.16296,2.60967,3.51282,3.21608,1.80495,3.64375,3.93355,0.973479,-1.14352,-1.82014,-1.01587,-0.842744,-1.40389,-2.04198,-2.71734,-1.08063,-2.67825,-2.97643,1.71573,4.15662,2.33293,0.39509,0.236221,0.949305,1.36416,0.33071,0.706833,3.08059,5.46736,5.75531,3.86949,1.05832,0.325437,1.85471,3.09987,1.70131,-0.296187,-0.754252,-0.408308,0.677337,1.28065,0.384942,-0.3988,0.917773,3.37038,3.51276,2.23761,1.3641,0.971971,0.59812,0.0627768,-0.0189624,-0.136813
-0.172723,0.428545,1.41477,0.289925,-0.965257,-1.5337,-1.06313,0.8714,3.6593,3.58694,1.67819,0.164894,0.936213,3.02824,4.41506,4.80925,4.09053,4.23847,5.24974,3.26963,0.0537175,-1.94209,-1.9033,-0.285304,-0.823413,-1.94511,-2.66153,-1.86085,-2.11054,-2.144,0.582131,3.52887,2.88439,-0.0474669,-1.39295,0.640337,2.53873,2.44649,1.35094,1.8791,4.27249,6.69639,6.68569,2.83335,0.861034,2.80795,3.24656,2.68148,0.773065,-0.519358,-0.667343,-0.285084,0.765467,0.767137,0.283558,-0.447074,1.54446,2.6869,1.51884,0.936845,0.775216,0.419802,0.19155,0.311821,0.146042
-0.511847,0.153101,0.653621,-1.1881,-1.73134,-1.35747,-1.093,0.539624,1.81422,1.77153,0.453466,-0.313496,0.671409,3.0443,4.42386,4.84857,4.65921,4.41534,5.38519,5.88941,4.08931,0.0390151,-0.395908,1.00895,0.273963,-1.55846,-2.65694,-1.99678,-2.08151,-1.70591,0.847773,4.23777,4.73478,1.64242,-1.80681,-2.38133,1.12509,4.7651,5.38209,3.82907,3.76588,4.25869,3.17151,1.42678,1.55619,1.96115,2.27486,1.82747,0.07406,-1.61325,-1.01838,-0.205624,0.852228,1.37566,1.50173,1.84446,1.16108,0.411882,0.272601,0.821179,0.589961,0.259744,0.46581,0.781994,0.750338
-0.955799,0.135805,-0.112284,-1.28774,-1.45106,-1.16894,-1.36806,-0.0922052,1.0534,0.866229,-0.0103374,-0.106462,1.30119,2.51327,3.76746,3.77892,1.75125,1.60142,3.1732,4.7049,3.89835,1.26634,-0.179123,-0.162038,-0.532789,-1.23171,-2.1922,-2.35702,-2.9546,-2.17819,2.28912,5.61212,4.8038,1.59183,-0.152866,-3.12931,-0.355948,5.71416,7.72218,5.5816,3.4871,1.21823,0.765365,0.792497,0.811305,0.467847,-0.0319236,0.491562,-0.444924,-1.89352,-1.42935,0.335518,1.33431,1.76457,1.53693,2.06958,1.38525,-0.210939,-0.826167,0.655241,1.56403,0.495766,0.685809,1.52189,0.946101
-0.749764,0.119443,-0.871011,-2.53623,-1.50093,-2.35094,-2.33772,-0.514931,2.29269,2.45676,0.768415,0.745009,0.926039,0.396338,1.05444,2.85877,1.81611,1.4404,3.44267,3.59373,2.9263,2.04859,-0.187993,-2.75363,-2.86913,-1.42554,-1.27748,-2.5692,-3.47508,-2.09351,3.22096,5.45249,1.14219,-0.403632,2.25755,1.01537,1.85069,5.97842,6.53146,5.80198,1.83852,-1.26646,-0.763013,-0.657129,-2.06481,-1.90825,-0.13241,1.55614,0.343918,-1.80855,-1.8149,-0.43393,0.442907,0.419821,-0.0299952,0.201064,1.49586,0.173672,-1.23936,0.0532585,2.30345,1.43273,1.38824,2.28626,1.2006
0.101706,-0.219625,-1.13969,-1.49046,-2.63294,-3.04426,-2.39742,-0.681199,1.91598,2.99536,1.90055,0.912072,0.0942391,-0.693751,0.810199,3.93739,3.84208,1.36666,2.41824,2.34389,0.838313,-0.528876,-2.09924,-3.52268,-3.38564,-1.97077,-1.09995,-0.839982,-2.44578,-1.72071,2.61767,3.75227,-0.0275268,-0.570415,1.8824,1.07935,3.87053,6.95304,4.40268,1.56973,-0.345749,-2.12088,-0.638959,0.486314,-0.345387,-0.961986,0.839645,1.11921,0.302062,0.580618,-0.325992,-2.39978,-1.33922,1.77357,1.10877,-0.54191,-0.117885,0.650117,0.379214,1.12156,2.69156,1.91033,1.88306,2.27017,1.22705
0.100945,-0.959405,-1.6472,-1.97869,-3.13296,-2.86671,-1.73954,-0.996549,0.328016,1.16574,1.30849,0.74664,0.00498763,-0.343648,2.06977,5.23982,5.08054,2.76107,1.58126,0.591113,-0.440713,-0.43739,-1.1414,-3.17954,-3.19376,-1.15728,-0.459159,-0.539093,-2.72969,-3.08651,-0.0467551,1.64506,0.0227594,0.459065,1.80181,1.35375,3.88112,5.44054,1.97004,0.0774042,-0.17685,-1.42165,-0.935144,1.30026,0.7053,0.541604,2.12073,0.320236,-1.58789,2.0582,1.08607,-3.45409,-2.34376,2.69445,3.87614,-0.647832,-3.95215,0.46142,3.55503,2.20663,0.714458,1.10035,2.89959,2.63198,1.35012
-0.639331,-1.53554,-2.08853,-2.86363,-3.14959,-2.99595,-2.40416,-2.14721,-1.84414,-2.70023,-2.04088,-0.972445,-0.757005,0.870891,3.78318,4.43313,3.75958,2.56471,0.97892,0.018961,-0.00739401,0.239008,-0.285405,-1.56177,-2.70717,-1.64566,-0.832774,-1.20219,-2.86011,-3.44189,-0.925416,0.661838,0.139189,0.0223817,1.97075,2.74017,3.37327,2.38587,1.30682,2.22879,2.12163,-1.30357,-1.2034,1.16328,1.3046,3.24319,3.4968,-0.692814,-1.79626,2.55374,1.3125,-2.63672,-1.1137,1.82843,3.30715,1.11482,-3.85292,-0.641525,3.46397,2.15407,2.01183,2.37268,1.28474,1.59619,2.72143
-1.65442,-1.66079,-1.57225,-2.06901,-1.73076,-1.38964,-2.35068,-3.1716,-3.53885,-3.68589,-2.50739,-0.22841,-0.0701585,0.825976,3.13983,2.37584,1.12568,1.36292,-0.0694932,-0.834134,0.327644,1.31299,1.27923,0.732299,-0.978885,-1.7555,-1.43826,-0.881025,-2.58655,-3.49361,-2.82206,-0.247186,1.15191,1.17841,0.258458,0.312293,0.374096,-0.40157,1.79722,5.3808,5.37041,-0.612282,-3.95808,0.300311,3.27216,5.60573,3.09462,-2.50633,0.490111,0.784546,-1.90228,-1.86103,0.416542,2.69905,4.36759,4.19227,-0.264573,-3.29995,0.140438,3.29934,4.40754,1.66451,-0.172763,0.18233,1.74229
-3.14984,-3.30429,-3.19295,-3.35476,-2.15807,-1.65013,-1.95162,-2.88608,-3.09178,-2.61514,-1.64054,1.19152,1.97373,0.245866,-0.0369694,-0.487478,-0.568207,0.557586,0.0759702,-0.668162,1.13475,3.1648,3.83458,3.17299,0.844552,-1.70144,-0.830331,0.0823618,0.09116,-0.833117,-3.16166,-2.9264,0.163446,2.85336,2.45035,-0.969649,-3.99629,-2.84999,3.32766,8.18883,6.96729,0.194448,-4.14471,-0.157718,4.12625,5.1769,-0.33775,-2.9621,1.34133,1.69919,-1.45532,-1.7383,1.26152,4.87905,6.49477,5.5963,1.12804,-2.40905,1.04766,4.87559,3.91141,0.732365,-0.40949,0.0611774,0.712389
