uploads/wind/20200723/wind_field_01.json
{"header": {"parameterUnit": "m.s-1", "parameterNumber": 3, "dx":  0.051, "dy": 0.036, "parameterNumberName": "northward_wind", "la1": 45.3082, "parameterCategory": 2,"nx": 177, "ny": 123, "refTime": "2018-10-03 01:00:00", "lo1":1.38177}, "data":
[rows 87 to 115 of 123, columns 0 to 63 of 177]
2.58176,2.3323,2.25806,2.53867,2.89803,2.88293,2.85218,2.33621,1.8479,2.33975,1.41756,-0.672303,-1.56629,0.983056,2.10516,2.43841,2.57651,2.61617,2.35326,2.33724,2.4433,2.20702,1.92186,1.6245,0.169011,-2.25076,-3.06105,-4.6688,-4.61424,-2.98629,-3.02758,-2.28674,-0.0166123,2.94173,1.99735,0.105254,-1.66493,-2.45523,-0.266402,1.74168,1.66742,0.0215965,-1.38485,-1.76677,0.306536,2.2362,1.46157,-0.169453,-1.96264,-2.53095,-1.86626,-0.1442,0.584867,0.542407,1.0622,0.794017,0.559085,0.943553,1.00824,0.96432,0.681213,0.254297,-0.0347018,-0.0966293
1.85842,1.8306,2.16239,2.55595,2.55923,3.24324,3.81055,3.68107,3.00243,1.72694,1.99562,-0.0263005,-2.60849,-1.20386,0.935779,2.85349,2.57784,2.40423,2.20426,2.4684,2.47499,2.58626,2.89782,2.73997,2.32257,1.51915,0.118392,-1.39695,-2.8595,-3.4509,-3.53792,-3.28601,-2.14631,-1.08541,-0.243765,-0.898854,-1.3168,-1.2951,-0.346412,2.22421,3.27303,2.84372,1.10973,0.453308,0.370308,0.118038,-0.211413,-2.24518,-3.01341,-2.32955,-1.12849,-0.520402,-0.473573,0.434391,1.58889,1.99211,1.45265,0.972974,1.35543,1.74094,1.36726,0.978702,0.645125,0.518162
1.2667,1.55901,1.91252,2.64042,3.08081,3.07185,3.30257,3.27539,2.48168,1.47772,1.70401,1.84255,-0.670074,-2.15059,-1.30691,0.961071,0.664852,-0.129075,-0.460496,0.80263,2.80017,3.55398,3.82709,3.70864,3.64466,3.41839,3.37692,2.66638,0.993465,-1.36876,-2.29515,-2.55541,-0.196977,0.723798,0.229146,0.158041,0.498497,-0.211128,-1.58189,-0.330456,2.43959,4.01908,3.22302,0.792522,-1.53784,-2.11161,-2.04525,-2.68544,-2.32396,-1.47113,-1.50347,-2.28439,-1.99095,0.118652,1.41835,1.98104,1.59124,0.352403,0.819544,1.56984,1.38765,0.237186,0.437637,0.216238
1.12367,1.584,1.74311,2.40413,3.09602,2.51361,2.48881,1.3514,1.01913,0.383054,0.664326,1.36588,0.661453,-1.02968,-2.35966,-1.933,-0.830276,-0.370942,-1.59843,-1.74816,0.27385,3.21663,3.89842,4.06646,3.98471,3.64455,3.57155,3.10842,2.49467,-0.155157,-2.12716,-2.9284,-1.81465,-1.20622,-1.4636,-1.04294,-0.781826,-0.993761,-1.59141,-2.04257,-0.862952,0.585551,1.71669,-1.34258,-3.16455,-3.47272,-3.43331,-2.15407,-0.257255,-0.22931,-1.81576,-2.19917,-1.30948,0.189827,0.826607,1.2569,1.98999,1.1673,0.227812,-0.142689,-0.232346,0.595433,0.786326,0.0389398
1.12343,1.48079,2.16377,2.7272,2.98993,2.9412,2.92278,2.57788,1.68252,0.362242,0.169433,0.57526,0.989941,-0.0825088,-2.1087,-3.43427,-1.57332,0.0899906,-0.715561,-2.9204,-3.03118,1.30028,2.86499,3.19572,3.09742,2.62119,3.06395,2.91931,2.41764,0.647164,-0.970085,-1.51158,-1.24152,-2.69869,-3.08569,-2.10561,0.394192,0.881743,0.861199,1.42612,0.636477,-0.169144,0.664508,-0.0597827,-1.4633,-2.86793,-2.66966,-1.89684,-0.401226,0.0525177,-0.41967,0.577826,0.76374,-0.425279,0.301003,0.209438,0.589191,0.290093,-1.00954,-2.04566,-0.963997,0.817167,0.771281,0.457059
1.69966,2.04512,2.65643,2.84161,3.23749,3.50531,3.38899,2.57536,2.54992,2.56013,2.05418,1.51877,1.39486,0.931499,-0.247001,-2.32971,-2.10378,-0.0969964,1.34944,-0.722199,-1.4902,0.420967,3.20346,3.27903,2.5814,2.73266,2.72032,2.89307,2.6897,2.4043,3.14782,3.25672,2.28993,0.818884,-0.833273,-1.00694,1.12109,2.63759,3.04497,3.66973,3.98924,3.49611,1.67817,0.676931,-0.252498,-1.34972,-2.66565,-3.08273,-2.5251,-0.973097,0.2387,0.763581,0.707063,-0.439535,-1.01105,-1.56731,-1.29608,-1.2795,-1.80933,-1.8302,-1.45378,-1.29051,-0.535598,0.946783
1.88809,2.21274,2.73049,2.78617,2.98292,3.02181,3.14221,1.93163,2.98153,2.9184,3.29665,2.88453,2.45337,2.33053,2.1755,1.34557,0.467642,2.04914,3.7439,3.85353,3.27193,2.85707,2.89843,3.21682,2.68661,2.1797,3.13457,3.81151,3.77306,4.52527,4.4779,3.92476,2.85567,1.29285,-0.503539,-1.85067,-1.60662,-0.295478,1.70844,2.05107,2.01879,3.42472,1.82702,0.793463,0.340183,-0.516353,-2.96223,-3.54239,-2.48488,-1.67394,-2.3352,-2.77635,-1.69726,-0.373304,-0.729732,-2.06945,-2.4444,-0.788517,-0.116547,-1.92123,-2.50526,-2.53725,-1.7953,0.503958
2.16493,2.42525,2.67556,2.6067,2.92524,3.09053,2.85906,2.39753,2.57387,3.1545,3.43432,4.38719,3.7839,4.38781,5.20132,4.87898,4.36371,4.34261,5.11811,5.44578,3.89682,1.87303,2.01886,3.73221,3.75949,3.7295,3.87244,4.5234,4.754,3.3288,0.54432,0.247818,1.32786,1.69699,1.4811,0.213654,-1.72083,-1.77768,-0.622937,-1.46502,-1.77801,-0.846964,-2.24756,-2.80679,-3.16332,-2.32857,-1.79379,-1.39263,-0.164434,-0.643125,-2.2845,-2.14899,-0.666001,-0.0760368,-0.492487,-0.800494,-1.17038,0.218929,0.421549,-1.11348,-1.95423,-1.23635,-0.891483,0.143442
2.40063,2.26816,1.92399,1.50802,0.899907,1.80091,3.37222,3.14748,3.3464,3.13173,2.65847,3.90287,4.71776,4.79329,5.60333,5.82506,4.51215,3.855,3.58947,3.79693,2.16901,1.12728,1.13386,1.42564,4.33398,4.32577,4.1619,3.23587,1.91177,0.843827,-0.249722,-0.165477,0.981415,2.18292,2.5198,2.26799,2.09897,1.22779,-0.0948072,-0.373325,-0.192017,-1.63055,-2.77684,-3.53644,-3.51512,-2.18092,1.20644,3.18359,2.70104,1.10818,1.02746,1.73627,0.327023,-0.963044,-2.12604,-1.70721,-0.861294,-0.056411,0.233728,0.391508,0.248057,0.183277,0.00797226,0.208502
2.30121,2.25898,1.82469,0.656613,-0.479469,0.0474813,1.91064,3.4984,3.69775,4.04334,2.54858,1.55257,2.6123,3.2678,2.83535,3.17259,2.17534,1.72533,0.970889,2.59713,2.54976,1.27983,0.545051,0.194139,1.32407,2.0303,1.18026,-0.0794776,0.520103,1.35422,2.34933,2.10921,1.28376,0.181515,-0.0978685,-0.422251,1.7789,2.356,3.02096,3.90578,3.58875,1.58912,0.475436,0.881061,2.08479,3.21341,4.647,4.36678,2.36293,0.223883,0.41573,-0.0291043,-2.2398,-2.97927,-2.79547,-1.87426,-1.02036,-0.604631,0.268634,1.88352,1.78873,0.978161,0.348932,0.383844
2.01071,1.17647,0.733433,0.0635266,-0.694589,-0.985904,-0.416081,0.615906,1.31257,1.70964,2.20563,1.31481,3.21396,2.51335,1.05936,1.16469,2.08551,2.57347,3.15574,3.0815,3.35445,2.77801,1.78657,1.77888,1.56772,1.68447,1.497,1.4821,2.05057,2.6025,2.31169,0.190486,-2.16605,-1.58427,-2.57978,-1.81342,-1.70092,-0.695006,1.11059,2.82554,2.08319,2.23367,3.19685,3.93024,4.07919,3.30435,1.47293,0.44803,-0.993843,-1.96821,-2.65615,-3.12673,-3.02246,-2.47429,-2.05133,-1.66748,-1.09253,-0.809035,0.230305,1.07595,1.4492,0.760687,0.491307,0.994763
1.60784,0.800871,0.307353,-0.325539,-0.592199,-1.00823,-1.0786,-0.882746,-0.50981,-0.200981,0.700696,0.222397,1.80855,3.61496,2.8884,2.38516,3.03702,3.30152,3.50259,1.91342,1.60553,2.11037,1.57345,1.23605,1.96083,2.80391,3.00852,2.98736,2.44432,-0.114047,-2.48732,-3.36805,-4.37404,-4.45123,-4.39277,-2.17905,-0.734591,-2.17625,-2.09593,-1.33095,-0.632599,0.306753,2.04635,2.51899,1.83192,-0.0757026,-1.89429,-2.38174,-1.80082,-1.72279,-2.71507,-2.34514,-1.5406,-1.69864,-2.48379,-2.45882,-1.46058,-0.980853,0.0483564,0.822055,0.315395,-0.195133,-1.30488,-0.513217
1.07458,0.375361,-0.154752,-0.746474,-1.37042,-1.44445,-1.07108,-1.45361,-1.79983,-1.37232,-0.563494,-0.629164,-0.275261,1.96272,2.58613,2.99144,3.2046,2.28773,2.16157,1.01732,-0.706175,-0.509247,-0.415823,-0.526448,0.657833,1.72362,0.627194,-0.948032,-1.00647,-2.22253,-2.97958,-2.43576,-2.66901,-2.56126,-3.1971,-2.67938,-2.24588,-2.26922,-2.08874,-2.51088,-2.00532,-2.57375,-2.73933,-2.22603,0.528279,0.945152,-0.235096,-1.26774,-0.615273,-0.96682,-2.47921,-3.09673,-2.44764,-2.74554,-3.29113,-2.90184,-2.24078,-1.12267,0.00341245,0.0862938,-1.01204,-2.30563,-3.3757,-2.55853
0.255243,-0.0946034,-0.438791,-0.81458,-1.42549,-1.77425,-1.77907,-1.96981,-2.1328,-2.7755,-2.19562,-0.565291,0.418047,1.64659,2.38975,2.95746,3.09967,2.07205,1.12221,0.688675,-0.249554,-0.480805,-0.350321,-0.0560899,-0.453819,-1.38718,-1.84947,-2.45802,-1.68022,-0.845398,-0.926472,-0.358172,0.986251,1.40797,-0.283516,-1.34231,-2.78284,-2.36356,-0.964088,-1.56752,-2.4374,-2.75046,-2.15551,-1.43257,0.914288,2.78296,1.84465,1.20682,0.467851,-2.01856,-2.77243,-3.15377,-2.77919,-2.81609,-2.20269,-1.04177,-0.476379,-0.67443,0.113281,-0.867816,-3.22219,-3.33777,-2.55602,-0.927019
-0.135976,-0.245538,-0.519759,-0.828823,-1.28832,-1.5429,-1.28999,-0.980588,-0.7832,-1.22876,-1.26967,-1.15584,-0.787193,0.636746,2.30184,3.05555,2.99647,3.14749,2.83139,2.5653,3.09485,3.48638,3.00996,1.77509,-0.455547,-1.13886,-0.387626,-0.369618,-0.264574,0.00799698,1.32687,2.88916,4.42645,3.65555,2.11615,0.466981,-1.13976,-0.547552,1.40817,1.31648,0.081185,-0.417608,0.494591,1.22279,1.92196,3.01282,3.36884,2.88119,2.09303,-0.878817,-1.18803,1.12958,2.10376,0.904299,1.21489,1.28833,0.616367,-0.239078,-0.574108,-1.53501,-1.02878,-0.284777,0.97444,2.14103
0.430714,0.27818,0.0624703,-0.0878026,-0.0752569,-0.476923,-0.862172,-0.696258,-0.477205,-0.750134,-0.405416,-1.12111,-2.37245,-1.2541,0.347749,1.68081,1.58598,2.45891,2.80643,3.05798,3.94038,4.50295,4.20913,3.23848,2.04743,1.36874,0.923761,0.335316,0.0772426,0.788461,2.63669,4.30573,3.49388,2.85068,3.35278,2.49689,1.66308,1.19116,2.2235,1.71637,0.996091,0.684545,1.06855,1.59751,2.45375,3.83322,4.48398,4.23675,3.65875,1.65042,1.84352,2.91693,1.60303,0.792875,0.649905,-0.253207,-1.66286,-2.05763,-2.26109,-2.101,1.48788,3.74019,3.86294,2.78681
2.18174,1.73118,1.49997,1.27022,1.16585,1.08514,0.731939,0.58479,-0.285716,-1.06067,-1.42337,-2.07105,-2.38714,-1.63026,-0.913464,1.08662,0.365558,-0.370274,0.224636,0.820131,0.350477,-0.146164,0.513131,3.12169,3.08848,2.07401,1.57297,1.31813,1.48774,2.64504,4.05679,3.39868,1.54078,2.97359,3.81765,3.27409,2.09033,1.84384,1.61903,0.997881,1.17888,1.89987,1.57996,1.3373,2.04707,3.72019,4.40212,3.83442,2.71377,2.92541,3.86423,3.08204,-0.943354,-2.85835,-2.98316,-3.13698,-3.43424,-3.00761,-3.11934,-1.97423,2.53187,3.28984,1.71872,0.36447
3.97463,3.33774,2.96255,2.5117,2.36312,2.29843,2.11865,1.58655,0.850911,-0.148095,-1.24235,-1.88679,-2.24157,-2.86018,-2.39479,0.128432,0.950332,0.265919,-0.11829,0.524042,0.753909,0.810072,-0.719615,0.927027,3.70825,2.75508,2.60413,2.87495,3.18443,3.90494,4.0364,1.59501,2.40946,3.6599,3.46969,3.08365,1.87958,1.65426,1.20995,0.444092,1.15737,2.26055,2.23774,2.30303,2.49896,3.63042,2.96966,1.3744,1.15115,2.33367,3.68378,3.84483,1.64613,-1.50295,-3.17788,-4.09708,-3.36531,-2.15005,-1.67803,1.16968,2.13276,0.514763,-1.27551,-1.6631
5.19528,4.65608,4.03273,3.46509,3.18291,2.95991,2.79922,2.38338,1.89494,1.11203,0.0577968,-0.397199,-1.28255,-1.93222,-2.28181,-0.920283,1.328,1.90958,1.17696,1.5767,3.18897,2.82429,-1.30659,-1.94561,2.90648,3.42106,3.43006,3.42663,4.14684,4.50676,3.54377,2.80232,3.93201,4.47223,3.98221,2.89962,1.69548,1.44738,0.993428,0.643153,1.5234,2.65876,2.65384,3.16452,3.37407,1.84884,1.11879,0.358458,1.46455,3.04807,4.16395,2.79098,2.52314,0.826492,-0.819185,-1.98702,-0.632823,0.247352,1.43537,3.05658,2.16385,1.71411,1.64738,1.7537
5.60436,5.33253,4.92227,4.3413,3.97688,3.75807,3.40225,2.86472,2.36398,1.91343,2.33111,2.34669,0.609155,-0.706341,-1.01958,-1.4323,1.37407,2.8257,2.8573,2.62719,2.22067,-0.800699,-2.04197,-2.39073,1.12246,3.66172,3.73624,3.93737,4.44601,4.23445,3.51513,3.58111,4.09476,4.53691,4.55966,3.43232,1.58421,1.16551,0.42387,0.474509,2.36742,3.04397,2.68402,4.05368,1.06456,0.241493,0.549252,0.994345,3.29313,4.77789,3.73201,2.2622,1.20085,0.702609,0.820936,2.70031,4.6868,5.12249,4.51183,2.76932,0.959047,0.287389,1.23651,1.05903
5.72179,6.01147,5.51768,4.54312,4.40908,4.03305,3.75801,3.20377,2.84718,3.2832,3.86679,3.35631,2.34357,1.50441,0.152369,-0.860869,0.564618,2.72932,3.38684,3.81582,2.3689,-1.88534,-2.63329,-1.83772,0.218101,1.3454,2.88174,3.80397,4.38581,4.66759,5.0176,5.19261,4.86953,4.55428,4.91748,3.24118,1.35715,1.26897,-0.251704,0.234703,2.93993,3.11171,3.89887,2.58313,-0.532732,0.351833,0.289715,2.22805,4.36332,3.39564,1.50309,1.36654,0.434017,0.211081,2.18164,3.94645,4.87097,4.12415,3.54716,2.81048,0.782538,-1.69167,-2.36408,-2.32963
5.2287,5.32801,5.14011,5.14859,4.55993,4.51048,4.13074,3.83673,4.43945,4.85409,3.92094,3.15772,2.89025,2.48321,1.20068,0.761488,1.7187,2.58311,3.55663,4.02525,2.94666,1.01889,-1.97698,-1.60218,-0.913441,-1.45427,-0.943434,1.54702,2.00536,1.15088,1.34636,2.88568,3.98275,4.3708,4.11142,3.11378,2.42701,1.1287,-0.0912996,0.963849,2.67653,3.35046,3.66597,0.267366,1.2729,0.709177,1.30113,3.74254,4.39016,2.04543,1.49781,1.07291,0.810951,0.978989,1.42692,1.94934,1.35199,-0.6387,0.887103,2.11474,0.929152,-1.04434,-0.187393,0.553684
4.07096,4.53332,5.17027,4.02509,4.80549,4.07286,4.5749,4.70998,4.64683,4.09058,2.73471,2.29474,2.93953,3.37003,3.57126,3.02176,3.19137,3.60885,3.25416,3.08434,2.50531,1.59453,-0.0515684,-1.8837,-1.75028,-1.94896,-2.79003,-2.58877,-2.56074,-2.65749,-2.37501,-1.78905,-0.00951019,0.942228,3.37903,3.1995,2.52864,0.889372,0.523637,2.59547,2.97927,4.07436,0.725744,-0.00199733,1.85669,1.59077,3.34835,4.62789,4.60093,3.74121,3.30192,2.17567,1.85039,2.52465,2.15067,0.87908,-0.914427,-2.04392,-2.1169,-2.40274,0.545376,3.15223,3.41248,3.90114
3.75003,3.52216,3.0116,3.08857,3.22158,3.25201,3.21043,2.89718,2.8139,3.39049,2.80092,3.17249,3.76025,4.23302,3.98936,2.62907,1.96063,2.32182,1.6673,1.09617,0.595677,-0.479093,-0.351984,-0.572075,-1.26541,-1.87405,-2.69498,-3.3054,-2.44796,-1.55122,-2.39515,-2.72512,-2.407,-1.51074,1.39205,2.48325,2.05917,0.891346,1.44235,3.6648,3.75843,3.01226,0.354677,2.25744,1.95026,2.56583,4.53139,5.18397,3.831,3.78542,3.69876,2.93628,2.79231,3.95489,3.47662,1.47774,-1.71407,-2.69292,-2.20594,-1.47629,2.02187,3.9007,5.06942,6.11428
2.64089,2.97075,2.80602,2.08185,1.21216,0.971895,0.688539,0.10857,-0.224904,1.04373,3.47439,4.08917,4.36613,4.03941,3.49118,0.901121,-0.0852853,0.698411,0.837717,0.819863,0.626014,-0.298159,-1.03803,-0.420085,0.129843,-0.71597,-2.01204,-2.79248,-0.829952,0.158473,-0.562821,-1.14301,-1.47336,-0.612153,0.572492,0.949644,1.34694,1.79801,3.61295,4.28547,5.02951,3.09159,2.99938,2.96857,1.29958,3.35213,4.45078,4.59531,1.49149,2.78951,2.50364,3.06604,2.89526,3.23185,3.17423,2.072,-0.749618,-1.7256,0.887982,2.67163,1.5204,-0.475685,3.55751,6.63463
3.72556,3.51422,2.74057,1.89436,1.23069,1.00251,0.519209,0.0675394,-0.17068,0.229366,2.21508,2.89531,3.29939,3.17503,2.19255,0.47998,0.341993,1.19171,1.44836,1.1231,1.6392,1.63059,0.277849,-0.7997,0.517065,0.973346,0.291954,-1.29249,-0.472164,0.882759,0.566042,0.834318,1.39946,0.92314,0.191113,0.228643,2.01794,4.08032,4.85039,5.40398,3.36611,3.46483,3.76953,1.60875,1.42379,4.08083,4.67178,0.725729,0.348311,2.47016,0.386922,1.57614,2.29979,2.96501,3.07832,2.47275,0.926737,0.775392,1.60577,1.73998,-1.101,-2.32212,0.449755,2.87967
3.46561,3.36075,2.79542,1.93101,1.0708,0.113869,-0.153064,0.0197313,0.321678,1.07367,3.24417,3.46171,3.4193,3.33432,3.19637,2.41763,2.46292,2.42087,2.63343,2.11233,1.89606,1.20625,0.96665,0.254017,0.427405,2.2333,2.23333,1.99013,3.1979,1.93669,0.754574,1.31112,0.984628,0.909118,0.886563,2.25232,4.11247,5.15908,5.55566,3.40709,-1.54327,1.70486,2.63937,1.50288,3.07778,3.69616,1.4229,-0.951463,0.020761,1.51622,0.378016,0.916051,2.27511,3.55552,3.52823,2.07977,1.57854,2.4237,1.9525,0.123202,-2.27866,-1.2547,0.675319,1.19769
3.90059,3.76166,3.14682,2.08774,1.89106,-0.0643061,-0.697072,-1.50812,-1.77906,0.123531,3.44581,4.23228,3.76499,3.51132,3.88822,4.00277,3.62406,2.40508,2.76971,2.38715,2.12634,1.96454,1.66575,1.4635,1.42395,2.02202,4.10364,4.60756,4.24335,0.723186,0.998082,1.17208,0.480316,1.44057,2.74354,4.16571,4.58874,4.79201,4.05569,-0.261459,-0.767335,0.176743,1.44519,2.12393,3.01786,1.74819,-1.04135,-1.21305,-0.350042,0.499703,0.0793835,1.59331,3.50621,4.40734,3.57287,1.75458,1.45211,2.23373,2.07016,-0.538454,-1.89605,-0.490822,1.36702,2.04934
3.63611,3.79604,3.62297,3.04101,2.44011,1.368,0.0230702,-1.27316,-2.05384,-2.11256,-0.507762,2.95542,2.39203,2.17635,2.82406,2.56697,2.76664,2.08247,2.48305,2.66106,2.8106,2.88768,2.8853,3.21857,3.35134,4.03235,4.11186,4.08478,0.919936,-0.581667,0.271948,0.449241,2.00532,3.10111,4.22109,4.98263,4.85694,4.42605,1.59505,-0.356153,0.618026,0.39711,1.12526,1.86991,2.49327,0.370945,-1.55599,-1.46127,-0.158604,-0.523544,-1.00121,1.63888,3.00609,3.70608,2.37081,1.57566,1.44468,1.73285,1.84891,0.608238,0.395772,0.756482,1.21406,1.38262
