uploads/wind/20200723/wind_field_12.json
{"header": {"parameterUnit": "m.s-1", "parameterNumber": 2, "dx": 0.051, "dy": 0.036, "parameterNumberName": "eastward_wind", "la1": 45.3082, "parameterCategory": 2,"nx": 177, "ny": 123, "refTime": "2018-09-30 00:00:00", "lo1":1.38177}, "data":
[rows 0 to 28 of 123, columns 64 to 127 of 177]
-1.18651,-1.1239,-1.05778,-0.978556,-0.904452,-0.85035,-0.817567,-0.79483,-0.78058,-0.765011,-0.73739,-0.712634,-0.699046,-0.698315,-0.705367,-0.720763,-0.739338,-0.760153,-0.790812,-0.829192,-0.86444,-0.890004,-0.913615,-0.938791,-0.966218,-0.985651,-0.990521,-0.982482,-0.961558,-0.925571,-0.870657,-0.804362,-0.733919,-0.660793,-0.592833,-0.538838,-0.475834,-0.403598,-0.344561,-0.300135,-0.251354,-0.186532,-0.102704,-0.0546406,-0.0944891,-0.217136,-0.344562,-0.423248,-0.466436,-0.480973,-0.49054,-0.51732,-0.55069,-0.557038,-0.547598,-0.538846,-0.540725,-0.547046,-0.542178,-0.461293,-0.240201,-0.0417143,0.00613823,-0.104015
-1.14366,-1.11184,-1.0667,-1.00444,-0.945149,-0.897701,-0.861413,-0.831766,-0.801538,-0.770067,-0.739751,-0.713612,-0.69708,-0.680969,-0.664122,-0.659034,-0.657775,-0.66738,-0.694621,-0.729415,-0.770178,-0.816422,-0.861272,-0.901053,-0.932119,-0.948108,-0.940243,-0.908534,-0.863517,-0.8089,-0.739834,-0.667504,-0.619048,-0.596897,-0.572213,-0.536479,-0.490525,-0.43333,-0.372681,-0.312638,-0.248004,-0.176605,-0.118193,-0.169546,-0.331457,-0.434644,-0.423227,-0.390483,-0.377821,-0.385117,-0.403622,-0.430636,-0.474117,-0.514614,-0.532501,-0.525833,-0.577113,-0.630804,-0.592134,-0.509558,-0.305046,-0.0551758,0.0496642,0.00565147
-1.08408,-1.07035,-1.04191,-0.994989,-0.943141,-0.902722,-0.879237,-0.864517,-0.844663,-0.818693,-0.790153,-0.761227,-0.735647,-0.705706,-0.668054,-0.62849,-0.593894,-0.584406,-0.600248,-0.622536,-0.667021,-0.746687,-0.829854,-0.895858,-0.933029,-0.942518,-0.915136,-0.846455,-0.763374,-0.679328,-0.597067,-0.532124,-0.514494,-0.545428,-0.578262,-0.575198,-0.544218,-0.490443,-0.422442,-0.345427,-0.261429,-0.184942,-0.118183,-0.0909836,-0.115414,-0.182916,-0.248348,-0.268094,-0.268046,-0.349874,-0.435125,-0.426013,-0.448512,-0.551219,-0.605523,-0.547102,-0.514951,-0.545644,-0.592402,-0.52583,-0.244377,0.0450447,0.170003,0.130772
-0.98637,-0.9785,-0.961902,-0.939576,-0.916794,-0.895693,-0.883814,-0.88414,-0.894177,-0.915258,-0.919363,-0.891811,-0.842856,-0.777955,-0.704097,-0.621588,-0.540706,-0.496476,-0.485951,-0.489679,-0.547554,-0.675439,-0.812817,-0.901863,-0.940805,-0.952854,-0.916563,-0.811909,-0.677117,-0.552727,-0.441275,-0.377036,-0.395828,-0.499784,-0.619913,-0.658961,-0.636161,-0.577341,-0.488713,-0.383123,-0.279255,-0.183516,-0.120618,-0.0976558,-0.0831862,-0.0770027,-0.0768459,-0.091881,-0.131402,-0.212406,-0.254802,-0.319678,-0.475821,-0.569976,-0.532093,-0.50996,-0.563194,-0.635429,-0.63986,-0.457301,-0.218778,0.00652976,0.226571,0.306057
-0.911953,-0.889066,-0.86473,-0.853275,-0.853895,-0.865415,-0.885792,-0.910662,-0.942649,-0.969552,-0.97075,-0.941187,-0.882779,-0.797355,-0.690822,-0.579869,-0.484787,-0.41308,-0.372293,-0.390853,-0.482133,-0.621036,-0.769583,-0.893604,-0.971428,-0.976882,-0.899367,-0.77229,-0.626768,-0.480814,-0.363884,-0.3195,-0.372278,-0.497153,-0.634875,-0.715752,-0.701072,-0.620175,-0.522439,-0.422755,-0.301313,-0.175384,-0.0980582,-0.084821,-0.0639218,-0.0149456,0.0128417,0.0123421,-0.0147237,-0.12059,-0.160688,-0.207168,-0.312377,-0.404333,-0.437186,-0.416677,-0.447696,-0.535197,-0.531176,-0.360147,-0.180178,0.0515536,0.333527,0.431634
-0.818279,-0.818082,-0.831104,-0.847467,-0.846681,-0.823623,-0.787788,-0.7665,-0.788211,-0.832468,-0.865305,-0.878171,-0.869448,-0.81847,-0.717319,-0.591808,-0.469276,-0.368752,-0.314714,-0.327879,-0.419497,-0.573456,-0.739361,-0.866637,-0.932076,-0.926063,-0.84484,-0.704279,-0.52843,-0.346686,-0.203033,-0.154766,-0.243577,-0.428748,-0.614244,-0.721233,-0.73003,-0.676979,-0.591502,-0.478439,-0.345607,-0.232524,-0.179322,-0.130983,-0.0539664,0.0104078,0.0548781,0.0710067,0.0454257,0.0391782,-0.121998,-0.223415,-0.216157,-0.354251,-0.27963,-0.301379,-0.385062,-0.415908,-0.447398,-0.341079,-0.138125,0.152392,0.371194,0.456008
-0.752966,-0.760219,-0.779665,-0.796031,-0.791718,-0.749214,-0.666777,-0.59431,-0.57636,-0.617145,-0.676933,-0.719347,-0.72145,-0.658549,-0.548553,-0.439141,-0.356695,-0.297261,-0.26756,-0.283257,-0.358368,-0.493851,-0.650447,-0.783442,-0.863078,-0.859168,-0.772033,-0.630937,-0.468046,-0.316074,-0.211058,-0.198167,-0.307292,-0.502042,-0.678726,-0.756196,-0.742775,-0.684506,-0.604226,-0.507275,-0.403592,-0.310147,-0.222136,-0.128984,-0.0422919,0.0426941,0.102344,0.125599,0.122137,0.0997336,-0.0331938,-0.0990584,-0.0957873,-0.19918,-0.217718,-0.264809,-0.352871,-0.455725,-0.426386,-0.27659,-0.0518631,0.233559,0.364284,0.429221
-0.728219,-0.705731,-0.687336,-0.668369,-0.641874,-0.602922,-0.544869,-0.490786,-0.475955,-0.492785,-0.516515,-0.533318,-0.525709,-0.471905,-0.387511,-0.321252,-0.291234,-0.280535,-0.277369,-0.289193,-0.3403,-0.447055,-0.589438,-0.723829,-0.805852,-0.801582,-0.712329,-0.575494,-0.436144,-0.325323,-0.267704,-0.292605,-0.411872,-0.586718,-0.738423,-0.802681,-0.77885,-0.711087,-0.637065,-0.565275,-0.486752,-0.38587,-0.264987,-0.144365,-0.0321597,0.0633624,0.132685,0.176988,0.190832,0.177749,0.113949,0.0270863,0.013611,-0.0591583,-0.180282,-0.216478,-0.353583,-0.441337,-0.467369,-0.325285,-0.103081,0.119964,0.400427,0.50467
-0.713998,-0.650339,-0.601132,-0.545824,-0.473418,-0.406326,-0.37008,-0.36438,-0.388751,-0.414999,-0.409264,-0.383156,-0.34593,-0.303854,-0.274509,-0.273181,-0.285853,-0.287673,-0.285939,-0.305488,-0.36593,-0.4729,-0.603576,-0.715017,-0.763172,-0.723629,-0.618323,-0.502282,-0.41362,-0.358484,-0.344544,-0.394757,-0.516417,-0.669861,-0.794771,-0.851702,-0.831342,-0.761435,-0.685603,-0.621952,-0.554632,-0.456533,-0.324395,-0.172727,-0.0300444,0.0845891,0.178804,0.255251,0.291141,0.28195,0.255944,0.18027,0.140354,0.0989867,-0.10192,-0.217052,-0.356634,-0.388275,-0.367576,-0.167942,-0.015819,0.120768,0.437613,0.559542
-0.69722,-0.611377,-0.530813,-0.448681,-0.357159,-0.263818,-0.202645,-0.196876,-0.222739,-0.253227,-0.264455,-0.233452,-0.18845,-0.173725,-0.213197,-0.288888,-0.332014,-0.314613,-0.295288,-0.325006,-0.412628,-0.542377,-0.671764,-0.74918,-0.737986,-0.647989,-0.531311,-0.449316,-0.418212,-0.41378,-0.431402,-0.494403,-0.599877,-0.708843,-0.786861,-0.818116,-0.79836,-0.740559,-0.683902,-0.643373,-0.592562,-0.497236,-0.359704,-0.195389,-0.0268568,0.113957,0.23946,0.33892,0.385001,0.373019,0.375579,0.372972,0.264083,0.207557,0.00207704,-0.210382,-0.303943,-0.318423,-0.36078,-0.228578,-0.0389453,0.0598123,0.33118,0.636751
-0.619807,-0.553219,-0.474912,-0.381672,-0.277242,-0.175939,-0.101161,-0.0646254,-0.055308,-0.0563864,-0.0626764,-0.0586717,-0.0475557,-0.0806487,-0.181819,-0.307976,-0.37077,-0.348729,-0.322464,-0.355947,-0.463009,-0.60779,-0.718903,-0.743114,-0.67295,-0.554785,-0.464508,-0.441371,-0.459505,-0.486316,-0.526549,-0.586313,-0.648711,-0.698178,-0.72347,-0.724113,-0.699745,-0.659296,-0.635105,-0.628931,-0.597097,-0.502431,-0.354047,-0.181103,-0.00238081,0.160831,0.299821,0.404968,0.459206,0.485579,0.465079,0.487456,0.436078,0.333158,0.148186,-0.171854,-0.290762,-0.294458,-0.349168,-0.306043,-0.126193,0.10933,0.249253,0.579723
-0.47651,-0.411527,-0.34576,-0.272682,-0.188977,-0.106439,-0.0426634,0.00229252,0.0325904,0.0543743,0.0755508,0.0767538,0.0418116,-0.0339802,-0.15637,-0.283082,-0.34269,-0.33616,-0.327097,-0.378223,-0.503023,-0.639706,-0.703942,-0.666089,-0.557224,-0.457072,-0.437736,-0.474052,-0.51112,-0.542493,-0.583701,-0.628557,-0.660728,-0.675625,-0.670201,-0.649233,-0.619938,-0.597836,-0.596511,-0.598204,-0.564719,-0.463997,-0.308871,-0.131803,0.0492711,0.220842,0.367889,0.473324,0.527412,0.552936,0.555584,0.576849,0.584664,0.505119,0.320072,-0.0382854,-0.280222,-0.352418,-0.318706,-0.337481,-0.307677,-0.0687717,0.168751,0.498846
-0.330469,-0.235708,-0.146979,-0.0833616,-0.0352157,0.00851767,0.0468558,0.0708072,0.0734067,0.0767746,0.10224,0.117016,0.0648529,-0.045972,-0.15454,-0.229116,-0.25745,-0.260452,-0.28427,-0.370189,-0.510891,-0.619043,-0.634668,-0.564294,-0.467792,-0.433557,-0.474323,-0.522801,-0.537996,-0.546358,-0.581095,-0.628476,-0.670797,-0.694954,-0.67883,-0.637796,-0.601281,-0.580542,-0.578444,-0.565692,-0.507979,-0.398208,-0.247833,-0.0722045,0.112868,0.294508,0.452088,0.557265,0.605311,0.613278,0.630195,0.668303,0.698054,0.656073,0.514997,0.185631,-0.16906,-0.428263,-0.387227,-0.297808,-0.307093,-0.266797,-0.118478,0.290617
-0.203748,-0.0810801,0.0377413,0.1185,0.150202,0.165435,0.189102,0.198316,0.165893,0.117141,0.0938397,0.0871949,0.0466919,-0.0422384,-0.126869,-0.16089,-0.157509,-0.16997,-0.227984,-0.33685,-0.46623,-0.533231,-0.513629,-0.45606,-0.433647,-0.490626,-0.557621,-0.556609,-0.524385,-0.523449,-0.573641,-0.653026,-0.71893,-0.747934,-0.735227,-0.686864,-0.625863,-0.580024,-0.549569,-0.509819,-0.435696,-0.320423,-0.173894,-0.00382758,0.180371,0.368974,0.538445,0.649605,0.688324,0.68336,0.687337,0.759781,0.834309,0.810901,0.70658,0.422485,-0.00587286,-0.376556,-0.43298,-0.270079,-0.297023,-0.3648,-0.271664,0.0315232
-0.060328,0.0515019,0.169412,0.257515,0.288644,0.296731,0.329453,0.368501,0.354441,0.259277,0.135357,0.0543981,0.0135521,-0.0186451,-0.0376539,-0.0386751,-0.0490592,-0.105315,-0.198799,-0.296327,-0.370216,-0.384738,-0.357402,-0.349536,-0.416688,-0.534711,-0.583896,-0.537922,-0.500652,-0.541506,-0.638083,-0.739531,-0.809616,-0.828027,-0.795153,-0.724633,-0.635147,-0.548249,-0.475489,-0.408234,-0.33665,-0.240965,-0.100958,0.0708949,0.254369,0.439016,0.606848,0.721932,0.765208,0.760827,0.777345,0.846064,0.961879,0.9969,0.891921,0.582675,0.19185,-0.132433,-0.392002,-0.319376,-0.294316,-0.415066,-0.399298,-0.226993
0.0918229,0.170967,0.25126,0.312885,0.350988,0.376125,0.416129,0.475115,0.50288,0.436412,0.27847,0.121502,0.044673,0.0451051,0.0815012,0.0998733,0.0452799,-0.0709358,-0.182465,-0.242668,-0.254825,-0.2416,-0.232018,-0.267254,-0.363439,-0.452171,-0.469443,-0.466356,-0.506499,-0.605689,-0.732359,-0.838328,-0.899062,-0.895733,-0.825994,-0.715335,-0.590292,-0.465319,-0.356169,-0.272553,-0.209465,-0.134434,-0.0131004,0.146588,0.322616,0.500013,0.663793,0.787618,0.849292,0.863233,0.885549,0.949705,1.05804,1.13839,1.10208,0.808724,0.412216,0.132804,-0.280587,-0.410699,-0.338836,-0.440283,-0.553595,-0.352908
0.208894,0.220482,0.246386,0.30351,0.370124,0.414605,0.455785,0.50267,0.528474,0.506558,0.419569,0.294974,0.197556,0.170778,0.196782,0.211122,0.142329,0.00629987,-0.102734,-0.143536,-0.164887,-0.202876,-0.23863,-0.253953,-0.259384,-0.264533,-0.295787,-0.380365,-0.500669,-0.631716,-0.754239,-0.858959,-0.92544,-0.921201,-0.829124,-0.680067,-0.52215,-0.365544,-0.223205,-0.120762,-0.0572365,0.00659467,0.106424,0.240651,0.399974,0.573648,0.73916,0.873478,0.952634,0.981735,0.9993,1.04942,1.14776,1.23146,1.25429,1.08528,0.679924,0.293836,-0.158342,-0.424303,-0.419836,-0.359965,-0.404571,-0.304479
0.285857,0.236603,0.224537,0.278744,0.370043,0.426242,0.451432,0.48426,0.516175,0.519493,0.483554,0.434907,0.395478,0.368617,0.348133,0.314615,0.243864,0.14268,0.0514409,-0.0261086,-0.138651,-0.259207,-0.296202,-0.243066,-0.18067,-0.172461,-0.223894,-0.31329,-0.422776,-0.541684,-0.660026,-0.769454,-0.854269,-0.874781,-0.788338,-0.623827,-0.441571,-0.262274,-0.100723,0.0212099,0.101213,0.170454,0.260848,0.379662,0.523563,0.68094,0.839527,0.982149,1.07812,1.11428,1.12264,1.14499,1.21972,1.31395,1.32679,1.22724,0.911908,0.446949,-0.0364563,-0.371711,-0.438026,-0.371455,-0.3839,-0.34434
0.418866,0.315803,0.272812,0.310054,0.389422,0.44323,0.443664,0.443788,0.481141,0.544253,0.605282,0.629234,0.614736,0.587708,0.536322,0.431004,0.304212,0.22552,0.164624,0.0463879,-0.111734,-0.198678,-0.176823,-0.137405,-0.150724,-0.195662,-0.235952,-0.272529,-0.343474,-0.445391,-0.55097,-0.644279,-0.707304,-0.723557,-0.663447,-0.514384,-0.312613,-0.120016,0.039309,0.165922,0.258391,0.334014,0.42332,0.539445,0.670609,0.811699,0.960071,1.10505,1.21997,1.27305,1.27016,1.25863,1.27746,1.35014,1.39008,1.30653,1.08659,0.702431,0.203427,-0.289605,-0.442961,-0.371635,-0.334048,-0.168888
0.644358,0.508377,0.424815,0.404765,0.437873,0.479988,0.482681,0.459813,0.467271,0.543993,0.695932,0.84397,0.877648,0.818325,0.731129,0.615487,0.458979,0.309912,0.185754,0.0450721,-0.0125715,0.0357583,0.0773896,0.0327649,-0.0573567,-0.138053,-0.209587,-0.280785,-0.356097,-0.428176,-0.490487,-0.53476,-0.544752,-0.512557,-0.428707,-0.283015,-0.0927105,0.0931078,0.230154,0.322527,0.398546,0.474421,0.567447,0.683616,0.813982,0.945522,1.08532,1.23313,1.36357,1.44133,1.44482,1.40337,1.36778,1.36922,1.4073,1.36593,1.18077,0.911569,0.516904,-0.0928031,-0.347662,-0.311812,-0.326575,-0.0542617
0.996984,0.861686,0.730407,0.620538,0.581541,0.588068,0.581311,0.564633,0.568582,0.618058,0.741134,0.914549,0.983339,0.867708,0.699894,0.605341,0.546476,0.413209,0.226456,0.114388,0.143871,0.226172,0.257562,0.206786,0.100306,-0.0238181,-0.150311,-0.266574,-0.350634,-0.392952,-0.40801,-0.400403,-0.354299,-0.25725,-0.115419,0.0520466,0.218023,0.347942,0.426935,0.475015,0.524566,0.594704,0.692981,0.815101,0.948748,1.08362,1.21875,1.36575,1.50401,1.58938,1.60142,1.54496,1.47169,1.41437,1.40714,1.41314,1.27273,1.0524,0.731137,0.17207,-0.152902,-0.11106,-0.125533,0.0165065
1.25999,1.21314,1.14221,1.01507,0.898641,0.838831,0.790046,0.733817,0.71025,0.742171,0.805197,0.883194,0.905435,0.808616,0.689444,0.634066,0.577533,0.448874,0.320933,0.283345,0.312918,0.331762,0.322286,0.295822,0.225112,0.105944,-0.0228109,-0.140117,-0.224216,-0.256855,-0.237127,-0.175595,-0.080838,0.0540355,0.224003,0.39737,0.527723,0.587471,0.59953,0.607311,0.644889,0.723074,0.831576,0.958211,1.09272,1.22648,1.36321,1.50109,1.62747,1.70336,1.70377,1.63373,1.54251,1.46195,1.41696,1.45209,1.37372,1.22196,0.919664,0.377864,0.0253318,0.0463825,0.0713955,0.169329
1.29543,1.3533,1.40032,1.36015,1.24822,1.12625,1.02,0.916049,0.84285,0.8328,0.840848,0.812868,0.76855,0.75052,0.757091,0.741987,0.651876,0.52334,0.449871,0.469113,0.494911,0.448913,0.377596,0.340043,0.297593,0.219853,0.140334,0.0803559,0.0460846,0.0386427,0.0732496,0.153591,0.254512,0.372613,0.509621,0.640241,0.728193,0.755156,0.744853,0.745302,0.789559,0.879164,1.00227,1.13874,1.26568,1.37947,1.49635,1.61974,1.72321,1.77243,1.74711,1.65295,1.54567,1.47129,1.42834,1.47632,1.48892,1.42564,1.16788,0.635189,0.259072,0.144034,0.178912,0.285363
1.25189,1.40016,1.53285,1.57493,1.51325,1.39562,1.24626,1.07354,0.942198,0.897272,0.875941,0.799348,0.715779,0.713538,0.770878,0.808406,0.782878,0.693619,0.61788,0.629687,0.661894,0.615465,0.510591,0.418131,0.359315,0.330202,0.342734,0.379561,0.400888,0.413024,0.448125,0.503956,0.56302,0.622883,0.690745,0.757678,0.801923,0.821336,0.840292,0.886845,0.962132,1.05903,1.17934,1.32001,1.44949,1.54699,1.63103,1.71201,1.77632,1.78987,1.73302,1.62113,1.50469,1.44196,1.4281,1.48386,1.56697,1.6049,1.49833,1.07565,0.590224,0.277545,0.177385,0.233695
1.21653,1.41277,1.58126,1.66872,1.66563,1.60842,1.47339,1.26313,1.0894,1.02585,0.996688,0.898162,0.770839,0.727649,0.765672,0.821446,0.867349,0.86598,0.817811,0.792279,0.803076,0.779449,0.689186,0.572594,0.503191,0.533891,0.626709,0.698672,0.71887,0.723454,0.745422,0.774886,0.78882,0.786811,0.787554,0.788942,0.79007,0.81133,0.87448,0.978859,1.09627,1.20706,1.31702,1.44702,1.59238,1.70862,1.77466,1.80247,1.80317,1.77091,1.68821,1.56891,1.45617,1.403,1.41469,1.48179,1.59465,1.69828,1.72955,1.5586,1.1035,0.534325,0.232811,0.143678
1.17791,1.38531,1.57898,1.71138,1.76073,1.76222,1.68393,1.50712,1.33596,1.25521,1.19678,1.06585,0.898955,0.803591,0.802582,0.860752,0.931242,0.988445,1.01357,1.00128,0.972705,0.937627,0.88195,0.818555,0.806295,0.871681,0.935064,0.923018,0.882989,0.877199,0.89855,0.909868,0.895864,0.861369,0.823787,0.798948,0.79419,0.823869,0.898244,1.00542,1.12839,1.2562,1.38905,1.53369,1.68813,1.82024,1.89366,1.89745,1.84408,1.75979,1.65041,1.53127,1.43101,1.38062,1.40569,1.48597,1.60373,1.71635,1.78277,1.79292,1.60385,1.16567,0.707009,0.323394
1.09346,1.32303,1.56387,1.73313,1.81409,1.8707,1.87584,1.76271,1.5904,1.45381,1.33849,1.18355,1.01648,0.926729,0.933415,0.983991,1.03648,1.10172,1.18447,1.24673,1.25686,1.22247,1.17329,1.14278,1.15161,1.14634,1.0674,0.955016,0.895948,0.909311,0.927235,0.911586,0.887778,0.878528,0.876246,0.872447,0.878431,0.906493,0.9635,1.04706,1.15269,1.27844,1.42014,1.57886,1.74554,1.88301,1.95616,1.95538,1.89292,1.79073,1.66743,1.54294,1.44453,1.39543,1.41724,1.50255,1.60897,1.69699,1.74038,1.76458,1.7452,1.56626,1.20917,0.78527
0.931268,1.2119,1.53769,1.74993,1.84824,1.93527,1.99589,1.91988,1.72356,1.51412,1.32492,1.16841,1.07512,1.07843,1.16118,1.22828,1.23732,1.25603,1.34284,1.46029,1.54142,1.55962,1.51675,1.43188,1.31933,1.1665,1.00997,0.942658,0.980965,1.02103,0.976367,0.89006,0.857969,0.901506,0.962847,0.995772,1.00744,1.02082,1.05086,1.10374,1.18528,1.30576,1.45672,1.62386,1.78564,1.90841,1.97565,1.97699,1.919,1.82419,1.70788,1.58119,1.47203,1.42121,1.44426,1.52077,1.60228,1.65625,1.67376,1.66039,1.68256,1.65863,1.51188,1.32313
0.760883,1.1542,1.55275,1.76308,1.84638,1.9329,1.98954,1.92631,1.76253,1.51936,1.25648,1.09312,1.08483,1.23131,1.42545,1.49998,1.44865,1.41744,1.47223,1.56199,1.6284,1.63857,1.57293,1.42481,1.24352,1.11247,1.08454,1.15368,1.22073,1.18611,1.05951,0.949256,0.94202,1.01685,1.09892,1.14289,1.15636,1.15791,1.16098,1.18096,1.23604,1.34316,1.49339,1.66694,1.83059,1.9513,2.00785,1.98383,1.89943,1.79566,1.6877,1.56692,1.45575,1.40642,1.43693,1.5195,1.59814,1.62416,1.60946,1.58951,1.58235,1.60613,1.61564,1.56409
