uploads/wind/20200723/wind_field_18.json
{"header": {"parameterUnit": "m.s-1", "parameterNumber": 3, "dx":  0.051, "dy": 0.036, "parameterNumberName": "northward_wind", "la1": 45.3082, "parameterCategory": 2,"nx": 177, "ny": 123, "refTime": "2018-10-03 01:00:00", "lo1":1.38177}, "data":
[rows 87 to 115 of 123, columns 66 to 131 of 177]
4.02856,3.20327,3.21807,2.93059,2.57572,2.54453,3.28143,3.08132,1.854,0.480816,-0.586309,-0.928969,-1.66615,-1.28129,-1.44315,-2.20299,-2.70342,-1.89894,-1.92655,-1.9755,-2.66203,-3.60018,-3.1129,-2.216,-2.99141,-2.9075,-2.33424,-2.16516,-1.83977,-0.805983,-0.692109,-3.01363,-3.8482,-3.8861,-2.21726,-0.332793,-2.18198,-2.50836,-1.75395,-1.34102,-0.146645,1.30757,0.597345,-1.02365,-1.5783,-2.18835,-1.80006,-1.16295,-0.993038,-0.209742,2.29499,1.67054,-0.853125,-2.30197,-4.31959,-4.80478,-4.93969,-4.87185,-4.18844,-3.99928,-2.39044,-0.626607,-0.103235,2.02652,2.92826,3.09486
2.61785,1.50556,0.450183,-0.364236,-0.104694,-0.0205465,0.247711,0.165062,-0.996924,-1.80876,-3.21144,-3.37012,-2.96752,-2.36229,-2.17228,-2.14273,-2.23674,-1.277,-1.44222,-1.07375,-1.20418,-1.90447,-3.03404,-2.50998,-2.19237,-2.36597,-2.13314,-1.66703,-1.08142,-0.0237795,0.224898,-0.841822,-2.52032,-3.62778,-3.89822,-1.36541,-0.485168,-1.51032,-1.79856,-2.21693,-0.850731,0.396769,-1.27009,-3.48482,-1.59598,-0.75052,-0.0956464,-0.0987612,0.311821,1.04873,2.01792,-0.330047,-1.65667,-1.8759,-2.24298,-2.77359,-2.55404,-3.64847,-4.25575,-4.50565,-5.71184,-6.95967,-6.23717,-4.2511,-1.89633,-1.61547
-0.7531,-1.21449,-1.84752,-1.69575,-1.81367,-1.68457,-1.69243,-1.16671,-1.75058,-2.77857,-2.90678,-2.03793,-1.30498,-1.49229,-1.95832,-2.0352,-1.52166,-1.82716,-2.13674,-1.93709,-1.53109,-1.56869,-3.60941,-3.1609,-1.90171,-2.09294,-2.51635,-2.04128,-1.68167,-1.1477,-1.50668,-1.64994,-1.23134,-2.50853,-3.98718,-2.85313,-0.893574,-1.15364,-2.00376,-2.04887,-1.59995,-0.646219,-2.12211,-3.56631,-2.35884,-0.676743,1.65218,3.72979,4.39771,3.12468,0.535332,-0.894611,0.356867,1.11644,1.16006,0.917259,0.769995,-0.904624,-0.921573,-1.63339,-3.51885,-5.34452,-6.19086,-6.28491,-7.38969,-8.6843
-2.49098,-2.41224,-2.30392,-2.38321,-2.29896,-1.63539,-0.994286,-0.502493,0.148317,0.697055,0.264372,-0.314722,-1.35877,-2.22286,-2.13709,-1.86987,-1.75127,-1.69681,-2.46882,-2.77102,-2.8804,-2.31901,-2.92437,-1.70946,-1.48184,-2.03827,-2.60241,-2.66337,-2.5706,-1.94854,-2.59111,-3.09678,-2.62747,-2.76323,-2.5232,-2.35674,-2.828,-2.47765,-2.96771,-3.28245,-2.96568,-2.12182,-3.001,-2.4673,-1.25086,0.791801,2.52021,2.35986,1.41022,0.476176,-0.421138,0.589443,2.16394,3.29567,3.14911,2.59954,3.29862,2.77858,2.06745,1.05618,0.609797,-0.447996,-1.9346,-3.90843,-5.56458,-6.69463
-1.90089,-2.26242,-2.73485,-2.88556,-2.67298,-2.72413,-2.31252,-1.63137,-0.565658,0.684414,-0.0141556,-2.07684,-2.67149,-2.2344,-1.68377,-1.63126,-2.08309,-0.803527,-1.5847,-1.35238,-2.52778,-2.29384,-1.54748,-0.0458294,0.0189887,-0.814822,-1.59257,-2.01013,-2.38558,-1.74739,-2.38829,-2.85088,-3.14615,-3.29425,-1.47474,-1.88941,-3.40839,-4.33512,-5.2565,-5.21951,-4.53203,-3.85315,-3.3691,-0.815248,1.60863,2.39142,1.70559,0.212437,-0.689007,0.232897,1.198,2.25228,3.39159,3.56238,2.87188,2.86215,3.47826,4.26906,4.61081,4.2952,4.72538,4.1738,1.41557,-1.41497,-2.31509,-3.41798
-2.61894,-3.26487,-3.37208,-3.39746,-3.0557,-3.27992,-2.84151,-1.80523,-1.26633,-1.35669,-1.13447,-1.72777,-1.1514,-1.03611,-1.50951,-1.09512,-1.42652,-0.27105,-0.23062,-2.38465,-2.89304,-1.83165,-0.830067,0.183831,0.418619,0.456566,0.111111,-0.258884,-1.23139,-1.38875,-2.23109,-2.22002,-3.16576,-2.44903,-2.06074,-2.43136,-2.94009,-4.25852,-5.2604,-4.73887,-3.63203,-2.33307,-0.408026,0.253029,-0.159899,-1.4265,-0.744748,1.76021,2.54818,2.5498,1.81421,1.11554,0.698224,2.48625,3.50267,3.78331,4.13648,3.34338,3.8666,4.65186,4.73465,4.2852,3.09624,2.10927,-0.175568,-1.8945
-2.59241,-2.58939,-3.06382,-3.2036,-2.94764,-2.68815,-2.19319,-1.70205,-2.12628,-1.79305,-0.859203,-0.56369,-0.862344,-1.4947,-1.52965,-1.05412,-0.997679,-0.0852486,-0.961077,-3.01092,-2.45224,-1.52457,0.0719376,-0.212054,-0.122647,0.320798,0.757099,0.601713,0.0196601,-1.08809,-2.1684,-1.20695,-2.0865,-1.55908,-2.18434,-1.7139,1.18495,1.37809,-0.0646785,-0.605328,-1.32417,-1.07421,-0.580302,-1.53985,-2.54695,-1.76776,-0.153952,1.79545,2.44948,1.23797,-0.481348,-1.32302,0.157178,2.07938,3.33424,4.28292,4.86247,4.56289,3.81734,3.23518,3.36599,3.91533,4.09081,3.30326,0.584602,-0.993192
-2.55755,-1.05818,-2.29706,-2.39494,-2.49362,-2.53379,-3.154,-2.99876,-2.97748,-2.06446,-1.08904,-1.19839,-1.84445,-1.80738,-1.84258,-1.53068,-1.12028,-0.714331,-2.57505,-3.25668,-3.41502,-2.08589,-0.0231426,0.661995,0.293859,0.125514,0.127092,0.248551,-0.673784,-1.55221,-1.32496,-0.878622,-1.17838,-0.0845136,0.14641,0.15222,2.88778,4.98553,4.81274,2.73483,0.999036,-0.845127,-2.17979,-1.32721,0.418483,1.30552,1.15435,1.00438,0.711483,0.544335,0.292669,0.48853,2.23734,3.37363,4.54553,5.28538,5.51925,4.12596,2.19903,1.52507,3.06232,4.47509,3.71065,0.696854,-3.52915,-2.12295
-1.02465,-0.468679,-1.3318,-2.38707,-2.30425,-2.96506,-3.85674,-3.37192,-2.87339,-2.34099,-1.81519,-1.93234,-1.5215,-1.292,-2.31543,-2.17865,-1.89281,-1.97741,-2.99735,-2.29959,-3.41041,-3.64712,-2.60699,0.123398,1.30011,0.746863,-0.145938,-0.302011,-0.924937,-1.19796,-0.625272,-1.17183,-1.36518,-1.04273,-0.812803,-2.56548,-2.25654,2.00883,3.89856,4.24168,2.27329,0.435847,-0.0626253,0.937003,1.75132,1.6343,0.295534,0.450376,1.87426,2.9853,2.76509,2.7724,3.30224,3.5295,2.29772,1.42032,0.512183,0.68362,0.964472,1.91068,2.24777,0.581691,-1.18606,-3.5878,-5.25876,-4.50113
-0.140705,-0.491355,-0.472569,-1.73745,-2.28753,-2.91722,-3.3178,-3.82869,-3.79612,-3.15504,-2.73588,-1.60356,-0.677955,-1.21242,-2.69678,-3.1142,-2.92001,-2.34888,-1.50264,-1.70566,-2.68902,-3.29581,-3.18205,-1.92239,0.11462,0.104451,-0.412984,-0.859301,-0.577467,-0.477059,-1.07901,-0.658715,-1.92109,-3.10463,-4.06031,-4.93016,-4.74149,-1.08092,2.63393,3.23813,2.8192,2.15452,1.77701,1.62117,2.37207,2.58843,1.09847,-0.239549,0.377744,1.55396,1.86016,2.62737,2.15482,-0.396425,-1.10498,-0.51529,-0.368756,0.714411,1.47146,0.998233,-0.666166,-2.95644,-4.61811,-4.40451,-4.42939,-4.72636
-0.502021,-0.212479,-0.235302,-1.0787,-1.8223,-1.67674,-1.64502,-3.1112,-3.40253,-3.62961,-3.35169,-1.31017,-1.1303,-2.79232,-3.28499,-3.18842,-3.23394,-2.59322,-1.74305,-1.12656,-1.14002,-1.77085,-2.17828,-1.85884,-1.49913,-0.740519,-1.78114,-2.71485,-1.96489,-0.375334,0.889781,1.94523,0.0131287,-0.771702,-2.43262,-2.29052,-1.56295,-2.17156,1.24268,2.95755,2.06579,1.74252,0.100479,-0.972334,0.921696,2.28203,1.66966,-0.43533,-0.667171,0.434381,1.77461,1.10685,-2.12412,-1.65251,0.366876,1.74002,2.05535,1.06284,-0.467364,-2.12925,-2.46873,-2.39599,-2.47936,-2.99401,-3.77907,-4.26787
-0.313519,-0.606046,-0.94347,-1.16369,-1.45399,-1.58791,-0.684193,-1.97495,-2.38355,-2.08194,-2.57858,-2.55182,-2.41881,-3.48802,-3.29709,-3.03551,-2.80104,-2.40016,-2.39597,-1.57349,-0.898272,-0.382897,-0.455318,-0.822909,-1.28318,-1.87678,-3.42481,-2.79309,-1.50609,0.610583,2.22307,2.6498,1.7534,3.12444,2.00355,1.46184,1.61627,-0.464092,-0.497989,2.69533,2.64009,1.07576,-0.491647,-1.24568,-1.22432,-0.33494,1.06756,1.87262,3.17937,3.30945,1.7135,-2.02678,-2.57558,-0.427904,0.335057,0.321625,-0.194178,-1.17512,-1.90136,-2.22998,-1.9932,-1.96148,-2.25626,-2.35267,-3.24629,-2.24329
-0.135853,-0.501562,-0.0776293,-0.149445,-0.325237,-0.356474,-0.605908,-1.05898,-1.14282,-1.09535,-1.18193,-2.12416,-2.85291,-2.83609,-3.03345,-3.35709,-3.46106,-3.00051,-3.01367,-2.25662,-1.64836,-0.452258,0.313699,0.13664,0.035997,-2.18764,-2.66461,-1.82758,-1.0378,-0.299741,0.295933,1.02218,1.86379,3.14596,3.88528,3.69822,3.60211,2.21284,-0.171358,0.792308,1.8369,0.62982,0.277735,0.387908,-1.65887,-2.63047,0.76387,2.90657,2.70676,2.10633,-0.83157,-1.86856,-0.290033,0.133618,0.591651,-0.0253025,-0.411006,-0.454435,-0.754186,-0.674846,-1.05456,-2.12802,-2.17355,-1.67923,-1.40925,-0.104183
0.338492,-0.0665695,0.320879,0.994924,1.10455,0.54871,0.0796931,0.208501,0.0432152,-0.904004,0.0155284,-0.898832,-2.16653,-1.67733,-2.22085,-2.90845,-2.71896,-2.59015,-2.96122,-3.04298,-2.97539,-2.08967,-0.469847,-0.104858,-0.741415,-2.35954,-1.81441,-1.93159,-3.15806,-3.8157,-4.26362,-2.82542,-0.105205,3.25052,5.2987,6.37142,5.15162,3.89454,1.57191,-0.859053,-1.3781,-0.852076,0.279287,0.369491,-2.60977,-4.04498,-1.34507,0.245888,-0.998947,-0.911338,-1.62269,0.670651,1.45244,0.80903,0.50798,0.0817623,-0.115349,-0.334608,-0.901636,-0.956272,-1.06595,-0.969493,0.0789468,1.04029,1.36472,1.44234
-0.303679,-0.349808,-0.342566,0.248322,0.521357,0.490625,0.829112,1.47737,0.298464,-0.985727,-0.452425,-0.427986,-0.949354,-0.915072,-1.31362,-1.52574,-1.26465,-1.24692,-1.87226,-2.36425,-1.91703,-1.62723,-1.91636,-2.34549,-3.42632,-3.54749,-1.93292,-0.349433,-1.56298,-3.2038,-3.94658,-4.26353,-4.16769,1.62198,5.43326,5.515,2.97934,1.79015,0.166882,-2.11306,-2.39206,-0.816455,0.0853159,-1.24255,-2.82432,-1.83701,-1.03551,-0.776832,-0.518423,-0.991204,-0.842694,0.982204,2.02263,0.459384,0.146912,0.400961,0.105842,-0.235483,-0.922422,-1.17344,-0.934122,0.408615,1.72407,2.53837,2.87805,2.27619
-1.10915,-1.19249,-0.667081,-0.569349,-0.335671,-0.0331601,0.261599,0.80964,0.0461715,-0.38092,-0.455102,-0.55552,-1.03177,-0.241752,0.389856,0.264459,0.065292,-0.540825,-0.649821,-0.779944,-0.459718,-0.546865,-1.65594,-3.89957,-3.74004,-2.8927,-3.12169,-0.277506,1.06722,-1.2761,-2.65485,-2.88845,-3.77236,-1.25231,2.72089,1.76399,1.03271,0.620232,0.964215,0.588922,1.17886,1.68236,1.37498,0.618635,0.825615,0.700501,-0.198386,-0.800634,-1.44176,-2.34937,-2.21058,-1.446,-0.115139,-0.0220325,-1.06874,-0.0143781,0.0815914,-0.474193,-1.14375,-1.10172,-0.500378,0.282017,1.33565,2.26507,1.73901,1.6371
-0.242305,-0.841854,-1.04161,-1.02085,-0.856106,-0.712684,-0.337893,-0.111222,0.0814694,0.262924,0.0308436,-0.878804,-1.9741,-0.267675,1.0734,1.25399,0.588751,-0.510606,-0.472687,-1.22767,-1.07405,-0.359697,-2.56683,-3.42389,-2.88748,-4.38153,-4.59484,-3.24752,-0.443631,-2.05461,-2.43809,-1.95678,-0.286917,-0.22743,-0.333321,0.653278,3.20648,4.29213,5.0293,5.37063,4.44428,3.91192,3.44507,3.29676,3.17153,1.32785,-1.09206,-1.39333,-1.72379,-2.0552,-2.38714,-2.69591,-2.23594,-0.665908,-1.96973,-2.2914,-1.87658,-2.08044,-2.26963,-2.23371,-0.634602,-0.989108,-0.414859,1.50973,1.17704,1.33271
0.0301997,0.272597,0.406651,0.108606,-0.0185761,-0.136371,-0.131386,-0.0939693,0.067085,0.617058,-0.0282467,-0.589757,-1.04447,-0.639304,0.213797,0.823563,0.160147,-0.765634,-1.12257,-2.74273,-2.47989,-1.92935,-2.77138,-2.41607,-2.29707,-3.02442,-3.87203,-3.98474,-3.71551,-2.59617,-1.00446,0.56273,1.44969,0.88732,-0.129541,0.0459776,1.61076,3.65927,4.52663,4.17397,3.95375,3.52386,3.07654,3.35577,3.78178,2.27798,0.430708,0.00792942,-0.00836098,-0.17994,-1.20714,-2.37102,-2.11283,-1.82952,-1.25497,-2.14375,-2.68194,-2.74567,-2.60892,-2.0745,-0.862511,-0.356263,-0.213183,1.06333,1.7331,1.62349
0.198748,0.455704,0.62083,0.689624,0.383709,0.496586,0.688191,0.456787,0.189105,0.594512,0.358669,0.430033,0.872179,0.752093,0.150778,-0.477687,-0.728224,-0.160053,0.384415,-0.345615,-2.25153,-2.66968,-1.37918,-1.36557,-1.12372,-1.53782,-0.952039,-1.2088,-2.20445,-1.708,-0.14697,1.1235,0.876619,-0.211659,-0.690909,-0.912689,-0.0620103,1.64645,2.4345,2.63314,2.7747,3.5101,2.20152,1.70826,1.86389,1.95945,1.66139,0.782599,-0.10378,-0.481211,-1.31389,-2.03648,-1.77571,-2.26179,-0.720444,-1.21064,-1.72938,-1.54752,-0.968783,-0.169928,0.20013,1.42737,1.40664,1.34077,0.807749,2.03027
-0.454182,-0.399406,-0.764169,-0.491836,-0.933595,-0.761782,0.494089,0.825823,0.682353,0.710485,0.682858,1.42087,1.30101,1.4151,-0.0205656,-0.93641,-0.537799,0.113672,0.83917,0.660789,-1.0719,-1.49009,-1.10251,-1.38798,-1.87178,-2.40132,-1.24001,-0.174611,0.194005,-0.601128,-1.4127,-0.769611,0.512165,0.661294,1.21393,3.36536,3.11822,1.84203,0.327909,-0.067154,0.764203,2.42507,3.2823,1.7888,-0.913365,-2.23372,-1.9995,-1.77464,-1.40352,-0.885088,-1.23277,-2.10869,-3.08583,-3.2317,-2.36185,-0.712661,-0.0206197,0.560732,1.48279,1.35338,1.0321,0.763939,0.119455,-0.646902,-1.24771,0.341881
-0.498008,-1.47137,-0.975173,-1.3316,-0.952258,-0.951282,-0.39813,0.458238,0.916995,1.41314,1.32994,1.20562,0.194394,-0.470021,-1.01028,0.031836,-0.36188,-0.162519,-0.15275,-0.40642,-0.110497,-0.363657,-0.549096,-1.02649,-2.75199,-2.0496,-1.0894,-0.989801,-1.75698,-2.89464,-4.73264,-4.77932,-1.73068,0.377688,3.03517,4.83295,3.94233,1.65495,0.0962141,-0.157247,0.0539368,1.41769,2.54874,2.11685,-0.790685,-2.59617,-2.12869,-0.796141,-0.898296,-1.45849,-1.82425,-2.21819,-2.90608,-3.16333,-3.23145,-0.937609,0.52075,1.39152,1.6474,0.629825,-0.191568,-0.566712,-2.32888,-2.77099,-2.19894,-2.14171
-0.0267758,-1.58239,-1.13823,-1.91892,-0.846182,-0.663512,-1.02996,-0.747142,-0.117581,-0.130906,0.146122,-0.0317857,-0.597031,-1.50146,-1.35068,-0.333729,-0.445685,-0.34448,0.0596832,0.769324,0.855218,0.937109,0.957241,-0.510463,-1.65942,-0.426158,-1.41721,-3.00853,-4.44082,-5.54519,-6.68848,-6.1861,-4.01117,-1.25562,1.58447,1.00852,0.894353,1.89279,2.41093,2.77588,2.06992,0.606052,0.0353117,0.0980379,1.72254,1.84543,2.2936,1.44948,-0.557294,-1.84618,-1.25459,-0.0648889,0.402294,-0.237311,-1.55423,-0.974288,0.493975,1.09348,0.208679,-0.389642,-0.784833,-1.30693,-2.08371,-2.40973,-2.62272,-3.63273
-0.17522,-1.79427,-1.66554,-1.61087,-1.09317,-0.825569,-1.13669,-1.4889,-1.53289,-1.5642,-0.936996,-0.504671,-0.363547,-0.971622,-0.818001,-0.224217,-0.583582,-0.900679,-0.851977,-0.811135,-0.378498,-0.883273,0.0477874,-0.148165,-0.625128,-1.60611,-2.86569,-4.82162,-4.80027,-3.67629,-2.38249,-1.39457,-1.32513,-1.69286,-2.82402,-2.52061,0.100118,2.22186,3.06785,2.40566,0.544656,-1.20831,-2.59509,-3.01442,0.990903,2.60116,1.43658,-0.782757,-2.78321,-2.753,-1.08445,0.552324,1.26421,0.874121,1.67555,1.68028,1.63036,1.14218,0.773162,-1.36191,-2.57517,-2.21371,-1.70631,-2.3729,-2.90674,-3.94484
-0.340671,-1.68971,-1.4428,-0.746762,-0.565045,-0.827736,-1.17653,-1.22366,-1.38032,-0.956918,-0.813922,-0.372268,-0.0981149,-0.440098,-0.973909,0.344043,-0.518882,-1.29288,-1.5751,-2.48138,-2.44533,-2.69145,-2.01151,-0.597045,-0.99163,-2.85495,-4.27208,-4.70748,-3.16645,-0.905171,0.778187,0.667966,-0.876896,-3.19297,-4.57393,-3.99272,-1.68193,-0.497489,1.03077,0.408422,-1.71344,-3.22602,-3.92482,-4.29239,-0.149268,0.526635,-3.19826,-2.5127,-2.64562,-2.22046,-1.4411,-2.34338,-1.07375,0.918847,1.52804,0.0150466,-1.00729,-1.72389,-1.61915,-3.56519,-3.85738,-3.49593,-2.90514,-2.92023,-3.07383,-3.70372
-1.14139,-1.09311,-0.522213,-0.722131,-0.571296,-0.412991,-0.830872,-0.825268,-0.979971,-0.408539,-0.389977,-0.502042,-0.505156,-0.19037,-1.22071,-0.511682,-0.121919,-1.40846,-1.69718,-2.76995,-3.3915,-2.5272,-1.20721,-0.422888,-0.457166,-0.484627,-1.23234,-1.70078,-1.19233,-0.676497,-1.00634,-1.74227,-3.35936,-4.44711,-4.26045,-4.0264,-3.33533,-1.67516,-0.871806,0.298668,-0.177699,-1.495,-1.66835,-1.08919,0.238767,1.22808,-1.04533,0.333034,0.345441,0.155502,-1.47784,-3.40667,-2.66729,-1.17504,-3.25985,-4.71978,-5.11213,-4.96936,-5.44706,-5.0176,-5.12431,-4.78123,-4.83085,-3.70648,-3.92315,-4.13595
-0.985599,-0.316569,-0.356005,-0.449864,-0.531437,-0.0222041,-0.102997,0.250285,0.538034,0.768878,0.324732,-0.00767594,0.0949864,0.623119,0.350583,-0.812998,-0.109161,-0.630124,-0.57795,-0.13708,-0.431125,-0.462782,-0.429377,0.106712,1.69272,1.85751,2.50937,2.35462,1.45366,0.0869392,-0.562483,-0.839602,-1.37166,-1.87006,-2.61718,-3.81339,-3.28078,-1.57316,-2.86244,-0.0928515,3.33851,4.1127,3.95718,3.85383,0.781953,0.25655,2.5506,2.60459,1.97025,0.862488,-0.483319,-0.353872,-2.86579,-4.55835,-4.3606,-4.59571,-5.03604,-5.06008,-5.40619,-5.7175,-5.39276,-5.20319,-4.41973,-4.57434,-4.764,-4.99722
-0.253893,0.041518,-0.861909,-0.547657,-0.423121,-0.0445182,-0.0274844,0.236386,0.546062,0.745414,0.940184,1.34166,1.59594,1.84621,1.50583,0.0855495,-0.352143,0.436914,1.28724,1.94793,2.18906,2.00847,0.659924,0.125352,0.192242,-0.0988112,2.31696,3.59333,2.61645,1.1581,1.11489,1.04342,0.00738005,-1.74626,-3.41638,-4.85163,-5.86777,-5.84824,-5.66394,-4.53972,-0.466172,4.66149,6.91725,5.62498,3.18657,1.58199,1.00252,0.459242,0.111935,0.00867537,0.305125,-0.0570885,-3.95298,-4.81421,-3.32116,-3.33944,-4.53985,-5.51892,-5.81015,-6.10503,-6.06672,-4.89781,-4.63555,-4.23171,-4.38157,-4.04286
0.0732273,-0.267948,0.0148327,-0.0768052,0.11607,0.39349,0.410151,0.199857,-0.0948961,-0.188972,0.410602,1.13444,1.2712,2.11422,1.25893,0.567204,-0.226645,0.215311,1.11225,0.819435,1.4876,1.64645,0.422737,0.145562,0.393479,0.165997,0.509652,2.15377,3.56547,2.8991,1.42035,0.0419854,-1.3706,-3.0604,-4.47948,-5.73434,-7.09196,-7.54375,-7.54791,-6.42341,-5.14816,-2.15969,3.64172,4.86399,4.39889,1.85359,-0.198041,-1.02005,-0.924502,-0.846142,-1.40678,-2.56037,-3.57815,-3.86728,-3.10414,-4.07944,-6.08435,-7.26235,-6.98337,-6.71049,-5.6237,-5.11275,-4.03769,-2.92256,-2.39473,-1.77629
0.530983,0.302076,0.775402,0.661865,0.188863,0.0812534,0.281799,1.0365,0.961892,0.857714,0.348173,0.0262382,-0.0356016,0.182543,0.398468,0.207344,-0.163249,-0.604559,-0.125867,0.483568,0.262205,0.829743,0.0558806,-0.0629705,1.25312,1.86898,0.878316,1.21975,2.29139,2.21,0.127,-1.55626,-2.55071,-3.3439,-4.21282,-4.38176,-4.38449,-4.98689,-4.76662,-4.34498,-4.32692,-4.87142,-3.19198,-0.379121,1.5019,1.20777,1.1429,0.0470949,-0.561922,-1.43988,-2.50447,-2.86597,-2.52948,-2.61166,-2.68433,-4.9118,-6.35048,-6.25031,-6.20216,-5.90413,-4.89216,-4.75615,-3.70295,-1.81175,-0.767982,-0.768805
