uploads/wind/20200723/wind_field_14.json
{"header": {"parameterUnit": "m.s-1", "parameterNumber": 3, "dx":  0.051, "dy": 0.036, "parameterNumberName": "northward_wind", "la1": 45.3082, "parameterCategory": 2,"nx": 177, "ny": 123, "refTime": "2018-10-03 01:00:00", "lo1":1.38177}, "data":
[rows 29 to 57 of 123, columns 66 to 131 of 177]
-0.0246534,-0.101518,-0.147844,-0.213618,-0.247881,-0.107649,0.160482,0.341446,0.416382,0.411816,0.360431,0.279484,0.201409,0.176945,0.23661,0.350298,0.439176,0.458491,0.423256,0.375057,0.325447,0.256268,0.172778,0.128209,0.154503,0.209081,0.217245,0.172702,0.116555,0.0895148,0.109671,0.169499,0.240905,0.298408,0.335453,0.368322,0.413415,0.465074,0.491082,0.460407,0.369271,0.237632,0.0925369,-0.0471103,-0.16563,-0.262204,-0.355131,-0.46918,-0.610722,-0.776707,-0.963057,-1.14134,-1.29086,-1.38526,-1.36424,-1.20641,-0.950937,-0.682053,-0.396232,-0.184487,-0.0661424,-0.0620412,-0.159875,-0.336362,-0.491668,-0.69339
0.410616,0.365997,0.245578,0.0776314,-0.0420607,-0.0644415,0.0495295,0.237337,0.400412,0.489103,0.545759,0.582027,0.593244,0.583662,0.599177,0.660351,0.725232,0.748009,0.720264,0.65378,0.559897,0.431674,0.279363,0.168589,0.167455,0.254144,0.34018,0.371894,0.366877,0.363285,0.381021,0.418813,0.462935,0.495181,0.521171,0.555992,0.604453,0.636611,0.614004,0.528463,0.407034,0.287868,0.186607,0.100479,0.0216571,-0.0514488,-0.134195,-0.244912,-0.395897,-0.594165,-0.815895,-1.02049,-1.20565,-1.36137,-1.46027,-1.49222,-1.42319,-1.25204,-1.06253,-0.772939,-0.585304,-0.516264,-0.501538,-0.556437,-0.653383,-0.815882
0.850235,0.74016,0.603177,0.488285,0.341214,0.179131,0.201998,0.412278,0.590122,0.691579,0.79609,0.91112,0.969636,0.943271,0.884632,0.860904,0.879766,0.904641,0.910339,0.881552,0.810697,0.695425,0.563171,0.463715,0.434838,0.455924,0.494713,0.520367,0.528865,0.53302,0.541346,0.555257,0.578647,0.61412,0.664157,0.718507,0.757263,0.754186,0.687768,0.572088,0.446792,0.346319,0.275914,0.219009,0.163186,0.100659,0.0218371,-0.0775889,-0.215521,-0.393963,-0.577811,-0.770206,-0.975958,-1.17671,-1.39329,-1.61614,-1.7973,-1.68647,-1.82003,-1.63013,-1.19639,-1.0542,-1.06529,-1.12898,-1.21073,-1.27334
1.20047,1.04267,0.90383,0.786908,0.591129,0.43708,0.51401,0.743869,0.89871,0.962724,1.02755,1.0982,1.11617,1.06141,0.994081,0.972104,1.00171,1.03675,1.03585,0.99796,0.93466,0.855458,0.777504,0.715458,0.687188,0.691769,0.710144,0.731548,0.754489,0.770918,0.777871,0.784614,0.80548,0.853699,0.919435,0.973682,0.981524,0.922635,0.804552,0.659343,0.527989,0.428155,0.362143,0.328311,0.312965,0.281011,0.21061,0.100744,-0.0425609,-0.191814,-0.337884,-0.506473,-0.699227,-0.928082,-1.22121,-1.53487,-1.84875,-1.93264,-2.39089,-2.36957,-1.86784,-1.46423,-1.43223,-1.53276,-1.60583,-1.57208
1.33945,1.24013,1.1037,0.927369,0.760923,0.721471,0.843251,1.03735,1.14893,1.17635,1.20013,1.23384,1.24311,1.20998,1.17247,1.1592,1.15628,1.12761,1.06323,0.978353,0.909502,0.877808,0.885297,0.913236,0.932438,0.945316,0.95884,0.980149,1.01221,1.04514,1.07226,1.09672,1.12648,1.16668,1.20814,1.22828,1.19576,1.0931,0.945696,0.793865,0.662455,0.559631,0.500022,0.491076,0.509146,0.510476,0.460912,0.345803,0.186232,0.032639,-0.107885,-0.258342,-0.439696,-0.671062,-0.955321,-1.28174,-1.6121,-1.93722,-2.63968,-2.78999,-2.65965,-1.91973,-1.72168,-1.72905,-1.70864,-1.62235
1.30906,1.27491,1.13467,0.941363,0.835332,0.865485,0.986593,1.15084,1.26362,1.31021,1.34852,1.39564,1.42192,1.41195,1.36804,1.29956,1.20235,1.08879,0.993077,0.924835,0.885027,0.892466,0.946087,1.02848,1.10202,1.15174,1.18925,1.22328,1.25782,1.29871,1.34316,1.38274,1.40595,1.41233,1.40079,1.36354,1.2837,1.16635,1.04,0.926563,0.828893,0.753582,0.708856,0.690678,0.687871,0.68381,0.647318,0.553336,0.413235,0.261264,0.109821,-0.0313381,-0.166636,-0.340271,-0.59163,-0.917378,-1.26682,-1.61288,-2.19277,-2.84669,-3.02389,-2.33415,-2.00584,-1.87751,-1.75227,-1.65659
1.28413,1.25947,1.14334,1.02345,0.977628,0.98753,1.02465,1.11186,1.23283,1.3412,1.43847,1.50586,1.53736,1.52572,1.46256,1.35084,1.20753,1.07546,0.989611,0.957173,0.961773,1.00967,1.08613,1.16619,1.24096,1.30998,1.37018,1.41126,1.43366,1.45475,1.4817,1.50226,1.50117,1.47473,1.42651,1.35384,1.25399,1.14833,1.0599,0.990921,0.936,0.890824,0.843403,0.792889,0.74882,0.716108,0.679745,0.629815,0.541208,0.413736,0.300493,0.213386,0.106338,-0.0527589,-0.245011,-0.470438,-0.773322,-1.13375,-1.48813,-2.14253,-2.3725,-2.32301,-2.0688,-1.93964,-1.81235,-1.71666
1.36078,1.33436,1.28399,1.26548,1.25309,1.18574,1.08144,1.03643,1.09654,1.21811,1.34987,1.45475,1.51405,1.50963,1.44555,1.3541,1.26594,1.19474,1.14708,1.12957,1.1463,1.18504,1.22733,1.26766,1.31673,1.38191,1.44899,1.49554,1.5139,1.51366,1.5031,1.47697,1.43524,1.3779,1.31412,1.24164,1.16234,1.08662,1.01351,0.941884,0.880125,0.828959,0.776696,0.724058,0.685108,0.65214,0.624341,0.606197,0.570221,0.52453,0.482624,0.410506,0.301372,0.199416,0.0950441,-0.0864741,-0.37383,-0.726201,-1.06208,-1.33574,-1.56764,-1.8619,-1.86779,-1.87223,-1.80886,-1.67614
1.51836,1.54924,1.55037,1.49267,1.35265,1.13776,0.921981,0.809834,0.849738,0.987423,1.14378,1.29689,1.3992,1.41197,1.35259,1.27597,1.23163,1.23271,1.25118,1.27636,1.30551,1.31727,1.3086,1.30368,1.32714,1.38123,1.44626,1.49682,1.51609,1.49984,1.44636,1.36778,1.28368,1.20785,1.13829,1.06816,1.00563,0.946118,0.872085,0.781643,0.688156,0.607628,0.554235,0.531742,0.527448,0.522688,0.524494,0.554483,0.595472,0.6177,0.587997,0.513231,0.44484,0.398838,0.316134,0.159307,-0.049442,-0.283832,-0.559278,-0.864892,-1.15391,-1.38396,-1.55663,-1.64669,-1.62314,-1.48596
1.4873,1.49219,1.43024,1.27759,1.05922,0.822119,0.63768,0.572319,0.650984,0.813492,0.988821,1.1472,1.2448,1.26078,1.20652,1.11805,1.05305,1.05283,1.09798,1.15658,1.21257,1.26193,1.31163,1.35924,1.39961,1.43337,1.45882,1.46039,1.42225,1.33536,1.20497,1.06684,0.969621,0.921921,0.877444,0.803309,0.718542,0.647915,0.590955,0.527905,0.439402,0.348203,0.296001,0.293355,0.30702,0.326763,0.372996,0.459433,0.553572,0.609114,0.636619,0.646623,0.630539,0.570754,0.474208,0.361977,0.244098,0.100151,-0.0935288,-0.334576,-0.57913,-0.810367,-1.01453,-1.16382,-1.23007,-1.20218
1.13083,0.98404,0.871994,0.778529,0.688914,0.596112,0.525596,0.519709,0.589711,0.702554,0.830261,0.947018,1.01372,1.01321,0.958655,0.872215,0.79067,0.738297,0.724106,0.750258,0.819872,0.929749,1.06161,1.18322,1.27256,1.32785,1.34352,1.30904,1.21639,1.06619,0.883473,0.71496,0.604314,0.545009,0.490091,0.410276,0.320267,0.266452,0.257009,0.240768,0.183697,0.119488,0.0916408,0.105046,0.126607,0.151717,0.205877,0.300476,0.422593,0.560806,0.704303,0.812309,0.847313,0.801636,0.698872,0.573466,0.467191,0.383667,0.295409,0.167069,-0.0176484,-0.244015,-0.465487,-0.636092,-0.738737,-0.7852
0.817752,0.625636,0.560045,0.561962,0.556657,0.518105,0.49144,0.506245,0.532363,0.542338,0.551218,0.571214,0.590333,0.580417,0.537473,0.477041,0.407704,0.326571,0.259646,0.237206,0.270203,0.34208,0.426721,0.513513,0.599359,0.66917,0.705468,0.705606,0.67355,0.614365,0.541807,0.467157,0.376146,0.249892,0.11249,0.0051718,-0.0413719,-0.0144888,0.0465156,0.0661976,0.0405473,0.0205222,0.0274965,0.0440743,0.0550745,0.0745396,0.119485,0.210381,0.350593,0.546597,0.766253,0.939809,1.01095,0.992624,0.933415,0.866934,0.803508,0.736992,0.649079,0.514998,0.333462,0.133785,-0.0432949,-0.166542,-0.228688,-0.263948
0.747091,0.629723,0.590757,0.591063,0.572616,0.554181,0.563315,0.560692,0.497332,0.384911,0.247824,0.116584,0.0321096,0.00513667,0.0109203,0.0273668,0.0284159,-0.00409394,-0.0639454,-0.134824,-0.197227,-0.239323,-0.260032,-0.256802,-0.230601,-0.197696,-0.162778,-0.116984,-0.0542094,0.0156946,0.0836753,0.120461,0.0851785,-0.0180884,-0.138284,-0.215737,-0.210581,-0.128187,-0.0358473,0.0189678,0.0576947,0.0928018,0.0969524,0.0540103,0.0163345,0.0304559,0.0932987,0.202202,0.376971,0.608685,0.847544,1.02814,1.10716,1.1173,1.11116,1.10436,1.07392,1.01197,0.934031,0.84174,0.722047,0.576273,0.429142,0.319526,0.272441,0.255362
0.709259,0.652972,0.613411,0.613055,0.64854,0.719884,0.753856,0.687688,0.543658,0.360218,0.147675,-0.0611438,-0.201302,-0.247965,-0.229781,-0.197091,-0.184181,-0.199232,-0.247272,-0.329198,-0.445315,-0.571071,-0.66242,-0.697946,-0.684393,-0.645843,-0.604412,-0.557573,-0.493472,-0.415364,-0.349154,-0.325137,-0.338711,-0.359903,-0.356929,-0.292195,-0.198443,-0.16399,-0.0871095,0.0151097,0.142366,0.185547,0.104112,-0.0323199,-0.0746497,-0.0311094,0.0869094,0.201415,0.467726,0.744686,0.959453,1.06946,1.09222,1.09752,1.11784,1.14005,1.14292,1.12215,1.09167,1.06209,1.01725,0.934698,0.827435,0.736922,0.702148,0.7006
0.641867,0.574513,0.533402,0.581433,0.697633,0.778371,0.751495,0.65466,0.535162,0.385549,0.207132,0.0397533,-0.0706595,-0.122896,-0.147108,-0.181137,-0.255174,-0.359062,-0.458188,-0.536482,-0.619124,-0.717541,-0.797693,-0.823343,-0.780986,-0.696992,-0.613441,-0.559945,-0.546871,-0.572853,-0.632402,-0.689815,-0.681876,-0.619202,-0.498748,-0.345896,-0.189782,-0.238517,-0.111049,0.0200692,0.10842,0.10137,-0.0149246,-0.155294,-0.146121,-0.0537787,0.143801,0.306243,0.589279,0.908475,1.06092,1.06268,1.01153,1.0303,1.0947,1.10912,1.09644,1.09758,1.07814,1.0595,1.08065,1.10618,1.08393,1.02182,0.981558,0.99815
0.669529,0.594259,0.553845,0.585519,0.642344,0.611343,0.510187,0.423795,0.356948,0.266877,0.148221,0.0415939,-0.0208289,-0.0484591,-0.0808714,-0.149423,-0.266046,-0.418714,-0.57626,-0.700044,-0.759912,-0.755778,-0.71757,-0.664565,-0.610883,-0.550014,-0.481979,-0.434039,-0.459389,-0.567252,-0.711697,-0.846085,-0.801884,-0.806013,-0.576849,-0.404383,-0.269701,-0.193952,-0.0592093,0.0180503,-0.0484335,-0.094823,-0.155419,-0.183593,-0.0279257,0.156431,0.350727,0.580761,0.738869,0.924326,0.999061,0.9483,0.931073,0.994455,1.06176,1.0744,1.0591,1.0462,1.04791,1.07953,1.13121,1.16584,1.16942,1.15354,1.15066,1.20331
0.852663,0.782248,0.710206,0.660607,0.556639,0.377894,0.22872,0.161668,0.119421,0.054417,-0.0116529,-0.039111,-0.0319336,-0.0256705,-0.0527267,-0.118771,-0.20533,-0.315233,-0.455873,-0.594,-0.664693,-0.631086,-0.527031,-0.411376,-0.353482,-0.353367,-0.355305,-0.370173,-0.35282,-0.402796,-0.549977,-0.718224,-0.714558,-0.932387,-0.656107,-0.369741,-0.332718,-0.0368638,0.0566324,0.0418973,-0.129499,-0.176377,-0.142666,-0.0275695,0.147276,0.505462,0.645502,0.780968,0.810268,0.817507,0.786766,0.751434,0.815747,0.892776,0.912373,0.935965,0.968589,0.980974,1.04478,1.14377,1.18389,1.17092,1.16493,1.20861,1.2874,1.39669
1.11002,1.01678,0.950431,0.808962,0.538676,0.297607,0.179319,0.0939112,-0.0166912,-0.0856688,-0.0668882,-0.00575057,0.0268846,0.0173977,-0.017902,-0.0759031,-0.148594,-0.224996,-0.290997,-0.340279,-0.384597,-0.421764,-0.426427,-0.403724,-0.361363,-0.337187,-0.294751,-0.255153,-0.215483,-0.160867,-0.34453,-0.42371,-0.450902,-0.651047,-0.472068,-0.191983,-0.158318,0.0659915,0.0956221,-0.00994729,-0.0635233,-0.0464392,0.116787,0.283836,0.425665,0.650578,0.765803,0.74705,0.717128,0.696867,0.635832,0.655888,0.674904,0.682209,0.701713,0.752637,0.807955,0.901387,1.00017,1.07534,1.14211,1.19705,1.23981,1.27098,1.33819,1.46077
1.34609,1.26903,1.18023,0.961045,0.703325,0.525644,0.344354,0.102648,-0.063154,-0.0596299,0.0128227,0.036886,0.0150456,-0.010222,-0.0471022,-0.126614,-0.234371,-0.307503,-0.321607,-0.309693,-0.324197,-0.401424,-0.455997,-0.561125,-0.583496,-0.517225,-0.374564,-0.341762,-0.280475,-0.210679,-0.121878,-0.111265,-0.0527469,-0.107733,0.0397863,0.130285,0.165146,0.170041,0.101674,0.0798095,0.202094,0.291392,0.443588,0.604463,0.688304,0.718185,0.740768,0.640095,0.619327,0.515837,0.546493,0.519402,0.617375,0.570979,0.561483,0.643492,0.702034,0.800433,0.880444,0.901353,1.03504,1.20218,1.26976,1.32839,1.39612,1.50444
1.52969,1.40564,1.2401,1.08132,0.945438,0.736057,0.410338,0.149779,0.0852968,0.0806559,0.0219705,-0.0577331,-0.0980251,-0.127596,-0.203951,-0.326406,-0.448427,-0.516669,-0.543345,-0.550471,-0.541096,-0.545609,-0.527588,-0.512759,-0.795118,-0.667318,-0.491216,-0.492841,-0.469489,-0.469045,-0.0622368,0.197998,0.384213,0.402322,0.469531,0.422547,0.315367,0.270785,0.271533,0.430641,0.600847,0.680598,0.688983,0.773433,0.718402,0.742562,0.69552,0.482715,0.508014,0.408324,0.443879,0.440089,0.593209,0.672344,0.655912,0.666457,0.68049,0.6671,0.747966,0.842589,0.933799,1.14107,1.21095,1.18985,1.28023,1.44787
1.56127,1.38156,1.20054,1.06412,0.91663,0.723011,0.547434,0.427759,0.255445,0.0371259,-0.119313,-0.180564,-0.228249,-0.325332,-0.451042,-0.556463,-0.632321,-0.684535,-0.735108,-0.757886,-0.703843,-0.676462,-0.620737,-0.368527,-0.813551,-0.611016,-0.429809,-0.256783,-0.349047,-0.208954,0.0155966,0.471639,0.728453,0.834581,0.752013,0.661278,0.604412,0.535722,0.677282,0.880274,1.03693,1.02098,0.937592,0.886537,0.727334,0.707379,0.563908,0.384774,0.420565,0.322681,0.477341,0.502405,0.677257,0.907003,0.866101,0.788695,0.695642,0.579925,0.632105,0.85727,0.960617,1.13053,1.3349,1.23045,1.13394,1.20386
1.48205,1.29422,1.08235,0.894184,0.781956,0.747798,0.740394,0.559167,0.220465,-0.0483058,-0.178234,-0.269174,-0.407578,-0.558434,-0.646825,-0.674438,-0.683061,-0.71228,-0.764317,-0.793903,-0.691627,-0.785078,-0.577599,-0.442809,-0.582583,-0.220441,0.00958894,0.304074,0.265065,0.439766,0.581794,0.789721,0.919875,0.99235,0.958764,0.929224,0.946119,0.914619,0.925453,1.13527,1.2493,1.24187,1.08574,1.0508,0.724773,0.696414,0.425103,0.400489,0.340418,0.352438,0.610097,0.789265,1.03128,1.07578,0.969773,0.759537,0.658185,0.615634,0.634993,0.848721,1.12961,1.34308,1.43076,1.39726,1.35527,1.2281
1.4794,1.24179,1.04742,0.902501,0.810126,0.752947,0.642804,0.419941,0.188928,-0.032055,-0.220138,-0.405992,-0.565657,-0.667406,-0.690844,-0.662669,-0.617674,-0.604822,-0.61672,-0.598678,-0.547682,-0.646329,-0.3486,-0.253424,-0.0372825,0.446991,0.696068,1.03706,1.16111,1.14731,1.30315,1.28676,1.25262,1.258,1.27654,1.35397,1.25033,1.35326,1.12689,1.24287,1.3083,1.34888,1.15341,1.20548,0.850536,0.787784,0.575871,0.549964,0.445792,0.769796,0.966276,1.37286,1.40733,1.02749,1.06777,0.766922,0.596067,0.79033,0.842112,0.917782,1.28716,1.66737,1.56239,1.47232,1.48775,1.50578
1.69054,1.51036,1.32568,1.10331,0.86659,0.637441,0.430433,0.293367,0.116652,-0.0935434,-0.291553,-0.444374,-0.541786,-0.596572,-0.603783,-0.557607,-0.47426,-0.377742,-0.302389,-0.151087,-0.120423,0.0738975,0.288758,0.558269,0.853173,1.11711,1.27796,1.37064,1.44364,1.31777,1.29183,1.23591,1.29503,1.44094,1.48237,1.73493,1.54723,1.77703,1.56222,1.47354,1.53903,1.65439,1.4667,1.62318,1.34302,1.25641,1.15028,1.06186,1.24301,1.58592,1.75685,1.64067,1.59156,1.05301,1.17971,1.00977,0.993823,1.15209,1.19673,1.19562,1.46088,1.88949,1.97323,1.8427,1.80909,1.88316
2.06314,1.90639,1.61479,1.27924,0.914671,0.560496,0.32397,0.162359,-0.00427583,-0.119439,-0.226757,-0.322861,-0.411047,-0.466119,-0.44988,-0.360593,-0.194023,0.0187245,0.222084,0.471565,0.675811,1.11263,1.29688,1.48664,1.43932,1.33775,1.17847,0.955441,0.869461,0.843304,0.93234,1.11843,1.42373,1.72189,1.95988,2.07198,1.82248,2.00176,1.97002,1.93658,1.972,2.2641,2.14932,2.3675,2.13449,2.16061,2.10424,2.09851,2.3703,2.42903,2.32854,1.62097,1.72902,1.41181,1.55933,1.44506,1.65741,1.7779,1.71388,1.80417,1.79433,2.04904,2.40309,2.42006,2.55828,2.39339
2.20348,1.98728,1.69636,1.34271,0.883835,0.477743,0.216333,0.0203719,-0.0508801,-0.0781678,-0.135908,-0.228636,-0.305525,-0.28304,-0.148814,0.0604982,0.313383,0.581289,0.855929,1.14706,1.43412,1.65679,1.57549,1.50156,1.19712,1.07488,0.810676,0.741296,0.673786,0.687449,0.850818,1.16686,1.58926,2.02177,2.33367,2.2035,2.15657,2.18191,2.28662,2.48444,2.59316,2.96874,3.05734,3.13502,3.014,3.10166,2.93874,3.00416,2.9659,2.56988,2.351,1.91874,2.10944,2.05672,2.28601,2.1065,2.22115,2.41474,2.32157,2.45904,2.52816,2.44544,2.60542,2.94744,3.1784,2.78188
2.02442,1.85677,1.63238,1.22124,0.723255,0.371722,0.116407,-0.0405821,-0.0619852,-0.0525486,-0.0630987,-0.0647374,0.0153265,0.208333,0.453507,0.707789,0.935644,1.06809,1.27327,1.44108,1.44601,1.20066,1.13978,1.1165,1.27127,1.44939,1.44504,0.893738,1.29171,1.98431,2.43586,2.43681,2.46067,2.45077,2.41516,2.27666,2.34627,2.47455,2.72887,2.97073,3.18299,3.328,3.53736,3.4791,3.69882,3.60365,3.5946,3.13116,2.85525,2.44611,2.45827,2.26266,2.56718,2.66064,2.62446,2.63256,2.92964,2.64389,2.87018,2.68527,3.26152,3.02466,2.98186,3.44028,3.27438,3.20695
1.78036,1.60513,1.37959,1.07598,0.777059,0.47197,0.128007,-0.0357591,-0.0119804,0.0910825,0.240241,0.446851,0.731281,0.992029,1.12051,1.15439,1.10872,1.02577,0.966602,0.858949,0.525669,0.29874,0.641797,0.798743,1.38196,1.52619,2.28951,2.01625,1.76426,2.27915,3.32664,3.77023,3.46812,3.08432,2.73789,2.70913,2.83816,3.10611,3.36314,3.49627,3.52119,3.4091,3.66257,3.74533,3.79961,3.85654,3.59434,3.16383,2.79035,2.70951,2.53796,2.41243,2.83762,2.77791,2.84729,2.89636,3.1208,2.79762,3.09967,2.73217,3.28582,3.36097,3.69373,3.59417,3.3204,3.56178
1.54766,1.33333,1.18013,1.17401,1.17037,0.844053,0.429028,0.342039,0.511027,0.750003,0.997528,1.2303,1.30224,1.14846,0.902126,0.656071,0.547987,0.454498,0.43994,0.0392664,-0.117001,0.261495,1.2273,2.03944,2.52412,2.58909,2.50832,2.9469,2.57897,2.62508,3.12064,3.15735,2.48396,2.29765,2.59205,3.11366,3.69125,4.04383,4.09218,3.97967,3.83376,3.78294,3.86018,3.76816,3.88375,3.87439,3.40575,3.25088,3.07528,3.04569,2.59993,2.7868,2.80717,2.9356,3.28975,3.0569,2.9968,3.13169,3.05065,2.75465,3.1163,3.50184,3.71307,3.49033,3.68596,3.7059
