uploads/wind/20200723/wind_field_09.json
{"header": {"parameterUnit": "m.s-1", "parameterNumber": 3, "dx":  0.051, "dy": 0.036, "parameterNumberName": "northward_wind", "la1": 45.3082, "parameterCategory": 2,"nx": 177, "ny": 123, "refTime": "2018-10-03 01:00:00", "lo1":1.38177}, "data":
[rows 56 to 83 of 123, columns 0 to 63 of 177]
-1.26975,-0.665052,-0.406389,-0.46751,-1.10623,-1.03192,-1.35097,-1.22053,-1.11553,-0.604165,-1.06992,-1.38226,-2.18044,-2.33119,-2.61443,-3.4097,-3.3213,-3.38472,-3.54133,-4.07402,-4.59083,-4.72141,-4.34371,-4.20611,-3.69898,-3.31613,-3.67379,-4.77188,-4.35878,-2.32349,-0.0262165,-0.891573,-0.908608,-0.979487,-1.17828,-1.47991,-1.39391,-1.16925,-0.742245,-0.670921,-0.91315,-1.27201,-1.44779,-1.25875,-0.793727,-0.629642,-0.760675,-0.763707,-0.682194,-0.561965,-0.378133,-0.178357,-0.00242366,0.125171,0.245818,0.370665,0.507675,0.688418,0.921843,1.12121,1.18116,1.06649,0.801977,0.446027
-1.28098,-0.799258,-0.524499,-0.507679,-0.902662,-0.769144,-1.53705,-1.56824,-1.13639,-1.67285,-1.77427,-2.42867,-2.64312,-2.20215,-2.17539,-2.42231,-2.71002,-2.94836,-3.04291,-3.06885,-3.88614,-4.19242,-4.08932,-3.71555,-3.24919,-2.80199,-2.83912,-3.97137,-3.83254,-2.12297,0.578472,-0.175844,0.105205,0.228413,0.0416785,-0.369449,-0.512916,-0.417241,-0.0669723,0.0449558,-0.371944,-0.929115,-1.34812,-1.41836,-1.03386,-0.57206,-0.436872,-0.405735,-0.303637,-0.163239,0.0240312,0.276199,0.56037,0.751619,0.806833,0.785016,0.79809,0.91527,1.09562,1.22535,1.2193,1.0707,0.820063,0.536948
-0.988244,-1.26129,-1.02216,-1.10362,-1.10764,-1.54132,-2.09184,-2.00283,-2.13623,-2.49163,-2.97292,-3.25601,-3.67664,-3.82629,-2.80823,-2.94891,-2.92952,-2.9743,-2.7144,-2.60159,-2.80502,-3.5241,-4.05841,-4.11357,-3.65185,-2.82193,-2.6562,-2.98072,-2.75355,-1.17946,0.743234,0.655071,0.942347,1.4316,1.20623,0.668285,0.320807,0.423034,0.8087,0.977985,0.521495,-0.264926,-0.984149,-1.40954,-1.31361,-0.808182,-0.283672,-0.0282264,0.168011,0.360726,0.512808,0.649948,0.813171,0.964762,1.02045,0.995698,0.977839,1.02604,1.09474,1.10677,1.02437,0.879144,0.721111,0.606239
-1.47037,-1.38364,-1.65357,-1.50155,-1.46069,-1.77888,-2.36293,-2.02593,-2.51964,-3.09874,-2.76388,-3.20633,-3.51553,-3.56532,-3.43783,-2.97935,-3.00541,-2.84025,-2.38637,-1.96185,-1.69953,-1.84876,-2.22059,-2.42152,-2.20867,-2.29837,-1.99687,-1.72247,-1.69698,0.655578,0.31969,1.15723,1.54748,2.12587,2.18333,1.7549,1.14427,1.18154,1.5218,1.75449,1.34557,0.550251,-0.29108,-0.975826,-1.31264,-1.16459,-0.617189,-0.0731405,0.294936,0.570869,0.723029,0.773556,0.77093,0.826141,0.883818,0.88507,0.872784,0.88443,0.893628,0.861586,0.784287,0.703257,0.674893,0.734908
-1.28692,-1.73217,-1.76866,-1.77611,-1.30447,-1.58937,-1.89162,-1.89021,-2.26221,-2.50991,-2.83976,-3.06104,-3.18605,-2.61342,-1.87731,-1.89869,-2.00345,-1.50896,-0.744412,-0.288026,-0.0397141,0.182429,0.0683097,-0.332703,-0.651573,-0.938739,-1.07747,-1.03035,-1.56464,0.226497,0.261287,0.244374,1.26742,2.15645,2.31322,2.27554,1.95231,1.63711,1.84679,2.16525,1.95962,1.3703,0.650859,-0.0856194,-0.752919,-1.11824,-1.02454,-0.630744,-0.246065,0.0638544,0.240183,0.314348,0.358478,0.432,0.543709,0.542529,0.418596,0.303116,0.266068,0.305202,0.403212,0.522157,0.660123,0.842256
-1.61041,-1.85198,-1.82133,-1.74556,-1.53525,-1.36533,-1.64625,-1.93528,-2.06094,-2.56732,-2.54926,-3.03736,-3.04242,-2.02129,-1.21603,-0.857384,-0.0175854,0.678282,0.582752,0.356346,0.318633,0.271637,0.124639,-0.152787,-0.400615,-0.687802,-1.2466,-1.42509,-1.41621,-1.3119,-1.33275,-0.694967,0.362904,1.95754,2.52207,2.39976,2.32099,2.01056,1.93014,2.34301,2.53318,2.31582,1.80989,1.14992,0.389866,-0.305791,-0.734394,-0.824068,-0.71869,-0.528527,-0.348862,-0.2186,-0.103796,-0.0540841,0.0445508,0.180335,0.127143,-0.108788,-0.267294,-0.166043,0.0765224,0.386931,0.704339,0.889007
-1.6589,-1.70414,-1.68144,-1.6159,-1.76943,-1.66434,-1.91309,-1.8874,-2.17144,-2.22964,-2.6017,-3.29346,-3.31498,-2.55198,-1.56243,-0.605586,0.512413,0.822226,0.565332,0.0959004,0.0386358,0.0801938,0.0939703,0.044402,-0.140908,-0.505868,-0.692204,-0.890422,-0.99491,-1.03326,-1.06616,-0.893778,-0.645188,0.285101,2.04754,2.83092,2.51087,2.31274,2.19104,2.45779,2.74796,3.00038,2.893,2.44385,1.81321,1.04737,0.323153,-0.179043,-0.42422,-0.44179,-0.346495,-0.274554,-0.197522,-0.16436,-0.177081,-0.0457123,0.163823,0.142204,-0.0620687,-0.108931,0.0836634,0.40561,0.711775,0.963651
-1.34672,-1.30428,-1.28375,-1.30835,-1.42385,-1.54431,-1.72203,-1.91901,-2.20298,-2.46844,-3.13113,-3.53009,-2.9413,-2.25759,-1.37603,-0.17405,0.837565,1.20866,1.39502,1.61342,1.4769,1.19839,0.844925,0.409791,0.0261978,-0.182441,-0.224245,-0.357714,-0.314225,-0.0624149,0.266398,0.151894,0.0488453,-0.21579,1.06375,2.8977,3.02169,2.51884,2.0372,1.94326,2.46603,2.99165,3.22758,3.1662,2.83949,2.29522,1.56506,0.893349,0.407891,0.135473,0.0400939,0.0180096,0.0172172,0.0649885,0.0562328,0.00507173,0.0776315,0.203671,0.210464,0.183405,0.250017,0.413553,0.635831,0.927283
-0.440589,-0.422437,-0.495384,-0.640481,-0.79208,-1.16512,-1.51869,-1.98492,-2.35144,-2.87345,-3.33326,-2.98298,-2.30585,-1.98691,-1.23408,0.339863,1.73691,2.25095,2.42823,2.20452,1.85887,1.40861,1.04029,0.740941,0.588185,0.794777,0.843665,0.877753,0.721635,0.644026,0.730567,0.956255,0.538688,0.64935,0.251089,1.15273,2.9632,2.59449,1.6825,1.35119,1.73566,2.18881,2.78654,2.97538,2.97288,2.74854,2.32861,1.78281,1.27689,0.825032,0.483499,0.253507,0.105865,0.0976685,0.193362,0.229438,0.175556,0.238877,0.330182,0.291038,0.181446,0.247885,0.425227,0.705763
0.731915,0.66232,0.394321,0.0275441,-0.449091,-0.923087,-1.49657,-1.98282,-2.50836,-3.03631,-3.13725,-3.0787,-3.02422,-3.00044,-2.14851,0.396358,2.66476,3.30584,2.9961,2.53533,1.8767,1.38866,1.21331,1.26356,1.26024,1.41833,1.64571,1.69422,1.45608,1.23591,0.938524,0.86352,0.745694,0.483306,0.37903,-0.135983,1.20102,2.41382,3.01062,3.14367,2.31492,2.23163,2.29353,2.64168,2.74903,2.75062,2.59167,2.24384,1.78258,1.32505,0.885316,0.512179,0.286115,0.234325,0.343973,0.374766,0.4072,0.400155,0.360793,0.219216,0.202728,0.255429,0.471739,0.915923
1.84102,1.56789,1.13965,0.577439,-0.00958222,-0.605077,-1.19482,-1.75892,-2.45916,-3.03117,-3.38468,-3.68425,-3.64294,-3.65933,-3.12971,-1.51465,0.343568,1.76286,2.8394,2.63347,2.09872,1.82648,1.74627,2.08339,2.18473,2.1438,2.43673,2.82206,2.71174,2.18017,1.82629,1.62488,1.20359,0.653287,0.00718979,0.178373,-0.799662,0.165118,1.63649,1.78828,2.80105,2.40269,2.30883,2.46258,2.82514,2.87719,2.76988,2.46537,2.08538,1.66071,1.27622,1.00482,0.842003,0.792634,0.776143,0.651812,0.605985,0.721279,0.604541,0.52142,0.0896681,0.942967,1.21591,1.33543
2.8756,2.2639,1.68146,0.933177,0.26608,-0.398333,-1.05967,-1.69915,-2.45971,-3.28675,-3.94585,-4.63644,-4.76609,-4.88083,-4.46588,-2.82353,-2.40575,-1.45399,-0.0343608,0.802684,0.446248,0.219877,0.133254,0.715617,0.754985,0.840356,1.67068,3.07532,3.62742,3.16822,2.39972,1.68213,0.918029,0.0140679,-0.198281,-0.292103,0.228443,-0.199249,0.246065,0.771105,1.54338,0.15526,2.46126,2.14555,2.61881,2.89013,2.87119,2.73489,2.39972,2.10164,1.80761,1.65307,1.5985,1.44222,1.29409,1.09692,1.43783,1.33136,1.23059,1.10945,0.655278,-0.105214,0.441179,1.26857
3.50965,2.73881,2.03098,1.17417,0.43921,-0.319587,-1.03298,-1.67595,-2.53961,-3.69734,-4.7838,-5.50464,-6.35096,-6.27622,-6.11289,-5.65449,-5.87164,-5.77803,-5.10527,-4.743,-4.50139,-4.28912,-3.83977,-3.10638,-3.28298,-2.69788,-1.81135,0.557085,2.56993,2.69244,2.31706,1.86881,1.2777,0.748203,0.63221,0.663723,0.703048,0.749902,0.78158,0.825656,1.6117,2.00163,2.62846,2.50135,1.98922,2.43887,3.04253,2.89282,2.89853,2.70503,2.49479,2.28144,2.09576,2.03827,1.80529,1.0989,1.61599,2.35422,2.214,1.83762,1.77469,-0.757505,-0.0225327,0.501357
3.65613,2.89003,2.2401,1.44104,0.583068,-0.235416,-1.07831,-1.71368,-2.62529,-3.97887,-4.78437,-5.90584,-6.91519,-8.0638,-8.62331,-8.29346,-8.0051,-7.67053,-7.01432,-6.33241,-5.96227,-5.72715,-5.53154,-4.76221,-4.98786,-4.99294,-4.2582,-0.95901,2.35687,2.31487,1.55606,1.0948,0.728975,0.594488,0.832771,0.896701,1.0366,1.00966,1.39226,1.22012,1.75367,2.83159,3.22291,2.84817,3.40417,3.46183,3.23524,3.51601,3.39764,3.25084,3.06808,2.86651,2.76309,2.58741,2.27045,1.20054,0.370325,0.946779,2.69299,2.65222,2.28288,1.31286,1.02397,0.84008
2.99465,2.68824,2.32243,1.68945,0.916758,0.0478467,-0.894379,-1.61315,-2.44476,-3.24908,-3.311,-4.07841,-4.95394,-5.28155,-5.28209,-5.66018,-5.15168,-4.58111,-3.95302,-3.67565,-3.24898,-4.0568,-4.94475,-4.84736,-3.96561,-3.09402,-3.06916,-2.17122,2.2284,1.85881,1.09993,0.900188,1.47676,1.55057,1.28079,0.929308,1.03514,1.3463,1.06408,1.4914,2.16644,3.383,3.14645,2.92111,3.32896,3.06107,3.58337,3.63908,3.84981,3.72499,3.41749,3.23026,3.05447,3.15024,2.37504,1.48788,0.0274367,0.167974,2.60357,2.832,2.81452,2.46712,0.598536,0.058428
2.27318,2.40138,2.2451,1.83798,1.21496,0.464058,-0.451705,-1.21767,-1.88276,-2.15818,-1.78811,-2.15703,-2.28045,-2.77041,-3.35384,-3.55719,-3.67374,-3.41847,-3.51712,-3.33821,-3.56639,-4.64198,-5.51373,-5.79124,-4.32352,-1.94337,-1.3745,-2.50106,0.600523,2.13059,1.97144,2.01283,2.18241,1.93636,1.37362,0.809366,0.565599,1.47795,2.12418,2.30895,2.33878,3.68762,3.99946,3.92629,3.53592,3.80742,4.63234,3.46169,3.43332,3.30255,3.76092,3.60168,2.67034,2.66154,2.35356,2.19711,1.78294,1.89221,1.90045,3.93203,3.28596,3.26813,2.29194,0.833107
1.99149,2.26448,2.14224,1.81448,1.40461,0.860587,0.204833,-0.445412,-0.903737,-1.10992,-0.943784,-0.895735,-1.34514,-1.47851,-1.816,-2.01429,-2.06557,-2.06057,-2.4646,-3.128,-4.10648,-4.76565,-4.88973,-5.18466,-5.26332,-3.99098,-2.77466,-1.25218,0.778005,2.00395,1.64987,-0.126006,-1.32446,-1.38294,-0.854248,-0.782119,-1.30769,-0.643271,2.17989,3.91285,3.29733,3.47685,4.58497,3.45973,3.9035,3.93955,4.25607,4.56339,3.93966,3.76522,3.66685,3.28078,2.66107,3.03161,2.5623,2.33139,2.27865,1.17645,1.15253,2.68602,3.84725,2.91247,1.7608,0.528688
2.08522,2.3148,2.18264,1.80435,1.4461,1.08022,0.694798,0.220938,-0.172454,-0.431513,-0.380392,-0.79339,-1.04889,-1.18447,-1.49248,-1.44155,-1.16838,-1.09436,-2.2864,-3.52941,-4.30692,-4.10858,-3.3715,-3.16581,-3.52161,-4.67009,-5.12935,-3.45477,-1.24523,-0.642461,-0.267305,-2.1468,-4.06859,-4.98602,-4.05342,-3.54243,-4.69421,-4.5432,-0.594099,4.29507,4.57893,3.35484,3.46595,3.99786,4.21692,4.01889,3.68956,4.20399,3.15599,2.96986,4.20941,1.20596,2.97119,2.75801,2.1075,2.57262,2.52582,1.77542,1.27632,1.85331,1.74724,1.14493,0.468152,-0.0535026
2.80842,2.44571,2.31404,1.97854,1.73919,1.35975,1.16698,0.965913,0.510317,0.0833523,-0.11456,-0.075787,-0.297638,-0.557602,-1.10594,-1.58017,-1.86206,-1.83911,-2.10855,-3.0921,-3.67537,-3.70131,-3.31009,-2.97325,-2.88532,-3.80733,-5.95196,-7.20049,-6.69846,-6.42047,-4.84955,-3.99395,-3.92716,-5.26658,-6.74124,-5.54943,-4.88667,-4.14923,-1.7524,3.03415,4.28242,3.27367,2.60479,3.60628,4.33024,3.27234,3.61934,3.36242,3.39984,3.42423,3.8095,3.48546,2.99405,3.11637,2.93589,2.12604,2.0294,1.71421,1.50187,1.26362,1.51629,1.25141,0.86068,0.456346
3.04627,2.45663,2.3192,2.04028,1.86689,1.47457,1.29628,1.20787,1.14459,1.10327,1.07373,0.97084,0.936757,0.79972,0.373854,-0.348427,-0.894564,-1.5076,-2.16928,-2.66457,-3.28623,-4.00151,-4.51865,-4.7128,-4.18045,-4.57635,-4.69595,-5.79783,-6.29389,-7.04644,-7.39978,-7.12041,-6.02793,-5.83218,-7.04976,-7.00333,-4.63795,-2.47766,0.394004,2.29513,2.81005,2.5169,2.53373,3.91888,3.99975,3.35259,3.02189,3.10894,2.85417,3.03274,3.48067,3.27608,2.50958,2.34862,1.93855,1.4222,1.43326,2.38649,1.6341,0.811843,0.830993,0.645653,0.299053,0.423888
3.31379,2.49067,2.24938,1.94621,1.75383,1.40333,1.42576,1.45696,1.52336,1.79197,1.76621,1.33815,1.06358,0.513869,0.0666534,-0.265851,-0.303765,-0.681444,-1.35429,-2.0635,-2.64489,-3.05395,-3.80312,-4.44763,-5.44921,-6.09505,-5.48492,-3.98455,-4.51079,-5.68304,-6.40847,-7.04004,-6.72095,-6.22337,-6.65742,-6.44952,-4.83409,-2.45743,1.21819,2.41593,2.84415,3.23318,2.7692,2.81063,3.35654,2.66762,2.75755,2.58702,2.82285,3.10852,2.8739,2.80304,2.36236,1.99108,1.53431,1.48125,1.3433,1.61078,2.06424,2.06737,1.68322,1.53304,1.60074,1.30889
3.50866,2.51743,2.13636,1.84165,1.59552,1.37831,1.53736,1.82691,2.14413,2.22957,2.00776,1.90404,1.49527,1.21127,1.00926,0.464147,-0.058236,-0.201996,-1.00641,-1.09154,-1.03368,-0.849696,-1.15119,-2.4677,-3.18321,-4.53902,-5.46442,-5.20968,-5.15428,-5.8891,-6.08023,-6.02336,-5.9874,-5.97232,-5.28969,-6.01046,-4.39396,-2.2383,1.24987,2.91889,3.92007,4.24634,2.42878,1.66837,2.78884,2.72869,2.50305,2.61717,3.11964,3.10151,3.35642,3.25112,2.60366,2.32892,1.90006,1.85635,1.8029,1.0514,1.06782,1.95438,1.63326,1.59776,1.39289,1.60901
2.80367,2.48291,2.09942,1.85073,1.72793,1.69055,1.7109,1.88089,2.0696,2.10511,2.02301,1.79584,1.58761,1.70134,1.5006,0.731631,0.0553554,-0.884178,-1.91428,-1.68627,-0.633572,1.22221,0.83365,-0.586821,-1.74556,-2.64343,-4.35323,-4.76477,-4.76809,-4.64195,-5.16577,-6.17565,-6.48669,-6.11661,-5.80485,-5.61569,-4.91813,-3.94916,-1.16145,-0.506017,-0.344187,0.202375,-0.691557,-1.37492,1.75856,2.71693,2.38518,2.51714,3.02079,3.32602,3.54145,3.25759,2.84049,2.72487,2.64418,2.22911,1.94374,1.50886,0.717105,0.875406,1.77002,1.66614,1.22447,1.09795
2.79939,2.50809,2.22358,1.99449,1.82151,1.91333,1.76624,1.65437,1.59942,1.63074,1.9402,2.05912,2.03658,1.76581,1.50383,0.687278,-0.7066,-2.27127,-3.63841,-3.30344,-1.8285,0.139568,0.474553,0.0226189,-0.886752,-2.17554,-3.2354,-4.09069,-3.69916,-3.29399,-3.72448,-5.14635,-5.53633,-6.01029,-5.57189,-5.32533,-5.11864,-5.29828,-4.31981,-3.70571,-3.62303,-3.65419,-3.01659,-1.83588,0.0917566,3.0446,2.30063,2.68413,2.69831,2.52565,2.84885,3.08679,3.03015,2.86862,2.83277,2.53231,2.43775,1.65063,1.05949,1.0043,0.997551,1.13931,0.859127,0.638772
2.84996,2.60841,2.45132,2.39131,2.23612,2.30513,1.9976,1.80519,1.6945,1.67968,1.96226,2.16722,2.0117,1.81403,1.31209,0.0286961,-2.01997,-3.44274,-4.7023,-4.26014,-4.68046,-4.25863,-1.87484,0.256708,-0.334698,-1.94252,-2.99795,-3.06743,-2.59294,-1.8716,-2.31186,-3.45287,-4.0479,-3.78303,-4.34561,-4.2113,-4.41136,-5.29855,-5.19702,-3.87526,-3.80285,-4.31908,-2.4064,-0.282873,0.900768,2.5941,2.56825,2.87964,3.24206,3.10307,3.23943,3.34036,3.17899,3.01162,3.04016,2.79579,2.56676,2.34943,1.86439,1.36239,1.84007,1.7243,1.36474,1.63267
3.23063,3.07963,3.08631,3.0147,2.81592,2.60402,2.24707,1.95988,1.77631,1.8695,2.02834,2.04849,1.9223,1.36252,0.550329,-1.60765,-3.72347,-5.13668,-5.81928,-6.26856,-5.52881,-5.44889,-3.71171,-2.44586,-2.33917,-3.50109,-3.56266,-3.97329,-3.48922,-3.36563,-3.82112,-4.15034,-3.74141,-3.61081,-2.81161,-3.4391,-4.01981,-4.3748,-4.6237,-4.52065,-4.07115,-4.09309,-1.72133,0.432262,1.27829,2.38061,2.38878,2.98821,3.39852,3.04516,3.98352,3.55569,3.5034,3.56096,3.36689,2.99936,3.00396,2.57527,2.40258,1.8706,1.44544,1.40535,2.08864,2.09079
4.38952,4.00691,3.99908,3.87533,3.48199,3.16478,2.35818,1.57938,1.04054,1.05075,0.93932,0.948466,0.75873,0.101055,-1.01618,-2.60034,-3.23115,-5.00467,-5.85296,-5.68069,-5.01906,-4.83208,-4.72115,-5.5429,-4.91945,-4.64501,-5.94805,-4.76605,-4.07393,-4.71797,-5.18541,-4.69741,-4.23453,-3.40954,-2.63395,-3.85158,-3.97603,-4.12284,-4.44648,-4.77036,-4.21325,-3.40017,-0.252838,1.37201,2.10327,2.20793,1.87231,2.27691,2.31545,3.24146,4.26264,3.44735,3.45589,3.00692,3.50227,3.37546,3.23106,2.88129,2.70596,2.57833,2.21012,2.34246,2.63479,2.58875
5.16934,4.97612,4.89679,4.6141,4.00614,3.41152,2.74139,1.69202,0.715272,0.0698968,-0.283377,-0.219853,0.609644,-0.0675317,-2.08444,-5.69071,-6.55847,-6.75091,-6.39162,-7.85326,-7.40573,-7.83395,-6.97145,-6.78688,-6.13109,-6.26813,-7.41962,-5.93115,-4.15874,-4.38449,-4.14132,-3.59988,-2.98968,-3.20334,-3.14092,-3.64107,-3.27067,-3.76682,-3.94694,-4.62938,-3.20078,-1.6547,0.758676,2.02343,2.40694,2.51683,1.77249,1.82044,2.13908,2.71048,3.6199,3.31587,3.48008,3.05547,3.34333,3.56597,3.76919,3.39991,3.54166,3.28977,2.96031,3.35429,2.54391,3.07616
