uploads/wind/20200723/wind_field_12.json
{"header": {"parameterUnit": "m.s-1", "parameterNumber": 2, "dx": 0.051, "dy": 0.036, "parameterNumberName": "eastward_wind", "la1": 45.3082, "parameterCategory": 2,"nx": 177, "ny": 123, "refTime": "2018-09-30 00:00:00", "lo1":1.38177}, "data":
[rows 0 to 28 of 123, columns 0 to 63 of 177]
-4.06754,-3.73712,-3.4494,-3.29775,-3.28933,-3.36302,-3.44854,-3.54696,-3.64583,-3.73819,-3.81034,-3.85435,-3.85202,-3.79858,-3.72599,-3.61033,-3.43199,-3.22627,-3.0133,-2.79572,-2.61646,-2.54089,-2.5385,-2.5417,-2.56513,-2.61917,-2.68186,-2.75099,-2.8207,-2.87858,-2.91059,-2.91885,-2.90286,-2.86137,-2.79615,-2.71707,-2.63389,-2.54959,-2.4592,-2.35782,-2.24903,-2.14097,-2.039,-1.94659,-1.86557,-1.78984,-1.71591,-1.65534,-1.62578,-1.61705,-1.60719,-1.59832,-1.60001,-1.60488,-1.59125,-1.55254,-1.50163,-1.44727,-1.3871,-1.33474,-1.30134,-1.28698,-1.2733,-1.24021
-4.09913,-4.2137,-3.94061,-3.51038,-3.15072,-3.08396,-3.10737,-3.40316,-3.65605,-3.48346,-3.31245,-3.34716,-3.36581,-3.35756,-3.33463,-3.24343,-3.06461,-2.85927,-2.67039,-2.50519,-2.37743,-2.32411,-2.32326,-2.32898,-2.37517,-2.46729,-2.56558,-2.65521,-2.72906,-2.77904,-2.78683,-2.7648,-2.72681,-2.67277,-2.60468,-2.52431,-2.43778,-2.34742,-2.25276,-2.14651,-2.03791,-1.94794,-1.87984,-1.81157,-1.74415,-1.69469,-1.65471,-1.63132,-1.62932,-1.64073,-1.65233,-1.65471,-1.65604,-1.65127,-1.62046,-1.56173,-1.48984,-1.41464,-1.33173,-1.26011,-1.21389,-1.19583,-1.18836,-1.16905
-4.11602,-3.97999,-3.47582,-3.28505,-3.13319,-2.99907,-2.91431,-2.95558,-3.01183,-3.02356,-3.03028,-3.05452,-3.08141,-3.10105,-3.09969,-3.02536,-2.9043,-2.78858,-2.65327,-2.49921,-2.37275,-2.31529,-2.28679,-2.27173,-2.31762,-2.42379,-2.52051,-2.58938,-2.64352,-2.65851,-2.63592,-2.58787,-2.53741,-2.48485,-2.42756,-2.35694,-2.27336,-2.18276,-2.08509,-1.98045,-1.87429,-1.78483,-1.72176,-1.67352,-1.63114,-1.61269,-1.61405,-1.62821,-1.65542,-1.68867,-1.71244,-1.71636,-1.7028,-1.6687,-1.62157,-1.55579,-1.4696,-1.37602,-1.27631,-1.19298,-1.13776,-1.11225,-1.10077,-1.08991
-4.01416,-3.849,-3.45811,-3.31822,-3.16127,-2.99332,-2.8512,-2.80169,-2.80769,-2.82725,-2.86177,-2.9097,-2.96795,-3.02144,-3.03486,-2.9908,-2.90407,-2.79855,-2.66847,-2.51794,-2.39055,-2.31765,-2.27609,-2.26535,-2.31837,-2.42314,-2.52459,-2.57073,-2.55659,-2.50448,-2.43315,-2.35422,-2.30421,-2.29412,-2.29003,-2.25048,-2.17527,-2.07795,-1.96361,-1.84048,-1.7209,-1.62652,-1.56762,-1.54126,-1.53212,-1.5478,-1.59634,-1.65256,-1.70988,-1.76181,-1.7825,-1.77273,-1.72917,-1.66889,-1.60366,-1.51772,-1.42119,-1.32112,-1.21915,-1.13267,-1.06804,-1.02183,-0.99257,-0.983758
-4.2314,-4.14183,-3.65493,-3.45897,-3.24542,-3.02259,-2.84266,-2.73139,-2.69294,-2.69357,-2.72446,-2.75956,-2.81296,-2.89094,-2.94349,-2.94265,-2.90117,-2.83398,-2.73703,-2.58956,-2.41308,-2.25819,-2.17955,-2.21219,-2.30436,-2.38729,-2.45622,-2.48979,-2.44823,-2.34019,-2.20869,-2.09593,-2.07363,-2.16007,-2.21857,-2.14597,-2.03154,-1.94551,-1.84063,-1.70573,-1.57605,-1.48015,-1.42639,-1.4095,-1.42141,-1.46346,-1.53024,-1.60396,-1.67786,-1.73924,-1.7597,-1.7432,-1.70425,-1.63638,-1.53931,-1.43407,-1.34398,-1.26547,-1.17902,-1.08503,-0.997404,-0.937542,-0.915387,-0.916814
-4.45379,-4.35535,-4.08496,-3.54239,-3.28472,-3.07731,-2.89277,-2.75276,-2.69351,-2.69831,-2.75875,-2.83329,-2.90939,-2.97357,-2.98931,-2.9502,-2.88145,-2.80905,-2.74944,-2.69694,-2.62331,-2.49494,-2.34494,-2.28954,-2.37781,-2.50813,-2.57976,-2.59804,-2.57476,-2.49344,-2.36092,-2.21204,-2.10677,-2.08123,-2.08673,-2.04529,-1.95486,-1.85847,-1.7463,-1.61611,-1.48462,-1.38087,-1.334,-1.31607,-1.32863,-1.39534,-1.48854,-1.59049,-1.69335,-1.75942,-1.77714,-1.76668,-1.73824,-1.67786,-1.58319,-1.48619,-1.41064,-1.34432,-1.25498,-1.13266,-1.00007,-0.894996,-0.839247,-0.823818
-4.57045,-3.77897,-4.24365,-3.73886,-3.36601,-3.11707,-2.94319,-2.8497,-2.81368,-2.82616,-2.88688,-2.99055,-3.09403,-3.16513,-3.16963,-3.10361,-2.97507,-2.82258,-2.66366,-2.54153,-2.4846,-2.42981,-2.31593,-2.19325,-2.18965,-2.32157,-2.46312,-2.51737,-2.48199,-2.39846,-2.31529,-2.24511,-2.17048,-2.09348,-2.02322,-1.96353,-1.91284,-1.83748,-1.72018,-1.59202,-1.45584,-1.3358,-1.26283,-1.21884,-1.21444,-1.27713,-1.39465,-1.52911,-1.64483,-1.6943,-1.67702,-1.64416,-1.60869,-1.5479,-1.47152,-1.41983,-1.39445,-1.36147,-1.29866,-1.19545,-1.05333,-0.908379,-0.804784,-0.760058
-6.02918,-5.55294,-4.68638,-3.84176,-3.44634,-3.12989,-2.8566,-2.7938,-2.79889,-2.85982,-2.95453,-3.07744,-3.18471,-3.24928,-3.25602,-3.19072,-3.04812,-2.84739,-2.63311,-2.44643,-2.29823,-2.18218,-2.07403,-1.98852,-1.99354,-2.11886,-2.2938,-2.39759,-2.40497,-2.35746,-2.27737,-2.17041,-2.05784,-1.9691,-1.89899,-1.80299,-1.68955,-1.61373,-1.5589,-1.47009,-1.36913,-1.28521,-1.20182,-1.11189,-1.04883,-1.05894,-1.17337,-1.36837,-1.52738,-1.5702,-1.52856,-1.47357,-1.41819,-1.34293,-1.27607,-1.25972,-1.27645,-1.27769,-1.24167,-1.18095,-1.09613,-0.978625,-0.859501,-0.77364
-5.63489,-5.54781,-5.2104,-4.37758,-3.45568,-3.0678,-2.72327,-2.67173,-2.77599,-2.90316,-3.06644,-3.21607,-3.31605,-3.35694,-3.35892,-3.2775,-3.116,-2.91811,-2.73176,-2.57836,-2.45019,-2.31968,-2.19554,-2.12352,-2.14878,-2.27623,-2.42618,-2.50335,-2.49015,-2.41198,-2.28256,-2.1272,-1.98267,-1.85549,-1.7222,-1.56426,-1.41474,-1.32927,-1.30344,-1.2766,-1.22278,-1.16983,-1.12574,-1.07777,-1.03352,-1.02601,-1.09335,-1.22457,-1.33331,-1.35598,-1.31735,-1.26861,-1.22065,-1.16763,-1.13055,-1.13296,-1.16651,-1.19041,-1.16524,-1.11087,-1.05716,-0.992462,-0.903687,-0.801379
-5.25678,-3.81907,-4.73394,-5.22039,-4.06292,-2.95787,-2.76625,-2.61236,-2.75308,-2.84196,-3.01224,-3.18928,-3.31456,-3.31754,-3.29958,-3.23351,-3.10556,-2.94565,-2.77375,-2.64678,-2.56083,-2.46177,-2.37113,-2.32647,-2.34048,-2.41839,-2.50501,-2.53414,-2.49522,-2.39427,-2.24244,-2.07746,-1.93637,-1.81552,-1.67663,-1.48476,-1.27438,-1.12623,-1.06954,-1.04362,-1.00687,-0.973259,-0.946124,-0.924598,-0.943318,-1.0091,-1.09004,-1.16559,-1.20538,-1.18798,-1.11789,-1.0425,-1.01134,-1.0257,-1.05542,-1.09701,-1.13936,-1.14889,-1.10951,-1.03673,-0.962129,-0.904724,-0.853136,-0.783456
-3.60657,-4.2338,-4.76058,-4.21956,-4.70671,-3.30053,-3.26278,-3.35519,-3.10907,-2.75998,-2.82249,-3.10589,-3.3021,-3.3153,-3.2317,-3.18186,-3.14382,-3.10295,-3.19522,-3.2083,-3.0403,-2.92465,-2.7696,-2.58853,-2.55326,-2.56621,-2.56945,-2.53772,-2.46786,-2.36516,-2.2034,-2.00009,-1.81712,-1.69281,-1.58894,-1.44849,-1.26957,-1.09188,-0.958913,-0.864212,-0.786066,-0.728989,-0.679015,-0.625364,-0.639059,-0.763886,-0.902956,-0.99897,-1.0783,-1.08802,-1.00552,-0.91355,-0.887517,-0.930677,-0.997254,-1.0654,-1.11541,-1.11175,-1.04207,-0.942992,-0.856525,-0.793786,-0.739999,-0.681445
-2.22331,-2.8449,-4.32141,-3.71795,-3.85016,-3.53838,-3.06171,-3.54067,-4.14582,-4.89681,-2.55241,-2.9055,-3.43328,-3.44949,-3.66894,-3.62915,-3.58822,-3.81588,-4.60955,-4.67045,-4.39545,-4.57538,-3.86251,-2.97401,-2.83429,-2.75051,-2.71164,-2.63862,-2.5295,-2.41619,-2.24469,-2.00844,-1.74572,-1.5333,-1.41817,-1.33874,-1.22437,-1.07915,-0.930148,-0.783364,-0.644181,-0.528342,-0.445784,-0.36318,-0.279674,-0.294498,-0.462112,-0.71467,-0.959703,-1.08836,-1.04475,-0.934591,-0.881319,-0.90383,-0.946386,-0.965034,-0.959532,-0.930298,-0.870088,-0.795346,-0.72717,-0.672437,-0.616791,-0.546946
-2.53789,-2.9913,-4.25872,-3.77519,-3.4582,-3.47687,-3.77297,-4.35111,-4.98677,-5.04698,-2.36797,-2.7626,-3.52423,-4.04627,-5.22241,-5.26465,-4.86028,-5.10522,-5.38026,-5.23507,-4.5559,-4.06638,-3.94384,-3.42353,-2.94491,-2.76479,-2.70533,-2.57917,-2.44002,-2.31768,-2.16633,-1.95701,-1.69167,-1.43443,-1.27396,-1.20074,-1.13767,-1.04272,-0.912518,-0.743573,-0.563361,-0.401219,-0.275517,-0.190469,-0.0867407,0.0556333,0.0757088,-0.1924,-0.679313,-1.10424,-1.21781,-1.09422,-0.962304,-0.889368,-0.843977,-0.798092,-0.737917,-0.680687,-0.647028,-0.625525,-0.59071,-0.542066,-0.481341,-0.410466
-3.60458,-3.99122,-4.13991,-3.6489,-3.93191,-4.09384,-4.55221,-4.57597,-4.77916,-4.87968,-5.12546,-3.14199,-4.34053,-5.12667,-4.84714,-4.7592,-5.05801,-5.18615,-4.54277,-4.25953,-4.18434,-3.81098,-3.53908,-3.1559,-2.78721,-2.615,-2.49801,-2.37786,-2.27139,-2.16496,-2.02706,-1.81635,-1.54436,-1.28207,-1.11527,-1.04341,-1.00496,-0.950724,-0.853973,-0.697028,-0.509185,-0.321355,-0.152725,-0.0368051,0.0689534,0.222271,0.325572,0.205571,-0.184563,-0.740078,-1.18418,-1.2652,-1.08236,-0.868423,-0.701137,-0.575272,-0.490434,-0.441409,-0.425788,-0.437064,-0.444112,-0.422797,-0.369758,-0.299026
-2.90076,-3.83146,-3.83976,-3.83927,-4.08459,-4.07133,-4.15484,-4.1888,-4.46668,-5.17404,-4.79362,-5.82019,-5.20991,-5.45665,-4.82543,-4.5514,-4.60824,-4.72799,-4.53588,-4.07285,-3.65969,-3.49965,-3.29848,-2.90127,-2.52257,-2.33737,-2.27172,-2.22835,-2.15294,-2.0594,-1.93308,-1.72153,-1.43681,-1.16389,-0.981253,-0.877247,-0.800041,-0.730772,-0.644601,-0.500141,-0.320573,-0.149459,0.00937692,0.140129,0.245418,0.359686,0.418584,0.30241,0.015521,-0.329215,-0.684369,-0.973851,-1.04639,-0.909864,-0.676458,-0.44221,-0.289239,-0.231146,-0.22213,-0.235795,-0.261475,-0.269446,-0.228984,-0.153349
-5.36247,-5.3849,-3.84533,-4.22029,-3.66023,-4.06557,-3.83617,-4.21759,-4.56164,-5.08123,-4.60243,-6.29375,-5.59861,-5.63908,-5.25427,-4.99848,-4.82916,-4.41264,-3.85052,-3.6183,-3.45918,-3.29651,-2.96883,-2.63075,-2.25994,-2.1458,-2.18505,-2.18186,-2.10231,-1.99499,-1.87737,-1.66004,-1.35258,-1.08101,-0.900293,-0.762439,-0.622694,-0.490071,-0.35551,-0.195488,-0.019584,0.139303,0.262169,0.372942,0.471245,0.534118,0.504479,0.31924,0.0301911,-0.211797,-0.338555,-0.40793,-0.474823,-0.52497,-0.516545,-0.439844,-0.329598,-0.225929,-0.15197,-0.107914,-0.0843172,-0.0715915,-0.0430245,0.0173396
-4.11614,-4.15501,-4.20449,-4.21595,-3.98756,-4.00729,-4.18431,-4.39958,-4.49542,-4.51697,-4.40463,-4.43915,-4.97665,-4.64373,-5.30337,-4.18985,-4.21791,-4.11865,-3.66881,-3.2389,-3.31787,-3.07714,-2.72809,-2.38497,-2.15731,-2.09392,-2.16525,-2.17142,-2.0865,-1.99684,-1.84095,-1.54525,-1.21919,-0.979435,-0.804007,-0.640859,-0.475713,-0.292716,-0.0920493,0.100297,0.274222,0.416513,0.52415,0.630196,0.722422,0.724416,0.602907,0.369876,0.0808314,-0.139117,-0.195811,-0.121245,0.000280925,0.100721,0.130391,0.0593635,-0.087359,-0.207366,-0.217512,-0.136719,-0.0319784,0.0603933,0.128528,0.178676
-4.92992,-4.49842,-3.92323,-4.37199,-4.25337,-4.49552,-4.28874,-4.27895,-4.08455,-3.82011,-3.22355,-3.35447,-4.18433,-4.71652,-4.35506,-5.27572,-4.3126,-3.8181,-2.9657,-2.87968,-2.89018,-2.93386,-2.62565,-2.30811,-2.12978,-2.08764,-2.2022,-2.22408,-2.09973,-1.90782,-1.60794,-1.27272,-1.01483,-0.831258,-0.662145,-0.49408,-0.308384,-0.0840192,0.159081,0.362983,0.509459,0.61492,0.683469,0.740211,0.838261,0.921105,0.796477,0.466871,0.179827,0.0436421,0.0193803,0.0864542,0.228413,0.405676,0.558721,0.626147,0.547557,0.324665,0.0885718,-0.0151149,0.0278816,0.147707,0.261997,0.310847
-4.62942,-3.92289,-4.14326,-4.22224,-4.5092,-4.53005,-4.10901,-3.93434,-3.5315,-2.97083,-2.40079,-3.10537,-4.00631,-4.42689,-4.26849,-4.28342,-4.27813,-4.60547,-3.2671,-2.84176,-2.50947,-2.69056,-2.69388,-2.29381,-2.05235,-2.18557,-2.27342,-2.19292,-1.9302,-1.60714,-1.24245,-0.97123,-0.841368,-0.755002,-0.589816,-0.340254,-0.0637817,0.189519,0.422948,0.597292,0.656201,0.661992,0.709092,0.79926,0.879568,0.928728,0.924773,0.751587,0.433622,0.237713,0.265859,0.377912,0.487565,0.611059,0.752104,0.875049,0.924805,0.844981,0.632884,0.413362,0.319776,0.367541,0.4674,0.495174
-3.6973,-3.78421,-3.85247,-4.215,-4.34761,-4.25268,-3.86484,-3.63719,-3.02522,-2.43838,-2.08813,-2.44495,-2.80376,-3.28516,-3.85826,-4.24118,-4.24189,-4.10976,-4.13199,-4.05937,-4.275,-2.56162,-2.5049,-2.2321,-2.10444,-2.15747,-2.06737,-1.91635,-1.59501,-1.20351,-0.920996,-0.95803,-1.04065,-0.953798,-0.668267,-0.231221,0.21411,0.54345,0.729615,0.815943,0.819096,0.747932,0.68434,0.722186,0.843597,0.948832,0.963339,0.923559,0.816115,0.5984,0.475089,0.580957,0.778418,0.914341,0.965913,1.00533,1.06048,1.07092,0.977485,0.838297,0.769898,0.796087,0.826408,0.774946
-4.03754,-3.53412,-3.92702,-3.84462,-4.06749,-3.93811,-3.41675,-3.5379,-3.00196,-2.50493,-1.99547,-2.45652,-2.0591,-2.55347,-2.77735,-3.58498,-3.46981,-3.66875,-3.60076,-4.12906,-4.08547,-3.79739,-3.87205,-2.04501,-2.16516,-2.29754,-1.80403,-1.36658,-0.990156,-1.01916,-1.32643,-1.48292,-1.301,-1.0335,-0.649626,-0.128548,0.405826,0.852642,1.06927,1.0448,0.9336,0.845287,0.779047,0.741494,0.776774,0.897322,1.04175,1.09662,1.05789,0.959992,0.798635,0.769632,0.969273,1.16551,1.1997,1.13885,1.10145,1.09152,1.06401,1.05435,1.11558,1.21788,1.24398,1.14475
-4.47793,-4.51111,-3.49112,-3.74175,-3.47673,-3.10124,-3.23015,-3.2658,-2.98178,-2.72449,-3.04465,-2.52754,-2.06836,-2.81748,-3.20912,-3.21357,-3.22341,-3.12491,-3.31528,-3.48061,-4.26871,-3.98202,-3.68704,-3.87986,-2.51737,-2.27454,-1.54216,-0.731441,-0.761642,-1.4352,-1.74063,-1.54679,-1.17222,-0.879995,-0.524301,-0.0951013,0.34463,0.815694,1.15099,1.21636,1.04878,0.865504,0.817897,0.846039,0.897057,0.995092,1.1198,1.20468,1.21969,1.20701,1.15966,1.08557,1.12074,1.24553,1.29011,1.2445,1.16562,1.06707,1.01728,1.10685,1.29204,1.44283,1.45611,1.35343
-5.80792,-4.42198,-2.89085,-2.96311,-2.80019,-2.88068,-3.3271,-3.16052,-3.04998,-2.68845,-2.79404,-2.1184,-1.8407,-2.81813,-3.90097,-3.94862,-3.70839,-3.65439,-3.53729,-3.35953,-3.45474,-3.59702,-2.93525,-3.21257,-3.18421,-2.74633,-2.75524,-1.05682,-0.761946,-1.32243,-1.66596,-1.54917,-1.03334,-0.619353,-0.32767,-0.138576,0.0744368,0.526804,0.937696,1.18034,1.19618,1.00436,0.844584,0.875008,1.02231,1.1784,1.29525,1.33786,1.34009,1.36933,1.44534,1.47961,1.40492,1.31296,1.26002,1.23728,1.17989,1.04679,0.966626,1.10389,1.37242,1.52704,1.47313,1.33862
-4.90328,-3.74661,-2.20417,-2.23362,-2.11349,-2.61726,-2.69707,-3.04345,-2.55328,-2.6826,-2.23561,-1.71537,-1.2316,-2.26865,-3.24213,-2.80598,-3.053,-3.76877,-2.91263,-2.6789,-2.5066,-2.42914,-2.24973,-2.48219,-2.48186,-2.22032,-2.06787,-2.14285,-1.00351,-1.15723,-1.60628,-1.44192,-0.951288,-0.303983,-0.131369,-0.318858,-0.281979,0.323132,0.791362,1.03678,1.28741,1.31137,1.09835,0.952133,1.04993,1.26012,1.42752,1.51732,1.54754,1.57698,1.66013,1.77461,1.76686,1.54932,1.29012,1.17231,1.1083,0.987749,0.941921,1.11903,1.39719,1.49121,1.34868,1.21348
-1.94904,-1.71867,-2.20484,-1.9731,-1.91848,-2.5475,-2.79827,-2.84992,-2.63429,-2.32441,-2.08552,-1.58751,-0.561411,-1.18528,-1.86889,-1.60081,-2.67551,-3.55818,-2.5725,-2.10542,-2.01953,-1.1196,-1.28599,-1.34123,-1.75344,-2.17891,-2.1582,-2.09413,-2.14311,-0.849865,-1.12852,-1.25861,-0.670409,-0.135323,-0.170975,-0.626795,-0.471146,0.372242,0.797521,0.877175,1.20767,1.42865,1.33911,1.10139,1.01559,1.18274,1.44373,1.64789,1.76891,1.82571,1.8718,1.96879,2.04465,1.90343,1.52506,1.20374,1.0424,0.926842,0.923636,1.12113,1.337,1.29682,1.10595,1.06826
-4.15376,-3.02678,-1.69864,-1.83557,-1.8763,-2.07857,-2.67915,-2.39584,-2.20357,-2.30732,-2.08895,-1.73789,0.0146885,1.0286,-0.0391576,-2.35749,-3.51036,-3.28691,-2.17854,-1.52275,-1.34619,-0.261924,-0.202264,-0.192597,-0.896353,-1.63515,-2.0557,-1.94238,-1.95284,-1.89313,-1.172,-0.601971,-0.372411,-0.343379,-0.441584,-0.450162,0.167523,0.871682,0.674838,0.500033,0.845665,1.16618,1.2109,1.07149,0.957292,1.01863,1.29575,1.64628,1.90564,2.03961,2.07709,2.11389,2.18042,2.18427,1.95641,1.50814,1.09867,0.89695,0.914508,1.08274,1.14041,0.965915,0.839671,0.960125
-1.77339,-1.63397,-2.07953,-2.0585,-1.82538,-2.14687,-2.5096,-2.27469,-1.88127,-1.93669,-2.1064,-1.47079,0.208894,1.9698,-0.476259,-3.41466,-3.53465,-2.6165,-1.57414,-1.1367,-1.01962,0.284084,0.381279,-0.175866,-0.632836,-0.936936,-0.632125,-0.862416,-1.39124,-1.88089,-1.78319,-2.37243,-0.624112,0.403082,-0.0435281,0.232287,0.808114,0.730093,0.0631621,-0.103777,0.223552,0.616306,0.865637,0.910625,0.901395,0.942983,1.11795,1.47717,1.89006,2.18252,2.27031,2.27384,2.27757,2.28174,2.24016,2.02667,1.51406,0.991513,0.868148,0.959853,0.850047,0.627303,0.642303,0.86329
-2.98796,-2.30324,-2.42603,-2.20961,-1.85677,-1.84092,-2.07743,-1.57695,-1.06408,-1.14308,-1.80237,-1.40626,0.65713,1.46109,-0.73549,-3.00514,-2.40949,-1.75147,-1.4199,-1.52309,-0.955414,0.189247,0.00649024,-0.0498348,0.0478008,-0.301414,-0.0705169,-0.554376,-0.985298,-1.25861,-1.9896,-2.33317,-1.51543,0.452774,0.954834,0.677036,0.662716,0.214818,-0.498222,-0.603811,-0.277559,0.134359,0.585542,0.812243,0.867851,0.939395,1.08799,1.3401,1.75223,2.18778,2.4359,2.45922,2.4117,2.35443,2.30366,2.23866,1.99961,1.51748,1.05864,0.781324,0.546239,0.457991,0.608641,0.775308
-3.36089,-2.8728,-2.10647,-2.13412,-1.44052,-1.48225,-1.21404,-0.698428,-0.0228762,0.0184518,-1.91233,-2.04217,-0.657821,-0.131812,-1.87665,-2.83775,-1.86771,-2.37133,-2.60593,-2.30899,-1.3632,-0.21933,-0.139487,0.0781396,0.180847,0.3723,-0.317543,-1.4439,-1.69487,-2.23165,-2.38559,-2.48028,-1.94576,0.284868,1.03175,0.449193,-0.0872253,-0.828391,-0.947429,-0.459818,-0.190131,-0.0449181,0.346558,0.713794,0.870812,0.947537,1.10828,1.32196,1.63155,2.08641,2.49443,2.63581,2.52525,2.37454,2.27616,2.20642,2.10638,1.94357,1.58959,0.977394,0.498269,0.467502,0.587047,0.611927
