uploads/wind/20200723/wind_field_11.json
{"header": {"parameterUnit": "m.s-1", "parameterNumber": 3, "dx":  0.051, "dy": 0.036, "parameterNumberName": "northward_wind", "la1": 45.3082, "parameterCategory": 2,"nx": 177, "ny": 123, "refTime": "2018-10-03 01:00:00", "lo1":1.38177}, "data":
[rows 87 to 115 of 123, columns 65 to 129 of 177]
1.60424,1.51211,0.993042,1.11853,1.46525,2.15911,2.68278,2.5394,2.0741,2.47232,3.5284,3.06009,2.18348,2.12582,2.60485,2.58864,3.04372,3.74559,3.2747,2.8306,0.413857,0.251447,2.92503,4.48708,4.19272,3.27605,2.79572,2.67772,3.14129,3.6537,2.46688,0.720635,0.822043,2.11809,3.5891,3.92263,3.50874,1.1803,0.0419911,1.34996,2.20025,2.99871,3.28403,4.74829,3.50023,1.73754,2.85329,1.7221,1.64897,4.41618,5.4441,4.20489,0.883204,2.85638,4.21533,4.21832,5.26832,4.38954,3.76208,4.13331,3.86361,4.07921,4.50311,4.70273,4.03631
1.94251,1.74971,1.22841,1.19654,1.77745,2.09473,2.26167,2.21611,2.04699,2.43747,2.14668,-0.530312,-2.16564,-0.200399,1.38069,0.836053,-0.876965,0.515748,2.73908,2.17707,0.28322,-1.25543,0.0506778,2.51292,4.08014,2.68671,1.77275,1.43987,1.41344,3.46321,3.17687,1.95883,0.810513,0.0291285,1.96929,3.68017,3.68465,1.74243,1.03051,3.58083,4.27703,4.22186,4.93043,2.1618,2.24237,3.40374,2.74226,2.11337,2.23518,3.7209,3.55956,1.13848,-1.90305,-0.303503,1.9656,2.82505,3.58534,2.00944,0.589529,4.39762,5.13546,4.49223,4.98206,4.63211,4.38923
2.37931,2.30715,1.53994,1.3695,2.40541,2.30907,1.5419,1.32219,1.33062,0.680586,-1.50336,-3.45634,-2.42759,-0.484138,0.395072,-0.459251,-0.739034,-0.607859,1.39332,2.23259,2.96986,0.940044,0.240895,2.3045,3.76569,3.12794,2.46328,2.31222,2.23831,2.99681,3.2,2.68935,2.42905,1.67107,1.8315,3.51259,4.39959,3.52201,2.81947,4.54299,4.86801,5.1093,3.66332,0.640427,2.97757,4.32281,4.03082,3.43993,3.8153,2.61171,0.207814,-1.65928,-1.43826,-2.01411,-0.791736,0.440704,0.607931,-0.107854,-0.590025,0.11833,1.06002,0.329278,2.78527,5.40401,4.863
2.02835,1.80782,1.88382,1.58157,1.84342,1.98701,1.45061,1.2861,1.28286,0.520913,-0.879916,-1.05956,-0.543204,-0.290869,-0.822129,-0.826296,-0.398581,0.0032509,-0.27202,-0.463238,0.537,0.765454,0.25684,1.88562,1.51974,1.87749,1.70309,1.17989,1.96094,3.82537,3.21942,2.75819,2.85586,2.57423,3.10124,3.55494,4.74755,4.65739,4.06777,3.97682,4.59549,3.4169,1.574,2.53558,2.62829,2.86365,2.06931,1.45433,-0.987388,-1.43039,-2.70372,-1.73167,-1.23288,-1.51182,-0.874051,0.447073,-0.318546,-0.753131,-0.456685,-2.71485,-3.58,-3.85032,-1.81996,3.50851,5.03259
2.00948,1.72578,1.82466,1.83923,2.0025,2.14582,1.81734,1.32567,1.35628,1.46036,1.52363,0.353215,-0.824183,-0.998188,-0.883494,-0.76997,-1.15773,-0.86172,0.324358,-0.638568,-0.4547,0.978037,1.87702,2.16141,0.532534,-1.06409,-2.06988,-2.28839,-1.20552,2.24251,3.62698,3.43906,2.82465,3.14826,4.56482,4.68908,5.4717,4.38619,2.86941,3.59856,3.62793,1.74667,1.87027,1.20452,1.14405,0.172687,-2.335,-4.52348,-6.24736,-5.33468,-3.15674,-1.03756,-1.17588,-2.13377,-1.9193,-1.36455,-2.41671,-2.60817,-3.43591,-3.51265,-3.423,-2.70236,-2.02056,1.37674,4.88017
2.18066,1.90985,1.66174,1.70683,1.90929,2.18726,2.21383,1.77102,1.67948,1.56175,1.59594,0.976096,0.117419,-0.446168,-0.732874,-1.54354,-1.801,-0.914546,0.824522,0.45583,-0.0690296,0.760988,1.45883,1.80254,2.37146,1.60955,-0.0631469,-1.19761,-2.2812,-0.842101,0.95787,1.28079,2.59488,4.27011,4.20793,1.79879,2.09029,0.24431,-1.4374,0.357765,2.66189,4.28494,4.8794,2.51237,0.70992,-2.56968,-2.80532,-1.28925,-0.861849,-0.293449,0.973352,0.587215,-1.5443,-0.90913,-0.402257,-2.20682,-2.94081,-2.53816,-2.22654,-2.80359,-2.79656,-2.12103,-0.404183,1.23214,3.3748
1.76424,1.75384,1.98427,2.08516,2.11152,2.00216,2.09988,2.08232,1.47121,0.378759,-0.00449155,0.59154,0.581509,0.0242024,-0.993433,-1.58134,-2.1066,-1.35086,0.72561,1.18407,0.562326,1.21428,1.31988,0.310846,0.803185,1.77109,2.28091,1.87009,0.8106,-0.468199,-1.13596,0.992905,2.94683,2.38467,-0.66532,-3.24627,-2.40098,-3.45884,-3.36957,-2.70118,-1.16239,3.31396,4.21439,3.22482,0.757205,0.475049,3.43107,6.28398,7.18597,5.70899,3.34729,1.02147,-0.434942,-0.94057,-0.561135,-0.0216519,-0.408524,-1.1537,-1.75991,-2.18701,-2.00144,-1.06101,-0.362365,0.689742,2.02529
1.63841,1.73326,1.80186,2.31463,2.06075,1.79275,1.86264,2.39023,1.99208,0.786924,0.113332,0.0428176,-0.130081,-0.0616621,0.285443,0.352179,0.471217,-0.295178,0.0160012,1.23305,1.41956,2.54025,3.45381,2.4984,0.822463,-0.295395,0.209627,1.1547,1.65795,0.507226,0.0185824,1.49039,0.667368,0.380929,-0.989503,-2.95195,-2.67007,-1.34469,-1.22423,-1.72106,-2.01932,-0.638272,-0.550357,-0.516104,2.12541,4.00615,4.28382,4.94058,5.40258,3.62972,2.14634,1.00504,1.44269,-0.0375146,-0.491319,0.182879,-0.533305,-0.309837,-0.928865,-0.444722,-1.07681,-1.02596,0.133767,0.53007,0.956371
2.01568,1.51828,1.3243,1.77074,1.93018,1.845,2.25013,2.6259,2.63134,2.13383,1.91086,1.36784,0.928174,0.362279,0.4654,0.750086,1.49977,1.25097,0.784614,1.1032,0.790111,1.04182,3.36682,3.4979,2.63657,2.12651,1.34917,-0.0785803,-1.53752,-2.09899,-0.966478,-0.953816,-1.81716,-0.987776,2.09052,3.76242,3.84402,5.59053,5.43246,2.58658,1.19614,-0.174017,-0.657134,-0.0793442,-0.0637392,-1.05839,-2.72633,-2.36802,0.615823,0.0697315,0.112698,-0.264381,0.150338,0.595492,0.866307,-0.0212346,-0.648337,-0.945034,-0.702311,-0.101638,-0.672839,-0.455732,0.439835,1.08083,1.41863
1.99229,1.76326,1.53124,1.98919,2.42525,2.86808,2.78158,2.63463,3.14792,3.1554,3.11148,2.66734,1.41796,0.152141,-0.314171,0.392369,1.27448,2.06146,1.298,-0.245995,0.828711,0.782756,1.30091,3.27919,3.05252,2.16139,1.37969,-0.0175484,-0.197573,0.674923,-0.328726,-0.803942,-1.17197,-1.64025,-1.17244,2.77176,4.36698,3.88314,5.47114,4.61043,3.67961,2.95447,2.20563,1.75561,0.168551,-1.26515,-2.52799,-3.43803,-1.62293,0.235958,1.02716,0.861308,0.163133,0.153978,0.267995,-0.0293906,-0.0147547,-0.669151,-0.652297,-0.880684,-0.281042,-0.145188,-0.241495,0.353838,0.771764
1.76056,1.83437,2.1809,2.61379,3.11899,2.60863,2.14301,1.60964,2.15618,2.29698,2.51587,3.1683,2.91083,1.95798,1.49493,1.83294,1.53412,1.07598,1.34104,0.707788,0.210624,0.310292,-0.0257446,1.68718,2.43327,2.19309,1.4613,1.80596,2.89002,3.18317,1.462,-0.241376,-3.82374,-5.90579,-5.43705,-3.98608,-1.8142,-2.08846,1.93624,5.19159,4.95236,4.22087,3.86321,4.04669,5.19002,4.03976,0.851793,0.733125,0.669491,1.67432,3.20233,3.49292,2.191,1.70298,1.47349,0.951424,0.285809,0.0686987,-0.00397621,1.01341,1.64775,1.03013,0.137525,-0.552197,0.23637
1.72823,1.77049,1.89971,2.41649,2.45596,1.93623,1.888,1.40111,0.637647,0.514936,-0.186165,0.795155,2.95827,3.3651,2.31572,1.06657,1.00812,1.36203,1.4136,1.81476,1.33476,0.607642,0.487203,-1.39321,0.611826,2.96611,2.23093,0.246777,0.565026,0.836812,1.25362,1.45328,-1.19036,-1.67448,-1.70214,-1.19003,0.245255,0.791861,0.461197,4.33953,4.8758,3.20836,2.31114,2.64022,4.61802,3.89259,2.18852,2.42442,2.35641,2.71027,3.79326,3.78923,3.00099,2.27623,1.83017,0.878142,0.169304,0.00152155,0.772906,1.25844,1.89864,1.97469,0.7783,-0.211497,-0.071456
2.63868,2.52712,2.25855,1.95588,2.24036,2.08698,1.82506,1.17574,0.590082,0.705768,0.461266,-0.140413,0.544596,-0.0449577,-0.809332,-0.749494,0.121757,1.98817,2.66929,2.57391,2.8553,2.12702,2.7072,1.94962,1.97398,3.14698,2.13077,-0.261677,0.980415,3.14859,4.47912,5.28556,5.40442,6.09418,4.94506,2.93338,2.83542,4.13016,2.66285,4.8841,5.59049,4.21123,1.68125,1.43002,0.149799,-1.17637,-0.212297,-0.653778,1.74909,3.69682,2.61947,2.30318,2.43823,2.48447,1.54247,0.44344,0.793062,1.48395,1.24969,0.578375,1.32312,1.35979,1.49672,0.317658,0.0365289
2.80834,2.8951,2.76347,2.54606,2.10676,1.81145,1.51319,1.51358,1.65876,1.91607,1.04185,0.91655,-0.502224,-2.37245,-1.37605,0.174579,0.358118,0.980207,2.4175,2.69081,2.9587,3.01832,4.43073,5.4931,5.0475,4.42935,2.76074,2.02273,2.53002,4.1827,5.22332,5.98427,6.71693,7.25865,6.17174,5.13539,3.33154,1.60648,2.11665,3.05796,3.55146,3.83424,2.91111,1.87823,0.17975,-1.33656,0.407929,1.37272,3.96773,3.11906,0.615675,1.26925,1.70846,1.77071,1.44276,1.47461,2.27518,2.11395,1.0583,0.372652,-0.00898367,1.40237,1.24673,0.364125,0.0988293
3.04466,3.25036,2.96356,3.07502,2.83162,2.42774,1.79811,1.38064,1.19379,0.3737,-1.0011,-0.576085,-1.36532,-2.08025,-1.63787,-1.30542,-1.03142,-0.00921247,1.31696,2.54602,3.144,3.59955,4.03167,3.47269,4.97338,4.27314,2.06485,1.92254,1.67458,-0.138846,-0.0736754,0.509775,0.658864,2.2803,6.41628,6.86791,5.36321,0.226346,-0.380771,0.332281,0.179425,0.655453,0.582821,1.09706,5.65534,7.12107,6.99721,6.22581,3.48233,0.942527,-0.965105,0.11688,0.438823,1.67534,2.31186,2.69434,2.46788,1.55025,0.923847,0.258323,0.0483411,0.861911,0.322762,-0.291098,-1.3655
2.13621,2.5269,3.23284,3.23182,3.23084,2.50416,2.16134,1.09415,0.312163,-0.895167,-1.47423,-1.03331,-1.0847,-1.30186,-1.27824,-0.878052,-0.243763,0.533298,2.34395,2.88698,2.65212,3.30854,2.07455,0.621311,2.06501,2.06521,1.34785,2.82219,3.07403,0.0380778,-2.04998,-1.65647,-0.756347,-1.09437,3.34142,7.47081,4.81512,1.89553,0.0338641,-1.83172,-2.41933,-2.00429,-1.96472,-0.678188,3.87532,5.61178,5.0539,3.64716,0.492698,-0.415171,-0.575257,-0.981524,-0.917591,0.260844,1.06478,1.16969,1.07338,0.910656,0.277831,-0.00664002,0.221763,-0.103741,-0.676123,-1.3761,-1.38202
1.91722,1.94055,2.48433,2.77466,2.9638,2.59351,1.99848,1.26939,0.681478,-0.0476677,-0.165292,-0.22299,-1.0191,-0.684356,1.31499,2.03209,2.06914,2.92255,3.33168,2.96504,2.51685,2.78842,2.31971,-0.634069,-1.06074,0.660157,2.77204,3.20858,3.83992,3.58357,3.65646,3.00364,3.61179,2.67666,0.250565,2.93923,4.8597,4.2194,3.64231,1.21822,-0.0415616,0.00987392,1.17127,0.957234,1.1765,1.5729,-0.0575272,3.41019,2.78492,0.891392,-0.578022,-0.659414,-1.14692,-0.947241,-0.168446,0.31004,0.898241,0.358154,0.276298,0.217533,0.590393,1.01601,-0.39293,-0.725466,-0.549675
1.68018,1.37397,1.97193,1.78482,2.44378,2.54699,2.45059,1.90967,1.43725,0.945398,0.573967,-0.187599,-1.01265,-0.611815,1.61974,4.3645,4.26242,3.52375,1.11982,0.0679876,1.28878,1.5015,0.920785,-2.1652,-2.46241,-0.858675,0.582386,-0.580931,-0.940566,0.973235,2.51417,2.03406,2.0777,3.35728,-0.607196,2.14277,4.89628,4.95019,4.21106,4.76482,5.10007,4.38863,3.04501,2.55717,1.28319,0.228779,-2.99411,0.642765,1.64154,-0.188846,-0.414933,-0.352661,-0.377297,-0.0721265,0.329388,0.752406,1.18382,0.834988,0.813482,0.370403,0.753084,0.652269,1.33493,1.36272,0.462948
2.31075,1.51959,2.18258,2.51177,2.65682,3.1312,3.29234,2.83503,2.17879,1.59275,1.45988,1.63139,1.43238,0.709027,1.0894,2.90091,4.24599,1.62441,-1.15871,-1.67102,0.353489,-1.39463,-2.7663,-1.63459,0.259129,1.58584,1.08754,-1.55534,-3.90588,-4.64488,-3.79093,-2.41424,-0.254046,0.794533,1.54751,3.46656,5.74412,4.65468,3.71968,5.05911,6.01974,5.64453,3.81573,2.81368,3.42473,2.66577,-1.77837,-1.9675,-0.8438,-0.353589,-0.237725,-0.460241,-0.481539,-0.728857,-0.128902,0.584334,1.03909,1.49877,0.922854,0.458601,0.177663,0.0160699,0.734944,0.641803,-0.187742
3.18171,2.84783,2.64304,3.04376,3.10255,2.86962,3.09716,3.64178,3.37248,2.7208,2.51159,2.81533,3.50912,2.82006,1.44137,1.74496,2.07372,-0.26987,-1.06735,-1.06999,-1.39764,-3.68982,-2.45211,0.636433,2.01312,2.06383,0.712876,0.248454,0.855968,0.612931,0.312193,1.15458,2.6596,3.01888,2.33605,3.5672,3.52125,2.66839,2.08572,3.0421,3.80706,4.01858,4.26458,4.03049,4.10719,4.24279,1.05185,-0.226483,-0.465945,0.217982,0.330142,0.290525,-0.590434,-0.868645,-0.277757,0.436021,0.878828,1.48956,1.28747,1.12729,1.06552,0.640267,0.475752,0.384251,0.0237788
4.38239,3.71544,3.36102,3.09256,3.11138,3.29751,2.72686,2.89227,3.55374,3.86448,3.99157,3.79756,3.42684,3.07451,2.10947,1.21073,1.72194,0.565183,-0.768595,0.102006,-0.691177,-2.8305,-2.27496,-1.29837,-0.92442,-1.16013,-0.529444,0.593254,2.65423,5.10446,6.56999,5.40841,4.07518,3.21365,2.04302,3.49138,3.86067,2.39674,1.55851,1.94391,1.83791,1.5592,2.63459,4.30808,3.20796,3.06375,3.49979,2.3966,1.23394,1.5616,1.70192,0.0949244,0.0282507,-0.223652,-0.342619,-0.220893,0.025442,0.440524,1.0591,1.43356,1.27149,1.40226,1.56673,1.04881,0.640902
4.23958,3.93314,3.74863,3.43416,3.46954,3.32982,2.78165,1.65863,1.73933,2.34394,2.12926,2.24489,2.60819,1.14679,0.735462,0.262955,0.528505,0.363747,-0.269555,0.998442,1.12957,0.203661,0.178833,0.674719,-0.318637,0.496533,1.74051,2.61531,2.19089,2.25624,2.50283,1.13005,-0.389298,3.9663,5.36716,4.45858,4.0326,3.7791,2.49867,0.760522,-0.925553,-1.90875,-1.54193,1.4878,1.32875,-0.960095,1.36517,2.48666,1.77854,1.98357,1.7052,0.259828,-0.167901,-0.0340893,0.202526,0.37066,0.359962,0.457178,0.775423,1.25902,1.51937,1.68603,1.50387,0.928403,1.38449
4.60388,4.56898,4.06766,3.52309,3.65543,3.9423,3.52502,2.36572,1.08989,-0.128037,-0.891778,-0.682522,0.262595,-1.90825,-1.53244,-0.481092,-0.785124,-0.706203,-1.27949,-0.863806,1.2521,2.8493,2.60852,3.011,2.90439,3.25966,3.74154,2.85981,2.87958,2.17618,1.25095,-0.288509,-1.04304,1.90349,2.99979,0.590768,0.998218,2.5781,3.20924,3.5717,2.4907,1.63592,1.16098,0.53879,0.70612,-1.03073,-0.644183,1.21065,1.30773,1.71665,1.9112,0.481486,-1.56795,0.67729,1.05099,0.75294,0.822191,0.856537,0.61144,1.05356,1.15574,1.50806,1.71045,1.78952,2.34191
4.38742,5.09472,4.3143,3.8531,3.99397,4.32733,4.22393,3.31615,1.98506,0.484674,-0.666524,-1.32065,-1.43511,-1.70406,-1.55805,-0.410626,0.156757,-0.255011,-0.0845227,0.22476,2.22399,4.01643,3.56192,3.26254,3.71493,4.05774,1.14241,-0.706673,0.740237,2.28775,1.84092,2.91471,0.949622,-1.75071,-1.38587,-0.70491,1.09711,2.2212,4.12647,5.99978,5.39762,4.65354,2.54396,0.313195,1.36561,2.16722,1.33099,1.72175,3.38189,4.23827,2.94731,0.310442,0.666105,1.69774,3.1185,2.8512,2.77175,2.5762,1.79107,2.19587,1.49593,1.35492,1.89087,1.661,1.91119
4.13739,5.03884,4.17663,3.63086,4.05302,4.38904,4.33889,3.78304,2.30434,0.774042,-0.948078,-1.28006,-1.20148,-0.691551,-0.30815,-0.269623,1.28347,0.546755,-0.371761,0.481755,0.64395,0.135214,1.66623,2.68405,2.7952,0.0175699,-2.42448,-2.73009,-2.3435,-2.43522,-3.54034,-1.7006,-3.35486,-3.81978,-0.387232,2.44511,3.46912,4.07668,1.95471,0.316787,-2.08521,-0.970426,-1.38032,-1.24809,0.641464,3.17103,2.77086,4.52032,5.10689,4.24047,1.94183,1.33427,2.97936,1.51476,2.35158,3.15447,2.72919,3.21568,3.18984,2.40348,1.38555,1.40654,1.74578,1.48515,1.60392
3.07502,3.95382,3.52303,3.15404,3.55104,4.30442,4.20128,3.18279,1.78361,-0.117571,-0.670063,-0.177812,-0.0414661,0.170896,0.150004,-1.01946,-0.698845,0.170528,-0.975599,-1.6043,-1.62217,-2.02578,-1.14226,0.478412,0.203672,-2.85366,-0.906719,-0.0308975,-2.25397,-3.87959,-3.79516,-2.74566,-3.04932,-1.54252,0.587286,2.66973,3.24602,3.33126,0.929096,-0.893906,-0.149822,-3.32561,-5.30539,-2.29601,0.124309,4.737,4.68691,4.97772,3.83298,1.50492,1.06218,1.28441,1.69628,2.69923,2.36331,2.22779,2.50103,3.08222,3.22149,2.74326,2.33543,1.76909,1.71722,0.558577,0.647598
2.8593,3.3542,3.29943,2.96205,3.70739,4.23294,3.3458,2.7367,2.12595,0.898693,0.811992,0.929115,1.57985,2.16258,1.92741,1.044,0.050916,0.188077,-1.36766,-1.59543,-0.640326,-0.0592053,-0.100351,-0.675867,-1.40545,-1.593,-0.625583,1.44709,2.08475,1.94617,2.7535,3.45268,3.07895,2.51884,2.05389,1.92633,1.32714,1.26071,1.50938,1.58235,3.73141,3.30193,0.208935,-1.00482,-1.21047,-0.699308,-0.518198,-0.0310234,-0.317759,0.13446,2.01939,2.92354,3.2896,3.89028,2.6619,2.40345,1.39931,1.09859,1.36834,1.13431,1.79874,1.62908,1.4587,1.20712,1.17802
2.44852,3.01495,2.90395,3.65184,3.90288,4.24594,3.85912,3.42611,2.74521,1.97388,1.26148,1.20005,0.926872,1.69541,2.25913,2.13051,1.30884,-0.58566,-3.42392,-3.05441,-1.718,-1.5146,-1.57361,-0.792189,1.09593,1.25378,0.633803,1.19876,2.01655,2.96949,3.53155,3.71112,3.1307,2.6843,1.75554,0.15178,-1.27717,-1.64627,1.04428,2.39236,1.98867,6.14668,8.4978,7.11677,2.00475,-1.31936,-2.04244,-2.13741,-0.211691,2.10771,3.74179,4.36407,3.20477,2.26994,1.45515,0.78979,1.10574,1.50394,1.04913,0.972933,0.925604,1.17695,1.18255,0.581389,0.402485
2.72149,2.72957,2.35161,3.56415,4.01769,4.55155,4.7788,3.70859,3.11317,2.95111,2.57818,2.83246,1.76388,0.891111,0.401305,0.212595,-0.190203,-1.83054,-3.17624,-3.36039,-1.56362,-1.28681,-1.93945,-1.53784,0.1893,2.33855,2.08621,0.72503,0.509689,1.24199,1.34759,0.855418,0.643796,0.468112,-0.563172,-2.52372,-3.26748,-2.71806,-1.42788,0.199022,0.534813,2.02444,5.62943,7.68346,6.56144,3.64408,2.68357,2.46569,4.06394,4.94896,4.93009,4.2101,3.0619,2.05915,1.38299,1.1373,1.76931,0.757872,0.591565,0.915408,0.906454,0.701974,0.652864,0.322944,0.0770976
