uploads/wind/20200723/wind_field_11.json
{"header": {"parameterUnit": "m.s-1", "parameterNumber": 2, "dx": 0.051, "dy": 0.036, "parameterNumberName": "eastward_wind", "la1": 45.3082, "parameterCategory": 2,"nx": 177, "ny": 123, "refTime": "2018-09-30 00:00:00", "lo1":1.38177}, "data":
[rows 58 to 86 of 123, columns 0 to 63 of 177]
-2.91694,-2.98886,-0.920448,-0.980321,-0.385552,-0.462038,-0.948148,-1.16828,0.198841,0.333385,-0.276328,-0.248199,-0.296186,0.431813,1.28157,1.50424,1.70807,2.22099,2.38468,2.26362,2.49684,2.86347,3.36616,3.22726,2.9305,2.5282,2.62419,1.92758,1.15136,-0.0164108,-1.12302,-1.79883,-1.82692,-1.29798,-1.26301,-1.40874,-1.53361,-1.43993,-1.01618,-0.293724,0.141141,0.002703,-0.251969,-0.37262,-0.328448,-0.273209,-0.251278,-0.337295,-0.65064,-1.04871,-1.30891,-1.42799,-1.45724,-1.41871,-1.32889,-1.19196,-0.990402,-0.746794,-0.525908,-0.181939,0.304012,0.681646,0.895916,1.05928
-3.53443,-2.21187,-1.1469,-1.47992,-0.207197,0.06442,-0.887693,-0.417933,-0.25236,-0.589898,-0.526881,-0.48917,-0.297585,0.58366,1.4608,1.80556,2.39951,2.89785,3.37573,3.45471,3.28536,3.22878,3.17737,3.01429,2.96692,3.07499,2.76726,2.61848,1.09051,-1.94179,-2.28585,-1.72138,-1.67172,-1.68269,-1.56349,-1.67685,-1.62373,-1.45571,-1.20532,-0.773172,-0.298582,-0.126582,-0.178743,-0.223036,-0.175526,-0.0509452,-0.0602576,-0.27137,-0.585248,-0.861673,-1.03725,-1.1476,-1.2138,-1.2157,-1.12925,-1.01227,-0.926288,-0.760367,-0.491305,-0.210028,0.173443,0.621609,0.963875,1.20649
-2.214,-1.92518,-0.979369,-1.43684,-0.545357,-0.21171,-0.65196,-0.63107,-0.28588,-0.202703,-0.45659,0.0540442,0.233648,0.747854,1.55764,2.10225,3.11449,3.45923,3.97045,3.50892,3.22776,2.11568,2.2824,2.23059,3.29371,3.82287,3.66435,3.23111,1.50783,-0.561398,0.233211,0.702465,-0.972148,-1.65215,-1.87616,-1.94516,-1.84411,-1.58622,-1.24997,-0.749632,-0.282513,-0.15144,-0.177327,-0.192394,-0.148008,-0.0167666,-0.0452906,-0.280987,-0.4985,-0.616321,-0.737006,-0.889698,-0.999611,-0.99325,-0.885293,-0.722442,-0.578833,-0.451642,-0.189766,0.135621,0.422379,0.743,1.05413,1.29101
-2.16422,-1.84556,-1.04877,-0.667964,-1.10983,-0.785318,-0.946745,-0.425226,0.123245,-0.269952,0.192376,0.249138,1.14298,1.31429,1.50498,2.12514,3.05521,3.56707,3.91639,3.71877,3.49478,2.46809,2.40179,2.76862,3.29834,4.21945,4.68603,4.14934,2.88698,2.43124,2.50997,2.44061,0.710513,-1.01822,-1.90982,-1.76507,-1.53142,-1.37079,-1.11754,-0.798365,-0.436311,-0.235683,-0.238238,-0.222066,-0.14804,-0.0112612,0.0111923,-0.184621,-0.399433,-0.47298,-0.471508,-0.535406,-0.640443,-0.651415,-0.496742,-0.283538,-0.106547,0.0100019,0.120271,0.314571,0.543711,0.769224,1.03269,1.28996
-2.03807,-1.80521,-1.25144,-0.857536,-1.64306,-1.00724,-0.585231,-0.637339,0.0358075,-0.158566,0.212285,0.664505,1.58061,1.46097,1.33447,1.64265,2.36234,2.90846,3.31087,3.3987,3.40277,3.49652,3.61935,4.09416,4.68568,4.54254,4.76466,4.72195,3.94146,2.92805,3.12462,3.79023,3.05668,0.153235,-0.860546,-1.47534,-1.3122,-1.2228,-1.14035,-0.790556,-0.444125,-0.455064,-0.436285,-0.318328,-0.245634,-0.159302,-0.127204,-0.232456,-0.448479,-0.583208,-0.476122,-0.267348,-0.184229,-0.185386,-0.118241,0.0603847,0.204744,0.216398,0.171554,0.203301,0.354669,0.599074,0.923075,1.29669
-2.20286,-2.05191,-1.74522,-1.80282,-1.8034,-1.38873,-0.622657,-0.294473,0.172976,0.169229,0.212746,1.30809,1.64714,1.55747,1.56229,1.66853,1.96888,2.6091,3.05781,3.71084,4.12415,4.60213,5.12393,5.1702,5.2595,4.63473,4.97007,4.48827,4.1787,3.57305,3.09777,3.35065,3.21847,1.84191,-0.0864577,-0.155282,-0.444714,-0.577424,-0.837584,-1.05574,-1.00728,-0.761469,-0.666988,-0.500034,-0.343841,-0.3855,-0.449227,-0.582894,-0.738125,-0.827184,-0.701115,-0.331971,0.00612665,0.128564,0.111381,0.11086,0.226835,0.266018,0.175926,0.144539,0.292675,0.525713,0.799627,1.16841
-2.36671,-2.17599,-1.87583,-2.16679,-2.10199,-1.49455,-1.09539,-0.533151,0.065423,0.005918,0.618089,1.49507,1.66918,1.75293,1.87666,1.68186,1.52979,2.02067,2.94824,3.85794,4.83398,4.96411,5.28861,5.0939,5.12743,4.74874,4.99141,5.5229,5.40976,4.24288,3.64501,3.27084,3.44278,3.20724,2.66551,0.541119,0.179645,-0.749715,-1.23377,-1.07805,-0.987785,-1.27367,-1.09103,-0.787304,-0.630551,-0.542584,-0.694896,-0.927182,-1.10407,-1.11081,-0.923718,-0.530049,-0.0751296,0.230635,0.306198,0.228139,0.188934,0.391207,0.491055,0.414031,0.373304,0.562528,0.999542,1.48533
-1.87583,-1.818,-1.80245,-1.97468,-2.19181,-1.95734,-1.6615,-0.607625,-0.653133,-0.635552,0.620108,1.22949,1.77129,1.79052,1.75596,1.94688,1.76488,1.79933,2.39555,3.54546,3.93987,3.9846,3.86454,3.93745,4.67441,5.65333,6.54737,6.19903,5.50091,4.56401,3.94746,3.46975,3.2136,2.71816,2.80914,1.52926,0.90978,0.413826,0.399901,-0.572077,-1.45952,-1.40226,-1.14281,-1.02073,-0.753459,-0.796126,-0.869297,-1.08437,-1.30838,-1.32338,-1.09958,-0.696762,-0.187251,0.248244,0.534887,0.625794,0.58593,0.527921,0.600278,0.655764,0.784518,0.959986,1.05813,1.31033
-1.78336,-1.78865,-1.60842,-1.81762,-2.21305,-2.29914,-2.18895,-1.54357,-1.27095,-0.691202,0.0254335,1.17458,1.89478,0.097964,-0.791566,-0.691396,-0.222541,0.477322,0.639965,0.248105,-0.0359215,0.497355,1.18684,2.17422,3.34191,4.16669,4.85074,4.70957,4.3946,3.9293,3.85306,3.18094,3.06902,2.29783,2.81285,1.4975,0.386902,0.308984,1.16175,0.0654688,-0.329766,-0.282121,-1.04517,-1.16256,-1.11328,-0.902597,-0.951218,-1.12993,-1.35283,-1.4456,-1.21309,-0.71487,-0.165153,0.324611,0.67482,0.881516,0.833969,0.873525,1.0171,1.01554,0.827145,0.930296,1.58432,2.0294
-1.02345,-1.2221,-1.48368,-1.73624,-2.27972,-2.59215,-2.49736,-1.95334,-1.64915,-0.798493,0.29428,0.578538,0.225979,-0.0245673,0.0894983,-0.462018,-0.459466,0.262823,0.22142,-0.145508,-0.134807,0.635627,1.11267,2.35284,2.30823,1.21545,-0.591677,-0.603216,0.697049,2.01002,2.64395,2.64392,2.66886,2.73153,2.19813,1.97293,1.79038,1.38615,0.903266,-0.125298,-0.691645,-1.76534,-2.1677,-1.20044,-0.9783,-1.08279,-1.1338,-1.21967,-1.3172,-1.35106,-1.21823,-0.80528,-0.15626,0.404747,0.822707,1.18481,1.47713,1.26527,1.06207,1.18318,1.67753,2.04508,1.45541,1.87748
-0.645746,-0.955182,-1.29909,-1.798,-2.35055,-2.53219,-2.45615,-1.87163,-1.1286,-0.388791,-0.39656,-1.16574,-1.02178,-0.407029,-0.33544,-0.75671,-0.474202,0.25818,0.347365,-0.0719462,0.239475,0.84356,1.92298,2.83081,1.2939,-0.867085,-2.7913,-3.07455,-2.43047,-0.0342948,1.24691,2.00046,2.13059,2.66228,2.46507,2.97557,3.19795,3.13211,2.72604,2.21557,0.758548,-1.87554,-1.15302,-1.44581,-1.22524,-0.93831,-0.88562,-1.11608,-1.22682,-1.295,-1.18127,-0.677929,-0.0636859,0.554424,0.941183,1.07419,1.15204,1.79224,2.1677,1.48097,2.14982,2.5305,1.47456,2.43116
-0.462267,-0.718934,-0.968015,-1.30101,-1.73389,-1.96892,-2.04991,-1.37649,-0.604062,-1.11502,-1.91888,-2.24682,-1.82969,-1.57936,-0.553201,-0.317676,-0.387899,0.0476322,0.29628,0.410084,1.06227,1.78215,2.16083,1.11741,-0.525757,-1.1837,-1.62423,-2.71826,-3.31262,-1.70711,0.325365,1.43818,1.8458,2.42531,2.66239,3.14367,3.17015,3.36304,2.65152,3.42715,1.43866,-1.79474,-0.888977,-0.547701,-0.762945,-0.353473,-1.13046,-1.24979,-1.14798,-1.04726,-1.07424,-0.950105,-0.189401,0.578768,1.20195,1.85876,2.51018,2.02767,1.47775,2.14845,2.22655,2.30359,2.39296,2.7798
-0.0159731,-0.296801,-0.705067,-0.817249,-1.14881,-1.18081,-1.27388,-0.680934,-0.828699,-1.98589,-2.88504,-2.93057,-2.70738,-2.26416,-1.45491,-0.915951,-0.613283,0.0592037,0.591782,1.09813,1.74127,2.09296,1.11068,-0.796303,-2.14977,-1.58309,0.377212,-0.660457,-2.41912,-1.5966,0.101521,0.856765,0.866724,1.86499,3.05801,3.8708,3.93331,3.8588,3.30543,4.21516,2.49946,-1.52229,-0.260309,-0.185907,-0.234059,-0.425951,-1.34634,-0.979646,-1.10876,-1.23067,-1.03952,-0.235692,0.44026,1.02404,1.2169,1.71083,3.63183,2.07734,1.33015,1.2485,2.3355,2.71586,2.58001,2.29801
0.132571,-0.0689956,-0.438099,-0.705621,-0.882745,-0.9809,-1.29768,-1.88597,-2.45137,-2.82087,-3.47767,-3.82558,-3.36865,-3.05472,-2.61376,-2.07531,-1.66097,-0.0651929,0.739374,1.1361,1.78638,1.04706,0.647115,-0.000672924,-0.415825,-0.685964,-0.54373,0.220321,-0.376269,-0.273846,0.805855,-0.0492885,-0.0927305,1.49224,3.24803,3.83992,4.38211,4.44892,3.66587,2.91914,3.64239,0.791404,0.211761,0.0193486,-0.35824,-0.49292,-1.45563,-1.0943,-1.44141,-0.975673,-1.127,0.570703,0.907936,-0.412066,1.23402,2.80114,3.89899,3.06981,1.21713,0.798847,1.50372,2.77029,3.35893,3.63323
0.501313,0.197771,-0.356581,-0.634126,-0.685471,-0.852046,-1.61579,-2.62015,-3.43788,-3.83091,-3.61413,-3.75762,-4.40335,-4.40275,-3.87711,-3.01794,-1.85245,0.876747,1.72728,1.44375,0.860447,0.529795,0.999645,0.902312,0.816317,0.915861,0.309081,-0.102238,-0.476358,-0.054603,0.335406,0.336298,1.18154,2.56746,3.73668,4.06132,4.46364,4.91312,3.59029,1.89235,2.64884,2.35524,1.05982,-0.769412,-0.90365,-1.17018,-1.82115,-0.801926,-0.490897,-0.728753,-1.09016,0.9394,1.46456,0.238523,2.2677,3.178,4.30729,4.34129,1.69691,0.166144,0.718971,1.71609,2.4726,2.84189
0.599907,0.267154,-0.184664,-0.35138,-0.487704,-0.778986,-1.14052,-1.77104,-2.71027,-3.41629,-3.77811,-4.22248,-4.43807,-4.24427,-3.80454,-3.05773,-1.48988,0.140998,0.719053,0.0863309,0.429996,0.95898,1.45978,0.636685,0.483402,1.72268,1.42025,1.09631,0.82556,0.335584,0.0924129,1.20295,2.84241,3.82321,4.03236,4.0228,4.66039,4.33726,3.06599,1.92006,1.93595,2.27549,1.15786,-0.82083,-1.36233,-2.27685,-1.95751,-0.770237,-0.0500926,-0.394628,-0.742479,1.05895,2.46389,1.53826,2.10667,3.47177,3.88388,4.43272,2.01381,0.0733137,0.178938,0.949522,1.76278,2.26618
1.00947,0.477948,0.0611381,-0.0381667,-0.118745,-0.39092,-0.67705,-1.24326,-2.32492,-3.21212,-3.6566,-3.77228,-3.80022,-3.31007,-3.24729,-2.03199,-0.664502,-0.353518,-0.652947,-0.0525113,0.380245,1.10432,1.33551,0.504681,0.331345,1.0345,1.66183,2.65171,2.41155,1.28088,0.543986,1.5209,2.58719,3.79171,4.29683,4.52637,4.44802,4.11188,3.31697,2.56777,2.20772,1.52875,-0.238001,0.553242,-0.397725,-3.16762,-1.86499,-0.868418,-0.233908,0.0295562,-0.256544,0.539384,2.45947,2.74244,2.21083,3.56867,3.51708,3.42913,2.66998,0.490161,-0.204525,0.946406,1.39127,1.69441
1.10501,0.659215,0.365338,0.169036,0.153211,0.0801921,-0.279977,-1.01866,-2.12954,-2.95722,-3.26188,-3.06252,-2.90178,-2.63674,-2.17443,-1.33988,-0.52872,-0.435778,-0.866743,-0.522676,0.028825,0.62418,0.865466,0.833009,0.674722,0.642488,1.63214,2.83366,2.46,1.86856,2.29088,2.77621,2.75837,3.9263,5.08819,5.63252,4.7315,3.81185,3.6218,2.38369,1.49672,1.18414,-0.100177,-0.141933,-1.00432,-2.8389,-1.4917,-1.09474,-0.45177,0.0766156,0.109761,-0.0429462,1.68334,3.06318,2.96304,3.32542,3.55321,2.36879,2.7204,1.09456,0.110728,0.77592,1.1913,1.29475
0.987759,0.670742,0.541488,0.297107,0.329569,0.202183,-0.502958,-1.44317,-2.25826,-2.70356,-2.71547,-2.41045,-2.27263,-2.16089,-1.74019,-1.28672,-0.963651,-1.03481,-0.867115,-0.600458,-0.690284,-0.232082,0.556633,1.05619,0.947507,1.09701,2.1369,2.45487,1.89938,1.90698,2.59173,2.5762,2.86293,3.38169,4.95281,4.42728,4.24432,2.92796,3.63155,1.18097,-0.211601,0.702772,0.240069,-0.287376,-1.05376,-2.37789,-1.86966,-1.15495,-0.723496,3.68584e-05,0.270454,-0.0869448,0.993063,2.55758,2.77378,2.78671,4.04117,2.74957,2.1904,1.36826,0.579499,0.690983,1.12197,1.53194
0.838824,0.583492,0.530225,0.381418,0.326424,-0.179869,-0.912702,-1.46757,-1.80031,-2.01896,-2.28709,-2.21645,-2.00233,-1.83927,-1.59823,-1.10978,-0.577444,-0.668279,-1.08285,-1.02216,-0.83001,-0.660405,-0.260733,0.709448,1.20729,2.03491,2.36645,1.70472,0.843843,2.22447,2.90028,2.77718,3.10078,3.73414,4.20167,3.64786,2.88182,2.8282,2.68359,1.69036,-0.755549,-0.384015,0.299313,-0.209888,-0.819349,-2.37446,-1.58182,-0.656467,-0.26926,-0.295207,0.226834,0.263249,0.798824,1.97845,2.69907,2.70303,3.57242,3.10873,2.88015,1.80579,0.939467,1.00218,1.19202,1.70205
0.878966,0.696618,0.347241,0.312044,0.062113,-0.546003,-0.920236,-1.0092,-0.976636,-1.28209,-1.89924,-2.0623,-1.90816,-1.83465,-1.76278,-1.86844,-0.273172,0.846883,-0.303837,-0.629337,-0.326701,-0.426239,-0.745753,-0.312592,0.935457,1.92824,2.03343,0.947355,0.933963,2.43191,2.86148,2.73973,3.08915,3.69418,3.68551,2.91572,2.47638,2.28769,2.17599,2.27533,1.63129,0.113581,-0.306517,0.154477,-1.35415,-2.27958,-1.5659,-0.188532,-0.0316326,-0.46429,0.167815,0.274975,1.09988,2.01009,2.31255,2.31962,3.12427,2.94782,3.4343,2.48946,1.89659,1.38916,1.67498,2.02876
0.67941,0.503524,0.207214,0.054825,-0.182395,-0.498393,-0.555428,-0.494488,-0.490897,-0.915683,-1.50685,-1.85859,-1.82341,-1.4564,-1.21099,-0.901829,-0.367733,0.349798,0.108364,-0.412375,0.310367,-0.220864,-1.06067,-0.644387,0.590674,1.75561,1.29978,0.553719,0.891145,1.9301,2.43415,2.74072,2.68764,3.16042,3.17072,2.84024,2.84386,2.21905,2.21148,2.52013,2.61988,1.19587,-0.608723,-0.498363,-1.3488,-1.89761,-1.10844,-0.423378,-0.372533,-0.702269,-0.071183,0.560755,1.11206,1.96401,2.10763,2.00947,2.43526,2.44495,3.09646,3.42578,2.63395,1.9238,1.72877,2.22873
0.476105,0.333149,0.100351,-0.149024,-0.269255,-0.23827,-0.204323,-0.194266,-0.477236,-0.777627,-1.11063,-1.43607,-1.56632,-1.34696,-1.40987,-0.633289,0.394416,0.915533,0.62921,-0.0819101,0.392065,-0.422647,-1.3415,-0.620702,0.833046,1.73399,1.14836,1.03376,1.43409,1.42907,1.95005,2.40258,2.74248,2.75334,2.71726,2.95287,2.587,2.39374,2.55718,3.31101,2.55736,1.10365,-2.26526,-2.09918,-0.846002,-1.32487,-1.25564,-0.618516,-0.824921,-0.971597,-0.158291,0.557928,1.63591,2.02455,2.1517,1.68611,2.17404,1.98649,2.65586,3.89091,3.54759,2.31205,2.15885,2.2594
0.215584,0.170189,0.0806964,-0.118528,-0.231342,-0.158548,0.0716598,0.17287,-0.189045,-0.596624,-0.759248,-0.744729,-0.918572,-1.12097,-0.4147,-0.213549,1.14407,0.926924,0.432743,0.483964,-0.16315,-0.22659,-1.16292,0.387579,1.8805,1.19648,0.528699,1.39485,2.36972,2.23217,1.81783,1.81969,1.78482,1.29922,1.64347,2.51069,2.33245,2.26903,2.86648,3.75558,2.11337,-1.62093,-3.96795,-2.27983,-0.420307,-0.478933,-0.958754,-1.0835,-1.30589,-1.18808,-0.209118,0.593789,1.44249,2.06901,2.04782,1.5278,1.7673,2.15242,2.20116,3.39702,3.5368,2.70943,1.71488,2.52552
0.0809723,0.118026,0.133165,0.105687,-0.0984632,-0.097639,0.108428,0.193666,0.00520742,-0.57893,-0.537127,-0.2634,-0.312919,-0.675191,-0.131964,0.669448,1.04554,1.2853,1.34094,0.63823,0.275778,0.0829322,0.172121,1.18399,1.40223,0.478814,0.541966,1.52183,2.95111,2.54454,1.95691,1.75166,1.471,1.01595,1.46673,1.96598,2.20237,2.16305,3.56375,4.24945,2.05735,-2.68397,-4.04617,-2.24805,-0.799207,-0.561382,-0.96409,-1.49846,-1.6328,-0.872762,-0.0594602,0.755263,1.55286,1.93939,2.07579,1.811,1.80192,2.11568,2.37647,2.71657,3.30991,3.50624,2.46904,2.15693
0.557345,0.475128,0.345971,0.205932,0.145552,-0.0830689,-0.0386995,0.196641,-0.00215609,-0.160984,-0.144975,0.0474614,0.158152,-0.0463787,0.319029,0.432995,0.981793,0.860754,1.08822,1.31224,1.06002,1.66136,1.68969,1.50535,0.848137,1.26867,2.13053,2.67131,2.72812,1.97831,1.58939,1.28547,0.459435,0.905942,1.31911,1.41962,1.87768,3.17956,3.85277,4.13225,1.23524,-2.71219,-3.63627,-1.73833,-0.68555,-1.14922,-1.71677,-2.0315,-1.5341,-0.185921,0.0790189,0.847683,1.85623,1.8959,2.05595,1.76185,1.94405,2.48616,3.02134,3.28158,3.54529,3.54804,3.27343,2.57367
1.18634,1.00145,0.897957,0.688352,0.268065,0.104945,0.501377,0.470711,0.369343,0.440931,0.631467,0.22049,0.384344,0.28645,1.03149,1.54284,2.15896,2.1214,1.81452,1.98289,1.86744,1.78505,1.7107,1.63955,1.85725,2.42972,2.50105,2.38126,1.83802,1.09014,1.03401,0.278432,0.0173348,0.760157,1.22672,1.15637,2.10075,3.72936,4.47494,4.26964,1.08237,-2.36378,-2.89589,-1.78888,-1.16893,-1.79231,-2.32137,-2.28953,-1.43192,-0.328252,-0.214466,0.891195,1.8932,1.65486,1.87419,1.93109,2.29793,2.73305,3.10734,2.71913,3.2894,3.62595,2.82555,3.02116
1.86496,1.5845,1.43045,1.51991,1.07803,1.28712,1.93007,1.93474,1.54549,1.11992,1.07099,0.50209,0.536966,0.85133,1.40997,2.41479,2.79582,2.77289,2.76026,2.61737,2.6185,2.21446,2.14488,2.15286,1.96054,2.16978,2.37797,2.72219,2.24705,1.18008,-0.0327583,-0.674154,-0.333554,0.549893,1.50288,1.8287,2.58971,3.75665,4.13699,4.25689,3.03163,-0.30987,-2.8561,-2.12869,-1.08663,-1.12647,-1.65044,-1.93731,-1.81783,-0.624664,0.173392,1.02399,2.1095,2.04777,2.427,2.72693,3.016,2.97361,3.37279,2.91844,3.08318,3.70309,2.49515,2.589
2.39939,2.18469,1.92034,2.56306,2.24989,2.08033,2.61168,2.82505,2.57273,2.23263,1.96959,1.70105,1.5752,1.51389,1.71499,2.49903,2.71448,2.75804,2.27436,2.54482,2.4112,2.30383,2.74842,2.73758,2.19317,2.07216,2.16613,2.79175,3.11088,1.69991,0.0885776,-1.01317,-0.409692,0.22453,0.970324,2.07841,3.37425,3.3524,3.5286,3.78717,4.62763,3.4773,0.655162,-0.55927,-0.313449,0.414009,0.737202,-0.577626,-1.88211,-0.688206,0.260787,1.37807,2.18089,2.13188,2.33,2.8041,3.84794,3.81158,3.49843,3.34365,3.11611,3.41921,2.79335,2.40778
