uploads/wind/20200723/wind_field_13.json
{"header": {"parameterUnit": "m.s-1", "parameterNumber": 3, "dx":  0.051, "dy": 0.036, "parameterNumberName": "northward_wind", "la1": 45.3082, "parameterCategory": 2,"nx": 177, "ny": 123, "refTime": "2018-10-03 01:00:00", "lo1":1.38177}, "data":
[rows 0 to 28 of 123, columns 66 to 131 of 177]
0.320574,0.208773,0.121626,0.0680211,-0.00941167,-0.0934947,-0.204403,-0.314305,-0.414394,-0.510892,-0.605307,-0.682922,-0.751024,-0.781601,-0.795932,-0.944173,-0.909322,-0.843413,-0.774641,-0.738541,-0.691283,-0.668642,-0.681427,-0.720142,-0.729053,-0.711504,-0.755578,-0.901209,-0.829879,-0.853397,-1.03113,-1.10924,-1.22019,-1.3973,-1.56233,-1.69139,-1.65006,-1.89818,-2.00186,-2.18178,-2.18257,-1.98139,-2.33396,-2.45439,-2.38125,-2.36386,-2.25206,-2.64529,-2.71034,-2.65929,-2.69297,-2.93012,-3.43697,-3.77999,-4.07806,-4.15176,-4.34394,-4.85708,-5.18127,-5.21007,-5.44601,-5.57246,-5.4487,-4.98877,-4.70053,-5.21019
0.581532,0.508523,0.458856,0.438108,0.391925,0.332943,0.241458,0.151201,0.0718795,0.00193696,-0.0754155,-0.149364,-0.22689,-0.277955,-0.331002,-0.538809,-0.562476,-0.552998,-0.542708,-0.536031,-0.488177,-0.444964,-0.432323,-0.45524,-0.456217,-0.436765,-0.508708,-0.710837,-0.676364,-0.729609,-0.929067,-1.0292,-1.1539,-1.33652,-1.51605,-1.67114,-1.65209,-1.93315,-2.06126,-2.24309,-2.2518,-2.06771,-2.66952,-2.79722,-2.49537,-2.4235,-2.33372,-2.8464,-3.32008,-3.03407,-3.06445,-3.3525,-4.06232,-3.88501,-3.89673,-3.80848,-3.99556,-4.96652,-5.28898,-5.02841,-5.39446,-5.55972,-5.45052,-4.97357,-4.57605,-5.40151
0.789923,0.794582,0.796298,0.792961,0.78265,0.74953,0.701359,0.64299,0.578521,0.513289,0.447833,0.374955,0.29499,0.214542,0.124947,0.0250058,-0.0801398,-0.182598,-0.286825,-0.335387,-0.326947,-0.292322,-0.238417,-0.193436,-0.17043,-0.170627,-0.239171,-0.375264,-0.516767,-0.662545,-0.80492,-0.941257,-1.07067,-1.17855,-1.31992,-1.4855,-1.67992,-1.8466,-1.96122,-2.00697,-2.04545,-2.08213,-2.35492,-2.39032,-2.20678,-2.22585,-2.33064,-2.57374,-3.42756,-2.9809,-3.11329,-3.40365,-4.18612,-3.52516,-3.58886,-3.67852,-3.95198,-4.86293,-5.10647,-4.40044,-4.63425,-5.26585,-5.16399,-4.53912,-4.58211,-5.50419
1.01613,1.04235,1.06807,1.08177,1.08362,1.0656,1.03352,0.995449,0.944567,0.88095,0.806116,0.730061,0.651005,0.573874,0.488053,0.379946,0.244792,0.0966466,-0.0524797,-0.138827,-0.164849,-0.151703,-0.106452,-0.0516179,-0.0581674,-0.0850277,-0.149963,-0.29851,-0.500548,-0.692546,-0.810554,-0.914916,-1.03063,-1.15073,-1.29592,-1.47417,-1.69101,-1.88171,-1.9944,-2.02538,-2.04349,-2.10308,-2.18709,-2.2461,-2.28527,-2.33194,-2.40701,-2.47671,-2.70855,-2.73862,-2.84609,-3.06571,-3.37084,-3.19618,-3.42172,-3.66272,-4.05716,-4.16124,-5.05292,-3.93577,-3.7872,-5.09957,-4.95949,-3.85568,-4.75665,-5.32567
1.07476,1.12316,1.19112,1.25247,1.28419,1.29844,1.29522,1.28801,1.262,1.2149,1.14643,1.07464,0.992814,0.900356,0.795882,0.666856,0.512318,0.351195,0.199477,0.097833,0.0452869,0.0219288,0.0203304,0.014068,-0.0647671,-0.161508,-0.277859,-0.458168,-0.681147,-0.867902,-0.976627,-1.06718,-1.15261,-1.2512,-1.35185,-1.47143,-1.60208,-1.7299,-1.80724,-1.86033,-1.94197,-2.08781,-2.2369,-2.35872,-2.43907,-2.50692,-2.54783,-2.56882,-2.45522,-2.65527,-2.76993,-2.84089,-2.90091,-3.10992,-3.29529,-3.75784,-4.07447,-3.96875,-4.08727,-3.9722,-3.50901,-3.8967,-4.17476,-3.54958,-4.72529,-4.10037
1.01602,1.04364,1.11936,1.2137,1.29921,1.36789,1.41759,1.46165,1.49037,1.50691,1.50319,1.46272,1.36403,1.2102,1.0359,0.863192,0.697609,0.547428,0.416034,0.309076,0.232974,0.170378,0.111707,0.0377036,-0.0759306,-0.228931,-0.420806,-0.627793,-0.805611,-0.929279,-1.02758,-1.11036,-1.17059,-1.21675,-1.25672,-1.29837,-1.34575,-1.39615,-1.46781,-1.59241,-1.78136,-1.98893,-2.18209,-2.34752,-2.47711,-2.57608,-2.63603,-2.69117,-2.75726,-2.75384,-2.90122,-3.00406,-3.11019,-3.24265,-3.1696,-3.59849,-3.66363,-4.09651,-3.47021,-4.10788,-3.55912,-3.29295,-3.69286,-3.48801,-3.99554,-3.64384
1.18848,1.14202,1.13677,1.16654,1.22774,1.29961,1.37117,1.43704,1.49558,1.55935,1.60783,1.60917,1.52271,1.35388,1.15195,0.965527,0.804458,0.657971,0.51557,0.378509,0.259284,0.165491,0.0886617,0.0150204,-0.0878958,-0.237942,-0.42337,-0.595044,-0.705741,-0.761163,-0.795051,-0.81864,-0.835224,-0.85349,-0.891302,-0.958995,-1.05368,-1.1765,-1.3476,-1.56583,-1.79337,-1.98929,-2.16355,-2.31228,-2.43483,-2.54223,-2.62929,-2.67997,-2.70521,-2.76621,-2.82681,-3.01657,-2.93569,-3.15356,-3.19296,-3.33614,-3.32758,-3.81961,-3.63025,-3.82065,-3.49423,-3.43707,-3.53084,-3.51219,-3.52143,-4.20653
1.53384,1.46643,1.39019,1.32421,1.2958,1.30695,1.33699,1.37077,1.40255,1.43476,1.44795,1.43293,1.37619,1.28132,1.15573,1.01223,0.865158,0.718775,0.566195,0.415006,0.279247,0.169249,0.0814328,-0.00273729,-0.107245,-0.240038,-0.382091,-0.487148,-0.517579,-0.486812,-0.437053,-0.40051,-0.390133,-0.439797,-0.558306,-0.729589,-0.937311,-1.17651,-1.44133,-1.70762,-1.92693,-2.08559,-2.21139,-2.31554,-2.41481,-2.51178,-2.59752,-2.66501,-2.70778,-2.71414,-2.64345,-2.79057,-2.70191,-2.93384,-3.16707,-3.10786,-3.20052,-3.53035,-3.53023,-3.73184,-3.41094,-3.31273,-3.21174,-3.51236,-3.35527,-4.21874
1.76005,1.74911,1.70378,1.62592,1.54292,1.48393,1.45493,1.44307,1.42723,1.38926,1.31508,1.22064,1.14654,1.11528,1.08967,1.02005,0.906262,0.780138,0.661686,0.551214,0.446114,0.33876,0.224809,0.0953654,-0.0457175,-0.186352,-0.293535,-0.337235,-0.293949,-0.197928,-0.110321,-0.0741909,-0.118634,-0.26237,-0.491771,-0.760209,-1.03432,-1.31131,-1.57878,-1.8241,-2.0232,-2.17237,-2.27769,-2.35692,-2.42744,-2.49668,-2.54682,-2.56689,-2.5248,-2.54501,-2.43146,-2.50684,-2.48504,-2.60587,-2.80927,-2.78701,-3.02303,-3.08435,-3.51604,-3.77359,-3.45685,-3.42059,-3.22909,-3.16492,-3.16831,-3.94933
1.82269,1.86573,1.89848,1.89816,1.85403,1.78219,1.71406,1.66593,1.62322,1.55162,1.43311,1.29741,1.19716,1.15085,1.12771,1.07595,0.984934,0.894434,0.832693,0.784469,0.720869,0.622502,0.480265,0.307728,0.12464,-0.0322484,-0.130652,-0.150965,-0.09954,-0.0314832,-0.00790081,-0.0639131,-0.214139,-0.446658,-0.723663,-1.00099,-1.25457,-1.48134,-1.68131,-1.8726,-2.04955,-2.19336,-2.29086,-2.3601,-2.42017,-2.45243,-2.454,-2.43266,-2.36125,-2.31691,-2.22489,-2.20092,-2.26845,-2.30737,-2.44524,-2.4511,-2.81072,-2.87091,-3.25575,-3.65787,-3.51282,-3.50822,-3.24543,-2.93949,-3.07307,-3.55063
1.88526,1.92307,1.97441,2.02918,2.06704,2.06464,2.01093,1.94179,1.86481,1.76901,1.65996,1.55755,1.47581,1.40321,1.32037,1.22145,1.11566,1.04502,1.01426,0.989304,0.929486,0.828328,0.680708,0.505868,0.335189,0.203631,0.117227,0.0661466,0.0240682,-0.0499363,-0.175546,-0.358003,-0.582533,-0.819715,-1.04341,-1.24398,-1.4271,-1.59175,-1.73558,-1.87312,-2.00504,-2.11291,-2.19161,-2.25715,-2.31013,-2.32632,-2.30079,-2.23924,-2.15534,-2.05853,-1.98314,-1.89411,-1.99343,-2.03445,-2.1227,-2.21195,-2.59416,-2.75214,-2.96538,-3.48847,-3.61095,-3.77769,-3.50175,-3.16085,-2.98864,-3.24502
2.1113,2.06311,2.04264,2.05244,2.08561,2.12408,2.13875,2.09557,1.98079,1.83759,1.72357,1.65461,1.60756,1.5504,1.46298,1.36171,1.26966,1.20477,1.14874,1.07558,0.979521,0.861858,0.734346,0.603917,0.502272,0.41355,0.307752,0.15433,-0.0459821,-0.29232,-0.549155,-0.788022,-0.991753,-1.14317,-1.25397,-1.34705,-1.45554,-1.57842,-1.69857,-1.80164,-1.88907,-1.95902,-2.0187,-2.08258,-2.12985,-2.15146,-2.13829,-2.08097,-1.9993,-1.89163,-1.804,-1.70273,-1.77976,-1.75828,-1.89177,-2.11067,-2.38107,-2.62257,-2.74428,-3.24907,-3.60123,-3.79573,-3.73873,-3.34739,-3.05687,-3.08604
2.49248,2.32789,2.19209,2.10871,2.05559,2.01899,2.00384,1.96499,1.87823,1.75735,1.65359,1.59039,1.55405,1.51708,1.48071,1.44918,1.4255,1.38148,1.27653,1.13321,0.993837,0.863136,0.752237,0.66291,0.580209,0.448352,0.233369,-0.0342528,-0.333926,-0.641068,-0.913002,-1.11738,-1.24263,-1.29879,-1.31619,-1.3343,-1.3864,-1.46869,-1.56643,-1.65543,-1.73407,-1.80537,-1.87137,-1.93066,-1.98055,-2.01388,-2.02672,-2.00341,-1.94276,-1.85379,-1.76943,-1.64949,-1.62219,-1.56724,-1.79001,-2.0544,-2.17661,-2.48133,-2.52135,-2.88668,-3.21808,-3.48666,-3.6786,-3.50679,-3.28954,-3.17747
2.74311,2.55788,2.37308,2.22781,2.10938,1.98654,1.84795,1.72712,1.66792,1.65243,1.64823,1.63038,1.59395,1.54507,1.5193,1.53222,1.55894,1.53171,1.41661,1.25755,1.11046,0.981711,0.856414,0.713976,0.514844,0.243401,-0.0650043,-0.365281,-0.648682,-0.882642,-1.07067,-1.20983,-1.28483,-1.30775,-1.29864,-1.29265,-1.3029,-1.34049,-1.39988,-1.46731,-1.54892,-1.64172,-1.73045,-1.80313,-1.87225,-1.9259,-1.97264,-1.99474,-1.98902,-1.93636,-1.8743,-1.75584,-1.66004,-1.54336,-1.70113,-1.95286,-1.98528,-2.30234,-2.37756,-2.60222,-2.66537,-3.02357,-3.4353,-3.64563,-3.4176,-3.35126
2.71178,2.61379,2.48832,2.34294,2.21191,2.07667,1.91237,1.75329,1.66774,1.67887,1.73546,1.76045,1.7163,1.63269,1.5611,1.5493,1.55736,1.5121,1.41218,1.30294,1.21015,1.10678,0.937152,0.678541,0.331977,-0.0388629,-0.353639,-0.601044,-0.790133,-0.925669,-1.041,-1.14061,-1.2147,-1.25571,-1.27317,-1.26994,-1.2595,-1.25297,-1.263,-1.29299,-1.35932,-1.44808,-1.54438,-1.63591,-1.73045,-1.82463,-1.91728,-1.9948,-2.0408,-2.04137,-2.00547,-1.91986,-1.78973,-1.65577,-1.6362,-1.78191,-1.81459,-2.03997,-2.21976,-2.40992,-2.31377,-2.68541,-3.17497,-3.47326,-3.42657,-3.41435
2.56941,2.53783,2.47775,2.37574,2.267,2.1728,2.09166,2.01443,1.95593,1.92808,1.91335,1.88081,1.81651,1.7292,1.63197,1.53936,1.4191,1.28364,1.19236,1.15545,1.11672,1.00891,0.786063,0.460935,0.077345,-0.280973,-0.540184,-0.699957,-0.791998,-0.875658,-0.972367,-1.07683,-1.16756,-1.22073,-1.25589,-1.27512,-1.27471,-1.25772,-1.24325,-1.24784,-1.27845,-1.32632,-1.37937,-1.44982,-1.54129,-1.66004,-1.78784,-1.90582,-1.99621,-2.02863,-2.01902,-1.97762,-1.87584,-1.74128,-1.59514,-1.59561,-1.62241,-1.76366,-2.02379,-2.1766,-2.26151,-2.48036,-2.87895,-3.08133,-3.22838,-3.23475
2.44048,2.43474,2.38921,2.30782,2.2163,2.16816,2.16596,2.17195,2.15264,2.10342,2.02515,1.9224,1.82804,1.75596,1.6772,1.52939,1.31021,1.11488,1.02638,0.98963,0.89427,0.690856,0.391699,0.0548967,-0.248021,-0.484882,-0.639142,-0.72302,-0.773614,-0.836883,-0.931095,-1.05003,-1.16557,-1.24667,-1.29954,-1.34268,-1.36401,-1.37696,-1.38457,-1.39491,-1.40068,-1.40334,-1.39794,-1.40137,-1.42993,-1.49995,-1.60173,-1.70967,-1.80485,-1.8618,-1.883,-1.89027,-1.85262,-1.76099,-1.60819,-1.49617,-1.45302,-1.51117,-1.89539,-1.96973,-2.14706,-2.30282,-2.53566,-2.67339,-2.81619,-2.93134
2.2487,2.27711,2.25731,2.20546,2.13722,2.09376,2.09766,2.11585,2.08469,1.98532,1.85916,1.73029,1.61818,1.52498,1.43195,1.31133,1.1832,1.08769,1.01843,0.914201,0.697868,0.375688,0.0184953,-0.278803,-0.476466,-0.601639,-0.689743,-0.745916,-0.792807,-0.842878,-0.917897,-1.02135,-1.152,-1.27642,-1.36745,-1.43698,-1.49251,-1.54137,-1.58218,-1.61684,-1.63421,-1.62382,-1.59401,-1.54574,-1.49959,-1.48133,-1.50147,-1.55246,-1.61713,-1.67441,-1.71187,-1.73681,-1.75117,-1.72988,-1.60103,-1.46723,-1.35058,-1.29261,-1.75132,-1.83322,-1.9077,-2.11353,-2.28384,-2.36377,-2.48686,-2.62472
2.04193,2.06052,2.0694,2.05098,2.00548,1.9502,1.92126,1.91363,1.86523,1.73344,1.54807,1.3842,1.27484,1.18092,1.07096,0.989423,0.973172,0.981681,0.934252,0.773769,0.485919,0.14087,-0.15471,-0.362943,-0.513125,-0.621891,-0.699908,-0.757815,-0.821178,-0.884093,-0.949893,-1.03292,-1.13419,-1.24747,-1.34921,-1.43998,-1.52745,-1.60777,-1.68023,-1.73876,-1.77351,-1.77871,-1.76019,-1.71735,-1.65876,-1.5974,-1.55413,-1.5371,-1.54827,-1.56719,-1.58742,-1.60023,-1.60419,-1.63383,-1.52342,-1.40916,-1.28606,-1.11264,-1.5071,-1.71737,-1.75449,-1.92171,-2.03154,-2.1689,-2.25807,-2.3176
1.9702,1.90988,1.88563,1.84808,1.79123,1.7162,1.65353,1.60558,1.53901,1.41576,1.22842,1.03906,0.912319,0.842664,0.789185,0.737016,0.709907,0.689189,0.612021,0.422968,0.162902,-0.074911,-0.233586,-0.360283,-0.4855,-0.584295,-0.647039,-0.715433,-0.803983,-0.902946,-0.995593,-1.08443,-1.15488,-1.21927,-1.28581,-1.35946,-1.44015,-1.52989,-1.61881,-1.6894,-1.72742,-1.7426,-1.73638,-1.71807,-1.69597,-1.66733,-1.633,-1.5948,-1.56239,-1.53387,-1.50309,-1.475,-1.42896,-1.456,-1.3559,-1.27968,-1.15648,-0.970259,-1.1878,-1.49736,-1.58049,-1.71944,-1.78984,-1.94851,-2.01984,-1.9826
1.94617,1.80808,1.6962,1.60638,1.5225,1.4302,1.34105,1.25491,1.14801,0.994263,0.812145,0.631096,0.486576,0.419209,0.413684,0.417745,0.394182,0.32152,0.184903,-0.0152041,-0.212988,-0.341446,-0.403845,-0.448138,-0.498828,-0.545739,-0.599127,-0.681461,-0.781008,-0.884485,-0.987576,-1.08648,-1.1687,-1.2262,-1.26637,-1.30111,-1.34555,-1.40019,-1.46419,-1.52156,-1.55636,-1.56468,-1.54927,-1.52997,-1.53007,-1.55396,-1.58028,-1.58461,-1.56616,-1.51915,-1.44449,-1.36478,-1.25446,-1.22409,-1.11626,-1.05014,-0.941925,-0.797489,-0.882722,-1.17855,-1.45745,-1.5676,-1.63498,-1.6813,-1.73375,-1.6578
1.61592,1.47754,1.30594,1.1518,1.03188,0.940827,0.868477,0.803551,0.701136,0.53328,0.34737,0.194061,0.0548573,-0.0472467,-0.0792934,-0.040671,-0.0084353,-0.0462219,-0.165593,-0.342453,-0.527805,-0.653713,-0.693457,-0.66795,-0.629614,-0.607853,-0.635883,-0.707438,-0.79291,-0.868884,-0.942299,-1.02558,-1.11779,-1.19787,-1.24469,-1.25939,-1.27172,-1.29177,-1.3201,-1.3494,-1.37119,-1.36777,-1.34321,-1.31038,-1.29153,-1.31412,-1.37044,-1.43294,-1.46959,-1.4631,-1.40321,-1.30311,-1.1475,-1.02607,-0.893048,-0.770739,-0.667022,-0.588707,-0.65612,-0.89067,-1.27728,-1.38021,-1.44727,-1.46361,-1.50422,-1.47634
0.896866,0.834544,0.688494,0.500792,0.343213,0.256764,0.232832,0.257484,0.266501,0.194952,0.0516324,-0.0978904,-0.241849,-0.393257,-0.507433,-0.542474,-0.51612,-0.498905,-0.520121,-0.598791,-0.730921,-0.856676,-0.919876,-0.90746,-0.848261,-0.79532,-0.783186,-0.810713,-0.852637,-0.893988,-0.929077,-0.978092,-1.04258,-1.10222,-1.13791,-1.15104,-1.15117,-1.15727,-1.16313,-1.16993,-1.17658,-1.17922,-1.17812,-1.15447,-1.11611,-1.09024,-1.11317,-1.18235,-1.25878,-1.31792,-1.3301,-1.27452,-1.13565,-0.959726,-0.791371,-0.607458,-0.44721,-0.358985,-0.44912,-0.637268,-0.966678,-1.15248,-1.19101,-1.29903,-1.43738,-1.49238
0.127595,0.17133,0.134457,0.0224752,-0.0841452,-0.124456,-0.101852,-0.0312208,0.0465296,0.0665721,-0.00781043,-0.151676,-0.318015,-0.497062,-0.683079,-0.816358,-0.87185,-0.874315,-0.849587,-0.825679,-0.834246,-0.881141,-0.942002,-0.973248,-0.965706,-0.94817,-0.947114,-0.948354,-0.943884,-0.940047,-0.940425,-0.945227,-0.951381,-0.950207,-0.939987,-0.923166,-0.898201,-0.880439,-0.86768,-0.858648,-0.864828,-0.896262,-0.942254,-0.976941,-0.973884,-0.93514,-0.91024,-0.936748,-1.01547,-1.11695,-1.20794,-1.24851,-1.20014,-1.05755,-0.8724,-0.665545,-0.436215,-0.238806,-0.256754,-0.330161,-0.658982,-0.918675,-0.981756,-1.20402,-1.42148,-1.55889
-0.205104,-0.146836,-0.0885453,-0.0420459,0.0103476,0.0735329,0.113006,0.121619,0.123574,0.10873,0.0581513,-0.048392,-0.198377,-0.369893,-0.55619,-0.729564,-0.858472,-0.922877,-0.941311,-0.908251,-0.842795,-0.796459,-0.791733,-0.82673,-0.879595,-0.939072,-0.978903,-0.976356,-0.942171,-0.903264,-0.867717,-0.823526,-0.76895,-0.707421,-0.640172,-0.566617,-0.489526,-0.428919,-0.393513,-0.388804,-0.418675,-0.482193,-0.57451,-0.682982,-0.759096,-0.780952,-0.767783,-0.774481,-0.835881,-0.944155,-1.07932,-1.20225,-1.26936,-1.23251,-1.09379,-0.908795,-0.667601,-0.378741,-0.195355,-0.09572,-0.358849,-0.616652,-0.835842,-1.12776,-1.36696,-1.53367
-0.0372367,-0.0526965,0.0174251,0.157541,0.341285,0.489084,0.517776,0.430677,0.307651,0.229713,0.17806,0.100676,-0.0128152,-0.151882,-0.296539,-0.455079,-0.595537,-0.702975,-0.774484,-0.796091,-0.756492,-0.684212,-0.628457,-0.633915,-0.692308,-0.76251,-0.774069,-0.735565,-0.678373,-0.624663,-0.562603,-0.486527,-0.401474,-0.305576,-0.198787,-0.0829424,0.0141385,0.0805501,0.101491,0.0758147,0.0202433,-0.0620143,-0.172655,-0.306367,-0.444703,-0.560313,-0.64261,-0.705672,-0.775227,-0.865994,-0.980993,-1.11775,-1.25292,-1.34174,-1.32841,-1.21382,-1.01882,-0.724038,-0.373384,-0.0671432,-0.0403146,-0.175236,-0.588017,-0.956875,-1.24999,-1.40138
0.475931,0.368819,0.383641,0.493618,0.665502,0.804537,0.809516,0.675214,0.498243,0.399978,0.3603,0.298828,0.198261,0.083281,-0.0354036,-0.163172,-0.291266,-0.404859,-0.498774,-0.562732,-0.583284,-0.560982,-0.515833,-0.475336,-0.451575,-0.408114,-0.324623,-0.235204,-0.163786,-0.0904908,-0.00698283,0.0797485,0.155021,0.230041,0.312988,0.400244,0.450323,0.455117,0.420311,0.365394,0.303318,0.231228,0.143515,0.0305104,-0.115157,-0.297225,-0.492097,-0.661266,-0.786128,-0.87178,-0.933225,-1.01527,-1.14854,-1.31321,-1.43738,-1.45578,-1.34383,-1.09916,-0.750574,-0.332529,0.00500274,0.0846822,-0.222676,-0.633658,-0.975617,-1.18579
1.05793,0.873305,0.777691,0.767022,0.793812,0.855966,0.893872,0.822837,0.697153,0.612657,0.569681,0.513845,0.429079,0.332871,0.226216,0.105706,-0.0219293,-0.135096,-0.229806,-0.295875,-0.336515,-0.347483,-0.313152,-0.229909,-0.106936,0.0432176,0.181919,0.297971,0.400544,0.510819,0.606039,0.656744,0.65558,0.632044,0.61838,0.612613,0.598218,0.5626,0.518231,0.479948,0.448378,0.416289,0.363459,0.274258,0.125472,-0.0860761,-0.329808,-0.554495,-0.731166,-0.847074,-0.903418,-0.947442,-1.0395,-1.19271,-1.37783,-1.52952,-1.56522,-1.43897,-1.18977,-0.857457,-0.479981,-0.199824,-0.180113,-0.402497,-0.70796,-1.0386
1.31105,1.0651,0.874771,0.760889,0.674959,0.656551,0.71796,0.751168,0.728971,0.699377,0.670938,0.636554,0.600913,0.548343,0.461797,0.355326,0.241709,0.141939,0.0723276,0.030191,0.0107468,0.0217961,0.077873,0.187069,0.336114,0.484344,0.59513,0.686246,0.779398,0.854321,0.870289,0.818444,0.721433,0.622235,0.550312,0.513753,0.503942,0.512102,0.530048,0.550615,0.55954,0.543222,0.487101,0.379435,0.215143,0.0111328,-0.197986,-0.384614,-0.55272,-0.701527,-0.819143,-0.917903,-1.01111,-1.11978,-1.27811,-1.47071,-1.63581,-1.70324,-1.62891,-1.45525,-1.21301,-0.936808,-0.73332,-0.662692,-0.789736,-1.10381
