uploads/wind/20200723/wind_field_12.json
{"header": {"parameterUnit": "m.s-1", "parameterNumber": 3, "dx":  0.051, "dy": 0.036, "parameterNumberName": "northward_wind", "la1": 45.3082, "parameterCategory": 2,"nx": 177, "ny": 123, "refTime": "2018-10-03 01:00:00", "lo1":1.38177}, "data":
[rows 58 to 86 of 123, columns 0 to 64 of 177]
-0.369074,-0.202017,-0.302426,-0.301825,-0.806845,-2.07503,-1.69323,-0.758295,-1.67543,-2.46847,-1.69248,-0.673011,0.386887,0.432032,-0.0232914,-1.99802,-3.16356,-3.19942,-2.78048,-2.04482,-1.14628,-0.822469,-1.20182,-1.22165,-1.0108,-0.436141,-0.653634,0.469145,3.44341,4.62783,5.29284,4.71592,4.87721,4.45162,4.40183,4.20676,3.82053,3.47128,3.19545,3.06006,3.10529,3.11682,2.88195,2.64983,2.55625,2.57502,2.64919,2.76165,2.93908,3.15283,3.19889,3.10527,2.99759,2.92267,2.88412,2.77987,2.6718,2.64287,2.65644,2.68019,2.60032,2.54377,2.4543,2.19373,1.92006
-0.450523,0.121912,0.135823,0.0210064,-0.650154,-1.76018,-2.18277,-2.29124,-2.4089,-2.04612,-1.68069,-1.54676,-0.593937,-0.183819,-0.771732,-2.05573,-3.22633,-3.42847,-3.51508,-2.5757,-0.825129,-0.243502,-0.410472,-0.562967,-0.448106,-0.614715,-1.14252,-0.550879,1.3847,1.86269,2.93011,3.96454,4.83949,4.87627,4.75852,4.77109,4.57648,4.18679,3.83232,3.58168,3.53502,3.55613,3.35177,3.07223,2.92084,2.88869,2.93049,3.02804,3.11653,3.26487,3.44772,3.54388,3.51717,3.3874,3.23763,3.10443,2.94634,2.81704,2.74641,2.75323,2.8622,2.98122,3.03477,2.96185,2.82529
-0.18485,0.212955,0.247735,0.171674,0.557673,-1.37723,-1.99177,-1.97627,-2.09414,-2.51568,-2.24954,-2.29791,-1.03573,0.329357,0.0992153,-1.26664,-2.76433,-3.0476,-3.20725,-3.14677,-2.02859,-0.481758,0.0370152,-0.371433,-1.11956,-1.68803,-1.58121,-0.339838,2.85457,3.77515,4.16113,4.29875,3.71234,4.53237,4.76076,4.71117,4.75385,4.62648,4.53958,4.56619,4.34917,4.05934,3.87942,3.56442,3.30227,3.15111,3.10994,3.18634,3.30082,3.36902,3.46082,3.58719,3.66348,3.65628,3.54307,3.37415,3.24343,3.15396,3.11478,3.15557,3.33926,3.6358,3.90045,4.02036,3.95587
-0.0387022,0.109973,0.0601555,-0.134417,-0.567061,-1.11261,-0.598873,-1.27909,-1.1486,-1.88095,-2.05007,-1.97574,-1.0993,0.129401,0.324776,0.466458,0.497846,-0.970529,-2.13626,-2.44735,-2.11431,-1.52174,-0.659054,-0.0613872,-0.384334,-0.911022,-0.515865,0.906196,3.31102,4.59573,4.01487,3.15318,4.2825,3.65539,4.76893,4.72634,4.78058,4.83617,5.18306,5.40706,4.96656,4.53866,4.3833,4.17138,3.80249,3.47535,3.26541,3.23343,3.32081,3.39557,3.43193,3.44231,3.44548,3.44408,3.4765,3.48812,3.47297,3.49568,3.57686,3.7211,3.91555,4.10341,4.29862,4.42715,4.40699
0.218319,0.0682892,-0.0261411,-0.115923,-0.1215,0.00494214,0.185912,0.495826,-0.544246,-0.795004,-1.60504,-1.22604,-0.92736,-1.02582,-0.233683,0.475118,0.366017,-0.388898,-0.898035,-1.27941,-1.37905,-1.67478,-0.671942,0.985326,1.8382,2.38052,2.57075,2.34302,2.74672,3.93239,2.89574,3.02528,4.05508,5.16661,4.12807,4.94101,4.94795,5.51749,6.14874,5.5481,4.98628,4.87711,4.74308,4.50694,4.08197,3.59847,3.25931,3.107,3.08896,3.11795,3.19459,3.23962,3.23604,3.19879,3.20448,3.33693,3.49568,3.62868,3.73652,3.81213,3.82826,3.77063,3.6666,3.63953,3.59291
0.654172,0.437781,0.304947,0.0654033,-0.551976,0.142285,-0.204328,0.51076,0.00895513,-0.22371,-0.0772999,-0.0352171,-0.0069261,0.242478,0.226909,0.679507,0.731439,0.82963,1.2869,1.53967,1.2155,0.724889,0.338858,1.01015,2.40247,3.71043,4.06992,3.31786,2.47546,2.82497,1.7528,-0.14121,-0.0219103,2.72565,5.1333,4.50846,5.94227,6.67587,6.22114,5.21905,5.24457,5.15122,4.92217,4.52789,3.96716,3.53227,3.21528,3.00662,2.85808,2.79917,2.9059,3.11969,3.29145,3.31171,3.2405,3.17704,3.14788,3.1012,3.08718,3.05357,2.96093,2.73953,2.54094,2.42399,2.55133
1.29824,1.1988,0.997722,0.542092,0.238368,0.509947,0.473604,0.289942,0.757093,0.541208,0.80062,1.6533,2.13165,2.26844,2.3273,1.69538,1.53418,0.868736,0.955316,1.05958,0.793865,0.581984,0.27576,-0.0125437,0.116969,1.08208,1.56217,1.63785,1.63051,0.863671,-0.655077,-0.612041,-0.277351,1.41593,3.24364,5.96266,6.09899,6.05571,4.40489,3.97447,4.79568,5.07911,4.87411,4.38825,4.0533,3.78588,3.54051,3.20324,2.98227,2.88419,2.93615,3.08341,3.24862,3.38467,3.27219,3.03876,2.84228,2.65038,2.4598,2.35617,2.23096,2.27825,2.24486,2.17312,2.04201
1.9842,1.98077,1.68586,1.09095,0.793376,0.295458,-0.033422,-0.220975,0.0588855,-0.30251,1.03571,1.58716,1.90666,1.92587,1.89258,1.12147,0.596732,0.504267,0.0865429,0.583447,0.487535,0.372072,0.80925,1.19444,1.21878,1.15028,0.780229,1.13596,1.84252,1.52609,1.06132,1.38213,1.57963,0.909028,0.297443,1.742,5.86407,6.61528,5.41117,5.30333,3.71764,4.40814,4.71926,4.51411,4.31256,4.23464,4.00043,3.72179,3.49729,3.40419,3.32358,3.30559,3.36037,3.32922,3.22982,2.96993,2.65341,2.40669,2.22242,2.18562,2.28393,2.1714,2.2663,2.40027,2.4945
2.49456,2.4477,2.12432,1.55831,1.38475,1.28675,0.999819,0.46791,-0.0389353,0.94813,1.5676,2.22072,2.09198,1.79061,1.89119,2.34189,2.43222,2.69456,3.13551,2.54814,2.13848,1.54519,0.892784,1.63951,2.40779,1.31607,-0.213956,-0.107514,1.3727,2.61846,2.59708,1.71734,0.758956,-0.310274,-0.432022,-0.159043,2.18805,5.84156,5.0885,4.81605,5.58083,5.82045,4.98414,4.59579,4.67453,4.55593,4.33805,4.08087,3.99326,3.9238,3.82637,3.68151,3.49678,3.45491,3.33671,3.18898,3.02063,2.76974,2.57009,2.44751,2.57962,2.79463,2.66441,2.66515,2.76285
2.8166,2.59642,2.35746,2.07358,1.88475,1.70588,1.3047,0.855138,0.984439,2.25562,2.88337,2.65115,2.367,2.46281,2.71451,2.02386,1.19739,0.726192,2.27762,1.68921,0.415264,-0.0217045,-1.43772,-0.415426,1.24509,-0.167435,-1.72259,-2.11621,-1.52472,0.710057,1.6822,1.88884,1.13058,0.241735,-0.54877,-1.1284,-1.13157,3.20638,5.1644,5.01006,5.25886,2.76367,5.01778,4.056,4.34595,4.46946,4.3085,4.33601,4.29999,4.25256,4.16063,4.0424,3.93863,3.72551,3.6715,3.54696,3.32234,3.36196,3.26032,3.27201,2.77798,4.27892,4.0158,3.26227,2.8545
2.99376,2.70778,2.59056,2.54063,2.35837,1.86756,1.89198,1.92746,2.13875,3.67235,3.8253,1.52297,1.76644,2.07105,1.77839,1.07151,-0.440473,-1.31629,-0.489496,-1.26996,-1.62295,-1.74126,-1.84937,-0.373544,0.370544,-1.04779,-1.30589,-1.04811,-0.977977,-0.582287,-0.0527522,0.931356,1.78116,1.76033,1.38341,0.960685,0.590355,1.51573,4.1716,4.70698,5.42872,5.04659,4.70096,4.82653,3.13783,3.37417,4.19816,4.23358,4.31524,4.29612,4.33362,4.26375,4.01547,4.04433,3.91689,3.83348,3.63675,2.93408,3.27251,3.47309,3.53919,3.71417,3.49691,4.04554,4.28901
3.23448,2.8564,2.80106,2.89387,2.98226,2.52258,2.2072,1.92322,2.22732,3.11657,1.54625,0.859756,1.44338,1.48278,0.823458,-0.0467609,-1.55391,-2.37146,-2.13371,-2.0233,-1.57403,-0.8582,-0.89647,-0.179435,-0.291551,-2.26169,-1.55265,0.632202,1.017,0.723452,-0.268939,-0.0852688,1.41014,2.3209,2.86027,2.59522,2.03662,0.373952,1.32576,1.64525,4.35742,5.20592,5.5307,4.61151,5.0181,5.1567,4.18135,4.26027,4.27703,4.36107,4.43889,4.55564,4.5797,4.35657,4.39287,4.43793,5.46642,5.06813,3.87952,3.73293,4.07565,3.31385,4.18892,3.64482,3.47092
3.27796,3.01417,2.97777,2.99476,2.99826,2.40618,1.9326,2.02555,2.55396,1.73537,0.0254443,-0.0132643,-0.423164,-0.505804,-0.535318,-1.38654,-1.79975,-2.34778,-1.6251,-0.474493,0.559439,1.47804,-1.00226,-0.379588,0.133021,-0.05884,0.179682,1.99353,2.12396,0.977304,1.2469,1.31768,1.41558,1.49033,1.0951,0.515063,0.255351,0.383074,0.99548,1.5976,3.68773,5.90819,5.11571,4.57882,5.09841,4.92501,4.48601,4.36413,4.64757,4.74411,4.69565,4.83597,6.44494,5.37035,5.04298,4.13186,5.35419,4.6221,5.39945,4.43647,4.97124,4.26378,3.83385,3.57329,3.80228
3.34554,3.17844,3.07115,3.00677,2.88514,2.64001,2.73022,2.74627,1.29506,0.0173667,-0.603645,-0.748465,-0.687532,-1.10053,-1.92139,-2.65339,-2.34424,-1.70959,-1.2479,-0.52926,0.623385,-0.519142,-1.42748,-0.459518,0.828395,1.92083,0.846419,0.298463,0.49888,0.508701,0.91139,1.47265,1.64468,1.38467,0.724944,0.145171,-0.00714925,0.170048,1.03688,1.72805,3.55168,6.40008,5.58677,5.50195,5.43912,5.30234,6.34177,4.72783,4.15052,4.20211,4.69989,4.67512,6.28773,5.00247,4.75655,6.06728,4.90914,5.23199,4.88411,5.74131,4.8872,4.92441,3.34054,2.99308,2.96359
3.26033,3.29712,3.18965,3.06915,2.72378,2.74828,2.50167,1.60604,-0.034464,-0.832281,-1.40853,-1.24425,-0.709435,-0.538519,-0.931455,-0.628604,-0.269474,-0.6174,-1.06956,-1.28323,-2.00134,-2.35629,-2.13583,-1.47676,-1.07041,0.50845,1.47092,1.35333,1.75991,2.08897,-1.34613,-2.00883,-0.960637,0.22987,0.222682,-0.334737,-1.21035,-1.50567,-1.48329,-0.750673,2.10828,7.44518,6.95848,5.47299,5.96801,5.71884,6.32135,6.83926,6.14987,6.05071,4.67112,6.78391,5.09923,6.74025,6.43333,5.8088,5.52579,4.96621,5.1113,5.0441,6.20695,6.20346,5.28652,3.93602,3.24146
3.22313,3.40478,3.31507,3.15817,2.80138,2.75054,2.24681,1.62085,0.959686,0.325056,-0.0546446,-0.475809,-0.279989,-0.479576,-0.380856,0.442004,0.598909,0.462472,-0.796713,-1.36972,-1.97445,-2.07651,-2.03698,-1.85412,-2.53233,-2.54107,-0.701723,1.69051,3.60508,1.43767,-2.59539,-2.26793,-1.66363,-1.18919,-1.04163,-1.06935,-2.23606,-1.95316,-2.34152,-1.63897,0.776794,7.71594,7.2767,6.5465,6.90969,6.32127,5.80967,6.94425,5.96021,5.65033,7.05404,4.58364,5.53678,6.21821,5.79866,6.1732,5.63707,4.35025,4.53897,5.49367,5.46663,5.43266,5.73417,4.81533,4.11549
3.9526,3.49448,3.40343,3.22628,2.90457,2.75333,2.04368,1.4381,0.979729,0.727102,0.418153,0.367444,0.238632,0.248975,0.353637,0.50385,0.416929,0.848029,0.0712424,-1.17925,-1.84926,-2.26939,-1.89605,-1.79585,-1.83254,-1.92523,-3.18018,-2.12195,-1.03774,-2.44333,-3.18777,-1.92756,-1.60021,-1.63061,-2.0381,-2.02256,-3.38192,-3.65373,-3.44002,-2.61874,0.905661,5.51687,7.16192,5.89661,7.5393,5.4341,6.00321,5.83745,6.08394,5.77744,6.8091,6.9976,5.87378,6.83123,6.15942,5.28307,4.93148,3.96432,3.47199,4.66392,6.18468,6.31637,6.03504,5.16521,4.45125
4.05344,3.57469,3.43269,3.22539,2.95235,2.69213,2.2824,1.9994,1.58343,1.12762,0.686941,0.306649,0.560603,0.745177,0.559064,0.644092,-0.175977,-0.431591,-0.335248,-0.420296,-0.897586,-1.47757,-1.80172,-1.83462,-1.4293,-2.01415,-2.61707,-3.19155,-3.41985,-3.76695,-3.07013,-2.20166,-2.12292,-1.84373,-2.21639,-3.50598,-3.58156,-3.67172,-3.1709,-2.59547,0.98249,3.71417,5.66426,6.9419,6.93722,5.63372,5.62507,6.08597,5.60683,5.47694,6.40716,6.60416,5.41543,5.26432,5.46787,4.21126,3.58036,3.98276,3.56777,2.81277,4.9245,5.83782,5.59872,5.29673,4.81068
4.41771,3.64698,3.42769,3.15105,2.85955,2.47962,2.34082,1.98937,1.49513,1.26724,1.30176,0.887863,1.17364,1.00656,1.10862,1.45637,1.99371,1.42917,0.0664563,-0.664986,-0.687094,-1.49688,-2.26509,-2.76495,-2.96173,-2.70792,-2.5479,-2.70763,-4.06063,-4.0131,-3.35711,-2.11266,-1.42424,-1.48588,-2.24034,-3.58929,-3.51747,-3.85071,-3.53227,-3.33929,-0.843999,2.41657,3.57569,4.116,6.09311,4.85161,5.76348,5.63911,5.90099,5.92329,5.95316,5.63436,4.50668,4.17378,4.43011,3.91235,2.97649,2.76851,3.22749,2.70691,4.59744,5.4918,4.60883,3.96681,4.41083
4.72903,3.65487,3.39993,3.03766,2.70704,2.32865,2.2289,1.9404,2.04264,1.88401,1.68324,1.5897,1.37895,1.41154,1.39932,1.37106,1.21879,-0.165035,0.267722,0.933642,0.576771,-0.012606,-0.667254,-1.32455,-2.52778,-3.09559,-3.23878,-3.29763,-4.23471,-4.64232,-4.05044,-2.74237,-2.08448,-2.46989,-2.73646,-3.23443,-3.3787,-3.76716,-3.738,-3.88432,-3.03702,1.17193,2.34371,3.05064,5.40598,5.13975,5.19791,5.4132,5.60404,5.09099,5.8382,5.68448,4.34484,3.7741,3.35269,3.69244,3.39037,1.91574,1.55595,2.46647,2.86783,4.23758,4.15891,4.32133,3.92117
3.71506,3.53971,3.27592,2.88379,2.51618,2.2015,1.96007,1.84634,1.87643,1.6176,1.36368,1.33413,1.4426,1.55497,1.12974,0.986248,-0.0125085,0.120827,-0.162747,-0.293132,-0.306334,-0.382663,0.505366,0.22202,-0.814085,-1.98204,-3.32007,-4.00528,-4.51306,-4.18269,-3.6557,-3.25357,-2.54245,-2.30329,-2.56432,-2.85353,-3.54381,-4.81205,-4.5757,-4.6243,-4.35787,-0.864395,3.02884,2.14486,5.12806,5.05194,4.48755,4.38807,4.90043,4.9311,5.52615,5.62797,4.01725,3.896,3.72043,3.37368,2.83982,2.14789,1.16757,1.41807,2.43621,3.08962,3.59685,3.43177,3.40908
3.40283,3.2038,3.0268,2.67191,2.5129,2.23209,1.9202,2.1071,1.96848,1.56328,1.39596,1.45235,1.54038,1.07454,1.36555,0.876945,0.599035,0.175883,-0.0445887,0.118611,0.160021,1.0161,0.802848,0.19359,-0.893816,-1.36155,-3.29595,-3.58961,-1.97665,-0.909797,-0.766531,-1.78021,-1.91454,-3.02353,-3.84036,-4.14331,-4.46161,-5.80839,-5.50707,-5.25987,-4.25731,-2.35328,2.23681,1.78103,1.94031,4.4032,2.45282,3.21601,3.45879,3.92856,4.38511,4.62129,3.84566,3.46123,3.08765,3.15738,2.99203,2.4491,1.85175,1.50532,1.8386,2.44294,2.72491,3.50955,3.52369
3.07929,2.81322,2.66023,2.45551,2.29919,2.15898,2.11265,2.06268,1.88062,1.55265,1.36025,1.35633,1.2332,1.3371,1.14414,0.986004,0.538931,-0.0720692,0.166109,0.495916,0.976843,1.05005,0.47912,-0.333327,-1.51706,-1.00806,-0.0952828,1.00142,1.26772,1.55088,1.4445,-0.116293,-1.35776,-3.42923,-4.75674,-4.60665,-5.13754,-6.32421,-6.42609,-5.14024,-4.30109,-1.60918,0.777791,1.35248,2.03207,2.86837,1.81674,2.33366,3.15652,3.15817,3.82813,4.15573,3.63931,3.09571,2.91677,3.13275,3.07917,3.24991,3.24423,2.24184,2.42445,2.75848,2.90655,2.96979,3.18064
2.93769,2.71889,2.61341,2.37845,2.25141,2.16346,2.15791,1.98817,1.76081,1.80213,1.74324,1.75827,1.48026,1.53467,0.984163,1.20672,1.03366,1.61717,1.33641,1.31025,1.48073,1.04685,1.05227,-0.509818,-0.942115,-0.799441,0.247342,1.45016,1.35303,1.60551,1.4428,-0.0664642,-1.36731,-3.19567,-3.69073,-5.46025,-5.60296,-6.22132,-6.42619,-6.26089,-4.04905,-1.03651,0.391493,1.4398,1.77066,1.78342,0.392036,0.914907,1.8241,1.06312,2.60054,3.05414,2.83649,2.29079,2.33752,2.63813,3.00356,2.88573,3.12111,2.79723,2.0848,2.44304,3.08186,3.27755,2.54609
2.96918,2.77927,2.72257,2.58502,2.41553,2.27958,2.20032,1.97401,1.72964,1.58729,1.68399,1.65211,1.33839,0.714148,0.679995,0.321589,0.250686,-0.459157,0.254416,0.726034,0.870144,0.537003,0.0350029,-1.02095,-1.24059,-1.3633,-0.689655,1.08155,1.9276,0.77685,-0.532952,-0.232599,-1.56626,-3.02778,-4.18673,-6.62091,-6.48664,-6.66702,-6.58333,-5.99717,-4.07815,-1.28783,-0.44405,1.02484,1.76813,1.48859,0.324965,0.387836,0.462186,0.590453,2.11618,2.54729,2.27631,1.96476,2.15387,2.66838,2.9889,2.73122,2.51259,2.68397,2.61393,2.49644,3.00345,3.65607,2.93763
2.91851,3.00775,2.95216,2.85528,2.61457,2.34885,2.3489,2.4487,2.32489,1.89915,1.79996,1.84478,1.42663,1.04527,0.825837,0.990778,0.957716,0.582705,0.00574826,-0.508724,-0.285342,0.48907,1.06614,0.933464,1.45139,1.66029,1.78942,2.02248,1.54392,-0.121754,-1.20978,-1.21012,-2.9043,-4.25125,-4.65491,-6.07194,-6.23893,-6.11997,-5.71757,-5.5653,-3.84318,-1.52856,-1.31664,0.392581,2.20621,2.38792,0.915461,0.428378,0.475852,0.109402,1.60394,2.65314,2.39284,1.701,0.830672,1.31438,1.94148,2.21074,2.69088,2.89891,2.92302,3.57747,3.14708,3.67543,4.26418
2.71831,2.78368,2.66759,2.74742,2.84043,2.35581,2.07191,2.18029,2.25337,2.51389,2.64515,2.66343,2.25939,1.76999,1.286,0.899438,0.83589,0.989525,1.14374,1.47765,1.72578,1.63731,1.46854,2.12914,2.69954,3.08,2.67584,2.22843,2.3954,0.797015,0.023429,-1.74225,-3.71948,-4.73037,-5.2221,-5.11227,-5.30396,-5.40716,-5.75679,-5.30767,-3.80255,-0.516057,0.495322,0.130052,0.509654,-0.754199,-2.21207,-1.6413,0.0983292,0.0525762,1.34765,2.28575,1.95642,0.871504,0.402123,0.909745,1.32452,1.65992,2.10375,2.34142,2.61898,2.72984,2.63389,2.65348,3.56677
2.28698,2.27755,2.42252,2.43478,2.7455,2.16033,2.44669,2.64562,2.60773,2.69004,2.7003,2.58179,2.26154,2.28492,2.29645,2.19302,2.03372,1.71998,1.41031,1.94044,2.21303,1.93839,1.03033,1.79268,3.00833,3.49819,3.53569,3.53711,2.88153,1.1081,-0.407633,-1.42777,-3.37332,-4.67279,-5.12996,-4.79299,-4.65331,-4.84037,-5.73798,-6.23904,-5.36645,-2.08954,0.266145,0.6449,-0.873861,-3.07128,-4.64909,-4.38142,-0.946232,1.66079,2.96395,3.34177,2.83781,2.24835,1.78171,2.02803,2.51604,2.63737,2.20011,1.96066,2.60772,2.25809,2.22095,1.95194,2.48134
1.79316,1.68165,1.66241,1.89967,2.21201,2.14414,2.14351,1.9447,1.89333,2.00911,2.42041,2.77547,2.63787,2.34057,2.12609,1.85291,1.58851,1.67561,1.85225,1.8843,2.05931,2.54643,2.73854,3.06976,3.1369,3.34038,3.27777,3.436,2.23731,1.22766,1.06316,-0.602872,-2.16334,-3.04458,-3.98269,-5.02874,-5.12964,-4.90098,-5.07898,-5.67994,-5.97245,-4.76981,-2.82042,-1.51757,-2.58434,-4.86815,-5.61239,-5.18223,-1.57889,2.02889,3.49839,3.91807,3.00423,2.40352,2.27265,2.12082,1.97303,2.03506,2.56978,2.64069,2.79661,2.2768,1.79596,2.17349,2.59049
