uploads/wind/20200723/wind_field_17.json
{"header": {"parameterUnit": "m.s-1", "parameterNumber": 2, "dx": 0.051, "dy": 0.036, "parameterNumberName": "eastward_wind", "la1": 45.3082, "parameterCategory": 2,"nx": 177, "ny": 123, "refTime": "2018-09-30 00:00:00", "lo1":1.38177}, "data":
[rows 29 to 57 of 123, columns 0 to 65 of 177]
-0.115733,0.123904,-0.530528,0.268006,0.209877,0.390065,0.541497,0.849828,2.32785,2.69294,1.15517,0.146999,1.52312,2.66622,0.0959549,-2.34736,-2.57022,-2.73363,-2.7267,-2.80721,-2.21107,-1.3423,-0.666279,-0.403798,-0.462136,-0.511086,-1.00819,-1.5804,-1.23829,-0.56617,-0.120928,-0.585275,-1.89966,-1.19441,-0.581372,-0.0597745,-0.147809,-0.422557,-0.616363,-0.685166,-0.668699,-0.615514,-0.498984,-0.343066,-0.204615,-0.122646,-0.0886427,-0.0648453,-0.0168695,0.0615,0.137238,0.198601,0.249082,0.305298,0.407533,0.573306,0.783815,0.983383,1.14675,1.29415,1.44046,1.57297,1.67252,1.75131,1.82883,1.92465
-0.165514,0.174867,-0.218009,0.254929,0.42966,0.690636,0.949736,0.95229,2.4904,3.50735,2.59973,0.326459,1.3468,1.78712,-1.36534,-2.86832,-3.87883,-3.46128,-2.9149,-2.81355,-2.50561,-1.25264,-0.0216463,0.0675998,-0.432554,-0.63504,-1.36243,-2.15664,-1.53352,-0.842112,0.122651,-1.4944,-2.66152,-1.70129,-0.702405,-0.221834,-0.264276,-0.552222,-0.696343,-0.645233,-0.507007,-0.380416,-0.292316,-0.220212,-0.138045,-0.0625945,0.00816828,0.0682892,0.140685,0.226708,0.321927,0.395348,0.419681,0.427388,0.45942,0.554614,0.712098,0.886314,1.04522,1.18649,1.33295,1.48366,1.61049,1.70639,1.79587,1.91257
-1.23745,-0.635443,-0.0891444,0.402098,0.692721,1.06418,1.53057,1.38523,2.22611,3.6696,3.57059,0.622046,0.697113,1.33133,-0.269396,-1.99891,-2.84091,-2.79226,-2.34677,-2.15855,-1.94499,-1.23658,0.251003,0.321945,-0.537242,-1.21487,-1.93371,-2.28292,-1.79174,-0.962391,-0.63588,-1.48063,-1.96867,-1.21384,-0.876693,-0.391026,-0.452346,-0.641009,-0.629222,-0.48256,-0.327823,-0.20554,-0.0860479,-0.0404157,-0.013069,0.0222037,0.105949,0.233235,0.364966,0.477036,0.571783,0.63788,0.658832,0.632433,0.593819,0.604934,0.673092,0.769521,0.880973,1.01211,1.17513,1.36729,1.56024,1.70978,1.80609,1.87209
-1.09031,-0.671312,0.115543,0.557521,0.929838,1.33259,2.15017,2.08701,1.79257,2.98342,3.64938,1.62466,0.252525,0.726241,-0.259134,-1.5517,-2.17452,-2.63524,-2.45142,-1.63,-1.02196,-0.819162,-0.158314,0.142877,-0.708511,-1.21967,-2.51278,-2.72181,-1.49731,-0.513191,-0.704248,-2.26787,-2.24171,-1.56788,-0.905915,-0.558475,-0.643806,-0.572068,-0.292588,-0.185777,-0.185436,-0.118964,-0.0413229,0.0563284,0.159357,0.225547,0.283286,0.375268,0.507669,0.654042,0.783839,0.887365,0.936238,0.897754,0.804051,0.725096,0.680595,0.658662,0.671594,0.760152,0.942142,1.17533,1.41727,1.62857,1.76032,1.79814
0.275354,0.53363,0.433723,0.902343,1.1902,1.41721,2.27923,2.59891,2.07021,2.59372,3.69611,2.28488,0.498433,0.351056,-1.1535,-1.98058,-2.06255,-2.40434,-1.98962,-1.24418,-0.733518,-0.958311,-0.877663,-0.723433,-0.114627,-0.923664,-3.18982,-3.14241,-1.96699,-2.26077,-2.70953,-3.31998,-2.90693,-1.75553,-1.0779,-0.789673,-0.671498,-0.545084,-0.136912,0.0491953,0.0131935,0.0159458,0.010962,0.122329,0.289928,0.423656,0.502583,0.548343,0.620639,0.757818,0.918284,1.0442,1.12649,1.14561,1.08263,0.954631,0.806426,0.673151,0.592606,0.618648,0.752579,0.959839,1.20068,1.43111,1.60456,1.68451
1.33661,1.40441,0.895397,1.12362,1.43557,1.64347,2.14142,2.90643,2.84448,2.59871,3.3238,2.17348,1.17401,1.24096,-0.867491,-2.23664,-1.84358,-1.86123,-1.66333,-2.04911,-2.04898,-1.54309,-0.618736,-0.488151,-1.63959,-3.36666,-4.58608,-3.32377,-3.13727,-2.65226,-3.09632,-2.81619,-2.87842,-1.92121,-1.25164,-0.794435,-0.68271,-0.375257,0.0647979,0.218808,0.398027,0.416371,0.37308,0.391109,0.48736,0.587836,0.673607,0.740886,0.796501,0.883974,1.01564,1.14913,1.23593,1.27419,1.26916,1.19518,1.04126,0.860687,0.733015,0.700085,0.764077,0.907699,1.10322,1.30753,1.47291,1.58115
1.90825,2.14766,1.31824,1.36538,1.55206,1.91251,2.32229,2.8394,3.16454,2.92197,2.98455,1.68349,0.0779507,-0.440061,-2.16193,-2.85885,-2.10068,-2.43813,-3.46355,-3.32362,-3.00651,-2.2515,-2.11601,-2.69011,-4.37203,-5.11793,-4.65316,-3.90652,-3.79401,-3.43555,-3.4911,-3.0868,-2.71003,-1.62258,-1.01064,-0.585013,-0.163766,0.0423771,0.252204,0.51227,0.685123,0.740231,0.750333,0.812932,0.906795,0.932635,0.922358,0.957242,1.03557,1.10874,1.16445,1.24241,1.33064,1.37671,1.37037,1.32387,1.22522,1.08422,0.955607,0.88584,0.890621,0.979421,1.12963,1.28269,1.39623,1.47856
2.53866,2.65135,1.64619,1.6716,1.80618,2.24168,2.6377,2.92145,3.25994,2.6887,1.3083,-1.09755,-2.71823,-2.90232,-2.92238,-2.98499,-2.84735,-3.26657,-4.12866,-3.62616,-3.6468,-3.09233,-4.1564,-3.91636,-4.11331,-4.03055,-3.9373,-3.61287,-3.51031,-3.28819,-3.45887,-3.09455,-2.60929,-1.3759,-0.144081,0.469676,0.66132,0.575045,0.510728,0.693552,0.802196,0.858089,0.896566,1.00595,1.18385,1.33113,1.3719,1.33221,1.30659,1.33897,1.3757,1.38808,1.41867,1.47696,1.50469,1.46444,1.37496,1.26182,1.12999,1.00607,0.940874,0.96756,1.0656,1.18313,1.2785,1.34427
3.01276,2.79799,1.93894,1.97432,1.95242,2.39239,2.73688,2.82125,3.2258,2.28602,-0.00611809,-1.53657,-1.83455,-1.98017,-2.20716,-2.39079,-2.6283,-2.85413,-2.88344,-2.9533,-2.60545,-2.81692,-3.10671,-3.00237,-2.6664,-2.20684,-2.51781,-2.72095,-2.54051,-1.66422,-2.00213,-1.81885,-1.5373,-0.648288,0.39642,1.04267,1.18475,1.08133,0.900708,0.889971,0.9282,0.935799,0.93574,1.02422,1.24605,1.52427,1.71448,1.74541,1.64833,1.55324,1.54318,1.5609,1.55958,1.56876,1.60278,1.60867,1.54352,1.42462,1.27045,1.09777,0.945055,0.876463,0.920895,1.0365,1.16,1.25314
2.9394,2.90947,2.19315,1.88092,1.98958,2.26851,2.66981,2.75788,2.93338,1.77496,-0.0596633,-0.0127767,0.882736,0.180817,-1.10235,-1.64188,-1.89583,-1.98498,-1.92772,-1.90908,-1.99521,-2.41835,-2.68809,-2.09822,-1.21679,-1.43626,-1.67222,-2.47127,-1.43986,-0.0257808,0.351593,0.796921,-0.527628,-0.986682,0.280743,0.667048,0.992295,1.32441,1.32841,1.19112,1.04218,0.925068,0.917744,1.04416,1.29508,1.58152,1.79521,1.88655,1.85721,1.76422,1.69326,1.69161,1.72599,1.74712,1.76152,1.76313,1.71204,1.587,1.40268,1.19942,1.02484,0.918658,0.909348,1.00291,1.13987,1.25404
4.28915,3.82568,2.28897,1.86791,1.9348,2.46809,2.76392,2.65337,2.41798,0.750338,-0.392134,1.18966,3.14954,2.1759,-0.0573836,-0.509414,-0.793105,-1.20749,-1.27875,-1.37863,-1.94888,-2.36287,-2.05705,-1.02126,-0.829691,-1.85417,-2.58589,-2.43923,-0.941207,0.743726,0.381463,-0.170536,-0.839331,-0.585343,-1.01137,-0.467908,0.875122,1.48497,1.59476,1.30651,0.964363,0.866484,0.988278,1.1958,1.3994,1.54576,1.63775,1.70434,1.77294,1.82812,1.83204,1.8137,1.83207,1.8954,1.94272,1.94236,1.90938,1.80044,1.58365,1.34831,1.19476,1.12484,1.10458,1.13606,1.21389,1.31123
4.21139,3.3525,2.38931,1.91183,1.91217,2.49262,2.78459,2.55667,1.6332,0.126125,-0.0331137,1.9524,3.73271,3.18314,1.35461,0.787606,0.337432,-0.214192,-0.112535,-0.322524,-1.45852,-2.23549,-2.25165,-1.60612,-0.661696,-0.559807,-1.52469,-1.93921,-0.909708,0.669127,0.252642,0.105214,0.26197,-0.894459,-2.12991,-0.739639,0.977252,1.52131,1.44429,1.11093,0.889419,0.891497,1.03161,1.19898,1.30369,1.37782,1.49446,1.60273,1.65405,1.71736,1.81479,1.89139,1.94028,2.00421,2.07631,2.09499,2.05015,1.9507,1.80714,1.63638,1.45126,1.32862,1.3129,1.32592,1.33581,1.38576
3.33131,2.63361,2.96326,2.1623,2.52038,2.70604,3.00125,2.67697,1.82175,0.821365,0.506049,1.75598,3.42793,3.84385,2.98509,1.5397,-0.194988,-0.669384,-0.246059,-0.934541,-0.979375,-1.08945,-1.34333,-1.00879,-1.30005,-1.19089,-1.52281,-1.46734,-0.215312,1.14979,0.985291,0.76257,-0.130112,-1.47242,-1.56389,-0.209559,0.917479,1.19579,1.13447,0.959612,0.862769,0.9355,1.11894,1.25682,1.33089,1.35142,1.36113,1.42109,1.46891,1.52514,1.69042,1.88925,2.00536,2.05909,2.1209,2.18214,2.182,2.11688,2.00654,1.85006,1.67508,1.52678,1.43769,1.4218,1.43972,1.46669
2.65974,2.33376,3.56227,2.36724,2.55107,2.31317,3.03013,3.19941,3.18706,2.40714,2.20663,2.29259,3.46183,4.11075,2.48597,0.297864,-0.423743,0.786265,1.09205,-1.22177,-1.41097,0.125874,0.256257,-0.660766,-1.75531,-1.83009,-1.6408,-0.658941,1.0087,1.59508,1.52791,0.216849,-1.07642,-1.05388,-0.326135,0.413391,0.765958,0.868757,1.03235,0.986502,0.948696,0.992899,1.13215,1.30449,1.41179,1.35385,1.13825,1.01963,1.13264,1.35108,1.63171,1.90646,2.05519,2.08817,2.12211,2.21193,2.2915,2.28103,2.15653,1.9639,1.78641,1.63629,1.49805,1.43411,1.46809,1.52342
2.73766,3.20505,4.08043,2.7337,2.39781,2.28899,2.16342,2.98232,3.97302,4.52381,4.2929,2.85416,2.26653,1.70644,0.686347,-0.734311,-0.641719,1.54531,1.83415,-0.247064,-1.1981,-0.683517,0.0765256,-0.842551,-1.45374,-0.193919,-0.0565512,0.319161,1.13264,0.995372,0.437029,-1.01593,-1.21096,-0.158168,0.68802,0.723738,0.629997,0.870393,1.14571,1.10845,1.05657,1.0166,1.08336,1.26219,1.32087,1.21177,0.959426,0.781352,0.925304,1.25671,1.61873,1.95129,2.16696,2.2234,2.19492,2.20803,2.28597,2.32367,2.245,2.06656,1.8436,1.64749,1.52635,1.46125,1.45737,1.51527
2.2845,2.44305,4.49927,3.35017,2.72443,2.23492,1.87076,2.50236,4.22221,5.34191,4.78144,-0.140361,-1.54955,0.453,0.927225,1.04592,1.44086,2.15836,1.33975,-0.824794,-1.12643,-0.92332,-0.521262,-1.23818,-1.01869,0.552923,1.19854,1.43083,0.667699,0.0384307,-0.977978,-1.37644,-0.967928,0.464318,0.952331,0.756039,0.783022,1.18322,1.43819,1.38857,1.31934,1.20303,1.01159,0.900011,0.952043,1.10058,1.19755,1.16953,1.19486,1.36591,1.62647,1.92968,2.19233,2.31916,2.30118,2.24992,2.25348,2.27966,2.24961,2.11087,1.88632,1.67408,1.54762,1.49149,1.46341,1.47833
6.24742,4.89272,4.75818,4.23896,2.7445,2.05687,1.9278,3.02863,3.92831,5.38179,4.37904,0.0489631,-1.10966,0.207483,-0.0712933,0.489998,0.843594,1.03157,0.987439,0.121025,-0.987052,-1.00365,-0.451294,-0.693668,-1.67653,0.246416,1.51152,0.692455,0.595117,-0.967003,-1.49899,-1.69667,-0.487612,0.575137,0.76029,0.934263,1.21606,1.51168,1.69893,1.65864,1.50561,1.24923,0.787719,0.468054,0.696305,1.19141,1.59488,1.73703,1.67815,1.64476,1.7314,1.89649,2.08083,2.23076,2.29557,2.28123,2.24441,2.22334,2.18037,2.06182,1.88196,1.703,1.56726,1.47817,1.43647,1.44511
6.49788,4.82799,4.97658,5.02752,4.30233,2.9454,1.87131,3.50467,4.26351,4.43066,3.68418,1.99273,0.161663,0.377485,-0.103945,-0.700906,-0.145568,0.489327,0.885704,-0.0173755,-2.20312,-2.12659,-1.16209,-0.800506,-1.1358,0.53657,0.935429,-0.0994891,0.0873008,-1.13844,-1.24616,-1.18009,-0.0740948,0.71749,0.813846,1.19587,1.5073,1.69138,1.93394,1.80144,1.50931,1.20327,0.669172,0.362341,0.699375,1.29971,1.76669,1.98087,1.99774,1.944,1.88035,1.86233,1.91684,2.03662,2.17425,2.25052,2.22522,2.1377,2.03916,1.94262,1.83895,1.70997,1.56861,1.46117,1.42238,1.45192
4.04486,4.46317,3.91294,5.09805,4.5452,4.80804,4.32885,4.99126,4.8928,3.71683,2.28074,2.82131,4.30271,3.2895,-0.526391,-2.1059,-0.992499,-0.167032,0.151037,-0.692142,-2.04945,-1.88879,-0.63115,-0.149153,-1.03126,-0.00566258,1.06277,0.207509,0.0548779,-0.644732,-0.731577,-0.501699,0.288178,1.01561,1.23047,1.48742,1.71531,1.89777,1.94165,1.75854,1.53576,1.19605,0.723223,0.460926,0.664785,1.1634,1.65394,1.98922,2.14438,2.16035,2.05799,1.92204,1.86992,1.94174,2.07183,2.14023,2.09233,1.99135,1.91346,1.85785,1.79922,1.72202,1.62408,1.54019,1.50911,1.5249
3.88792,3.51651,3.50266,4.04879,3.01613,1.80492,1.28275,2.59777,3.90013,1.87842,-0.741232,1.38148,4.15294,1.44496,-1.8475,-1.79537,-1.7125,-2.15211,-2.3867,-2.12423,-1.46036,-0.211139,-0.211698,-0.86169,-1.19485,-0.0384834,0.886895,0.562159,0.159263,-0.282972,-0.166299,0.199971,0.675915,1.2731,1.60178,1.76584,1.8257,1.94779,1.92722,1.74299,1.77591,1.68869,1.12774,0.506095,0.420254,0.866533,1.50058,2.03964,2.2674,2.21311,2.06909,1.96448,1.94735,1.97674,1.98643,1.96231,1.92886,1.90296,1.89411,1.88009,1.84153,1.79516,1.73924,1.67266,1.61225,1.57164
2.87608,2.14848,2.38967,2.2965,1.504,0.771327,0.691473,2.20271,2.52589,-0.393814,-1.66572,0.59436,1.26796,1.08891,-0.131379,-1.43453,-1.46736,-1.02525,-1.89338,-2.29153,-1.68786,-0.947068,-0.827921,-1.12986,-0.973532,0.151983,1.0555,0.842666,0.610153,0.361261,0.540772,0.951664,1.20412,1.58693,1.88703,2.02341,2.1021,2.07313,1.75692,1.54103,1.77768,2.2613,1.96532,0.781272,0.202392,0.645339,1.47732,2.1307,2.2665,2.07099,1.93939,1.94418,1.95313,1.89744,1.83486,1.82631,1.85737,1.88842,1.91473,1.94392,1.95339,1.92455,1.84993,1.74337,1.6393,1.56968
1.63893,0.901657,1.45829,1.20955,1.15498,1.17996,1.34097,2.44835,2.10987,-0.672714,-0.868873,0.623581,0.758228,1.19463,0.339521,-1.17871,-1.21497,-1.33381,-1.54285,-1.6789,-1.4038,-0.767281,-0.651123,-0.733723,-0.505453,0.0914252,0.861862,1.18811,1.61183,1.43873,0.818202,1.4423,1.75986,2.01184,2.26088,2.43527,2.41405,2.19385,1.92885,1.70104,1.67594,2.29065,2.60032,1.41066,0.343739,0.650289,1.44254,1.97353,2.06613,1.93979,1.85635,1.83489,1.79902,1.76499,1.77661,1.81708,1.85301,1.87777,1.90613,1.96515,2.01949,1.99465,1.88012,1.72902,1.60296,1.53195
1.14714,0.812971,0.796095,0.916337,0.964362,0.916696,0.74735,1.18011,0.682703,-0.29577,0.158352,0.783773,-0.21694,-0.869988,-1.56884,-2.55393,-2.64738,-2.53166,-2.01818,-1.49869,-1.12035,-0.88386,-0.534039,-0.100356,-0.112013,0.375949,1.24516,1.46365,2.03217,1.86456,0.86455,1.48514,1.95334,2.2354,2.56208,2.84629,2.67588,2.38535,2.35518,2.11437,1.82825,2.18216,2.75078,2.08188,0.866722,0.721036,1.20531,1.58893,1.7703,1.83099,1.80932,1.75199,1.72949,1.7731,1.84343,1.88346,1.87919,1.86709,1.87293,1.91562,1.96546,1.93853,1.81943,1.67006,1.54714,1.4645
-0.116716,0.0589432,0.527175,0.432346,0.648422,0.468406,0.180188,-0.316092,-1.28003,-0.442029,0.993594,0.529027,-1.76355,-2.97764,-3.14623,-3.65636,-3.0512,-2.71729,-2.05074,-1.52213,-1.12028,-0.956299,-0.416327,0.127606,0.350396,0.768637,1.46132,1.56335,2.17783,2.03038,0.700089,1.29001,1.86419,2.22158,2.62506,3.01851,2.96971,2.75768,2.75053,2.50472,2.12188,2.22193,2.80053,2.59755,1.36511,0.690714,0.858445,1.15832,1.42464,1.65415,1.74117,1.71695,1.71685,1.8004,1.91026,1.96625,1.94727,1.91389,1.90737,1.90854,1.88414,1.81419,1.71201,1.60734,1.50416,1.39011
2.90262,2.48455,0.157969,0.303311,-0.314334,-0.768152,-0.404892,-0.488841,-1.64722,-0.722021,-0.424703,-1.63624,-2.77659,-3.93965,-3.95863,-3.9067,-2.84973,-2.64843,-1.91566,-1.379,-0.915399,-0.691978,-0.178799,0.292434,0.622152,1.05062,1.88084,2.37001,2.54554,1.21866,1.06257,1.04738,1.2504,1.6769,2.37142,3.02241,3.31734,3.28317,3.15281,2.87314,2.64786,2.63926,2.76812,2.55213,1.5168,0.606104,0.543257,0.832731,1.15944,1.45673,1.60654,1.60336,1.58792,1.68147,1.85072,1.98905,2.03863,2.03488,2.03398,2.01125,1.91453,1.77072,1.64904,1.57368,1.49274,1.33269
-0.739189,-0.395709,0.57254,0.0960133,-0.426665,-1.20526,-0.944919,-0.469911,-0.713434,-0.765555,-1.41722,-2.20943,-2.31665,-2.82052,-3.53872,-3.08296,-2.96258,-2.54371,-1.71807,-1.2329,-0.501591,-0.155145,0.118321,0.268733,0.789466,1.4187,2.3592,2.84731,2.80585,2.21879,0.234446,0.0877092,0.291491,1.2893,2.5031,3.28987,3.71059,3.67373,3.40123,3.13452,2.87068,2.51294,2.15164,2.11599,1.77715,0.987019,0.652586,0.789626,1.05709,1.30443,1.46121,1.50626,1.50722,1.58871,1.76842,1.9543,2.0626,2.09584,2.1134,2.11233,2.02419,1.85298,1.69054,1.57964,1.45247,1.21894
0.607005,0.86631,0.599463,0.425097,0.0304826,-0.642461,-1.39399,-0.568984,-0.11982,-0.757778,-1.20769,-2.33072,-2.6111,-1.68936,-1.78191,-2.71177,-3.09179,-3.01904,-1.87084,-1.11601,-0.194066,0.225432,0.548499,0.613657,1.08322,1.64918,2.56029,3.0406,3.22133,1.88124,-0.246548,-0.87005,-0.0539906,1.52455,2.80475,3.58629,3.90413,3.72649,3.28615,3.21047,3.31869,2.62955,1.93814,2.10519,2.1652,1.64443,1.16678,1.06418,1.15315,1.28785,1.44276,1.54764,1.57521,1.62952,1.77165,1.92335,1.99742,2.00608,2.0068,2.00459,1.94831,1.81695,1.64096,1.45421,1.23914,0.981221
0.0631279,0.34762,1.08934,0.806819,0.711608,0.736918,-0.482894,-0.832452,-0.351531,-1.34041,-1.75575,-2.60859,-3.22286,-3.3989,-3.24464,-4.18087,-4.13134,-3.33997,-1.71275,-1.35396,-0.83389,-0.28429,0.30191,0.386758,1.10987,2.05436,3.01943,3.51251,3.59381,1.74697,-1.0901,-1.65903,0.0559781,1.75315,2.95164,3.55387,3.66692,3.51145,3.3319,3.22283,3.02051,2.59908,2.30742,2.37401,2.34994,2.08347,1.74622,1.4855,1.36657,1.37936,1.49415,1.59296,1.60125,1.63301,1.76448,1.87614,1.86367,1.7856,1.73034,1.70549,1.67045,1.59647,1.44024,1.18141,0.885455,0.657594
1.89472,1.67373,1.12654,1.34639,1.04937,1.70449,1.13634,0.457861,-0.540575,-1.85171,-2.24097,-2.15924,-2.63292,-2.86768,-4.48451,-4.39167,-4.41315,-3.39593,-2.82875,-1.89897,-1.82861,-1.67045,-1.97674,-1.66242,-0.568667,0.808503,2.09193,2.72735,3.43995,1.17678,-2.082,-1.71231,0.44936,1.99556,2.95478,3.23099,3.24183,3.38008,3.59302,3.57632,3.12514,2.67039,2.53035,2.49682,2.39512,2.3231,2.17424,1.86773,1.58192,1.42052,1.37188,1.37057,1.40162,1.5235,1.71565,1.81862,1.7465,1.61124,1.52762,1.49038,1.45234,1.38664,1.22569,0.924196,0.611785,0.440435
