uploads/wind/20200723/wind_field_18.json
{"header": {"parameterUnit": "m.s-1", "parameterNumber": 2, "dx": 0.051, "dy": 0.036, "parameterNumberName": "eastward_wind", "la1": 45.3082, "parameterCategory": 2,"nx": 177, "ny": 123, "refTime": "2018-09-30 00:00:00", "lo1":1.38177}, "data":
[rows 87 to 115 of 123, columns 66 to 131 of 177]
3.36472,3.60658,3.49908,3.36808,3.04628,3.19991,3.13777,3.42549,3.89549,4.58993,3.45988,1.12513,1.48613,3.43957,3.95715,3.51543,2.15358,0.600411,0.660051,2.06058,2.01518,1.27538,0.82389,0.495845,1.03431,1.58035,2.24355,2.57399,1.23861,-0.492859,-1.05654,-0.441965,0.989068,1.85288,1.13681,-0.266646,1.47437,2.82252,2.24485,1.01705,0.53472,1.45767,1.81963,0.081724,-1.06974,-1.81664,-0.885714,0.408834,0.748552,1.83029,2.66711,3.35087,2.52811,1.28769,0.518202,-0.626656,-0.880713,-0.115976,1.01888,1.64563,1.53563,2.27967,1.88195,0.303543,-0.032413,-0.402107
1.65794,2.19093,2.63185,2.23314,2.96531,2.74643,2.84653,2.79809,3.87507,3.62064,2.72618,1.67425,2.16584,3.32251,3.2431,2.90292,2.34744,1.70853,1.94784,2.16185,1.15262,0.811928,1.1639,0.588263,0.112176,1.11868,1.96198,2.69429,1.77756,0.0264589,-1.0656,-0.588065,0.71974,1.96245,2.49968,0.893839,1.85167,3.42917,3.01645,2.09838,2.34724,1.37117,-0.0425554,0.138342,0.133075,-0.670147,-0.42178,0.622947,2.58404,4.50932,3.53519,0.147757,-0.245496,0.881494,-0.0851616,-1.99951,-1.52565,-0.359076,0.816729,2.50107,3.39955,4.5847,4.47688,2.98897,1.10963,1.109
0.000200069,0.835674,1.51042,2.21279,2.30742,2.45329,1.89571,1.87345,2.33558,2.29104,2.27258,2.88218,3.12948,3.10957,2.80241,2.45754,2.2265,2.18652,2.42825,1.98834,0.792573,0.517371,1.14094,1.01666,0.486526,0.797174,2.02874,2.62291,2.37809,1.47525,-0.0575023,-0.458347,0.422331,1.75648,3.09553,2.97896,2.2331,2.15937,2.47689,2.66504,2.99523,0.63339,-1.01797,1.31735,2.69518,2.58021,1.97367,2.86064,3.94005,4.3768,2.61325,-0.315724,-0.660706,0.267076,-1.07434,-2.46833,-1.56361,-1.18568,0.690099,2.41526,3.03942,4.21486,5.34657,3.66862,2.28482,3.02542
-0.256998,0.877545,1.28998,1.52148,1.86233,2.19058,2.1613,2.13664,1.11179,0.99427,2.81131,3.28389,2.32565,1.94603,2.31591,2.73468,2.30546,1.41401,2.06551,2.36721,1.13603,0.74947,1.42518,1.28665,1.01977,1.29191,2.11467,2.89007,3.22556,2.03197,0.438554,0.252428,0.965332,1.49961,3.04525,3.26867,2.2561,1.46844,1.55494,2.77908,3.59287,2.78241,1.63579,2.98569,4.45397,4.91036,4.89638,3.6332,2.25774,2.5469,2.22024,0.777,0.315564,0.0671557,-1.35759,-1.10426,-1.35276,-1.63344,0.650777,1.85125,0.991161,3.35111,5.1047,2.64423,0.677469,2.02145
0.251497,0.658903,0.814534,1.32241,1.89946,2.18796,2.17184,2.26361,2.42569,1.82284,1.91569,1.88144,1.72539,2.43165,2.80944,2.76859,1.76566,1.61513,2.09845,1.61107,0.801199,1.66701,1.91959,1.37426,0.669814,1.19303,1.86676,3.00209,3.50055,1.94533,-0.328301,0.399886,1.06735,1.83857,2.65688,1.66655,0.667865,0.870471,1.91446,3.92484,4.8437,4.57174,4.87324,5.97374,6.56027,5.43874,2.61654,0.387976,0.727229,2.76225,3.49106,2.99017,1.44093,-0.373514,-1.22109,-0.675552,-0.210026,-0.451819,-0.0651587,0.597769,0.641055,1.54772,2.92603,1.96911,0.625515,1.87075
-0.0207085,-0.0747689,0.37685,1.15645,1.4751,1.82135,2.47823,3.02781,2.74792,1.38432,0.565743,1.83835,2.70027,2.85261,2.39067,1.83161,1.9679,1.85407,0.955633,0.930463,1.66047,2.5081,2.45494,1.50911,0.396033,0.493481,1.24588,2.86737,3.17876,1.38986,-0.368272,0.265263,0.629078,1.52086,2.50968,1.1521,-0.253331,0.433492,2.69718,5.23894,6.58474,6.38304,7.14148,7.26272,5.58039,3.61677,2.2998,1.45629,1.72526,3.69729,3.92313,2.23508,-0.0403759,-0.805429,-0.939155,-0.862952,-0.342249,0.109313,0.442416,0.664072,0.00167147,-0.863899,-0.0421077,0.835657,0.137744,-0.289066
-0.34749,-0.193225,0.525344,1.21522,1.34857,1.65501,2.16934,2.09165,1.3051,0.80237,1.17056,2.06065,2.63296,2.17903,2.2245,2.61572,2.93483,1.82737,0.259775,0.903371,2.74356,3.01228,2.18737,1.7477,1.237,1.11175,1.23908,1.13181,1.1995,0.281775,-0.234124,0.466107,0.212145,0.44637,1.62296,1.65895,-0.800412,0.0573949,3.36278,6.21824,7.61415,7.90613,6.79379,5.4731,4.6169,5.28276,5.99455,4.71774,3.26681,3.11849,3.12108,1.8396,0.223046,-0.4491,-0.913431,-1.2296,-0.915806,-0.0184107,0.898979,0.387286,-0.718525,-1.15487,-0.752517,-0.718762,-2.0327,-2.57057
-0.662807,0.161472,0.507797,1.08419,1.14309,0.940531,0.666505,-0.0647673,0.636731,1.69988,2.24723,2.67142,2.44681,2.47777,2.71301,3.17437,2.77984,1.66313,0.3963,1.48783,3.15594,2.8322,1.55216,1.05463,1.5673,2.17119,2.36443,0.982731,0.294464,-0.147742,0.149607,0.190313,-0.242135,-0.297734,1.73373,3.53064,1.70481,0.637016,2.14008,4.07737,6.22004,6.87452,6.18602,5.77496,5.7311,6.68439,6.73115,4.42397,2.61994,2.43674,2.95874,3.0198,1.90623,0.521254,0.025068,-0.72003,-0.976875,-0.59554,-0.428484,-0.329573,-0.199322,-0.639005,-1.7706,-2.61117,-2.73825,-3.46485
-0.128525,0.231628,-0.029612,0.14221,0.211859,-0.189844,-0.324188,0.0896592,0.946325,1.57683,1.57757,1.29927,0.837459,1.2212,2.04795,2.9418,2.68458,1.80809,1.17658,1.87184,3.11493,3.7974,3.25712,2.25139,2.01146,2.96311,2.69746,1.12777,1.47645,0.703071,-0.790215,-0.559741,0.474181,1.16818,1.07526,1.80568,2.35762,1.16298,0.663829,2.39191,3.94393,5.70493,7.25315,7.84966,6.73037,6.04878,5.1146,3.74361,2.39846,2.16682,2.62861,3.26335,3.21638,1.94154,-0.307651,-1.86401,-2.77698,-2.87519,-1.46961,0.889367,2.39146,0.16579,-3.2102,-5.11731,-2.21823,-1.26659
0.122932,-0.166089,-0.90265,-1.13964,-1.35879,-1.43071,-0.735307,0.459214,1.41784,1.12196,0.627048,0.752321,0.878792,0.843863,1.198,2.13662,2.86003,2.5216,1.75501,1.84128,2.65767,3.86282,4.44804,4.33889,1.43496,0.200573,0.408311,0.594199,0.452022,-0.691707,-0.881232,0.420515,1.85497,1.67121,0.0735666,0.759292,4.56665,4.45383,1.05169,0.440238,2.45733,5.05082,7.32055,7.84021,5.37056,4.3865,4.02574,3.29962,2.27477,2.30534,3.2949,3.9956,2.70482,-1.90021,-4.04855,-3.09604,-1.65829,-0.198301,0.949555,1.47676,-0.474866,-2.98954,-4.3593,-3.76472,-2.55569,-1.46871
0.0786953,0.00297963,-0.402033,-1.26106,-1.38944,-1.27345,-0.95128,0.38901,1.73613,1.46918,1.23655,1.241,0.524989,0.3812,0.871464,1.79929,3.20894,3.6396,2.37324,1.71609,2.11613,3.15001,4.99674,4.91949,1.6381,-0.895539,-0.451159,0.130358,0.602281,-0.419079,-0.92807,0.295786,1.23087,0.0945075,-0.197783,0.50278,4.78718,7.90962,3.14674,-0.0739425,2.62407,4.74937,6.73901,7.8202,5.99855,2.31505,0.252972,0.940324,2.73456,4.80276,5.31983,3.32147,-0.275125,-3.27633,-3.73398,-1.91732,-0.782196,-1.47092,-2.05467,-1.94237,-2.8083,-5.11067,-5.4888,-3.93766,-1.93795,-3.27256
0.0515027,-0.706136,-1.05435,-1.34056,-0.773311,-0.701524,-0.827325,0.481995,2.05737,1.36632,1.38277,2.28415,1.06709,0.634632,1.38008,1.92257,3.23404,3.56147,2.75217,2.04368,1.72604,2.57513,4.62989,4.69734,0.678988,-1.3939,-0.828003,0.872456,3.03204,2.72326,1.35881,0.594344,-0.407905,-1.56346,-0.690889,0.87888,4.29104,7.83241,6.01517,2.55524,2.90898,4.83823,6.30813,8.21086,6.37686,-0.0479339,-1.98583,1.13582,3.3337,5.52672,3.93199,-0.161035,-0.969516,-0.760083,-2.4314,-2.9259,-2.7906,-2.88244,-2.9638,-2.77758,-2.96195,-4.81289,-5.46443,-4.6749,-2.256,-4.88148
0.67172,-1.06656,-1.41144,-1.51833,-0.494881,0.0346475,-0.638032,0.480011,2.82809,1.28111,0.799391,2.52544,1.36279,0.33712,1.099,1.94581,3.30896,3.66157,3.2365,3.02057,2.47171,2.62235,4.26721,3.72985,0.331779,-1.95034,0.213258,2.36894,2.70601,1.6225,0.282094,0.0939748,0.211217,-0.710309,-0.474729,1.67337,4.09181,6.64073,7.42309,5.69254,3.66792,4.01257,6.09823,7.97796,6.38105,2.34218,0.71325,2.24533,3.10729,3.71324,1.84838,-0.634382,-0.693567,-0.796237,-2.68968,-3.40579,-3.11097,-2.94808,-3.12713,-3.10225,-4.202,-6.02294,-6.14701,-5.03223,-1.69845,-1.80528
1.43124,0.288902,-0.434378,-0.917992,-0.394558,-0.313607,-0.124382,2.02693,3.3051,1.07654,1.04417,2.28127,0.908294,-0.00689542,0.65881,1.91689,3.2657,4.15124,3.49724,3.63208,3.16031,3.84702,4.44031,2.10883,-0.319688,-0.913283,0.332104,1.45961,1.8532,0.824362,0.670611,1.69556,1.40987,0.146941,0.957311,3.33589,3.72171,4.88779,6.66897,7.13315,4.96527,4.81111,6.94473,6.36747,4.8907,4.41224,5.12848,3.85602,3.13758,3.67463,1.86958,0.019925,-0.436832,-0.633819,-2.64546,-3.43557,-2.82034,-2.44807,-2.55915,-3.20946,-4.57348,-5.88423,-5.13626,-4.39028,-1.93571,-0.0265055
0.408707,0.60852,0.428334,-0.0521597,0.0213396,-0.052992,0.459208,1.98862,1.55273,0.305422,0.599523,0.897942,-0.00915075,-0.241165,0.83821,2.24022,3.9848,3.86058,3.18941,3.8792,3.73319,4.48791,4.4378,2.32369,0.845713,1.66371,1.64916,0.375014,-0.629351,-0.745481,0.348635,2.6843,3.80862,2.97239,2.45309,3.38974,2.31621,3.38289,4.46094,5.38587,5.63911,6.77882,7.24228,5.93448,4.78533,6.39934,6.87207,3.50535,2.95248,3.49042,3.1264,2.11297,1.20122,0.264762,-1.43775,-2.85527,-2.84753,-3.16157,-2.9516,-3.56038,-4.30668,-4.30593,-3.48184,-2.94281,-1.43955,0.108109
0.316897,0.910844,0.487303,0.88298,1.3336,0.564378,0.539873,0.905936,-0.0829598,-0.523037,0.680135,0.705391,-0.0763951,0.271282,1.45205,2.96485,4.05946,3.44554,2.53803,3.54754,3.83455,2.77438,1.64802,1.48533,1.66521,1.80572,1.38329,0.010858,-1.70992,-2.28127,-0.123526,1.53805,4.79639,6.05793,3.52211,0.514884,0.424024,2.05214,3.02249,5.11692,6.02005,7.5553,7.43779,6.55686,6.59696,7.65072,5.9769,3.44382,2.80177,3.2485,3.28143,2.87741,1.55467,-0.383547,-1.11853,-1.9156,-2.69461,-2.7986,-2.5005,-2.64062,-3.46963,-3.09756,-2.36784,-2.38669,-1.7758,-0.551878
0.571459,0.772607,0.657833,0.602295,1.08525,1.55497,1.53973,1.08952,-0.169087,0.339713,0.845784,-0.287462,0.259142,1.63624,2.16957,3.25468,3.68455,1.3162,0.171156,2.19171,2.70658,0.427862,-0.407265,1.05807,1.35311,0.93615,1.60224,1.71802,-0.433479,-1.4784,1.03104,3.4872,6.24605,7.02599,1.88821,-2.04179,0.0492592,2.71311,3.39645,4.21965,5.20892,6.81909,7.23769,7.1214,6.85349,6.53943,5.35991,3.61648,3.04423,3.50749,3.17659,3.18751,2.09527,-1.18833,-1.94592,-1.1253,-1.89786,-2.16688,-2.07599,-1.90968,-3.30013,-2.46226,-1.20209,-1.60319,-1.55333,-1.15914
0.041751,0.478135,0.836968,0.735951,0.771909,0.451747,-0.285716,-0.0897125,-0.0679428,0.132197,-0.0153281,-1.18099,0.568365,3.04464,4.18427,3.00561,1.1624,-0.242824,-0.586983,1.71219,2.94105,0.747795,-0.245227,0.751994,-0.130822,-0.627894,0.368362,3.01934,3.70819,1.96973,3.33013,5.0546,6.75795,5.9905,0.19759,-1.62739,3.19952,4.32001,4.11793,2.89662,4.09367,5.55195,7.05487,6.46508,5.67636,4.96202,5.22363,4.47092,4.17055,3.41989,3.05494,2.78323,2.88149,-0.171385,-2.65593,-1.98629,-2.41834,-2.664,-2.4054,-1.44499,-2.74461,-2.31971,-0.696128,-0.79293,-1.33976,-0.87799
0.0469675,1.05867,0.561724,0.0955447,0.35029,0.105625,-0.585972,-0.310409,0.012326,-0.203335,-0.646192,-0.979396,-0.0141431,3.38304,4.31494,2.21708,-0.561417,-0.473091,-0.62529,1.45367,2.9293,0.950929,0.248386,-0.00327398,-0.331832,-0.825638,-0.611151,1.55744,3.73295,4.48023,4.93334,6.06395,6.25783,5.33735,1.24342,1.84502,6.21859,6.9639,4.99219,2.61842,3.45878,4.54338,6.42524,6.52978,4.89567,3.17695,3.49272,4.02833,3.83953,3.34959,2.94256,2.61541,2.7167,0.826315,-1.92801,-2.45315,-2.22238,-2.44977,-2.33256,-1.39304,-1.02403,-0.67523,-0.177935,0.297673,-0.873676,-1.58909
0.714003,-0.361682,-0.245052,-0.165992,-0.0923815,0.306539,-0.178248,-0.213987,0.0668866,-0.0561719,-0.443139,-0.276566,0.0982723,2.07013,2.02448,-0.85807,-0.495953,1.11315,-0.0160885,0.107662,0.641431,0.439935,0.151347,0.113791,0.19213,0.359708,0.934967,2.1262,3.61903,4.93044,5.84386,5.56858,5.27781,3.98466,2.4531,3.83359,6.68651,8.0084,6.29319,5.06012,5.42441,5.02982,5.86854,5.55061,4.78129,3.50906,3.18778,3.17574,3.125,2.82161,2.36675,2.31364,2.4982,1.70643,-0.81797,-2.71447,-2.71228,-1.85782,-1.36544,-0.807143,-0.766206,0.0943482,0.395043,0.107452,0.215943,0.00179922
0.91482,-0.987667,-0.972761,-0.698364,-0.824459,0.216139,0.529441,0.0972257,0.106017,0.356402,0.246154,0.364455,0.38458,2.3635,1.90033,-1.01411,-0.0787433,1.15658,-0.341964,-0.933556,-0.259823,0.770825,1.05038,0.0886744,-0.285557,1.75374,3.72662,4.44621,4.13231,3.96025,4.71639,5.26504,4.50816,4.46392,4.16335,4.85226,4.50479,4.35614,5.82828,6.17554,9.08367,9.02306,6.18602,3.92265,2.85851,2.17383,2.92247,3.40394,3.40774,2.37883,1.42468,1.75877,2.13388,2.1499,1.13249,-0.469837,-0.740963,-0.781829,-1.16153,-1.31711,-1.17709,-0.475124,-0.26653,0.622763,1.42188,1.39673
0.223373,-1.41331,-1.78317,-1.69428,-1.05821,-0.0980625,0.557644,0.821068,0.571102,0.74083,0.482363,0.0189713,-0.34249,1.99466,2.352,-0.762223,-0.389741,1.19246,-0.20564,-0.619973,-0.0584418,0.45571,0.111058,-0.454217,0.846403,2.96039,3.77347,2.5974,1.45949,0.890751,3.03453,6.32639,7.8324,7.29305,5.45031,2.69059,0.623517,2.86207,5.06815,6.75511,8.4276,9.28841,7.07598,2.65321,0.313525,1.25149,3.2585,2.8619,1.89032,0.800912,0.436906,1.44158,2.75061,2.70133,1.94999,1.1707,0.544606,-0.143464,-1.78989,-1.91115,-1.24035,-1.13817,-0.526428,0.648477,1.06219,0.625559
0.0667939,-1.42999,-2.22651,-1.9413,-1.41875,-0.530762,0.328946,1.03532,0.403833,0.580362,0.452365,-0.690096,-1.21834,1.49047,3.20559,-0.171127,-0.473823,0.947646,0.379123,-0.0801767,0.0900479,0.585202,0.111907,-0.404758,1.87226,2.73266,0.29013,-0.523155,0.377118,1.96988,4.88165,8.31298,9.80968,8.47661,5.08934,2.34297,0.874625,2.70128,4.05646,5.05806,5.35806,5.90054,5.83983,3.92029,2.14269,1.48814,1.93282,1.00961,0.835884,0.869992,1.22057,1.69835,2.18144,1.534,1.13009,1.50715,1.39226,-0.0314026,-2.19609,-2.72376,-2.31175,-1.10103,-0.769359,-0.248938,-0.136177,-0.225165
-1.06712,-1.8562,-1.7325,-1.80221,-1.40247,-0.750107,-0.366336,0.0989651,-0.445992,-0.472443,-0.291276,-0.70326,-1.23889,1.55831,3.69688,0.619124,-0.169846,0.032068,-0.596193,-0.334614,-0.419428,0.244936,1.37753,2.02224,0.740946,-1.04024,-2.02053,0.697544,3.40925,5.49419,6.35745,7.60162,7.14445,6.90342,5.54523,6.85658,5.30652,5.38434,4.53529,3.89447,2.67304,4.46733,5.80568,6.60813,5.56465,0.803351,-0.723477,-0.26485,0.341655,1.51303,2.67736,2.03067,1.09022,2.66365,2.78198,2.20138,2.54895,2.725,-0.0252542,-2.56233,-1.73344,-0.740228,-1.07892,-0.926657,-0.544441,-0.654277
-1.26208,-1.96616,-0.881037,-1.42929,-2.18009,-1.61932,-0.909347,-1.24106,-2.15159,-1.19964,-0.749619,-0.981911,-1.1432,0.435749,3.6575,2.11763,-0.0871329,-1.47251,-2.54652,-2.52535,-1.76876,0.709817,2.76184,0.736032,-1.90318,-2.83943,-2.39722,1.18395,4.98982,5.59254,6.22958,5.78794,6.20405,6.82464,8.27927,7.48448,7.44469,5.66051,5.54053,2.76838,2.69604,5.03799,7.04899,9.18366,8.08465,1.25584,-2.62894,0.229819,1.01662,2.02434,2.41532,2.1194,1.51201,0.332557,-0.551928,-0.909829,-0.391177,-0.480478,-1.12451,-1.19878,-0.876588,-0.425637,-0.907788,-0.948669,-0.681486,-0.741147
-0.945714,-1.27918,-1.63025,-1.90141,-2.08552,-2.90844,-2.31489,-1.87456,-2.19274,-1.20327,-1.25182,-1.15516,-0.161363,0.436597,3.09927,3.59785,0.68454,-1.73287,-3.47896,-3.45849,-2.23201,1.76768,3.363,0.0420354,-2.51251,-2.24619,-2.2597,0.843722,4.0568,4.64378,5.45138,5.8452,7.20297,7.78362,8.23775,8.14667,7.32654,5.80385,5.5849,3.81946,3.51142,6.16488,7.1017,9.40593,7.64807,3.84033,1.26748,0.992752,0.924897,1.55908,1.90976,2.14032,0.214536,-1.87372,-2.50571,-3.01828,-2.48692,-2.09924,-1.29078,-0.614151,-0.534376,-0.486272,-0.547687,-0.546393,-0.84195,-1.26479
0.215086,-1.04184,-0.90109,-1.04521,-2.12494,-2.63477,-2.52725,-2.33469,-1.31103,-0.925556,-1.36683,-0.848343,0.109915,0.260887,2.16316,3.2037,0.798669,-1.84836,-2.84711,-2.7862,-1.59095,1.32871,3.47851,0.684923,-1.18326,0.128382,-0.0701796,0.555455,2.20933,4.29253,5.27768,6.10281,4.72132,5.6898,5.8909,6.67934,6.69159,7.12029,5.73873,8.03816,7.29367,6.87193,5.85542,6.70591,6.82647,6.004,3.46449,0.478227,-0.119542,0.327597,0.770991,0.165358,-1.61446,-1.67049,-1.87595,-3.76902,-3.58914,-2.81074,-1.8748,-1.09611,-0.595338,-0.0410558,-0.0874383,-0.242549,-0.697624,-1.13501
0.803406,0.0971086,-0.322839,-0.23603,-1.4862,-1.42155,-1.54087,-1.57194,-1.19654,-0.711021,-0.333282,-0.106378,0.74287,0.578588,0.930953,1.81163,1.29232,-0.987938,-2.31333,-1.84124,-0.852985,0.886806,1.90116,0.302278,-1.01689,1.4331,3.30072,2.72232,2.32338,4.11167,5.82421,4.99277,3.30228,2.88964,4.11213,5.75605,7.15356,7.7031,8.34909,9.81266,11.1796,10.229,5.731,1.84552,1.94591,-0.204746,-2.09873,-1.76075,-0.619928,0.0479757,-0.955728,-2.17626,-2.00763,-0.270526,-0.293535,-3.09911,-4.31605,-3.93223,-2.94526,-1.60455,-0.642838,0.117204,0.557582,0.73067,0.544206,0.136157
0.70813,0.683608,0.301686,-0.445824,-1.3322,-1.25238,-1.6807,-2.51777,-1.77728,-1.02798,-0.483275,-0.0532188,0.256004,0.354904,0.390973,1.01854,0.71573,-0.13186,-0.585707,-0.840695,-0.560148,0.543385,2.22051,2.18483,0.345674,1.33665,3.89708,4.85015,3.43769,3.64711,4.58822,4.08172,2.58451,2.06817,3.84517,5.05566,5.96042,7.13748,9.17098,10.2355,12.4483,12.6625,7.12828,-1.01825,-3.69329,-3.63814,-3.77465,-2.70942,-1.40593,-0.736693,-0.793531,-1.02804,-0.840675,1.14785,1.33296,-3.165,-4.84656,-3.21509,-2.6091,-2.01912,-1.10692,0.210346,1.52717,1.99513,1.61368,0.542611
