uploads/wind/20200723/wind_field_18.json
{"header": {"parameterUnit": "m.s-1", "parameterNumber": 3, "dx":  0.051, "dy": 0.036, "parameterNumberName": "northward_wind", "la1": 45.3082, "parameterCategory": 2,"nx": 177, "ny": 123, "refTime": "2018-10-03 01:00:00", "lo1":1.38177}, "data":
[rows 58 to 86 of 123, columns 0 to 65 of 177]
-1.49737,-2.5407,-2.40919,-1.87585,-1.73857,-2.32893,-2.34697,-2.05793,-1.74815,-0.466077,-0.122941,0.743095,3.10221,3.97891,3.50441,4.08357,3.94239,4.44929,4.43356,4.59746,4.6034,4.98022,4.87498,4.96514,5.24237,4.688,4.48994,3.09555,2.91847,5.09629,6.2152,7.75088,7.43087,7.34397,6.96804,6.5709,5.88216,5.08728,4.53983,4.16989,3.61215,3.08078,2.77062,2.64011,2.5989,2.58022,2.442,2.17408,1.96836,1.9748,2.10263,2.24317,2.40267,2.61122,2.79289,2.82885,2.74404,2.60861,2.46455,2.33765,2.25264,2.25602,2.35505,2.53108,2.74337,2.95165
-3.83871,-3.0781,-3.60793,-2.68466,-1.51656,-2.4779,-2.69975,-1.56584,-1.34581,-0.943427,0.237217,1.3932,2.31174,2.6005,2.75346,2.00394,3.13349,3.93528,4.22837,4.14984,3.95121,4.12095,4.2035,4.50927,4.93413,5.03558,4.31019,1.47079,2.82354,3.13183,3.8047,7.1228,7.58673,7.06165,6.41618,5.8699,5.44598,4.89841,4.39304,4.3892,4.12282,3.54707,3.14224,2.88937,2.66853,2.5594,2.47955,2.26809,2.05523,2.03692,2.10621,2.15883,2.26108,2.43459,2.54664,2.56891,2.62456,2.6344,2.61228,2.6051,2.62724,2.68331,2.7785,2.90344,3.07844,3.27781
-2.63637,-2.84154,-2.7114,-2.61579,-0.964555,-1.31339,-1.4092,-1.25595,-1.24342,-1.05725,-0.384934,0.84281,1.78605,2.75248,2.33144,1.57736,1.49757,2.70235,3.59385,4.16168,4.08113,3.3539,2.47396,0.626047,2.2735,2.18266,1.28201,0.120128,1.78138,4.05662,5.45289,5.3183,6.14042,6.64763,6.11755,5.52343,4.81554,4.21469,3.81948,3.70807,4.26113,3.85046,3.25589,2.70548,2.2457,2.07739,2.06098,1.99565,1.93847,1.96751,2.05417,2.11285,2.22922,2.4221,2.6074,2.74649,2.8787,2.96909,3.00725,3.06508,3.16773,3.28273,3.38688,3.48049,3.55863,3.6552
-1.11757,-1.27807,-1.2192,-1.23927,-0.651257,-0.425713,-0.370509,-0.709773,-0.505935,-0.575903,-0.287826,0.474723,1.76546,2.30331,2.07202,1.76108,1.37353,2.19816,2.95026,3.77804,2.73623,1.73084,0.433872,-0.260704,0.540189,0.722131,1.5188,2.67577,2.10765,3.36129,4.69163,3.04575,4.62081,5.39135,6.12138,5.34319,4.47288,3.87774,3.57235,3.26948,3.05711,2.18249,1.46745,1.12745,0.967846,1.04732,1.25303,1.46944,1.59293,1.67511,1.8335,2.00263,2.20992,2.50411,2.86459,3.14789,3.25874,3.31186,3.36409,3.45517,3.60071,3.73161,3.84718,3.97072,4.0745,4.06739
1.04669,0.704329,0.471557,0.231609,0.229615,0.390349,0.396322,0.508736,0.358796,0.267382,0.136941,0.112456,0.547,-0.0882855,1.46361,1.54706,1.39719,0.271868,0.146255,0.809523,0.401616,0.307867,0.528874,1.04364,0.907612,1.09952,2.01365,1.76039,3.11389,2.9542,2.70772,3.7452,3.59891,4.36587,5.05231,4.84011,4.25377,4.11333,4.10721,3.07819,0.939155,-0.0136321,-0.138073,0.0750638,0.408592,0.764299,1.10282,1.29226,1.3226,1.35263,1.48637,1.7251,2.08407,2.55781,3.0324,3.31886,3.41903,3.49204,3.6013,3.76964,3.9354,4.08076,4.20972,4.33247,4.42317,4.44966
2.71013,2.20738,1.9311,1.65766,1.19421,1.50333,1.66192,1.73794,1.83566,1.67367,1.44779,1.16503,1.52836,0.776977,1.13346,1.54088,0.910466,0.335636,-0.127004,-0.499505,-0.350146,-0.0634056,0.639416,0.786994,0.590824,1.62363,1.03642,1.49586,3.13086,3.84351,3.60896,3.63972,3.03741,3.242,3.81593,3.99232,4.86484,4.91286,4.05218,1.59096,0.178429,-0.0126356,0.251909,0.792603,1.28735,1.64044,1.72503,1.59652,1.46868,1.36956,1.28896,1.34513,1.72848,2.37144,2.94821,3.24773,3.37603,3.52302,3.71421,3.9201,4.11974,4.24951,4.34314,4.39974,4.45403,4.51147
3.84771,3.62009,3.44754,3.18791,2.98036,2.86751,2.90689,3.04595,3.20993,3.35209,3.38721,3.11802,2.81392,2.64605,1.25719,2.19596,1.46904,0.342784,-0.334581,-0.0195982,0.426352,0.617983,1.38365,1.55274,1.44652,1.90931,1.24261,1.95729,2.9963,3.36877,3.83472,3.19233,2.89489,3.41318,3.35887,4.08163,4.46622,4.09969,2.36934,0.713213,0.85614,0.926941,1.14152,1.61905,2.0263,2.08568,1.8971,1.73066,1.67623,1.57753,1.38051,1.26314,1.47178,2.02941,2.73037,3.2302,3.47166,3.63788,3.79055,3.89388,4.00683,4.16685,4.16012,3.97673,3.77759,3.8585
4.28059,4.4605,4.29399,4.38075,4.12585,3.71404,3.47488,3.29842,3.45996,3.47993,3.22822,2.77494,2.47922,2.31253,2.46538,2.73024,1.67237,-0.242859,-0.573529,0.338161,1.01611,1.35583,1.16236,1.12038,1.12309,0.626361,0.49536,0.633318,1.80838,2.30175,1.39818,2.89091,3.49319,3.76494,3.45368,2.78442,3.13944,2.58156,2.12715,2.16823,1.70641,2.15259,2.68369,2.82414,2.59826,1.96172,1.50821,1.531,1.64824,1.76164,1.69806,1.58481,1.69881,2.08572,2.70119,3.3461,3.69136,3.80525,3.78728,3.70241,3.6006,3.33969,3.03633,2.67841,2.42122,2.31986
3.89862,4.61446,4.71525,4.58253,4.34516,3.89758,3.51679,3.24765,3.13018,2.75592,2.25382,1.93657,2.00551,2.23803,2.89194,3.64436,1.81304,0.824418,0.677529,0.554288,0.406508,0.535593,-0.195364,0.0732185,0.54659,0.24541,0.0201319,-0.427317,0.0982273,0.182053,0.203568,1.78335,2.86519,2.67493,1.86011,1.92709,1.69105,2.28552,2.59082,2.67961,2.97757,3.47761,4.00608,3.47977,2.95435,1.95617,1.66177,1.58031,1.84608,2.09593,2.23353,2.22926,2.27621,2.47931,2.81679,3.31566,3.73757,3.77564,3.66061,3.37197,2.90872,2.52622,1.63856,1.18103,0.636305,1.02532
2.72685,3.78647,4.27715,4.32152,3.99118,3.71267,3.51932,3.42188,3.37564,2.85393,2.28267,2.17292,2.19612,2.54767,3.00591,3.86952,1.90557,0.376768,0.675735,0.24676,0.0882194,0.268056,-0.444006,-0.305942,0.297851,0.245024,0.397253,0.40385,0.227359,0.364103,1.44963,1.6766,1.08884,1.80891,1.55122,1.69818,2.56185,3.23848,3.59599,3.71831,3.7194,1.84804,2.77025,2.71275,2.91491,2.68446,2.92495,2.68336,2.66644,2.85258,3.01108,3.03688,2.83533,2.71642,2.67955,2.88853,3.28108,3.50362,3.34618,3.1873,2.47061,3.29407,2.07735,1.14238,0.795768,2.57018
1.16571,2.56953,3.3228,3.5393,3.54657,3.45137,3.33818,3.0391,2.66488,2.79244,2.97577,2.86537,2.73624,2.85529,2.82401,1.91089,0.176471,-0.37714,0.28153,0.145192,0.173312,0.513437,-0.0035013,-0.0166904,-0.142547,0.258756,0.584911,1.12615,0.719505,0.920622,2.02434,1.9743,1.44152,2.03666,2.03636,2.48743,3.00899,4.25393,4.367,4.16961,4.0701,3.47482,2.12571,2.64466,2.60786,3.14762,4.34581,4.459,4.25109,4.40162,3.66539,3.23919,2.3938,2.12239,2.06189,2.18859,2.76419,2.66037,3.07296,3.23263,3.1135,3.93797,2.79908,2.86704,3.16798,3.49291
-0.341787,0.82702,1.72686,2.12026,2.12487,2.16173,1.72124,1.31622,1.3068,1.20741,0.900025,0.737255,0.959542,0.853171,0.540908,0.595222,1.3417,1.1428,1.01912,1.55009,1.7592,1.07481,0.63479,0.36089,0.241189,0.364713,0.38801,0.604466,0.0963836,0.629599,1.03685,1.56235,1.88772,2.33708,2.37452,2.91534,4.07221,4.8339,5.12087,4.85292,4.21335,3.25764,3.21699,3.54444,3.98582,4.53189,6.00991,6.61231,6.04284,5.35152,3.37731,2.4247,2.15793,1.71965,1.80006,2.15578,3.19118,3.20042,3.07313,3.52808,3.60819,3.74159,3.5508,3.25811,3.10535,2.8446
-1.89198,-1.22168,-0.477858,0.111699,0.115536,-0.0427667,-0.443431,-0.478654,-0.311933,-0.66732,-0.586862,-1.19022,-0.227872,-0.419366,-0.712081,0.749187,3.04737,2.72043,2.55604,2.66617,1.77168,0.669876,0.119867,-0.22071,-0.0324072,-0.219172,-0.157313,-0.14473,-0.0493331,0.630751,0.0951204,1.64099,2.49502,2.94539,3.11066,3.9495,4.76627,5.44727,5.1172,4.09437,4.01295,3.7746,3.8564,4.12194,4.54168,4.28441,5.50092,5.94135,5.18675,4.40704,2.63197,1.87758,2.68193,2.69507,2.90148,2.45419,3.32767,2.74606,2.93657,3.27715,3.68945,3.47923,3.21939,2.93383,3.08138,3.13525
-3.20751,-2.95972,-2.44266,-1.737,-1.39209,-1.11137,-0.86811,-0.982936,-1.1851,-1.1625,-0.405289,-0.357623,0.0995021,0.0587552,0.0383303,0.2521,1.32075,1.70067,1.04262,0.40039,0.476786,-0.166376,0.114054,-0.381301,-0.839586,-0.568398,-0.123767,0.566879,0.41653,1.25498,1.04209,2.80411,3.11267,3.64975,3.7829,4.43549,4.97774,4.81277,4.67754,4.73675,4.38505,4.47146,4.53868,4.5416,4.14672,2.78523,2.31609,3.04043,3.10088,3.01602,3.1837,1.9834,3.17092,3.04999,3.66132,4.01617,3.07147,2.91854,2.22481,2.67382,3.00768,3.24765,2.83916,2.48908,2.78019,2.59673
-3.77704,-3.95994,-3.61818,-3.03888,-2.50096,-1.9004,-1.6416,-1.45307,-1.18733,-1.70955,-2.24231,-1.05679,0.30273,0.728533,0.853268,1.14904,1.47257,1.53052,0.397075,0.0590706,1.49074,1.03149,0.621559,0.564473,0.253948,0.865662,0.769338,0.79563,0.422708,1.88373,3.29727,3.75084,3.94848,4.05089,3.98923,4.17979,4.23467,5.02629,4.71986,4.90665,5.06028,5.57224,5.63366,3.83564,3.37794,2.21436,1.56235,2.62012,3.8598,4.50564,4.57854,5.39773,4.23472,4.39672,4.36275,3.91363,3.58567,2.79435,2.5979,2.22954,3.2102,4.18274,4.20282,2.93473,2.6229,2.60962
-3.98173,-4.35368,-4.17803,-3.7675,-3.33784,-2.9352,-2.54369,-2.63261,-2.50445,-2.30007,-2.57945,-2.04563,-0.583778,0.117296,1.37427,1.76573,1.59237,1.68863,2.31839,2.22059,1.94704,1.81084,1.3473,2.24824,2.08608,1.65184,1.27806,0.10637,0.0816345,2.19029,4.13351,4.32728,4.31536,4.12128,3.60182,3.80992,4.29209,4.7568,5.38252,5.76168,5.72771,6.05563,5.43165,4.39006,3.58546,3.25328,3.04339,3.86049,4.46598,4.86584,6.06707,5.47228,5.11107,4.41124,3.75481,3.94471,3.75178,2.73268,2.68355,2.75589,2.7267,3.72864,4.62335,3.75907,3.2339,3.20273
-4.9514,-4.47859,-4.40995,-4.21052,-3.86312,-3.44531,-3.2446,-3.38109,-3.22989,-2.2551,-2.00268,-2.11779,-2.15859,-1.64374,-0.608203,1.34992,1.30677,0.911753,2.33334,2.94432,2.4635,1.40515,2.36615,2.9046,2.48943,1.74875,0.931387,0.310455,1.0331,2.62974,3.62609,3.36867,3.37896,3.6646,3.95319,3.9585,4.32308,4.78659,5.45406,5.22036,4.96755,4.98376,4.17925,2.95017,4.14388,3.74151,3.88783,4.0494,4.62705,4.73201,5.10079,6.18723,5.33123,5.01524,4.01337,3.45403,3.30938,2.76399,2.72998,2.72371,3.02756,3.95214,4.58322,4.19346,3.84525,3.44748
-5.0747,-4.54027,-4.47651,-4.36073,-3.99863,-3.75996,-3.58406,-3.19377,-2.913,-2.83882,-2.62431,-2.35471,-1.98539,-1.05145,-1.25361,0.746318,0.991865,0.84511,1.67765,2.7295,2.88991,2.19368,2.84365,2.67285,2.26473,2.19384,1.18891,0.884775,1.34679,1.77831,2.57301,2.87832,3.01758,3.42628,4.46204,5.03359,4.28739,3.64948,3.50608,3.88209,4.06021,3.99207,3.12851,3.50703,3.98519,4.34167,4.46694,4.32454,4.14147,4.21324,4.83951,5.09207,5.20349,4.78236,4.21036,3.6896,3.51288,3.4178,3.31329,2.9156,2.6485,3.49583,4.51061,4.8037,4.39012,3.53715
-5.39459,-4.52615,-4.45765,-4.19728,-3.93631,-3.61968,-3.15802,-2.54719,-2.41354,-2.71191,-2.29229,-2.01576,-2.33967,-2.4393,-2.1806,-1.8021,-0.694791,0.0336252,0.220361,1.23358,1.78688,1.54789,1.20371,0.752755,0.588882,-0.0813946,-0.455546,-0.0264427,0.256514,1.05328,3.04668,3.54779,3.46459,3.27501,4.02932,4.39008,3.3489,2.68416,2.45853,2.61027,3.14177,4.23267,4.1619,3.50442,4.00077,3.30596,3.76223,4.0551,4.32,4.24182,4.29888,4.66711,4.4661,4.83178,4.52414,4.2457,3.98337,4.04121,4.05285,3.66405,3.48575,3.51214,3.65077,3.82681,4.45136,3.81361
-5.62548,-4.44708,-4.26117,-3.94414,-3.61734,-3.47579,-3.02588,-2.41035,-2.29595,-2.42649,-2.19946,-1.76442,-2.06581,-1.79486,-1.11304,-0.294682,0.127244,0.515088,0.942694,1.12545,2.20671,1.8098,0.952588,-0.0230221,-0.729045,-1.32365,-1.28468,-1.15182,-0.0610969,1.03265,2.96313,3.36901,3.0596,3.19872,2.95181,3.25471,2.97221,2.75146,2.72484,3.08207,3.73354,4.25443,4.57204,4.3675,3.88578,3.70763,3.17766,3.48549,4.15638,4.07346,4.46386,4.56573,4.53503,4.59232,4.04927,4.4533,4.6276,4.14303,3.85033,4.13711,3.8443,3.88355,3.65659,4.7372,5.043,4.60757
-4.26621,-4.06363,-3.84194,-3.57576,-3.29091,-3.07503,-2.7483,-2.17198,-1.56741,-1.58902,-2.51133,-2.99934,-2.71453,-1.8794,-0.962993,-0.29915,-0.406274,-0.5189,-0.0240442,0.565095,1.26192,0.798384,0.489136,-0.684764,-1.49417,-1.48031,-1.2952,-1.64072,-0.934121,-0.321097,0.615817,2.44491,2.91717,2.84714,3.20867,2.31528,3.52391,4.04893,3.8725,3.45602,3.628,4.41728,4.87847,3.95298,3.90418,3.41342,3.13528,3.08214,3.99534,4.30776,4.65515,4.73942,4.28059,4.31236,4.8308,4.63426,4.41469,4.15526,3.8351,3.92583,4.30085,4.46674,4.36849,4.5483,4.77362,5.22822
-3.50337,-3.35254,-3.30454,-3.092,-2.90681,-2.76078,-2.27533,-1.40599,-1.11781,-1.57847,-2.09025,-2.08747,-1.25468,-0.615365,-0.348582,-0.147017,0.0198785,-0.197411,-0.263066,0.0249779,0.221968,0.168603,0.865343,0.691305,0.259612,0.0463232,-0.156095,-0.378639,-0.469816,-0.116114,0.117231,1.61494,3.14202,3.87963,3.78868,2.67352,4.31142,4.96149,4.61777,4.23909,3.97025,4.14239,4.49221,4.25585,2.59424,3.67337,3.20031,3.12956,3.49406,3.50734,3.85629,4.2074,4.02157,4.24029,4.12896,4.34976,4.40587,4.14708,3.24681,3.89463,4.0962,4.63611,4.2606,4.83712,5.01893,5.16407
-2.71248,-2.69749,-2.69198,-2.70084,-2.57815,-2.53653,-2.20079,-1.77361,-1.87409,-2.16879,-1.66699,-0.822157,-0.306194,-0.0810503,0.0214404,0.342218,0.376814,0.926862,0.556708,0.308836,0.0189481,0.377283,0.708079,1.04735,1.61596,0.73941,0.135688,-0.237488,-0.508843,-0.198607,0.22917,0.821369,1.74987,3.2936,3.48421,2.57742,3.93911,5.62254,5.19858,4.4358,3.62272,2.62781,3.31413,4.55912,4.48178,3.61538,3.53654,3.28445,3.78685,4.05009,3.53956,3.94079,3.86897,3.8648,4.19601,3.86155,3.778,4.09119,4.09396,4.15697,4.50524,4.74651,4.44336,3.92556,4.31086,4.77305
-2.22281,-2.38964,-2.46413,-2.44249,-2.47594,-2.51464,-2.48075,-2.20055,-1.46568,-0.706785,-0.448305,-0.675134,-0.63611,-0.273249,-1.13783,-2.03006,-2.1796,-1.26402,-1.2437,-1.60346,-0.841586,-1.28702,-0.597113,-0.316436,0.247045,0.0843534,0.144114,0.169936,0.128894,0.1718,0.483189,0.707376,1.0833,2.8086,2.64783,1.78117,2.56655,3.8888,4.79664,4.51815,3.78487,3.2673,3.33417,5.71765,6.17394,5.38175,3.6905,3.36321,3.41521,2.90694,3.68785,4.00992,4.3742,4.18541,3.71951,3.55813,4.09932,4.3977,4.46364,4.61538,4.56293,4.95404,4.3818,4.42199,3.75723,4.66632
-2.09383,-2.22754,-2.33312,-2.38103,-2.39988,-2.425,-2.42508,-1.94878,-1.14264,-0.542431,-0.254284,-0.00959576,0.378708,0.291856,-0.918023,-1.77752,-2.1042,-2.39281,-2.10911,-1.98774,-1.18093,-1.98569,-1.13292,-0.703736,-0.667204,0.425369,1.22088,0.909699,0.0790108,-0.708542,-1.08008,-1.15264,-0.97986,-0.355088,0.334994,1.26734,1.71031,2.24312,3.17946,3.54788,2.63453,3.1311,2.59065,2.86338,6.55456,5.38389,3.59154,2.82252,2.21425,2.94689,3.50874,2.73251,3.17689,3.21678,4.49571,4.9671,4.76194,4.32593,4.31523,4.44554,4.7573,4.67906,4.75623,4.76137,3.82872,4.5519
-2.01778,-2.23079,-2.29645,-2.3329,-2.30573,-2.11646,-2.10892,-2.18267,-1.78381,-1.33529,-0.664511,0.699967,1.18713,0.362086,0.175294,0.307271,0.01632,-0.140324,-0.555908,-0.585868,0.0718594,-0.698229,-1.00478,-1.49304,-2.59073,-1.49258,-0.325929,0.193625,-0.116234,-0.844749,-1.15837,-1.09898,-0.900656,-0.740256,-0.669893,-0.395003,-0.122879,0.454509,0.888301,1.53704,0.3893,0.206463,0.99526,0.67209,3.19394,4.08492,3.15781,2.87342,2.46845,2.74438,2.65299,2.62395,3.60285,3.99476,4.91767,5.68705,5.6518,4.69362,4.71406,4.49901,3.90747,4.57695,4.53594,4.67793,4.41633,4.52543
-1.78194,-1.87093,-1.90591,-2.0713,-2.32455,-2.01017,-1.90279,-2.38135,-2.66108,-2.64452,-2.42227,-1.64386,-1.16414,-1.29319,-0.874031,-0.594737,0.145735,0.95466,0.432373,-0.388191,-0.818043,-0.924957,-0.902786,-1.3068,-1.56177,-1.82878,-1.52671,-0.981701,-0.674848,-0.54305,-0.106352,0.209196,0.145724,-0.362004,-0.786512,-1.28442,-1.73222,-2.20977,-1.97653,-1.82518,-1.16088,-0.691284,-0.265076,0.876914,2.11293,1.92488,2.25561,2.4297,2.50259,2.6488,2.05787,2.71951,3.5909,3.91828,4.05071,4.15678,4.37805,4.53061,5.08321,4.63988,4.3301,4.40224,3.46576,3.79151,4.3425,4.26317
-1.49784,-1.43626,-1.62523,-1.81426,-2.22317,-1.84639,-2.17339,-2.60559,-2.77983,-2.89874,-3.06591,-2.71744,-1.76317,-1.23434,-0.75663,-0.40509,-0.432008,-0.725913,-1.36365,-1.41136,-1.6453,-1.67188,-1.46141,-1.40958,-0.497587,-0.537881,-0.550062,-0.428237,-0.202839,-0.0623907,0.279905,0.202637,-0.10226,-0.0459183,0.396201,0.61357,0.102331,-0.637536,-1.27219,-1.53113,-1.37167,0.368511,-0.0539167,1.41618,4.12699,3.6908,2.28057,2.61669,3.15906,2.85548,3.07692,2.41025,2.09953,2.55393,2.84108,2.63372,2.85296,3.41837,4.68667,4.81373,4.34514,4.46898,3.76945,2.77737,3.48334,4.17631
-1.02469,-0.849342,-0.931208,-1.34769,-1.755,-1.74614,-1.85879,-2.05446,-2.15301,-1.70627,-1.40508,-1.5189,-1.46779,-0.958778,-0.536039,-0.246774,-0.469379,-1.05922,-1.65992,-1.79626,-1.50247,-1.62174,-1.64449,-2.21924,-1.90962,-1.56683,-1.12519,-0.839721,-0.00838457,0.577805,1.14643,1.30055,1.48038,1.58037,1.57002,1.06808,1.09544,1.31648,1.01031,0.208114,-0.62042,-0.312831,-0.0390554,0.890063,3.74638,3.91851,2.74377,2.84406,3.74699,4.11791,3.9002,3.03285,1.76734,1.75487,2.35894,1.78284,1.13046,1.67802,2.55768,3.9932,5.22899,4.70952,3.74305,3.04573,3.74217,4.32368
