uploads/wind/20200723/wind_field_22.json
{"header": {"parameterUnit": "m.s-1", "parameterNumber": 3, "dx":  0.051, "dy": 0.036, "parameterNumberName": "northward_wind", "la1": 45.3082, "parameterCategory": 2,"nx": 177, "ny": 123, "refTime": "2018-10-03 01:00:00", "lo1":1.38177}, "data":
[rows 0 to 27 of 123, columns 65 to 129 of 177]
1.70483,1.62955,1.53222,1.42311,1.29006,1.01947,0.777352,0.64527,0.574155,0.544441,0.589082,0.579307,0.364707,0.122568,-0.0598138,-0.141228,-0.170304,-0.156471,-0.10821,0.0180471,0.0726995,0.0832635,0.164178,0.261104,0.368178,0.444744,0.485336,0.387778,0.474777,0.487922,0.433207,0.18413,0.299763,0.333713,0.325216,0.276904,0.288527,0.312797,0.262654,0.298882,0.252422,0.202134,0.0486439,-0.302633,-0.314642,-0.475982,-0.743814,-0.985645,-1.19503,-1.44335,-1.68594,-1.71672,-1.70047,-1.72557,-1.71009,-1.82645,-1.74428,-1.81608,-1.97431,-1.97172,-2.02031,-2.08472,-1.89251,-1.92938,-1.79727
0.498412,0.455325,0.399597,0.3372,0.259943,0.0501316,-0.127719,-0.1923,-0.187734,-0.135703,-0.00109356,0.0630106,-0.101166,-0.308721,-0.459442,-0.51467,-0.529289,-0.505903,-0.458894,-0.338498,-0.286902,-0.286024,-0.213984,-0.114657,0.0040818,0.101353,0.160812,0.0779366,0.18795,0.228609,0.187621,-0.0555357,0.0710833,0.116507,0.107846,0.0496919,0.0728949,0.117394,0.0939002,0.165178,0.153339,0.145029,0.0064635,-0.347196,-0.356668,-0.529621,-0.814654,-1.06163,-1.28378,-1.53855,-1.81357,-1.89865,-1.91112,-1.94875,-1.92409,-2.00293,-1.90229,-1.9582,-2.12985,-2.27989,-2.1817,-2.42458,-2.03056,-2.05388,-1.92552
-0.885421,-0.89353,-0.902394,-0.921741,-0.945406,-0.975785,-1.00243,-1.02063,-1.00426,-0.952263,-0.874525,-0.813231,-0.770598,-0.744974,-0.720173,-0.694618,-0.674093,-0.654495,-0.632659,-0.604772,-0.562213,-0.518991,-0.459897,-0.393826,-0.32264,-0.253025,-0.190934,-0.142397,-0.097526,-0.0571835,-0.0474575,-0.0557067,-0.0675101,-0.0755354,-0.100499,-0.118893,-0.104595,-0.065273,-0.0283363,0.00529587,0.0210108,0.0086549,-0.0854015,-0.249828,-0.426081,-0.643593,-0.881351,-1.12068,-1.36545,-1.6149,-1.80965,-1.92868,-1.97437,-1.95921,-1.90572,-1.80543,-1.76507,-1.80107,-1.93252,-2.1087,-1.94165,-2.04232,-1.77148,-1.6994,-1.66215
-1.77605,-1.75274,-1.74138,-1.73288,-1.71596,-1.68317,-1.63623,-1.57782,-1.4958,-1.38683,-1.27061,-1.17747,-1.10729,-1.05763,-1.0243,-0.996968,-0.971756,-0.951075,-0.924947,-0.888862,-0.847138,-0.795175,-0.725245,-0.651441,-0.570948,-0.493191,-0.43073,-0.379249,-0.32554,-0.278229,-0.248856,-0.248292,-0.257763,-0.271967,-0.28891,-0.29133,-0.283781,-0.24824,-0.199249,-0.152247,-0.100406,-0.0831277,-0.148013,-0.295185,-0.482441,-0.708499,-0.947966,-1.18843,-1.44652,-1.70741,-1.92843,-2.07325,-2.14583,-2.11715,-2.00995,-1.86528,-1.80688,-1.868,-2.00748,-1.99396,-1.94991,-1.91842,-1.85745,-1.81185,-1.7815
-2.16186,-2.06606,-2.01031,-1.97607,-1.94478,-1.89426,-1.81761,-1.73327,-1.63985,-1.54632,-1.46202,-1.39514,-1.34489,-1.30505,-1.27607,-1.25019,-1.21846,-1.18463,-1.14349,-1.09656,-1.04664,-0.988766,-0.92378,-0.863499,-0.804026,-0.746005,-0.711853,-0.680377,-0.626058,-0.562246,-0.504388,-0.466086,-0.442956,-0.433047,-0.430669,-0.430578,-0.438734,-0.425669,-0.385887,-0.332603,-0.261322,-0.209169,-0.228622,-0.341531,-0.532586,-0.784918,-1.04835,-1.30022,-1.55225,-1.79319,-2.00708,-2.18741,-2.26342,-2.17949,-2.0189,-1.90479,-1.85321,-1.8715,-2.0435,-2.08459,-2.02455,-2.03164,-2.01535,-2.00923,-1.9744
-2.21647,-2.05855,-1.93273,-1.84212,-1.77564,-1.72193,-1.67078,-1.63243,-1.60497,-1.59443,-1.59204,-1.57662,-1.54898,-1.52111,-1.49707,-1.46716,-1.43023,-1.37648,-1.32271,-1.27295,-1.22162,-1.17022,-1.12466,-1.0902,-1.06968,-1.05557,-1.04453,-1.00943,-0.944382,-0.853096,-0.762713,-0.688055,-0.640583,-0.619195,-0.619095,-0.627522,-0.637615,-0.640886,-0.624602,-0.581685,-0.510301,-0.442435,-0.425507,-0.489135,-0.647973,-0.889085,-1.16841,-1.43301,-1.66048,-1.84977,-2.0091,-2.16891,-2.23547,-2.17663,-2.08915,-2.05398,-1.99139,-1.87993,-1.94685,-2.10731,-2.08564,-2.0881,-2.11589,-2.15847,-2.14729
-2.23462,-2.11764,-2.00612,-1.89797,-1.79828,-1.7202,-1.67514,-1.64631,-1.64373,-1.6594,-1.67005,-1.66645,-1.65026,-1.63322,-1.62489,-1.61309,-1.59212,-1.55956,-1.52238,-1.48071,-1.43459,-1.39125,-1.35964,-1.34101,-1.33441,-1.33035,-1.31403,-1.27144,-1.19995,-1.11139,-1.02868,-0.967954,-0.940253,-0.939963,-0.949218,-0.948068,-0.929602,-0.904655,-0.884471,-0.853634,-0.796969,-0.737431,-0.701844,-0.721011,-0.814822,-0.987932,-1.20601,-1.42047,-1.61663,-1.79947,-1.95897,-2.1097,-2.20871,-2.26348,-2.28846,-2.25442,-2.15344,-2.02235,-1.97177,-2.15169,-2.20916,-2.18189,-2.2145,-2.26706,-2.30131
-2.16704,-2.113,-2.05576,-1.98972,-1.92199,-1.86199,-1.8093,-1.76316,-1.73589,-1.71464,-1.69378,-1.6833,-1.67725,-1.67045,-1.66795,-1.67236,-1.67872,-1.6907,-1.69119,-1.68151,-1.66063,-1.64005,-1.62575,-1.61849,-1.61143,-1.59571,-1.56786,-1.53065,-1.47971,-1.42719,-1.38193,-1.35553,-1.34663,-1.34608,-1.33253,-1.28823,-1.22106,-1.15386,-1.11359,-1.08507,-1.04994,-1.0032,-0.957848,-0.936952,-0.958951,-1.03871,-1.15151,-1.27799,-1.43346,-1.65149,-1.87243,-2.10188,-2.28813,-2.43568,-2.5093,-2.4407,-2.29652,-2.20768,-2.14376,-2.23416,-2.34919,-2.30058,-2.32551,-2.36349,-2.40428
-1.88292,-1.84887,-1.81078,-1.77856,-1.75558,-1.7351,-1.70309,-1.67749,-1.65376,-1.63212,-1.62585,-1.64368,-1.6749,-1.70554,-1.72877,-1.7453,-1.7693,-1.80397,-1.83781,-1.85961,-1.87007,-1.87117,-1.87162,-1.874,-1.88046,-1.88542,-1.88711,-1.88777,-1.88253,-1.86715,-1.84459,-1.82226,-1.80125,-1.76281,-1.692,-1.58658,-1.4651,-1.36014,-1.29774,-1.27563,-1.26381,-1.2303,-1.17384,-1.11041,-1.0606,-1.05772,-1.09549,-1.16503,-1.29177,-1.51431,-1.77683,-2.0966,-2.38409,-2.60808,-2.74359,-2.7007,-2.49671,-2.31904,-2.22702,-2.2203,-2.34895,-2.34783,-2.38369,-2.42449,-2.44818
-1.29748,-1.27498,-1.25211,-1.23811,-1.24465,-1.25906,-1.27388,-1.28549,-1.29266,-1.30956,-1.34993,-1.4242,-1.52133,-1.62294,-1.71186,-1.78592,-1.85865,-1.92186,-1.97417,-2.00182,-2.0112,-2.01399,-2.02512,-2.0551,-2.10334,-2.15861,-2.21001,-2.25319,-2.27878,-2.28846,-2.27477,-2.24099,-2.18951,-2.11532,-1.99939,-1.84876,-1.68612,-1.54227,-1.44221,-1.39387,-1.3776,-1.3592,-1.31129,-1.24098,-1.16052,-1.11104,-1.10114,-1.13414,-1.21793,-1.40702,-1.67804,-2.02332,-2.36613,-2.64665,-2.84811,-2.88846,-2.73229,-2.45278,-2.25853,-2.15498,-2.24696,-2.36221,-2.4444,-2.52408,-2.54009
-0.431511,-0.436466,-0.445624,-0.461174,-0.497624,-0.554714,-0.618569,-0.676875,-0.732156,-0.796743,-0.882935,-1.00163,-1.14678,-1.30395,-1.45322,-1.60297,-1.7479,-1.86828,-1.94835,-1.99248,-2.01769,-2.04849,-2.09959,-2.1666,-2.23754,-2.30629,-2.36481,-2.40868,-2.43789,-2.45278,-2.44996,-2.42909,-2.38576,-2.31493,-2.20587,-2.05875,-1.89235,-1.72759,-1.58396,-1.47429,-1.40432,-1.36534,-1.33212,-1.29264,-1.2398,-1.19239,-1.16574,-1.17234,-1.22188,-1.37007,-1.58537,-1.85541,-2.16971,-2.46985,-2.71639,-2.85698,-2.86928,-2.68196,-2.40672,-2.19079,-2.17817,-2.39457,-2.54698,-2.68176,-2.70425
0.503958,0.471648,0.43377,0.381887,0.31051,0.213031,0.102398,-0.00991135,-0.12213,-0.241048,-0.370603,-0.513635,-0.67594,-0.848077,-1.0244,-1.21253,-1.40394,-1.57662,-1.70781,-1.80976,-1.90938,-2.00608,-2.09347,-2.15842,-2.20376,-2.24106,-2.2692,-2.28129,-2.28382,-2.28248,-2.28673,-2.2987,-2.30361,-2.28531,-2.23543,-2.14758,-2.02566,-1.88217,-1.73472,-1.59813,-1.48063,-1.393,-1.33076,-1.29411,-1.26902,-1.24908,-1.235,-1.23382,-1.25703,-1.33873,-1.47279,-1.64962,-1.87724,-2.14042,-2.40671,-2.64139,-2.81611,-2.86535,-2.69132,-2.43006,-2.25493,-2.4124,-2.64296,-2.83162,-2.87505
1.37856,1.3145,1.24292,1.15659,1.05073,0.924885,0.780942,0.626047,0.464058,0.29625,0.11919,-0.0583616,-0.237245,-0.410776,-0.593232,-0.78557,-0.992122,-1.19185,-1.38333,-1.55767,-1.71518,-1.83484,-1.90105,-1.91925,-1.91689,-1.91248,-1.90458,-1.8876,-1.86889,-1.85992,-1.87304,-1.90718,-1.95202,-1.99754,-2.02625,-2.03126,-2.00337,-1.93992,-1.8542,-1.75361,-1.64125,-1.52468,-1.41542,-1.33326,-1.27972,-1.25284,-1.24503,-1.24271,-1.23953,-1.27222,-1.35065,-1.45833,-1.59401,-1.78845,-2.04546,-2.3512,-2.63601,-2.86853,-2.92821,-2.78111,-2.50739,-2.42105,-2.60228,-2.82728,-2.94278
2.19162,2.08769,1.97027,1.84291,1.70598,1.55858,1.39932,1.23067,1.05085,0.857307,0.651713,0.439653,0.236244,0.0401467,-0.159221,-0.358542,-0.556059,-0.764027,-0.994848,-1.22058,-1.39022,-1.48128,-1.49284,-1.45529,-1.40243,-1.34919,-1.30148,-1.26987,-1.26446,-1.28687,-1.33427,-1.38859,-1.45426,-1.52441,-1.60379,-1.68724,-1.76319,-1.81563,-1.83439,-1.81534,-1.75733,-1.66038,-1.53452,-1.39409,-1.26334,-1.17625,-1.14077,-1.13227,-1.12378,-1.13307,-1.17308,-1.24451,-1.33434,-1.47897,-1.70933,-2.03934,-2.39592,-2.70964,-2.94493,-2.98237,-2.80511,-2.51655,-2.45036,-2.61063,-2.8224
2.83833,2.70741,2.56623,2.418,2.26648,2.11046,1.95079,1.78151,1.59545,1.3899,1.18259,0.978686,0.775539,0.567023,0.353175,0.145639,-0.0332489,-0.22058,-0.436055,-0.661642,-0.835526,-0.923288,-0.930936,-0.89349,-0.830057,-0.747887,-0.673915,-0.639087,-0.655444,-0.718202,-0.804429,-0.892504,-0.96775,-1.03956,-1.11942,-1.21874,-1.33897,-1.46591,-1.57338,-1.64563,-1.6785,-1.64784,-1.54588,-1.38816,-1.20162,-1.03885,-0.936897,-0.887516,-0.873155,-0.888052,-0.936248,-1.0126,-1.09091,-1.21905,-1.40926,-1.71536,-2.09284,-2.44955,-2.74443,-2.92354,-2.93988,-2.70993,-2.40589,-2.33719,-2.53746
3.12466,3.00081,2.87959,2.75935,2.63734,2.50416,2.3543,2.18901,2.00599,1.81091,1.61953,1.44324,1.2699,1.07678,0.881651,0.706521,0.567489,0.437569,0.284609,0.10865,-0.0630448,-0.19823,-0.295415,-0.347719,-0.351323,-0.314632,-0.274239,-0.26547,-0.304228,-0.387377,-0.492003,-0.59627,-0.678116,-0.740018,-0.784685,-0.830974,-0.893915,-0.984352,-1.09626,-1.21075,-1.31328,-1.371,-1.35337,-1.26222,-1.10375,-0.92494,-0.771783,-0.661774,-0.613787,-0.642887,-0.721715,-0.814275,-0.879953,-0.976838,-1.1271,-1.37065,-1.70708,-2.06173,-2.36852,-2.62591,-2.79704,-2.8128,-2.55151,-2.23651,-2.22123
3.20616,3.10987,3.01125,2.91938,2.82763,2.72687,2.59667,2.43421,2.24836,2.05471,1.86845,1.70062,1.55499,1.41439,1.29026,1.1953,1.118,1.05107,0.983078,0.882423,0.719499,0.512816,0.311202,0.152486,0.0437081,-0.0363911,-0.0997326,-0.164139,-0.243454,-0.338705,-0.441235,-0.531712,-0.603643,-0.641614,-0.64535,-0.618164,-0.578026,-0.554005,-0.57726,-0.649748,-0.745525,-0.850591,-0.938609,-0.97512,-0.943371,-0.849268,-0.718624,-0.586668,-0.498375,-0.504462,-0.580086,-0.665788,-0.710843,-0.735483,-0.844699,-1.00275,-1.24637,-1.52946,-1.82809,-2.13533,-2.41009,-2.63599,-2.68321,-2.41796,-2.10641
3.43241,3.34584,3.23265,3.10784,2.98299,2.84841,2.69357,2.52006,2.33861,2.15892,1.98274,1.82395,1.6959,1.61179,1.55278,1.50834,1.46477,1.42015,1.39023,1.33933,1.20055,0.972962,0.732899,0.524826,0.345662,0.185479,0.0465379,-0.0733575,-0.173082,-0.254267,-0.32576,-0.383703,-0.427547,-0.451868,-0.450352,-0.422321,-0.369458,-0.299113,-0.241169,-0.228992,-0.266412,-0.350384,-0.467622,-0.591017,-0.689438,-0.725969,-0.686487,-0.589353,-0.497999,-0.470079,-0.499068,-0.539458,-0.54274,-0.511431,-0.555183,-0.662898,-0.803527,-0.97628,-1.21015,-1.52331,-1.86671,-2.19705,-2.51604,-2.6262,-2.3447
3.53163,3.45395,3.32495,3.16939,3.01074,2.85276,2.70002,2.54819,2.40909,2.27136,2.14142,2.02489,1.92638,1.86153,1.80351,1.73291,1.65172,1.57195,1.50459,1.43502,1.31274,1.12429,0.902364,0.698853,0.52747,0.385413,0.263252,0.168867,0.10519,0.0744618,0.0715427,0.0736113,0.0676794,0.0477843,0.00807474,-0.0535411,-0.114749,-0.148125,-0.136217,-0.102055,-0.0910766,-0.124687,-0.19574,-0.296593,-0.414218,-0.511139,-0.543251,-0.504288,-0.437763,-0.389993,-0.372786,-0.370433,-0.349648,-0.321828,-0.326144,-0.418081,-0.519837,-0.620148,-0.750799,-0.966838,-1.28823,-1.65721,-2.05347,-2.45173,-2.58724
3.13229,3.09006,3.00256,2.89236,2.77814,2.69404,2.63628,2.59256,2.55178,2.49166,2.42028,2.34614,2.26569,2.18882,2.11287,2.01093,1.88627,1.74889,1.61606,1.48915,1.35865,1.20382,1.0234,0.846118,0.699249,0.586421,0.497582,0.443821,0.427356,0.448778,0.50473,0.56935,0.616295,0.624456,0.56938,0.440497,0.259048,0.0759323,-0.0449008,-0.0893296,-0.0914473,-0.084667,-0.0922615,-0.117431,-0.178006,-0.258402,-0.310629,-0.300171,-0.251836,-0.216397,-0.193893,-0.170597,-0.155701,-0.169114,-0.222883,-0.317454,-0.425544,-0.517802,-0.585437,-0.674087,-0.856196,-1.16649,-1.53182,-1.93245,-2.35235
2.76939,2.81384,2.81538,2.78154,2.73805,2.70441,2.67753,2.66919,2.66626,2.67666,2.67587,2.65714,2.61241,2.5498,2.48524,2.37322,2.23401,2.06877,1.90523,1.75558,1.61795,1.46339,1.27624,1.07033,0.874923,0.725512,0.637164,0.597812,0.606865,0.655069,0.728209,0.811984,0.888801,0.937089,0.933814,0.853585,0.67781,0.44282,0.213833,0.0603929,0.0043443,0.0250909,0.0732645,0.0920776,0.0577229,-0.020798,-0.0949674,-0.105226,-0.0696004,-0.0549778,-0.0511892,-0.023972,-0.00919081,-0.0570405,-0.180122,-0.314124,-0.434666,-0.523043,-0.570678,-0.593286,-0.64421,-0.805711,-1.07591,-1.38937,-1.76554
2.75134,2.83448,2.87422,2.87732,2.86672,2.85302,2.84525,2.833,2.82003,2.82132,2.83333,2.83469,2.84066,2.82761,2.78129,2.6652,2.5061,2.34924,2.20758,2.09041,1.96916,1.79737,1.54514,1.24547,0.976485,0.789272,0.690807,0.66154,0.6796,0.72241,0.776223,0.832173,0.884104,0.927534,0.96468,0.980237,0.935989,0.793264,0.567742,0.353558,0.245174,0.256634,0.311696,0.32384,0.273809,0.17797,0.0835,0.0239195,0.000412443,-0.0233714,-0.0231265,0.0117914,0.0423768,0.00216213,-0.134927,-0.305441,-0.44825,-0.527467,-0.549794,-0.543431,-0.534335,-0.572403,-0.70442,-0.929036,-1.20015
2.6858,2.65829,2.63415,2.61981,2.62894,2.67114,2.74632,2.82798,2.90575,2.95937,2.98245,2.96982,2.93299,2.84062,2.71504,2.60697,2.50695,2.40895,2.30619,2.21891,2.12668,1.97523,1.73066,1.43038,1.15707,0.957883,0.841187,0.777104,0.743405,0.728544,0.725054,0.729757,0.739724,0.757589,0.791517,0.843457,0.894121,0.887112,0.779386,0.614651,0.493542,0.439542,0.423617,0.40492,0.355881,0.278804,0.190346,0.0961423,0.00826104,-0.0474415,-0.0485358,-0.00348995,0.0477366,0.0389616,-0.0745544,-0.252259,-0.42868,-0.535818,-0.558456,-0.521048,-0.468882,-0.437032,-0.464571,-0.590114,-0.805674
2.40218,2.32202,2.27898,2.27561,2.30572,2.38324,2.4932,2.62043,2.7531,2.8863,2.98301,2.99479,2.88118,2.7067,2.57693,2.54039,2.5213,2.45136,2.33698,2.22179,2.11705,2.00667,1.85207,1.65065,1.43083,1.2481,1.10953,0.996981,0.899922,0.816452,0.75054,0.707893,0.695977,0.712246,0.733523,0.749968,0.757046,0.759896,0.740491,0.66787,0.547168,0.421458,0.337521,0.310934,0.293115,0.250977,0.184261,0.0988693,0.00571113,-0.0479338,-0.0476345,-0.00144834,0.054392,0.0695414,0.00386358,-0.146628,-0.335203,-0.490135,-0.573223,-0.563029,-0.507105,-0.44364,-0.414563,-0.449262,-0.593531
2.08005,2.16521,2.25985,2.32765,2.38008,2.44702,2.51936,2.59687,2.66398,2.71231,2.74405,2.74116,2.7224,2.73681,2.78467,2.80845,2.76458,2.66395,2.52682,2.37132,2.21848,2.06299,1.89026,1.70542,1.53693,1.40413,1.29071,1.20831,1.139,1.06975,0.990532,0.91324,0.87422,0.863646,0.84175,0.786797,0.703953,0.62833,0.585673,0.527079,0.414873,0.305937,0.240311,0.216911,0.205219,0.185294,0.157637,0.107795,0.038796,-0.0110987,-0.0238969,0.00717901,0.0650371,0.12166,0.118073,0.0103031,-0.176113,-0.387243,-0.553632,-0.642451,-0.643563,-0.598328,-0.529089,-0.479277,-0.523711
1.95043,2.25851,2.52618,2.71353,2.8321,2.87933,2.8745,2.83693,2.77401,2.67057,2.5572,2.49412,2.55484,2.7213,2.86216,2.91452,2.89273,2.82809,2.7319,2.59593,2.43019,2.23197,2.01635,1.81117,1.63407,1.49233,1.40774,1.3795,1.37871,1.3782,1.34479,1.27318,1.18984,1.09281,0.964244,0.802576,0.645752,0.524942,0.441158,0.383168,0.331603,0.286518,0.256263,0.230404,0.215188,0.21475,0.228968,0.20395,0.126151,0.0422999,-0.00239567,0.000833201,0.0554789,0.134311,0.162814,0.0836149,-0.0985683,-0.337546,-0.553758,-0.692348,-0.730113,-0.691712,-0.600242,-0.500005,-0.460692
1.91133,2.2498,2.58279,2.87421,3.07011,3.12457,3.07141,2.9545,2.82639,2.72527,2.65204,2.60092,2.5645,2.56346,2.56977,2.59238,2.61342,2.61469,2.57408,2.48676,2.36455,2.21874,2.05305,1.8664,1.68094,1.53883,1.47381,1.47472,1.50612,1.52585,1.52905,1.49646,1.40445,1.21986,0.965333,0.697874,0.482647,0.357823,0.30802,0.308456,0.330283,0.338626,0.338347,0.341342,0.360815,0.401499,0.424763,0.366366,0.232632,0.0958403,0.0230783,0.00295957,0.0141611,0.015432,-0.0079973,-0.0747844,-0.18423,-0.325394,-0.469665,-0.550637,-0.551256,-0.487802,-0.40316,-0.314066,-0.236027
1.97065,2.11697,2.33435,2.57873,2.78527,2.91613,2.96704,2.94831,2.8924,2.86536,2.88268,2.88629,2.79785,2.59882,2.3764,2.19952,2.08602,2.02343,1.95242,1.84835,1.72171,1.60071,1.48249,1.36618,1.27533,1.22341,1.21341,1.22246,1.2455,1.2511,1.23963,1.20668,1.10043,0.90037,0.64226,0.400312,0.219793,0.135849,0.138505,0.198925,0.296806,0.393472,0.472564,0.535085,0.604499,0.672728,0.662466,0.545047,0.367447,0.207255,0.114752,0.061894,-0.00799121,-0.114763,-0.201965,-0.223114,-0.197269,-0.161895,-0.135467,-0.101761,-0.0444592,0.00936269,0.0470616,0.0981089,0.179956
