uploads/wind/20200723/wind_field_06.json
{"header": {"parameterUnit": "m.s-1", "parameterNumber": 2, "dx": 0.051, "dy": 0.036, "parameterNumberName": "eastward_wind", "la1": 45.3082, "parameterCategory": 2,"nx": 177, "ny": 123, "refTime": "2018-09-30 00:00:00", "lo1":1.38177}, "data":
[rows 84 to 111 of 123, columns 0 to 62 of 177]
4.8858,4.15608,3.5895,3.02012,1.96355,1.14793,0.549826,0.0885409,-0.406814,-0.492558,-0.143493,0.194534,0.410176,0.635974,-1.33466,-2.7858,-2.62493,-1.68001,-1.63788,-1.70465,-1.72266,-1.2954,-0.503877,-0.157579,-0.643086,-0.675215,-0.0611332,0.857619,0.926677,-0.0192159,0.391244,1.33442,2.11664,2.73486,2.7683,1.85352,1.00761,1.69503,3.4091,3.62157,2.24097,0.72503,-0.549739,-0.710923,-0.0935611,1.20044,1.95292,0.591116,-0.275529,-0.552765,-0.638015,-0.201305,-0.0159832,-0.0129484,-0.228983,-0.678543,-0.855847,-0.682127,-0.144963,-0.0613056,0.00728967,-0.0578817,-0.366203
4.59208,3.88228,3.59451,2.49581,1.93386,1.23437,0.242452,-0.100091,-0.420636,-0.467451,-0.158418,0.348822,0.533542,0.819724,-0.347148,-2.73139,-2.98603,-2.36895,-2.25328,-1.43511,-0.915307,-0.699017,-0.233695,-0.179254,-0.583205,-0.138739,0.531142,0.973683,0.324203,-0.543631,-0.122515,0.641506,1.34361,2.36722,3.04542,1.69071,-0.40193,0.64896,2.19863,2.28532,2.03369,1.65047,0.969745,-0.0093441,-0.542975,1.30119,2.34435,0.415973,-0.509598,-0.412986,-0.30827,-0.242057,-0.108231,0.0130576,-0.553637,-0.799252,-0.221897,0.102939,0.0677498,-0.0825148,-0.0547296,-0.00724158,-0.506056
4.69787,3.95916,3.1156,1.90417,1.00091,0.763395,0.225073,-0.180612,-0.309248,-0.381923,-0.0962431,0.495096,0.288473,0.14963,-0.385614,-2.40581,-2.48801,-2.25306,-1.64526,-1.39824,-1.12512,-0.699234,-0.345234,0.49846,1.02805,0.485864,0.429104,0.727034,-0.152048,-0.498598,0.0124759,0.519663,0.888515,1.9996,2.70191,2.28293,1.75896,1.14293,1.3643,1.30653,1.8644,2.54201,2.24337,0.647606,-0.0211184,1.6153,1.98422,0.230699,-0.379118,-0.171091,-0.160849,-0.492853,-0.345295,0.0458709,-0.442358,-0.252596,0.380937,0.360296,0.0515612,-0.0878962,0.040162,-0.0233842,-0.420619
4.64477,3.83458,2.82903,1.46426,0.684757,0.862708,1.26454,0.356152,0.0243561,-0.0112466,-0.0802708,0.398843,0.337949,0.250777,-0.39564,-1.74863,-2.46907,-2.08444,-1.48618,-1.47675,-1.55861,-1.16661,-0.624022,0.124675,1.23276,1.67827,1.73535,1.41182,0.688832,-0.608254,-0.468681,-0.133173,0.479693,2.0346,2.33377,2.19637,2.84138,1.62586,0.813514,0.673126,1.31303,2.68876,2.99301,2.05882,1.34542,1.64391,0.788643,-0.312301,-0.0263928,0.264289,0.0128321,-0.483891,-0.618211,-0.508869,-0.427844,0.081756,0.0923159,-0.159944,-0.0771298,-0.106314,-0.266142,-0.424029,-0.194313
4.7532,3.76314,2.51926,1.36186,0.960995,1.01504,1.49615,1.02713,-0.180912,-0.324371,-0.325665,-0.18587,0.234061,0.491407,-0.106163,-1.89736,-2.21606,-1.39104,-1.69794,-2.00997,-1.40011,-1.14218,-0.786465,-0.260941,0.568434,1.59552,2.3977,3.07733,2.80316,0.285811,-0.554197,-0.402875,0.175174,1.92289,1.70654,1.46487,2.44923,1.51445,0.454144,0.54273,0.726167,2.49165,3.69585,3.56817,2.54893,1.06733,-0.273316,-0.444855,0.440446,1.01178,-0.139284,-0.679092,-0.307621,-0.395151,-0.195823,-0.0893615,-0.214608,-0.178841,-0.20088,-0.283032,-0.327472,-0.266195,0.115324
4.76564,3.67115,1.92881,1.15369,0.895762,1.46215,1.01116,-0.119701,-0.54466,-0.191723,-0.248865,-0.682148,-0.975626,-0.284334,-0.837815,-2.78871,-1.9817,-1.09235,-1.44479,-1.04326,-1.06671,-1.07012,-0.868713,-0.274451,0.689465,1.42862,2.34131,3.09242,3.58559,1.99785,0.0165286,-0.708059,-0.573399,0.190338,0.887414,1.46816,2.23964,2.04393,0.783635,0.447355,0.812514,2.59103,4.07443,4.16546,3.83947,1.83534,-0.106846,-0.559158,0.463538,0.902423,-0.289954,-0.397493,-0.146296,-0.410768,-0.225448,-0.349287,-0.316474,-0.0894557,-0.681629,-0.740641,-0.526747,-0.329876,-0.294269
3.95084,3.03537,1.73587,1.22173,1.14901,0.894233,0.0912633,-0.3028,-0.333983,0.0159683,-0.0228487,-0.683691,-1.75361,-2.3477,-2.2736,-2.53124,-1.76848,-2.04908,-2.28112,-1.19719,-0.738295,-0.996167,-0.231373,0.816478,1.66205,1.39609,0.958429,2.02542,3.27336,2.43037,0.996104,0.169491,-0.548849,-0.117151,0.946033,1.32805,0.913679,0.730194,0.918361,1.07757,1.47677,2.59917,3.28478,3.90525,3.6739,2.35833,0.156371,-0.736598,0.236066,0.497757,0.171212,0.034137,-0.290497,-0.695645,-0.125601,0.281735,0.0826467,-0.37734,-0.941801,-0.929627,-0.8452,-0.730544,-0.235064
3.66918,2.76462,1.42952,0.838665,0.833165,0.78546,0.389215,-0.237367,-0.541776,-0.0429035,0.0559216,-0.525037,-1.7151,-2.57665,-2.89786,-2.11857,-1.47621,-2.2947,-1.757,-0.738276,-0.539777,-0.245775,0.617877,1.29004,1.09953,0.593541,1.09096,1.96519,2.39717,2.4762,2.30001,1.3824,1.4633,1.30366,1.93841,2.10594,0.997984,0.955051,1.39683,1.97057,3.00739,1.9438,2.07432,2.05742,2.39919,2.93838,1.97818,-0.174175,-0.491954,0.347489,0.218258,-0.364004,-0.529106,-0.468624,-0.395164,-0.10253,0.0928585,-0.354056,-0.627603,-1.20564,-1.38868,-0.582123,0.166429
3.58262,2.75843,1.11097,0.544005,0.553578,0.284265,-0.0120737,-0.354226,-0.496119,-0.212001,-0.100403,-0.708297,-1.72296,-2.85727,-2.83557,-1.70773,-1.82926,-1.39086,-1.00894,-0.290849,0.517851,1.25388,1.03968,0.308687,0.261011,0.168194,0.232968,0.825134,2.01295,2.65116,2.42464,1.77855,1.38468,2.20945,2.73139,1.93768,0.415433,0.811851,2.09727,2.02023,2.7949,2.92533,1.73628,0.780507,1.64924,3.3588,2.65854,0.294756,-0.217022,-0.375631,-0.616078,-0.523751,-0.479717,-0.101132,-0.702081,-0.79292,-0.336532,-0.272662,-0.905681,-1.54272,-1.67844,-0.901115,-0.189393
3.12193,2.10012,0.533076,0.0718889,-0.0447036,-0.116394,-0.21383,-0.30989,-0.094486,0.271323,0.06676,-0.770425,-1.27738,-1.81202,-2.07028,-1.84668,-1.1713,-0.868508,-0.194732,1.80746,2.46565,0.925149,0.0651062,-0.28031,-0.756238,-0.273948,0.716415,1.95333,2.01223,1.48785,0.399515,0.293934,0.532062,2.05209,2.56507,0.833399,-0.327537,0.79774,1.93591,2.07551,2.80854,2.03836,2.17365,1.91734,1.39007,2.51318,2.89651,1.47297,0.687303,-0.120771,-0.74935,-0.795107,-0.960952,-0.604808,-0.466611,-0.414855,-0.164791,-0.301412,-1.18563,-1.73639,-1.19341,-0.746744,0.117088
2.0468,1.15508,0.244227,-0.0700648,-0.251168,-0.210093,-0.260912,-0.297331,-0.026411,0.613497,1.23141,0.666602,-0.148348,-0.336143,-0.784809,-0.550353,-0.363515,0.388537,1.35351,1.67285,-0.548409,-1.99395,-1.25779,-0.869755,-0.651398,0.374799,1.0329,0.790417,1.10698,0.852049,0.63711,1.06794,0.937116,1.92508,2.48987,1.02356,1.15168,1.15224,1.71935,2.68266,2.07726,2.3104,1.58768,0.76918,0.422016,1.15869,2.54097,2.75698,2.11963,0.856799,-0.269039,-0.554003,-0.973799,-0.978535,-0.272079,-0.21783,-0.272925,0.397244,-0.361808,-1.65796,-1.34139,-0.492462,0.230979
1.10335,0.484701,0.144308,-0.21169,-0.462683,-0.410922,-0.131832,-0.146421,0.0239893,0.399676,1.82964,1.90233,2.16554,1.66134,0.835818,-0.0898102,-0.141042,0.43567,0.30617,-1.35018,-2.63417,-3.13314,-2.67748,-1.20191,-1.17708,-0.384865,0.424532,0.551157,0.374658,1.03799,2.15252,1.90994,2.54083,2.47663,0.681317,0.252552,1.64106,2.26913,2.14259,1.92518,1.55866,0.997913,0.562514,0.423732,0.461152,1.15456,2.12003,3.15281,2.57263,1.17778,0.0687284,-0.75523,-1.93211,-1.42806,-0.644485,-0.0678394,-0.0188957,0.419966,0.533834,-1.00085,-1.1223,-0.479904,-0.0794937
0.587284,0.186427,-0.0769476,-0.197688,-0.308321,-0.393182,0.00765673,0.242701,0.0489271,0.436242,1.52571,2.19642,2.24302,3.00323,2.30594,0.606398,-0.928412,-1.55764,-1.9878,-3.0462,-3.37582,-2.99726,-2.99634,-1.66741,-1.06115,-0.831838,-0.331661,0.128899,0.485986,1.50805,2.44838,2.0595,0.970053,0.312554,-0.054407,0.174579,1.03826,1.59513,1.22218,1.46266,1.38408,0.568669,0.134141,0.486106,1.32797,2.52898,3.14663,2.54376,2.35625,1.44366,0.0615224,-0.794552,-0.977333,-0.8733,-0.696076,-0.243634,0.0821589,0.318184,0.542481,-0.0325383,-0.922143,-0.950851,-0.280356
-0.146876,-0.274934,-0.162768,-0.223997,-0.379058,-0.145006,0.462325,0.739001,0.293726,0.252783,1.31538,1.86152,1.67019,1.82872,1.96958,0.891037,-1.13146,-2.97777,-3.45632,-3.94216,-4.4858,-4.43688,-3.53706,-2.05476,-0.963479,-0.184211,0.227316,0.725866,0.902854,0.408522,0.391278,0.774836,0.828299,0.347145,0.0820793,0.144556,0.386866,0.591022,0.868868,1.076,1.0096,0.431376,0.385544,1.401,2.50553,3.60804,3.41168,1.78723,1.24082,1.91059,1.36452,-0.122268,-0.742699,-0.737179,-0.414241,0.00648073,-0.253401,-0.220708,-0.176391,-0.68937,-0.799392,-0.988388,0.0606215
-0.985111,-0.759616,-0.391295,-0.242397,-0.402685,-0.149321,0.519199,0.870589,0.655166,0.524877,0.653773,1.15229,1.2938,1.25898,1.44275,-0.0278054,-1.49425,-3.86016,-4.41424,-4.97631,-5.15639,-4.31752,-2.60698,-1.35923,-0.503259,-0.0338736,0.0199197,-0.0241994,0.0614485,0.479057,1.11134,1.98289,1.8995,2.00815,0.601265,0.0924689,-0.114678,0.786692,1.71427,1.55674,0.679694,0.204925,0.537636,1.2545,1.94069,3.60668,4.3464,3.0765,2.25651,1.91057,1.75229,1.36575,0.16307,-0.694373,-0.432791,-0.121104,-0.73136,-0.652851,-0.183574,-0.837945,-1.039,-1.43532,-0.33005
-2.39742,-0.97846,-0.654844,-0.708629,-0.329642,0.157434,0.511625,0.732943,0.44968,-0.101896,0.156922,0.815239,0.658338,0.879055,-0.154282,-1.1751,-1.71381,-2.71287,-3.88995,-3.88419,-4.65371,-2.87927,-2.27782,-1.09429,-0.833358,-0.401801,-0.0117687,-0.131382,0.271377,1.29385,1.04415,1.78685,3.12994,3.69222,1.96649,0.366616,0.0774211,0.938165,1.16871,0.559991,0.383371,0.145268,0.501835,0.82205,1.21785,3.11845,4.03935,3.0682,1.94629,1.04252,1.22869,1.71347,0.625911,-0.33049,-0.0661979,0.222348,-0.794697,-1.02184,-0.726252,-1.18353,-1.47336,-2.01094,-0.735751
-3.22817,-1.46499,-0.850088,-0.565961,-0.376632,-0.293883,0.0171207,0.198614,0.0519417,-0.158071,-0.0950264,0.120513,0.20834,-0.299564,-1.03608,0.112729,0.645879,-0.948704,-3.65923,-3.98156,-3.93935,-3.08728,-1.54559,-0.9771,-0.577799,0.02548,0.209857,-0.110006,0.0910969,1.10996,1.66975,2.1056,3.54929,3.99655,2.6015,0.94779,-0.0828301,0.0448345,-0.116089,-0.331584,-0.270928,0.153459,1.45134,3.02103,3.32787,3.13895,3.98609,2.9171,1.39058,0.623417,0.448172,1.4221,1.81432,0.812852,0.696559,0.615831,-0.833228,-1.35643,-0.271852,-0.0450213,-0.683857,-1.19969,-0.440787
-2.61521,-1.70723,-1.06751,-0.844563,-0.676236,-0.520877,-0.293231,0.101371,0.0051986,-0.578468,-0.896139,-0.291446,0.646744,0.39503,-0.387076,0.727273,0.0654023,-1.84008,-2.78273,-2.98665,-3.14413,-2.51423,-2.19556,-1.19024,-0.21441,0.35906,0.34251,-0.251601,0.0592537,0.572343,2.03951,3.42159,3.84631,3.35974,3.48558,1.59906,-0.227169,-0.670512,-0.482227,-0.564918,-0.551922,0.0404384,1.75303,3.94929,4.0204,3.43028,3.67578,1.98935,0.404738,0.0841021,0.336568,1.6917,2.5406,2.28328,1.42291,-0.186342,-1.80827,-1.43228,0.16914,0.212953,0.0255027,0.0432598,0.32341
-3.7525,-3.04678,-1.31729,-1.22026,-0.950865,-0.700199,-0.594662,-0.504276,-0.40029,-0.324509,-0.878364,-0.355324,0.296634,0.463634,0.292651,-0.248585,-1.05456,-1.75992,-2.4616,-2.5722,-2.62169,-2.20351,-1.89531,-1.32239,-0.0979335,0.489483,0.449165,-0.0602033,0.4236,1.83802,3.1561,4.01701,3.25945,3.3023,3.88931,1.8952,-0.756109,-0.694291,-0.531203,-0.625759,-0.721157,0.891269,3.38805,4.77879,3.85154,3.08109,1.66284,-0.0972144,-0.513269,-0.130497,1.22905,2.88426,3.1102,2.50669,1.08165,-0.640847,-1.24049,-0.663744,-0.227017,-0.30793,1.57842,2.23084,1.01732
-3.56293,-2.9906,-1.43111,-1.06173,-0.981079,-0.889598,-0.919755,-0.829816,-0.957786,-1.1207,-0.76634,0.0331648,0.200001,0.355558,0.775405,0.420593,-2.04962,-2.71828,-3.12546,-3.27728,-3.33249,-1.67882,-0.891713,-1.18592,-0.0915949,0.721026,0.178032,0.114504,0.895002,2.37739,3.94064,3.93979,2.73063,3.25242,3.70027,0.311273,-1.22559,-0.0878853,-0.461444,-0.486322,-0.333976,1.35463,3.94633,4.99493,3.39398,0.728993,-0.278846,-0.108236,-0.453942,-0.496336,1.65744,3.53761,2.96359,2.10736,1.26195,-0.277825,-0.692873,-0.249253,-0.918028,0.395581,2.69205,1.11125,-0.782039
-4.09801,-3.52176,-1.49035,-1.329,-1.13116,-1.09941,-1.167,-1.02971,-1.36691,-1.45632,-0.916107,-0.32347,0.216508,0.389153,0.280727,-0.103235,-1.65002,-2.55604,-2.85936,-2.64341,-2.48618,-1.87711,-0.722493,-0.570628,-0.157748,0.460913,-0.137512,0.344049,1.93653,3.37837,4.4209,3.20756,1.32118,3.11541,3.26991,-0.510051,-0.934787,0.354974,-0.220472,-0.641368,0.215592,2.08464,4.66099,5.36097,2.3237,-0.661056,0.140722,-0.320916,-0.832211,0.131988,2.88961,3.58611,1.90191,1.77568,1.72749,0.683675,0.512006,0.659032,0.557512,2.28781,1.99728,-0.831773,-1.95773
-2.94517,-2.46133,-1.73071,-1.82739,-1.37255,-1.20189,-1.44599,-1.46943,-1.56003,-1.60559,-1.03365,-0.672754,0.00672193,0.183412,0.190507,-0.376837,-1.44322,-2.15019,-2.56561,-1.22856,-1.16593,-1.40241,-0.666473,-0.423229,-0.29454,0.363702,0.29404,0.917708,2.37132,3.81002,3.95343,3.31154,1.99101,3.3562,2.52886,-0.823996,-0.790671,0.128466,0.0642854,-0.221675,0.571259,3.33095,5.73596,3.52699,-0.110395,-0.309839,0.427409,-0.670602,-0.423514,0.941584,2.77255,1.90828,-0.277628,0.544404,1.72816,1.65692,1.6551,1.81646,2.59845,1.98944,-0.400285,-0.814284,-1.33275
-3.29835,-2.81328,-1.6879,-1.74217,-1.4777,-1.36055,-1.84238,-1.96957,-1.67234,-1.26115,-0.882666,-0.649735,-0.893415,-0.417798,0.265853,0.122707,-0.550386,-1.29221,-1.46765,-1.16659,-1.21209,-1.7139,-1.66176,-1.00285,-0.32943,0.181676,0.162466,1.59935,3.20098,4.30898,4.3402,3.57274,1.81135,0.951419,-0.418739,-0.729352,-0.256051,-0.18094,-0.05537,0.217739,1.23616,4.82924,5.22535,0.209297,-0.495642,0.532618,-0.147142,-0.207515,0.484876,1.86801,1.08139,-0.504283,-0.780659,0.0734475,1.73314,3.26992,3.23378,1.60283,1.70261,0.521716,-1.29574,-0.352167,-0.402914
-2.40351,-2.20865,-1.79416,-1.63783,-1.76831,-1.98528,-2.19315,-2.17959,-1.65905,-0.873453,-0.369392,-0.811433,-1.31519,-0.996277,-0.301088,-0.013466,-0.326657,-0.539626,-0.234634,-0.787907,-1.78955,-1.73341,-1.4905,-1.1557,-1.02999,-0.503404,0.800487,2.4049,3.65383,4.27015,3.88542,1.5945,-0.404016,-0.873347,-0.771808,-0.392983,-0.097061,-0.404496,-0.548445,0.243509,2.58563,5.82652,3.16471,-0.874239,-0.138248,-0.328583,-0.498736,0.620287,1.99315,1.0715,-0.912892,-1.2663,-1.17,0.260275,2.77664,3.72242,2.3736,0.375394,0.455317,0.332501,-1.05535,-1.77071,-1.77119
-2.3574,-2.11662,-1.49678,-1.54749,-1.09828,-1.73366,-1.88562,-1.47947,-0.804303,-0.131028,-0.240054,-0.673368,-1.31753,-1.48911,-0.719441,-0.177403,-0.218717,0.409887,0.662105,-1.03375,-2.43075,-2.44602,-1.53634,-1.4139,-0.964131,-0.46787,0.66029,2.27339,3.99436,4.73633,3.16508,-0.397383,-1.38041,-0.894123,-0.357391,-0.0448301,0.19381,-0.371663,-0.9081,0.526867,3.87489,5.32376,1.86111,-0.366592,-0.384615,-1.69238,-0.251679,2.53936,2.3994,-0.297189,-1.31718,-1.46465,-1.38401,0.0661751,3.06456,3.74612,1.33228,-0.350591,-0.00644866,-0.700704,-1.68015,-2.21078,-1.14064
-2.20095,-1.87788,-1.71017,-1.21817,-1.23731,-1.24173,-1.34541,-0.683047,-0.25009,-0.444624,-0.695746,-0.596979,-1.00308,-1.25206,-0.659661,0.0781157,0.403411,0.414369,-0.580634,-1.81286,-2.79972,-2.66058,-1.52305,-0.909214,-0.0502836,0.868177,2.6966,2.95386,3.92311,4.41336,0.715642,-0.850758,-0.0972847,-0.424099,-0.000434268,0.189913,-0.085535,-0.643859,-0.526309,1.8734,4.92954,4.44711,0.781744,-0.435264,-0.273807,-1.62037,0.978623,3.42344,1.48957,-0.6797,-1.03103,-0.975437,-1.14815,-0.079171,2.96735,4.09152,1.9206,0.117677,-0.57482,-1.01237,-1.15162,-1.54867,-1.29343
-2.43148,-1.54744,-1.45616,-1.30302,-0.812726,-0.595603,-0.630496,-0.41679,-0.715257,-1.12276,-0.730624,-0.390814,-0.415018,-0.83486,-0.63061,-0.525724,-0.354457,-1.15306,-2.99061,-3.18554,-3.22573,-1.72437,-1.5043,-0.804137,0.160031,1.75505,3.30936,3.74569,4.57991,5.48451,3.46303,-0.391991,-0.223742,-0.157457,0.246914,0.436065,-0.0706261,-0.813514,0.800641,4.00809,5.52031,3.94359,0.948221,-0.908017,-0.326561,-0.549653,2.20767,2.67154,0.672238,0.250626,-0.0336938,-0.980852,-0.97395,0.00991873,2.35031,4.27453,2.56398,0.323136,-0.239283,-0.227373,-0.675325,-0.235011,-0.177637
-2.32185,-2.02653,-1.51339,-1.02634,-0.452942,-0.318576,-0.646718,-0.969547,-1.45352,-1.45488,-0.438337,0.496464,0.0137795,-0.708621,-1.18341,-1.42831,-1.58322,-2.69461,-3.07088,-2.98615,-2.73312,-2.20631,-1.42688,-1.00455,-0.436511,1.13927,3.17368,3.92822,4.34944,5.27058,3.03903,0.109058,-0.724446,-0.30772,0.25245,0.703511,-0.0861627,0.0304931,2.55254,4.88925,5.95385,2.61199,-0.673014,-1.5469,-0.915764,0.893794,2.99479,1.8709,0.199304,0.184429,0.54655,-0.246291,-1.1229,-0.400242,2.39055,3.70203,2.45393,0.312293,0.427567,1.06498,-0.0207839,-0.343859,0.383415
