uploads/wind/20200723/wind_field_12.json
{"header": {"parameterUnit": "m.s-1", "parameterNumber": 3, "dx":  0.051, "dy": 0.036, "parameterNumberName": "northward_wind", "la1": 45.3082, "parameterCategory": 2,"nx": 177, "ny": 123, "refTime": "2018-10-03 01:00:00", "lo1":1.38177}, "data":
[rows 29 to 57 of 123, columns 65 to 129 of 177]
1.69166,1.42044,1.15422,0.937793,0.731577,0.48068,0.265428,0.113169,-0.0758875,-0.290523,-0.407159,-0.41083,-0.355965,-0.276363,-0.229562,-0.223347,-0.24929,-0.326339,-0.447984,-0.572921,-0.669641,-0.713953,-0.696204,-0.616696,-0.522223,-0.462188,-0.472218,-0.528238,-0.564276,-0.503658,-0.346503,-0.166271,-0.0205805,0.0808318,0.168518,0.25928,0.346883,0.428232,0.501288,0.566696,0.6114,0.630636,0.629875,0.615519,0.597338,0.571754,0.53374,0.465148,0.338725,0.153338,-0.0621302,-0.267612,-0.45631,-0.669133,-0.92476,-1.14155,-1.26657,-1.32569,-1.39812,-1.51679,-1.70383,-1.91816,-2.06681,-2.15068,-2.18961
1.73364,1.42657,1.1196,0.886862,0.688028,0.488519,0.318506,0.164706,-0.0151464,-0.175249,-0.229056,-0.223182,-0.220752,-0.264318,-0.364458,-0.480384,-0.601677,-0.720634,-0.795334,-0.823118,-0.837521,-0.834066,-0.787478,-0.699926,-0.618774,-0.589811,-0.584419,-0.566312,-0.502564,-0.402056,-0.284249,-0.177799,-0.0980535,-0.0360352,0.0161313,0.0659207,0.106944,0.146436,0.207754,0.304391,0.428823,0.54383,0.621976,0.655082,0.649,0.611962,0.559173,0.497663,0.409667,0.267214,0.0775687,-0.103706,-0.264318,-0.465769,-0.743377,-1.03475,-1.25423,-1.36395,-1.38244,-1.39609,-1.48373,-1.64482,-1.83101,-1.93375,-1.99375
1.55449,1.23755,0.92636,0.717354,0.559109,0.433434,0.338786,0.240836,0.11385,0.0111499,-0.0316096,-0.076013,-0.190284,-0.376988,-0.581002,-0.744443,-0.86931,-0.918779,-0.893901,-0.860058,-0.861346,-0.882167,-0.868342,-0.791633,-0.680707,-0.57616,-0.470038,-0.365411,-0.278122,-0.236026,-0.240891,-0.259021,-0.273352,-0.275385,-0.279532,-0.291557,-0.302338,-0.288512,-0.224348,-0.0997414,0.0790752,0.261207,0.409045,0.493972,0.511605,0.47659,0.418249,0.372037,0.350389,0.297441,0.175975,0.0583424,-0.0294887,-0.18341,-0.452945,-0.796253,-1.12092,-1.34749,-1.42996,-1.39959,-1.36743,-1.41979,-1.56793,-1.73004,-1.81705
1.1865,0.944578,0.661888,0.462755,0.323084,0.197632,0.0905588,-0.0126418,-0.0887928,-0.0833752,-0.0894019,-0.237524,-0.513262,-0.782172,-0.912652,-0.91441,-0.87472,-0.818417,-0.77038,-0.736685,-0.730125,-0.743893,-0.736929,-0.688668,-0.602251,-0.494101,-0.397155,-0.340181,-0.347309,-0.413473,-0.518792,-0.621045,-0.694776,-0.739671,-0.776234,-0.803287,-0.796631,-0.735153,-0.620827,-0.465001,-0.285911,-0.106532,0.0499926,0.16153,0.228034,0.254111,0.236814,0.229147,0.256819,0.255818,0.22072,0.214725,0.182804,0.0252143,-0.227585,-0.51061,-0.808584,-1.07581,-1.24513,-1.28076,-1.23145,-1.19259,-1.24725,-1.39362,-1.52363
0.942501,0.790876,0.539867,0.344448,0.175441,-0.0219801,-0.235505,-0.404013,-0.426396,-0.305551,-0.2637,-0.434502,-0.687351,-0.869868,-0.904821,-0.800809,-0.647273,-0.545273,-0.524643,-0.547097,-0.584561,-0.608228,-0.614845,-0.621445,-0.626371,-0.621486,-0.630274,-0.679999,-0.767716,-0.883137,-1.00544,-1.12223,-1.21854,-1.28648,-1.31258,-1.28535,-1.1907,-1.04044,-0.873731,-0.707126,-0.560514,-0.425395,-0.294999,-0.168386,-0.0459078,0.0506579,0.0988345,0.134739,0.169583,0.169048,0.182576,0.242805,0.261864,0.194966,0.0771464,-0.0968886,-0.323257,-0.56854,-0.777571,-0.893406,-0.91065,-0.878629,-0.874804,-0.950977,-1.0621
0.952229,0.806253,0.63029,0.466083,0.225824,-0.0896302,-0.394418,-0.608269,-0.624717,-0.450661,-0.323389,-0.320432,-0.368609,-0.453044,-0.545609,-0.551629,-0.465241,-0.395706,-0.424599,-0.551546,-0.678436,-0.751599,-0.792707,-0.841325,-0.906752,-0.980091,-1.05474,-1.13051,-1.206,-1.28742,-1.37709,-1.47574,-1.56758,-1.62285,-1.60724,-1.51476,-1.35859,-1.17991,-1.01425,-0.867394,-0.745699,-0.632977,-0.51375,-0.375538,-0.225817,-0.0975293,-0.00791701,0.0551944,0.0727804,0.0752485,0.137254,0.236821,0.294771,0.306516,0.292428,0.234538,0.154722,0.0420835,-0.110108,-0.258656,-0.350289,-0.381552,-0.383656,-0.394414,-0.479897
1.12989,1.01676,0.925175,0.719915,0.369678,-0.0146721,-0.324616,-0.539207,-0.567574,-0.373437,-0.113867,0.0685686,0.121884,0.0340852,-0.124118,-0.263665,-0.357379,-0.455849,-0.615038,-0.816041,-0.978921,-1.07477,-1.12255,-1.15092,-1.18678,-1.23628,-1.2901,-1.33451,-1.37965,-1.44309,-1.52267,-1.60001,-1.65053,-1.64626,-1.57693,-1.45996,-1.3186,-1.17954,-1.04459,-0.912841,-0.789203,-0.676726,-0.565442,-0.442277,-0.326408,-0.246219,-0.190828,-0.124489,-0.0614456,0.0166927,0.0890194,0.193948,0.314149,0.366563,0.386188,0.378369,0.29677,0.169188,0.0557615,-0.00484364,-0.00584249,0.034449,0.074387,0.0624873,-0.0229296
1.38098,1.34692,1.22813,0.911683,0.520411,0.176507,-0.111236,-0.334688,-0.415519,-0.289776,0.0165865,0.270726,0.314253,0.212317,0.0682289,-0.10407,-0.319023,-0.563248,-0.801857,-0.982247,-1.09615,-1.15359,-1.17278,-1.1749,-1.18622,-1.21289,-1.2526,-1.30761,-1.38135,-1.46488,-1.53231,-1.55359,-1.53091,-1.47002,-1.38281,-1.28573,-1.18279,-1.06996,-0.949852,-0.816945,-0.695567,-0.591054,-0.512467,-0.465219,-0.460876,-0.477022,-0.452805,-0.361093,-0.205793,-0.130316,-0.0340724,0.151873,0.237962,0.20893,0.295425,0.449791,0.463965,0.358797,0.2441,0.171694,0.144347,0.164334,0.201655,0.204124,0.144653
1.65649,1.60501,1.3643,1.00509,0.725224,0.514589,0.269999,0.0332465,-0.119938,-0.144722,-0.0105818,0.166166,0.221314,0.138649,-0.0259859,-0.23471,-0.459809,-0.679358,-0.857096,-0.959941,-0.996391,-0.998693,-1.00012,-1.02105,-1.06307,-1.12205,-1.196,-1.28793,-1.38756,-1.45935,-1.47158,-1.42181,-1.33884,-1.25844,-1.18881,-1.11214,-1.0302,-0.916242,-0.791609,-0.674863,-0.568118,-0.495944,-0.48741,-0.544641,-0.625285,-0.697489,-0.697032,-0.621951,-0.483153,-0.38991,-0.207858,0.0131395,0.0503304,0.0022062,0.0931288,0.343852,0.58563,0.701853,0.687755,0.600641,0.513112,0.470369,0.480915,0.533952,0.573807
1.92476,1.77757,1.47148,1.19516,1.05896,0.956972,0.788948,0.593106,0.425776,0.27702,0.147541,0.0743479,0.0465882,-0.0206819,-0.167488,-0.36366,-0.552112,-0.695778,-0.778555,-0.809559,-0.824128,-0.84732,-0.892476,-0.957809,-1.03903,-1.12799,-1.22747,-1.3241,-1.39522,-1.41263,-1.36508,-1.27857,-1.17972,-1.094,-1.03366,-0.95797,-0.87645,-0.780908,-0.663616,-0.567743,-0.491793,-0.489296,-0.524277,-0.635677,-0.806616,-0.932344,-0.938391,-0.85153,-0.743756,-0.622426,-0.466208,-0.309432,-0.17943,-0.0222142,0.192043,0.429588,0.625846,0.735549,0.78078,0.795937,0.794292,0.776205,0.772076,0.817303,0.885095
2.01059,1.85765,1.64074,1.49102,1.40118,1.29873,1.16854,1.03935,0.916666,0.758789,0.528099,0.270824,0.0657851,-0.0758241,-0.187056,-0.289866,-0.384112,-0.452308,-0.490127,-0.527761,-0.594758,-0.686994,-0.789525,-0.89313,-0.996905,-1.10221,-1.20585,-1.28626,-1.32093,-1.29756,-1.22288,-1.12585,-1.03029,-0.942536,-0.873319,-0.828989,-0.707232,-0.722178,-0.689176,-0.601698,-0.674556,-0.732773,-0.773915,-0.856241,-0.967708,-1.04667,-1.04282,-0.970188,-0.886921,-0.831037,-0.772211,-0.654482,-0.434167,-0.116992,0.24718,0.556684,0.745588,0.827422,0.86693,0.877491,0.847769,0.794129,0.768386,0.786096,0.823585
1.72949,1.71219,1.67902,1.63192,1.54649,1.43021,1.31431,1.21698,1.13318,1.02615,0.858928,0.636511,0.406102,0.214496,0.069613,-0.0449641,-0.143996,-0.223446,-0.292353,-0.36181,-0.437775,-0.525117,-0.619414,-0.715073,-0.807517,-0.909228,-1.01416,-1.09521,-1.12417,-1.09015,-1.01754,-0.929721,-0.832324,-0.738904,-0.627227,-0.63466,-0.598776,-0.642145,-0.793462,-0.668843,-0.861425,-0.933712,-0.93872,-1.02509,-1.02801,-0.978625,-0.977504,-0.994847,-0.987249,-0.924778,-0.852352,-0.789362,-0.623532,-0.28129,0.104071,0.409349,0.62027,0.771596,0.874813,0.913769,0.89726,0.863223,0.861508,0.922474,1.0283
1.26456,1.39936,1.52085,1.566,1.53357,1.47144,1.41053,1.3501,1.29062,1.23658,1.16807,1.05168,0.871608,0.64449,0.397724,0.161328,-0.0340163,-0.177159,-0.274365,-0.340168,-0.378283,-0.407529,-0.432371,-0.465475,-0.522416,-0.61438,-0.721488,-0.800512,-0.820733,-0.783891,-0.715478,-0.628047,-0.515025,-0.38292,-0.279099,-0.292481,-0.448274,-0.444494,-0.691837,-0.610605,-0.699826,-0.7524,-0.804037,-0.813261,-0.883685,-0.964346,-0.876233,-0.858545,-0.848174,-0.808511,-0.742356,-0.676532,-0.583481,-0.360455,-0.00261163,0.346001,0.582507,0.735401,0.854323,0.940122,0.975839,0.982947,1.03368,1.18626,1.40682
1.10142,1.26991,1.4118,1.48187,1.50038,1.50488,1.50699,1.47847,1.4018,1.30217,1.20605,1.09886,0.950396,0.774203,0.5864,0.40827,0.253846,0.115016,-0.00483492,-0.101101,-0.167327,-0.201049,-0.213144,-0.232772,-0.287567,-0.367569,-0.4316,-0.453961,-0.428248,-0.369311,-0.280451,-0.148082,-0.0273013,0.0545556,0.0968949,0.101386,-0.160413,-0.156133,-0.338281,-0.411174,-0.546447,-0.437826,-0.58119,-0.517924,-0.53634,-0.800406,-0.694403,-0.665899,-0.621099,-0.519358,-0.439411,-0.352163,-0.19374,-0.176901,0.0262113,0.328002,0.603414,0.784201,0.878435,0.936023,0.990883,1.06106,1.17616,1.38517,1.66763
1.36645,1.41822,1.42915,1.42705,1.43675,1.43812,1.40345,1.29084,1.09725,0.874163,0.685113,0.558946,0.484935,0.446513,0.425232,0.393333,0.346401,0.288623,0.232501,0.193858,0.165248,0.128548,0.0492199,-0.0604414,-0.159163,-0.198521,-0.167266,-0.0794992,0.0331476,0.144932,0.26278,0.355326,0.420378,0.410995,0.386548,0.436199,0.226431,0.168064,0.0632295,-0.0322813,-0.254378,-0.0626374,-0.0871889,-0.0109327,-0.0916574,-0.223867,-0.23253,-0.274591,-0.300046,-0.209234,0.0118169,0.181158,0.450145,0.238955,0.249757,0.418296,0.646771,0.80111,0.892459,1.00057,1.08875,1.14918,1.24077,1.44033,1.71597
1.51492,1.47529,1.39682,1.33006,1.27657,1.19324,1.03642,0.797986,0.53284,0.320593,0.202178,0.166101,0.16945,0.175501,0.160737,0.11987,0.0698679,0.0510922,0.077813,0.134346,0.179892,0.175497,0.116992,0.0430424,0.0145637,0.0614025,0.191461,0.36939,0.52818,0.647117,0.682094,0.682999,0.622165,0.686457,0.657653,0.730492,0.644176,0.498686,0.422086,0.407436,0.368813,0.414059,0.507476,0.650267,0.520615,0.514471,0.465497,0.408346,0.297643,0.315543,0.429341,0.540893,0.936191,0.839809,0.776648,0.708131,0.922919,0.924585,0.972228,1.13056,1.27409,1.3111,1.32058,1.43359,1.64458
1.29249,1.31515,1.27036,1.17725,1.05323,0.892474,0.685446,0.461259,0.289513,0.220213,0.243262,0.306243,0.358397,0.364574,0.3194,0.23926,0.152211,0.091685,0.0700619,0.0703739,0.0636451,0.0509329,0.0713633,0.163665,0.308082,0.498256,0.692773,0.860522,0.997419,1.07291,0.987782,0.971385,0.830501,0.919291,0.941305,0.9951,1.00799,0.957939,0.871087,0.943489,0.996736,0.997516,1.0348,1.122,1.0613,1.15597,1.12478,1.03721,1.03843,0.964791,0.985147,0.980488,1.11407,1.17799,1.17071,1.18412,1.26832,1.10899,1.1673,1.31074,1.45544,1.52106,1.50553,1.49083,1.57459
1.06938,1.14798,1.11801,1.00101,0.86395,0.72646,0.597709,0.500415,0.456613,0.465935,0.506438,0.547973,0.573695,0.570792,0.544952,0.510257,0.477282,0.435429,0.377582,0.2978,0.217248,0.186451,0.242226,0.385067,0.612394,0.866002,1.08167,1.24161,1.29592,1.4204,1.27362,1.32475,1.15216,1.14926,1.2497,1.22912,1.43778,1.43094,1.46229,1.54353,1.53386,1.63533,1.44565,1.51313,1.37356,1.57787,1.53631,1.46207,1.61952,1.53765,1.56155,1.41632,1.36939,1.45731,1.28898,1.57733,1.53396,1.37476,1.43409,1.51629,1.56768,1.61599,1.65576,1.66236,1.65264
0.96393,1.01273,0.975048,0.87506,0.773558,0.693481,0.64922,0.649942,0.671538,0.677417,0.66082,0.631037,0.605682,0.604256,0.621133,0.642768,0.660625,0.658112,0.62887,0.576173,0.529416,0.52239,0.58237,0.69931,0.890142,1.11765,1.35113,1.39661,1.53371,1.53526,1.52776,1.53083,1.48079,1.4609,1.69976,1.58949,1.90255,1.96812,2.1256,2.15388,1.88999,2.05428,1.77983,1.75871,1.62131,1.65516,1.85718,1.80885,1.96782,2.10417,1.91695,1.88216,1.88736,1.86517,1.53769,1.62957,1.63911,1.67415,1.71835,1.67178,1.57518,1.58149,1.66529,1.71645,1.77793
0.801982,0.803597,0.783165,0.73137,0.677535,0.641025,0.64363,0.686711,0.733896,0.748205,0.723356,0.69187,0.685052,0.707529,0.740029,0.761202,0.763474,0.742574,0.720882,0.729291,0.775259,0.851876,0.945355,1.07307,1.32292,1.43112,1.68709,1.51778,1.65446,1.53053,1.67144,1.69195,1.76369,1.79381,2.07291,2.10969,2.42985,2.58279,2.7112,2.48125,2.27768,2.16122,2.005,1.81394,1.76713,1.89956,2.26333,2.09428,2.35472,2.31605,2.25367,2.42856,2.41308,2.08009,1.82378,1.59457,1.62401,1.81597,1.8684,1.74249,1.56192,1.51294,1.64001,1.68834,1.61384
0.559452,0.51511,0.498156,0.490506,0.496404,0.518486,0.563814,0.616803,0.663615,0.690052,0.697201,0.710052,0.752304,0.806123,0.85379,0.892898,0.913879,0.911909,0.89255,0.902421,0.973346,1.10329,1.27804,1.47421,1.77948,1.81289,1.96433,1.85651,1.69782,1.69287,1.81066,2.04111,2.20764,2.35893,2.48755,2.79973,2.90881,3.03494,2.95014,2.65991,2.54165,2.28899,2.05691,2.03894,2.03253,2.44021,2.40661,2.40967,2.53193,2.52855,2.83314,2.66911,2.87336,2.35342,2.0288,1.61783,1.43103,1.67537,1.85703,1.79652,1.705,1.59624,1.67054,1.80247,1.52999
0.438724,0.367037,0.366697,0.407069,0.441227,0.467341,0.488944,0.50329,0.521728,0.54323,0.569311,0.616044,0.696138,0.800369,0.916315,1.02367,1.11018,1.1583,1.16888,1.1679,1.22259,1.34291,1.5707,1.79198,2.03048,2.13356,2.20403,2.13654,1.9664,1.94703,2.3014,2.42894,2.82157,3.07926,3.16992,3.28089,3.29571,3.15626,2.88482,2.8743,2.56567,2.53852,2.38799,2.52911,2.51491,2.79685,2.57948,2.82971,2.83662,3.12907,3.17174,2.88982,2.9532,2.35387,2.03261,1.70166,1.46244,1.36511,1.62746,1.79465,1.90731,1.87397,1.89164,1.82679,1.67881
0.632265,0.572159,0.601482,0.645647,0.646877,0.597592,0.52663,0.466883,0.431466,0.421298,0.434034,0.48397,0.580507,0.720763,0.887024,1.04849,1.17644,1.2737,1.33892,1.40376,1.47053,1.62102,1.74334,1.88977,2.21745,2.22477,2.33253,2.39722,2.40595,2.41388,2.91701,2.93836,3.42649,3.57598,3.56296,3.56211,3.37696,2.98213,2.94295,2.77709,2.64845,2.74226,2.84489,2.86985,2.71664,3.13094,2.90133,3.39179,3.49963,3.56274,2.89105,3.07713,2.49152,1.95993,1.73421,1.55926,1.77637,1.41579,1.35483,1.63166,1.89546,2.05817,2.18127,1.83326,1.67312
1.11164,1.07244,1.05424,1.00935,0.916287,0.782479,0.649638,0.54087,0.452333,0.388471,0.363562,0.393457,0.483514,0.618788,0.777056,0.93564,1.09164,1.24178,1.39753,1.52052,1.76135,1.78617,1.96677,1.92888,2.27049,2.15998,2.2976,2.69028,2.75705,3.06868,3.23005,3.36085,3.42263,3.55315,3.40846,3.26047,2.96044,2.92981,2.91607,2.57636,2.52906,2.88578,2.90371,3.15375,3.05149,3.47667,3.32275,3.84305,3.65133,3.40409,2.29027,2.75192,2.14944,1.81746,1.6026,1.43851,1.7199,1.63586,1.44952,1.51665,1.74248,2.04479,2.24166,2.03955,1.8934
1.60393,1.54138,1.42183,1.26091,1.08083,0.915003,0.779581,0.657498,0.541484,0.449021,0.409427,0.430398,0.504786,0.616354,0.739578,0.871732,1.02137,1.20662,1.39788,1.67886,1.96561,1.97954,2.26098,2.16095,2.27099,2.1209,2.47369,2.58577,2.85258,3.16464,3.31761,3.39896,3.40454,3.25477,3.17382,2.65931,2.65167,2.7263,2.70382,2.61313,2.6835,2.90871,3.14767,3.59831,3.79229,3.55125,3.84325,3.18071,3.08609,2.61988,1.83662,2.07767,1.97265,1.8209,1.59388,1.45609,1.44646,1.65542,1.71698,1.60904,1.62921,1.81201,1.98848,2.14159,2.23577
1.76343,1.65448,1.49815,1.32551,1.17572,1.04654,0.920121,0.785042,0.670014,0.602666,0.592161,0.627991,0.69688,0.784338,0.873771,0.963958,1.08679,1.24619,1.44968,1.88757,2.04232,2.41411,2.41008,2.53886,2.2981,2.1543,2.38565,2.18956,2.80785,2.92079,2.97103,2.80701,2.84219,2.44441,2.54433,2.42276,2.55087,2.72074,2.75782,3.11957,3.35601,3.28535,3.83657,4.15676,4.00892,2.79835,3.30909,2.06584,2.0118,1.83003,1.77703,1.77948,1.70806,1.5936,1.47283,1.29152,1.25009,1.54206,1.68953,1.69183,1.80896,1.8752,1.9502,2.04174,2.2766
1.59624,1.46831,1.35201,1.27167,1.21446,1.14331,1.02928,0.90632,0.826557,0.807576,0.830249,0.877439,0.946174,1.02816,1.1254,1.23068,1.34916,1.59488,1.77306,2.3243,2.36262,2.93533,2.57564,2.96236,2.49622,2.63809,2.40707,2.59394,2.18879,2.67424,3.28706,3.28658,3.08458,2.64441,2.61351,2.54555,2.75597,3.05633,3.27291,3.66448,3.75891,3.91538,3.72156,3.5829,2.76745,1.40953,1.99451,1.58789,1.38579,1.50504,1.65572,1.61528,1.41966,1.29322,1.45413,1.27208,1.27368,1.46685,1.63287,1.77163,1.94207,2.10445,2.16348,2.16566,2.31311
1.37732,1.26049,1.17887,1.14339,1.12362,1.09182,1.05071,1.03631,1.05602,1.09874,1.15503,1.23106,1.32412,1.4385,1.53814,1.68499,1.88515,2.19798,2.42256,2.86309,2.83696,2.99888,2.66604,2.88211,2.31771,2.71474,2.37082,3.51277,3.25462,2.78624,2.49345,3.08684,3.74131,3.87653,3.69663,3.51595,3.50993,3.53219,3.65033,3.75775,3.60052,3.3555,2.88667,2.49268,1.695,1.01337,1.34562,1.47291,1.5636,1.64987,1.53873,1.45626,1.34315,1.28065,1.48541,1.49852,1.54781,1.71324,1.91969,2.08484,2.00408,2.03543,2.21178,2.34889,2.23066
1.3628,1.26753,1.20806,1.16952,1.16155,1.18891,1.26486,1.37457,1.49364,1.60274,1.70577,1.79394,1.85704,1.89407,2.01934,2.09367,2.54214,2.53969,2.9244,2.84012,2.86342,2.2331,2.52861,3.36702,3.49903,3.50377,3.2743,3.44642,3.56901,2.69643,1.66675,2.06154,2.59975,3.27773,3.61187,3.95041,4.04227,3.93384,3.74505,3.3399,3.23544,2.44485,2.28121,2.20993,1.74402,1.43111,1.39892,1.59031,1.80677,2.0414,1.79749,1.65818,1.62563,1.57306,1.64593,1.82089,1.85501,2.0233,2.31937,2.31108,2.18771,2.17387,2.33571,2.30791,2.12255
