uploads/wind/20200723/wind_field_13.json
{"header": {"parameterUnit": "m.s-1", "parameterNumber": 3, "dx":  0.051, "dy": 0.036, "parameterNumberName": "northward_wind", "la1": 45.3082, "parameterCategory": 2,"nx": 177, "ny": 123, "refTime": "2018-10-03 01:00:00", "lo1":1.38177}, "data":
[rows 87 to 115 of 123, columns 0 to 65 of 177]
-0.116057,-0.241972,-0.24346,-0.170376,-0.112944,-0.572417,-0.667092,0.124444,0.733618,0.108177,-0.197136,-0.116565,-0.162889,-0.354596,-0.341665,-0.404881,-0.0892399,0.775652,1.84205,1.51405,1.01964,1.23303,1.35197,1.61227,1.89853,2.83972,3.71413,4.08711,4.66989,4.50249,4.95327,3.65063,1.88424,1.03234,0.739509,0.320227,0.210925,0.850421,1.06099,0.277045,-0.383549,-0.974445,0.0811276,-0.309123,-2.55418,-3.20907,-3.59953,-4.80392,-5.00224,-3.96757,-2.11429,-1.35143,-1.56617,-1.0379,-0.606297,-0.616166,-1.61419,-2.40191,-2.07869,-1.17911,-0.124003,1.07777,0.96896,0.401857,0.324623,0.754954
0.314945,0.169251,0.0543826,0.019313,-0.119276,-0.316743,0.801071,1.58027,0.508586,0.0848986,0.76237,0.986749,1.50694,1.95134,1.1025,0.240334,-0.104831,-0.166044,-0.129731,0.362446,0.25638,0.183168,0.863741,1.7391,2.89201,3.35393,3.39143,4.063,4.27673,4.10219,4.71933,3.67857,2.30276,1.4194,1.11708,1.76307,2.73506,2.82267,2.13206,0.928935,0.00249859,-0.970079,-0.82745,-2.34391,-3.4489,-3.39831,-2.98008,-3.38067,-3.96973,-3.92496,-2.0126,-0.253894,-0.57704,-1.08345,-2.40931,-2.45832,-3.58194,-5.66166,-4.74769,-2.71306,-0.777795,0.394638,1.12132,0.802651,0.762465,1.1611
1.0035,0.820283,0.563543,0.303286,-0.0531115,0.109644,-0.0662549,-1.26546,-2.05439,-1.5597,-0.858181,-0.908297,-1.90116,-2.41641,-1.64931,-0.666128,0.55536,0.987896,1.2847,1.55448,1.72333,1.15439,0.840533,1.01132,2.12202,2.65367,3.33915,3.20367,2.5417,3.21111,3.43782,3.28409,1.93861,0.709466,0.982947,1.89461,2.55124,2.62954,2.19041,1.3721,0.896624,-0.14679,-0.65542,-2.45208,-4.48124,-4.77481,-3.84709,-3.54567,-4.54337,-4.06743,-1.43257,-0.738187,-2.56025,-4.02604,-6.00459,-6.18409,-6.16352,-8.31539,-8.03332,-7.06109,-3.59275,-0.574246,0.0955959,0.0624577,0.473713,1.4217
1.61161,1.34186,1.01159,0.626567,0.189663,0.00342076,-0.85506,-0.731841,-0.472748,-0.629703,-0.244073,0.639832,1.56669,0.636442,-0.388125,-1.01746,-1.51073,-0.978104,0.37666,1.38927,2.178,2.49953,2.84254,2.45167,1.48774,1.28989,1.41256,1.66137,1.32939,1.70085,2.96442,3.74494,3.27436,2.79086,2.16459,2.1378,1.92799,1.98105,2.02012,1.7229,1.38056,1.5308,0.131418,-2.22164,-4.06186,-5.13052,-5.13367,-5.00287,-4.96341,-4.14872,-1.66187,-1.72145,-3.05121,-4.9397,-6.64691,-7.68278,-8.19859,-8.08657,-8.31048,-8.47848,-6.611,-3.18595,-1.71466,-2.35851,-1.2411,0.090859
2.28537,1.82904,1.47001,0.98368,0.762421,-0.0180779,-0.419631,0.000652085,0.687824,-0.160171,-2.33591,-3.11895,-2.02641,-0.286794,1.13338,2.405,2.73503,1.7229,0.905583,1.00098,1.70144,2.06,2.3261,2.92702,2.97133,2.39792,2.03582,1.85564,1.42455,1.60088,2.51167,4.17877,4.95658,5.32928,4.5666,3.56532,2.81363,2.41676,2.6176,2.14585,1.49704,1.45192,-1.04655,-3.01243,-3.8388,-4.3392,-4.94327,-5.16809,-4.43718,-3.0843,-0.425449,-0.766,-2.95324,-4.28529,-5.74557,-7.76525,-8.12383,-7.91857,-7.18638,-7.57821,-7.7747,-6.5049,-3.16395,-0.319569,0.293697,0.330258
2.71439,2.18514,1.82138,1.33893,1.08504,1.052,1.19221,0.295943,-0.708921,-0.834502,0.20445,0.384171,-0.233565,-1.59849,-2.70661,-2.30165,-0.477731,2.17559,3.1581,3.23647,3.10664,2.78515,2.27638,1.79568,1.43397,1.56667,0.939101,0.881536,1.18504,1.5413,2.05528,2.53972,3.57287,4.41616,3.74404,3.0802,2.34444,1.80387,2.2565,2.05988,0.691714,0.0153569,-2.43059,-3.61942,-3.42274,-3.55547,-4.19363,-4.36824,-3.07261,-1.82009,0.55949,-2.33776,-4.31188,-5.23608,-7.18596,-6.99059,-8.70541,-8.47279,-7.11656,-6.04409,-5.71363,-5.73286,-5.07942,-1.29353,0.651056,0.722091
2.61177,2.19053,1.91534,1.51836,0.991573,0.765384,0.716341,0.344911,0.358107,1.64932,2.61636,2.43027,2.33659,2.33241,1.42,0.41382,0.181136,0.569338,1.20528,2.30131,2.53327,2.35341,1.38251,0.977012,1.60247,1.98969,2.24726,2.0088,1.61754,1.72832,1.49467,0.700127,0.735733,0.748704,1.02514,0.681792,0.616643,0.815331,1.23019,1.29556,0.602599,-1.34278,-2.82095,-2.89097,-2.57419,-2.36471,-2.89891,-2.44958,-0.762502,0.11845,0.650218,-3.06053,-4.37436,-4.79498,-6.75657,-7.00555,-7.0623,-7.16257,-6.25652,-5.98366,-5.00901,-5.06738,-5.82369,-5.68717,-3.41572,-1.49894
1.89063,1.78783,1.66344,1.50317,1.2517,0.742449,0.381995,0.0668179,-0.250126,-0.118975,0.0335451,-0.777484,-1.82678,-1.94396,-0.685788,0.150802,-0.392809,-1.72435,-1.34054,0.149914,0.916847,1.29191,1.55555,1.26791,0.723881,0.639948,0.475806,1.11425,1.54931,1.26125,0.847153,0.506646,-0.145794,-0.0146271,0.189804,0.271525,0.296814,0.573395,0.869037,0.929948,0.891381,-0.580754,-1.3736,-1.08019,-0.294349,0.0317508,-0.130146,0.265967,1.05372,1.07514,-0.366136,-3.85935,-5.55365,-5.41923,-5.75505,-5.36565,-5.33471,-5.47396,-5.41858,-5.14777,-4.90471,-4.82778,-5.32784,-6.03939,-5.5464,-3.38198
1.29592,1.28461,1.2858,1.4763,1.37157,1.51711,2.35845,2.41719,1.19282,-0.0189726,0.738433,1.47485,1.45383,0.479465,-0.907694,-1.56068,-0.755784,-0.0429074,-0.562935,-1.14932,-1.40718,-0.838717,-0.0087584,0.904229,1.07027,0.592604,0.628972,0.503259,0.358186,0.298343,0.61896,0.732241,0.869799,0.538738,0.0615322,-0.0846275,0.182174,0.637294,1.20859,1.79748,2.01648,1.11883,0.884951,1.36108,2.12824,2.83969,2.73621,2.60528,1.34962,-0.237104,-2.54414,-4.26218,-3.40057,-2.48142,-3.73578,-4.95778,-5.35354,-5.85824,-5.48426,-5.18746,-4.80013,-4.88073,-4.70062,-4.92236,-6.27012,-5.64069
1.55672,1.65422,1.62387,1.596,1.55662,1.53296,0.861666,1.04201,1.93322,1.96275,0.480726,-0.365024,-0.0670555,1.61196,2.20841,1.43947,0.855116,1.18142,2.24086,2.36018,1.60231,0.842529,0.477549,0.177092,0.455148,0.667475,0.783493,0.829249,0.978965,0.567838,-0.0647921,-0.477635,-0.870634,-0.764132,-0.318222,0.396511,0.61247,0.762861,1.26629,2.3182,2.86218,2.97596,3.45405,4.12211,4.70162,4.88043,5.10904,3.29844,0.612147,-1.47699,-2.81525,-2.49871,-0.806652,-0.0751251,-2.76354,-5.12556,-6.29332,-6.62608,-5.56208,-4.66531,-4.09832,-4.12085,-4.2306,-4.48225,-5.37193,-7.97959
2.62562,2.37515,2.25887,2.12533,2.37159,2.21121,1.25008,1.38979,2.38492,1.96166,0.668858,-0.408655,-0.696161,-0.647418,-0.098398,0.300767,0.0543365,-0.0572919,0.135395,0.765779,1.43995,1.16186,0.947708,1.18588,1.19332,1.58329,1.62938,1.57459,0.909327,0.0977564,-0.843905,-1.10321,-0.758255,-0.393685,0.247625,0.414004,0.968351,0.887417,1.03707,1.73504,2.8478,3.86513,4.37165,4.48722,4.5332,4.36063,4.23137,2.9738,0.508591,-1.05728,-1.34277,-1.30315,-1.24093,-0.761949,-2.8186,-5.06314,-6.43811,-6.60881,-5.60192,-4.07765,-3.60789,-3.6149,-3.9551,-3.83756,-5.32928,-8.36267
3.75197,3.46138,3.13136,2.43645,2.28256,1.95967,2.2007,1.89436,0.992788,0.611948,1.00619,1.63766,1.67402,0.631923,0.46459,0.607781,1.31061,1.59817,0.898111,-0.455965,-1.35236,-0.831281,-0.176891,0.187677,0.243099,0.128552,0.790847,0.410161,0.307474,0.393044,0.994207,1.01347,1.46593,1.89656,2.12712,1.31745,0.394998,0.880783,1.24686,1.40733,2.00497,3.14315,3.47906,3.20979,3.36388,3.19916,3.8302,3.60207,1.59701,-0.0549829,-0.499009,-1.23827,-1.98505,-1.77256,-2.63191,-4.39044,-5.4483,-6.1634,-5.18957,-4.28365,-3.42612,-3.12304,-2.72905,-3.17897,-5.98555,-7.0274
5.07429,3.49698,3.31097,2.87767,2.09292,1.42705,0.73435,0.500365,0.720457,0.133302,-0.389072,-0.574576,-0.330088,-0.228614,-0.249655,-0.0653063,-1.02752,-1.8847,-0.738287,1.28859,1.87153,0.98365,0.251129,-0.129739,-1.03068,-1.13474,-0.53614,-0.40235,0.249238,0.819434,1.55891,1.83999,2.07031,2.31489,2.47191,2.36181,1.78676,1.83916,1.97667,2.01345,2.14957,2.21483,2.57817,2.72728,3.05467,2.88873,2.99781,3.20342,1.6355,-0.261987,-1.27066,-2.27856,-2.79457,-1.79188,-2.67594,-4.03738,-4.54456,-4.99386,-5.73481,-5.02004,-3.70893,-2.53797,-1.04435,-3.48861,-7.51401,-9.21548
4.23741,2.99451,2.64281,2.00679,1.7935,2.22001,1.85592,1.08405,0.704364,0.769998,1.01555,1.14438,1.29798,0.852254,0.317227,-0.760559,-1.00556,-1.99391,-1.31267,-0.321418,2.04308,2.95774,1.9879,1.68757,0.817366,0.52775,1.00845,1.45249,1.70463,1.38852,1.41021,1.84543,2.21854,2.19976,2.25468,2.54864,2.61986,3.06405,2.90877,2.97323,2.25316,2.26995,2.90257,3.48485,3.21931,2.69926,2.25772,1.49417,0.330771,-0.785839,-1.62809,-2.42873,-1.94433,-1.20106,-2.93637,-4.41261,-4.28462,-4.47253,-5.12026,-4.46656,-3.25172,-1.87042,-3.19707,-6.23722,-8.37275,-8.79677
2.49468,2.11252,1.78683,1.54176,1.41065,0.936425,0.89102,0.930271,0.640086,0.544831,0.642292,0.611652,-0.235433,0.453088,0.988226,0.218989,-0.955939,0.247917,1.14516,0.81287,0.681081,1.06683,1.31295,0.698333,0.98609,1.35569,1.33175,1.34779,1.29394,1.665,2.00806,2.19513,2.12989,1.7175,1.5596,2.16335,2.37344,2.54543,2.93161,3.14694,3.19573,2.96088,3.59664,3.85173,3.64954,3.22939,2.03803,0.795229,-0.444614,-1.02627,-1.3959,-1.46414,-1.15066,-1.71339,-2.95682,-3.76287,-3.43866,-3.39669,-4.178,-4.34486,-4.28723,-4.52752,-6.13406,-7.18691,-8.61953,-9.0087
1.86129,1.52716,1.26723,1.1137,1.0248,0.866398,0.854139,0.665296,0.404308,0.846971,1.09995,-0.311791,0.268351,0.764135,0.723303,0.812779,1.09678,0.653363,-0.782122,0.648906,-0.771856,-1.4533,-1.20004,-0.0158642,1.01126,1.63476,1.04983,0.915508,0.889016,1.4564,1.94454,2.0795,1.68471,1.55618,1.23213,1.47808,1.42792,1.70355,2.5757,3.1175,3.47206,3.62128,3.55612,3.37914,3.27616,2.96943,2.09976,0.876937,-0.20634,-0.643462,-1.05928,-1.0597,-1.38871,-1.80032,-1.86714,-2.5536,-2.1577,-2.21004,-3.37346,-3.88789,-4.96577,-5.95212,-6.63935,-6.1147,-6.83398,-6.06474
1.30109,1.10298,0.961434,0.871141,0.721502,0.583589,0.335544,0.648795,1.01638,1.24617,1.01377,1.77989,1.77965,0.294876,0.649069,-0.278427,0.194141,0.969273,0.0242265,-0.385736,-0.164974,0.78319,-0.581407,-0.484677,-0.221638,-0.473089,-0.221168,0.134829,0.553239,0.673906,1.23161,1.31485,1.10532,1.06715,1.0676,1.11413,1.28231,1.75361,2.08967,2.38319,3.25718,3.64884,3.41873,3.09869,2.91798,2.51916,1.5582,0.712496,0.609643,-0.0247209,-1.09272,-1.5602,-1.66691,-1.54762,-1.53458,-2.20117,-1.89822,-1.97848,-4.28693,-5.00764,-5.07817,-5.32761,-5.2741,-5.56487,-6.52969,-5.62251
1.02647,0.88354,0.805305,0.766853,0.637486,0.352627,0.354937,0.223041,0.197715,0.854509,2.09716,2.87436,0.698226,0.725387,-0.694154,0.49648,-0.490862,-0.110655,0.42709,0.661597,0.430115,0.430293,-1.51021,-1.3833,-2.24818,-1.23239,-0.438978,-0.0648775,0.286386,1.10387,0.865713,0.704318,1.24941,1.62661,1.05027,0.747639,1.11409,1.88606,1.98829,2.08154,2.83335,3.51003,3.51939,3.50625,3.03808,2.31518,1.18167,0.981278,1.05384,-0.300995,-1.11718,-0.974253,-1.80424,-2.68743,-2.88001,-2.68296,-2.72916,-3.32548,-5.30411,-5.71055,-5.62715,-5.39055,-5.69295,-6.02992,-6.55615,-5.96325
1.19093,0.93137,0.817086,0.644172,0.736215,0.715676,0.381988,0.160783,0.356701,0.943827,2.33711,2.10929,1.29702,1.71408,0.391335,-0.127456,0.719301,-1.46375,-0.608616,1.33049,0.905565,-1.26949,-1.72608,-0.137964,0.586743,-1.07363,-0.993356,0.325667,1.27882,0.705651,0.727575,1.08806,1.48095,2.0701,1.95192,1.37212,1.47004,2.31472,2.62614,3.08981,3.53036,3.89686,3.36596,3.46966,2.53101,1.4008,1.04716,1.03216,0.0672203,-0.615524,-0.886619,-1.42262,-2.58019,-3.54179,-3.73083,-3.68601,-3.75071,-4.91056,-5.72062,-5.37787,-5.56385,-5.85985,-5.97048,-6.08144,-6.36765,-7.53916
1.84996,1.33538,1.02865,0.731191,0.162747,0.550206,0.569291,0.715621,1.95627,1.78713,1.29735,0.996886,1.63681,0.74432,0.561225,-1.31753,0.728314,0.757633,0.0244311,0.794271,1.86486,0.444308,-0.375804,-0.207627,0.94221,0.477283,-0.583288,-0.22298,0.752187,0.0126593,0.878762,1.57057,2.06937,2.28941,3.05857,2.85464,3.0884,3.31889,3.61182,3.63593,3.70973,3.62718,3.14076,3.18517,1.86274,0.610869,0.188722,0.253693,-0.455299,-1.563,-1.62529,-2.07061,-2.3614,-2.40132,-2.30698,-3.19061,-3.93582,-4.6045,-4.89258,-4.69547,-4.66256,-4.70774,-5.2873,-5.49611,-6.0706,-7.78833
2.52823,1.99592,1.38343,0.700789,0.223297,-0.0900927,1.1138,1.21811,1.72889,1.78008,0.661512,1.26714,1.07934,0.945901,0.497627,-0.0302854,1.36877,1.2395,0.0814853,0.198363,0.418507,-0.290129,-0.350842,-0.678607,-0.685745,0.236366,-0.681922,-1.621,-0.732385,-0.626659,0.405478,1.11843,1.72349,2.51982,3.34699,3.2644,3.16354,2.71001,3.27311,3.84814,3.81522,3.27948,2.55817,2.1407,1.04063,-0.0559893,-0.441359,-0.227144,-0.10806,-0.803529,-0.455839,-0.30091,-0.816786,-1.01794,-1.13776,-1.69359,-1.83643,-2.49645,-3.1799,-3.38931,-3.41019,-4.0301,-5.95894,-6.8033,-7.40942,-8.45281
2.52134,2.01326,1.42027,0.941745,1.19384,0.589677,0.353321,1.76658,1.1771,1.36479,0.270501,1.27269,1.15907,0.587893,0.271158,0.687906,1.11144,1.96536,1.54512,0.421104,-0.479804,0.470109,1.06003,0.942719,1.04002,1.19057,0.523731,-0.73454,-0.776611,-1.08468,-1.36871,-1.24611,0.470547,1.47934,2.32695,1.64717,0.891195,1.35258,2.665,3.09222,3.14618,2.18521,1.87822,1.55525,0.479567,0.100912,0.131397,0.945561,0.592172,0.959297,1.06963,0.791963,-0.298283,-0.381317,-0.419003,0.346236,0.300961,-0.481733,-0.983899,-0.879716,-1.60761,-3.55899,-5.83757,-6.42382,-8.14619,-7.86634
1.93751,1.7674,1.76655,1.38166,1.52496,1.14302,1.10241,2.09705,0.43991,1.28206,1.02978,1.75613,1.01631,-0.0836512,-0.150135,0.678456,0.893911,1.50997,0.13279,-1.40025,-0.322179,-0.200209,0.563189,1.77038,1.34219,1.32323,0.351729,0.279824,0.145757,0.201406,-0.544685,-0.898051,-0.565099,-0.045042,0.647632,-0.289458,0.268626,1.25926,1.9481,2.51469,2.61614,2.01039,1.63909,1.16321,0.32197,0.121119,0.649085,1.16383,0.585711,1.07753,0.526373,-0.155105,-0.906152,-1.10205,-1.68001,0.851313,2.27394,1.21058,-0.122074,-0.699039,-1.50107,-2.9456,-4.10665,-5.23259,-5.64674,-6.59672
1.74822,1.41166,1.5001,1.98677,1.91086,2.35144,2.57852,1.37662,1.66681,1.85153,1.83975,2.10328,1.17258,0.305152,-0.22245,0.84441,0.395853,0.411738,-0.150423,0.0630877,0.859239,0.325324,1.16954,2.43554,2.28392,1.7544,1.49352,1.11169,1.34502,0.9238,1.04332,0.597376,-0.388572,-0.258507,-0.907824,-0.99419,0.481133,1.55783,2.80591,3.36036,2.61476,1.9505,1.58952,1.12031,0.775429,0.615138,0.0673721,0.0937751,-0.059175,0.731728,-0.217538,-1.18923,-1.67592,-2.04786,-2.1338,-0.634021,2.78846,1.10031,-1.51903,-2.32398,-2.66066,-2.76538,-1.80275,-1.10912,-2.22737,-3.30706
1.13391,1.23524,1.66968,2.13527,1.83083,3.03941,2.74481,2.26954,2.00907,2.07659,1.93841,2.07263,1.63034,1.49798,0.639519,1.00959,0.744225,1.09505,0.584702,0.873819,0.710087,1.38128,1.21562,1.75971,2.45755,2.30701,2.30843,2.21648,1.97296,1.96643,1.39873,1.21561,1.18123,0.328849,0.573027,0.0371729,0.791019,2.88187,4.29091,3.57635,2.36092,1.97547,1.60109,1.12049,1.61298,0.981464,0.496217,-0.277434,-0.113626,0.588705,-0.663876,-1.4329,-1.51888,-1.26567,-0.781575,-0.456538,0.623236,-1.17208,-2.79022,-2.2538,-1.91024,-1.35151,0.218248,1.73496,1.94049,0.250286
1.99998,1.63522,1.64791,2.07523,1.96947,2.14123,1.9522,2.27104,0.678753,1.66411,2.1877,2.5662,2.7545,2.64676,1.2924,1.29658,1.11795,1.75045,1.37014,1.36466,1.11832,1.58721,1.68897,2.00945,2.36296,2.48727,2.69589,2.73657,2.31819,1.65056,1.01459,0.852264,0.7007,0.551303,0.800987,1.97037,2.7011,3.36888,3.60317,2.79783,1.57259,1.334,0.81892,1.36742,1.5675,1.18032,0.299238,0.259832,1.54549,1.38457,0.704323,0.553819,0.740769,0.688338,0.278492,-0.15517,-1.12618,-1.78063,-1.51974,-0.409555,0.230536,0.733889,1.69649,2.45838,2.62521,2.48975
1.83336,1.62221,1.72024,2.04134,2.1673,2.08771,1.81167,0.880326,0.296884,1.40596,2.34719,3.45533,2.76571,3.11248,1.69303,1.73015,1.51607,2.21693,1.91003,2.43494,1.93807,2.00886,1.95892,2.24171,2.31651,2.6241,2.46682,2.84712,2.7745,1.68869,0.909654,0.92671,1.12945,1.33584,1.88252,2.61554,2.80211,2.60335,2.40583,2.08889,1.59101,1.13067,0.604623,1.33178,1.42057,1.04029,-0.229453,0.794147,2.05504,1.70475,2.03833,2.63975,2.3433,1.6004,0.39683,-0.598518,-1.08169,-0.999555,0.315837,1.49343,2.39326,2.87576,3.26134,3.3471,3.86912,3.7514
1.86499,1.62134,1.70055,1.98106,2.99546,2.48653,1.82107,0.969294,1.39711,1.40468,1.77809,2.44621,1.53889,2.23638,2.38036,1.44019,1.01558,1.34463,2.09422,2.07294,2.39206,2.67107,2.68785,2.52378,3.03506,2.79662,2.96117,2.47933,1.62855,1.13979,1.77984,2.27555,2.37635,2.47645,2.34037,2.52663,2.52873,2.16639,1.30967,1.31308,1.13079,1.11251,1.13064,1.01861,0.967067,0.535212,0.813233,1.55025,1.42907,1.78669,2.17731,2.28732,2.21859,1.3799,0.677941,-0.300633,-0.611693,-0.0238217,1.76381,2.57164,3.53042,3.67158,3.58789,4.06776,4.75861,4.28717
1.1343,1.12315,1.40951,2.03908,2.42234,2.68361,2.79292,1.96162,2.51953,1.95323,1.49337,1.13321,0.545358,1.52505,1.55637,1.46654,0.989007,1.55691,1.8451,2.20082,2.60702,2.49229,2.74761,3.07946,2.81108,3.2158,2.38259,1.57399,1.51911,1.60333,1.3607,2.07374,2.64607,2.857,2.99381,2.66763,2.3824,2.07023,1.41885,1.04363,1.43673,1.68492,1.62953,1.24594,1.07045,0.99932,1.96023,2.48814,2.00046,1.59759,1.02935,1.18512,1.2394,1.07865,0.482816,0.194909,0.313669,0.726386,2.0066,2.5756,3.2023,3.8616,4.30646,3.93304,5.10499,5.56149
