uploads/wind/20200723/wind_field_22.json
{"header": {"parameterUnit": "m.s-1", "parameterNumber": 3, "dx":  0.051, "dy": 0.036, "parameterNumberName": "northward_wind", "la1": 45.3082, "parameterCategory": 2,"nx": 177, "ny": 123, "refTime": "2018-10-03 01:00:00", "lo1":1.38177}, "data":
[rows 0 to 27 of 123, columns 0 to 64 of 177]
-2.98169,-3.7815,-4.03879,-4.26127,-4.33811,-4.5499,-4.40735,-4.47077,-4.68373,-4.80914,-4.84756,-4.85591,-4.86433,-4.7585,-4.51051,-4.3576,-4.18751,-4.12652,-3.92289,-3.65355,-3.33142,-2.92999,-2.6982,-2.53967,-2.43627,-2.47667,-2.37268,-2.14071,-2.19008,-2.13063,-1.95377,-2.08781,-1.77828,-1.73458,-1.52247,-1.53673,-1.47435,-1.44893,-1.53673,-1.40781,-1.43593,-1.31819,-1.3338,-1.24754,-1.04964,-1.01883,-0.847783,-0.486561,-0.298566,-0.0370007,0.341225,0.674231,1.00003,1.30483,1.71088,2.05639,2.09419,2.00534,2.01328,2.13928,2.22351,2.17947,2.08266,1.93063,1.81245
-3.08938,-3.85402,-4.12862,-4.2975,-4.22363,-4.54068,-4.21601,-4.26421,-4.61079,-4.51629,-4.49224,-4.42638,-4.35266,-4.18601,-3.91675,-3.76028,-3.6205,-3.62793,-3.52132,-3.35084,-3.13075,-2.83376,-2.66524,-2.58446,-2.58601,-2.70344,-2.65021,-2.44745,-2.53772,-2.51995,-2.39263,-2.58974,-2.33033,-2.35043,-2.19463,-2.26453,-2.25232,-2.27288,-2.40118,-2.31071,-2.36892,-2.2673,-2.24384,-2.17889,-2.07456,-2.07526,-2.00924,-1.73144,-1.59743,-1.49527,-1.25597,-1.0677,-0.860363,-0.638973,-0.286557,0.0369096,0.119881,0.143599,0.265316,0.514035,0.723281,0.775031,0.751251,0.642215,0.567562
-3.10102,-3.18563,-3.34625,-3.45453,-3.44964,-3.64096,-3.52866,-3.56054,-3.71302,-3.51349,-3.43886,-3.33873,-3.20213,-3.05202,-2.90226,-2.73894,-2.62809,-2.57447,-2.56863,-2.53985,-2.51383,-2.48089,-2.43386,-2.41226,-2.43766,-2.45296,-2.44678,-2.42909,-2.42231,-2.42683,-2.44987,-2.49953,-2.54299,-2.60416,-2.66802,-2.73817,-2.81001,-2.87034,-2.92484,-2.96661,-2.98745,-2.9873,-2.91897,-2.89769,-2.93151,-2.89002,-2.87782,-2.81867,-2.68253,-2.64324,-2.59021,-2.54796,-2.51456,-2.47515,-2.4294,-2.36658,-2.23022,-2.00541,-1.75292,-1.49805,-1.26265,-1.09698,-0.982917,-0.930134,-0.89563
-3.03987,-3.03986,-3.03763,-3.04551,-3.1261,-3.11938,-3.14145,-3.15277,-3.13318,-3.11614,-3.06389,-3.00595,-2.88758,-2.69284,-2.47938,-2.30493,-2.20829,-2.18666,-2.20508,-2.21756,-2.25235,-2.29651,-2.33468,-2.36802,-2.40484,-2.45563,-2.485,-2.49259,-2.48444,-2.499,-2.53658,-2.60848,-2.69731,-2.7802,-2.86262,-2.94243,-3.02064,-3.0973,-3.17471,-3.24354,-3.29891,-3.35098,-3.39634,-3.43361,-3.4481,-3.44063,-3.40474,-3.37074,-3.27385,-3.17258,-3.13119,-3.15418,-3.21269,-3.29831,-3.40629,-3.48494,-3.46608,-3.31826,-3.08502,-2.79558,-2.50611,-2.2552,-2.05567,-1.92039,-1.83021
-2.89882,-2.90057,-2.75218,-2.64776,-2.60301,-2.61055,-2.5737,-2.54013,-2.54928,-2.54898,-2.54445,-2.53118,-2.46428,-2.31105,-2.09357,-1.88453,-1.75961,-1.74648,-1.77852,-1.84372,-1.91959,-2.00848,-2.08399,-2.15431,-2.22854,-2.31703,-2.40011,-2.45764,-2.4767,-2.49829,-2.53752,-2.61486,-2.71463,-2.81662,-2.91429,-2.99802,-3.0709,-3.1425,-3.21375,-3.2826,-3.35237,-3.42819,-3.50937,-3.58177,-3.63154,-3.6526,-3.64749,-3.62944,-3.56686,-3.48678,-3.44542,-3.48652,-3.55711,-3.62375,-3.67947,-3.71383,-3.69973,-3.62168,-3.48237,-3.29461,-3.08216,-2.85654,-2.64568,-2.4559,-2.29502
-2.58814,-2.65318,-2.3494,-2.14282,-1.99215,-1.99999,-1.9214,-1.81177,-1.80844,-1.83219,-1.86579,-1.89521,-1.93575,-1.8705,-1.72333,-1.58204,-1.51197,-1.51232,-1.54236,-1.60585,-1.67718,-1.75519,-1.85095,-1.95377,-2.06247,-2.17348,-2.29003,-2.41301,-2.50932,-2.57141,-2.62059,-2.6838,-2.75564,-2.83528,-2.91372,-2.97729,-3.02137,-3.04886,-3.07058,-3.09174,-3.12089,-3.15832,-3.2039,-3.25631,-3.31329,-3.36179,-3.40553,-3.43988,-3.47385,-3.52131,-3.57297,-3.63582,-3.68353,-3.67433,-3.59466,-3.47988,-3.37205,-3.28058,-3.20167,-3.11345,-3.00325,-2.87144,-2.72511,-2.5617,-2.38919
-2.0318,-2.0961,-1.81824,-1.60559,-1.53544,-1.51023,-1.40443,-1.22697,-1.2166,-1.26257,-1.30813,-1.32099,-1.46382,-1.49367,-1.43347,-1.40883,-1.42193,-1.42357,-1.43895,-1.46629,-1.52631,-1.60804,-1.70286,-1.82091,-1.94734,-2.07805,-2.197,-2.33221,-2.48269,-2.60419,-2.68399,-2.73533,-2.76723,-2.79543,-2.81392,-2.81387,-2.79311,-2.76124,-2.72213,-2.68247,-2.64929,-2.62987,-2.63303,-2.65447,-2.68782,-2.72571,-2.77752,-2.84615,-2.92491,-3.03533,-3.15447,-3.22715,-3.24645,-3.21406,-3.14454,-3.05784,-2.9827,-2.92896,-2.884,-2.83059,-2.7615,-2.67303,-2.57078,-2.46195,-2.34996
-1.25736,-1.28868,-1.13395,-0.924746,-0.992748,-0.991142,-0.953609,-0.779803,-0.801684,-0.927725,-0.967525,-0.866364,-1.04447,-1.14678,-1.12645,-1.12705,-1.14145,-1.13426,-1.13395,-1.14497,-1.18586,-1.26407,-1.36182,-1.47664,-1.60129,-1.73951,-1.8662,-1.99536,-2.14043,-2.27691,-2.36626,-2.4004,-2.39334,-2.36763,-2.32454,-2.25689,-2.1775,-2.09839,-2.021,-1.94499,-1.86653,-1.80804,-1.78351,-1.79016,-1.82172,-1.86696,-1.93371,-2.02079,-2.11448,-2.21469,-2.30386,-2.35296,-2.36828,-2.37191,-2.38473,-2.40888,-2.44442,-2.4821,-2.50938,-2.51834,-2.49631,-2.44307,-2.36936,-2.29384,-2.2254
-0.445607,-0.493181,-0.380855,-0.189249,-0.151446,-0.291274,-0.331086,-0.277151,-0.361033,-0.577633,-0.656051,-0.545809,-0.75281,-0.889885,-0.863275,-0.806302,-0.781997,-0.739282,-0.682098,-0.622177,-0.580661,-0.578176,-0.63173,-0.716981,-0.829998,-0.968742,-1.12189,-1.28313,-1.43796,-1.57385,-1.65175,-1.65574,-1.60896,-1.52472,-1.41593,-1.28329,-1.14514,-1.01441,-0.895535,-0.789123,-0.689435,-0.613129,-0.570486,-0.57069,-0.609091,-0.676126,-0.768632,-0.883377,-1.00857,-1.11335,-1.1825,-1.23378,-1.28354,-1.35572,-1.45072,-1.55587,-1.66059,-1.76166,-1.856,-1.93667,-1.98839,-1.99829,-1.97835,-1.94634,-1.91444
0.285197,0.141258,0.226301,0.320387,0.350091,0.593965,0.58604,0.576757,0.43249,0.0433249,-0.13873,-0.197228,-0.411624,-0.560206,-0.528182,-0.371801,-0.221914,-0.0578494,0.114833,0.270276,0.398666,0.470674,0.472269,0.399692,0.263136,0.0761312,-0.143198,-0.355072,-0.536871,-0.666455,-0.73756,-0.727552,-0.660296,-0.543959,-0.383249,-0.188338,0.0212921,0.216935,0.384116,0.516611,0.614125,0.679256,0.709614,0.698243,0.64388,0.560875,0.457116,0.337761,0.205431,0.0828206,-0.00783196,-0.084511,-0.166965,-0.276592,-0.41359,-0.560329,-0.697075,-0.828136,-0.960896,-1.09073,-1.19795,-1.26434,-1.2946,-1.30501,-1.30644
1.37226,1.22203,1.0855,0.875343,1.09648,1.24037,1.18962,1.08444,0.869791,0.440921,0.323363,0.268476,0.159178,0.0626872,0.154643,0.337738,0.555744,0.765766,0.966995,1.12523,1.24309,1.31035,1.32411,1.27485,1.1611,0.987197,0.786279,0.610574,0.500714,0.459685,0.477058,0.528711,0.61358,0.731773,0.878553,1.04819,1.22267,1.3732,1.48184,1.53465,1.54507,1.52856,1.49761,1.45124,1.3874,1.30921,1.23024,1.15352,1.0795,1.00203,0.922433,0.844284,0.756635,0.647249,0.518907,0.384212,0.252879,0.126553,-0.00446988,-0.136435,-0.247706,-0.328045,-0.375517,-0.40254,-0.420215
1.81604,2.02207,1.68441,1.10272,0.955671,1.30215,1.31004,1.15146,1.04957,0.93121,1.09532,0.920163,0.963124,0.870304,0.960169,1.04039,1.15926,1.19487,1.21366,1.21163,1.20372,1.21979,1.2575,1.30586,1.36561,1.41478,1.46258,1.52065,1.61558,1.74437,1.89866,2.0458,2.17219,2.27489,2.35337,2.40332,2.40009,2.33518,2.21009,2.06094,1.91821,1.80055,1.70832,1.6394,1.58568,1.53719,1.50348,1.48766,1.4829,1.48153,1.46763,1.42574,1.36377,1.27844,1.17386,1.06312,0.958959,0.871727,0.801151,0.73702,0.679142,0.626769,0.587373,0.558073,0.531724
1.50419,2.18484,2.04705,1.10144,0.991397,0.682573,1.20079,0.980509,1.0946,0.741329,1.44324,1.82126,1.69141,1.59529,1.57836,1.35321,1.25508,1.11806,0.940288,0.781196,0.675584,0.645634,0.719138,0.892427,1.15856,1.48291,1.83126,2.17705,2.49068,2.76167,2.96709,3.09629,3.15655,3.17355,3.1657,3.11558,2.99508,2.78787,2.51851,2.25036,2.03012,1.87533,1.77111,1.7051,1.66124,1.63718,1.62847,1.63508,1.65245,1.68424,1.71329,1.7247,1.72006,1.70549,1.67709,1.64567,1.61857,1.59625,1.57355,1.5533,1.53373,1.51515,1.49777,1.47066,1.4318
0.209648,0.867517,1.49375,1.20487,1.73203,1.15821,2.28384,1.81372,2.17229,1.25557,1.29013,1.80495,2.01131,2.00979,1.90935,1.6189,1.33611,1.10576,0.90475,0.712807,0.554582,0.507262,0.624816,0.908216,1.29999,1.74774,2.19796,2.60873,2.93805,3.16542,3.26985,3.25658,3.187,3.10057,2.98257,2.82355,2.66614,2.52185,2.37624,2.21045,2.05008,1.91421,1.81782,1.75327,1.71805,1.70621,1.70502,1.70753,1.71447,1.73469,1.76757,1.81801,1.88391,1.96567,2.06192,2.1691,2.27296,2.35263,2.40094,2.42722,2.4314,2.41876,2.38964,2.34287,2.2787
-0.53196,0.357793,0.484673,0.934882,1.13922,0.970609,2.52214,2.46635,2.27854,2.22839,0.751449,0.955175,1.68982,1.79499,1.78705,1.56475,1.31395,1.07386,0.923318,0.87633,0.943996,1.09933,1.28746,1.53008,1.86154,2.24781,2.60562,2.86716,3.02102,3.06791,3.03897,2.99613,2.97207,2.92075,2.762,2.51418,2.28491,2.15379,2.10157,2.07447,2.03455,1.97829,1.92991,1.90112,1.89114,1.89793,1.90753,1.90678,1.89724,1.877,1.86767,1.89615,1.97379,2.09595,2.25585,2.43223,2.61395,2.78242,2.93015,3.04666,3.11512,3.12978,3.09752,3.03382,2.94765
-0.732369,0.152487,0.33818,0.887655,1.33499,0.770564,2.20645,2.46245,0.9634,2.01742,0.760285,0.613595,1.03903,1.00335,0.910667,1.25957,1.13925,1.08278,1.12459,1.27676,1.51708,1.70921,1.85801,2.04693,2.28563,2.50015,2.65041,2.72514,2.72233,2.65043,2.57653,2.55262,2.51156,2.3955,2.2547,2.1639,2.13722,2.13665,2.14776,2.18676,2.23365,2.26361,2.27875,2.28919,2.29545,2.29972,2.31021,2.32509,2.33014,2.312,2.27547,2.25791,2.28547,2.36691,2.49502,2.65031,2.81129,2.96602,3.1136,3.24058,3.33512,3.38093,3.37526,3.3238,3.23457
0.16692,0.698555,0.609616,0.680211,0.878614,0.559958,1.01188,1.18178,0.524356,0.749131,0.831659,1.21591,1.33308,1.21618,0.957115,1.25778,1.42048,1.48605,1.71039,1.86561,1.88495,1.95142,2.17332,2.44597,2.54749,2.45445,2.27395,2.08771,1.8962,1.69746,1.50263,1.29647,1.07825,0.929106,0.948269,1.13644,1.43315,1.76922,2.06761,2.31979,2.54293,2.71062,2.78641,2.78821,2.75965,2.72222,2.70421,2.72262,2.76033,2.8051,2.8426,2.87776,2.91843,2.97328,3.0427,3.12774,3.21185,3.29139,3.36549,3.42617,3.46578,3.47126,3.43863,3.38022,3.29924
0.914165,0.872271,0.762551,0.784094,0.542093,0.614039,0.717952,0.933713,1.00597,0.651037,0.745604,1.07389,1.82985,1.92063,1.54857,1.41836,1.52246,1.57565,1.63195,1.51482,1.61172,2.03409,2.45528,2.49795,2.18843,1.75694,1.3407,1.00709,0.740223,0.486332,0.234568,0.0456727,0.00257973,0.12507,0.367167,0.636772,0.901865,1.2279,1.6468,2.07974,2.46576,2.79077,3.02201,3.12952,3.15079,3.13248,3.08634,3.04902,3.05872,3.12581,3.23479,3.34422,3.41561,3.43436,3.42189,3.4193,3.45082,3.51339,3.58412,3.63667,3.65551,3.64452,3.60734,3.5561,3.4995
1.44327,1.17042,1.17722,1.00241,1.17159,1.10484,1.19498,1.19607,0.890047,1.0186,1.35683,1.36088,0.999337,0.848555,1.17523,0.675524,0.871103,0.760711,0.813406,0.94694,1.37631,2.11172,2.10322,1.56843,0.921817,0.442635,0.123195,-0.0450347,-0.0927381,-0.100722,-0.0949716,-0.0397069,0.112601,0.369153,0.675387,0.972053,1.22251,1.46068,1.73129,1.96642,2.15813,2.39691,2.71679,3.0193,3.1911,3.20347,3.10291,2.97215,2.87396,2.82589,2.81616,2.82292,2.82837,2.82647,2.83513,2.87418,2.95017,3.0494,3.14578,3.22638,3.2998,3.38086,3.46209,3.52327,3.55091
0.386892,0.499125,0.637135,1.31938,0.941268,1.02947,0.779231,0.68224,0.886619,0.873721,2.06135,1.1786,0.282892,-0.150129,0.577215,0.622581,0.839104,-0.312068,-0.729821,-0.425601,0.440003,1.18495,1.06601,0.382224,-0.240515,-0.609744,-0.667089,-0.476404,-0.154304,0.122996,0.297364,0.427574,0.613259,0.898616,1.24176,1.60519,1.9846,2.32749,2.46803,2.3991,2.31149,2.33108,2.42137,2.50109,2.50275,2.45036,2.39135,2.31842,2.20453,2.06056,1.9224,1.83123,1.81613,1.88059,2.00375,2.14402,2.26467,2.34473,2.39088,2.43257,2.51576,2.65422,2.8347,2.99827,3.10165
-0.554304,-0.0638415,0.506893,1.30366,1.45479,1.00335,0.825919,0.405239,0.278393,-0.0469816,0.654259,0.191995,0.0696946,0.0826552,0.253663,1.03431,2.9167,2.28527,1.22064,0.323685,0.296374,0.282449,0.562734,-0.0173125,-0.904348,-1.1866,-0.886875,-0.286804,0.145582,0.306364,0.449212,0.768962,1.21539,1.69215,2.12674,2.49488,2.83374,3.08133,3.10934,3.00819,2.90285,2.77924,2.54496,2.25256,2.06003,2.03048,2.08292,2.10321,2.05003,1.95157,1.85273,1.78632,1.7722,1.81772,1.91786,2.04282,2.14625,2.20156,2.22115,2.23878,2.28498,2.36503,2.47045,2.58075,2.68515
-0.156474,0.117034,0.501945,1.26267,2.32075,2.3941,1.89316,1.35115,-0.33422,-1.5565,-0.735116,-0.118191,0.0057642,0.111577,0.513668,1.12993,2.21315,2.69766,3.39906,3.00603,1.59714,0.45446,0.330246,-0.480666,-1.20501,-1.44101,-0.691051,0.16029,0.620462,0.738571,1.02503,1.49206,1.99981,2.42341,2.72994,2.96764,3.20535,3.3411,3.35852,3.35426,3.27477,3.02642,2.6635,2.3594,2.2257,2.22295,2.25304,2.25526,2.23037,2.19013,2.13596,2.07629,2.04391,2.07194,2.16328,2.27505,2.36776,2.43394,2.48954,2.54939,2.59745,2.62057,2.61089,2.61397,2.66385
1.70216,0.802394,0.738392,1.14199,3.28786,3.44914,3.26854,2.56486,0.31293,-1.5305,-1.96261,-1.40433,-1.52866,-2.09964,-2.3121,-1.97119,-1.99073,-1.2381,0.356623,1.14592,0.19483,0.894166,1.86033,0.585697,-0.702734,-1.10591,-1.33804,-0.10908,0.752393,1.27871,1.82307,2.33528,2.6366,2.68854,2.65882,2.77425,2.95102,3.06397,3.03434,2.98703,2.87196,2.63439,2.34107,2.11524,1.99167,1.95414,1.96046,1.98494,2.00186,2.00448,1.97633,1.96851,2.00264,2.09756,2.18965,2.26205,2.32968,2.43311,2.57512,2.72733,2.83877,2.87716,2.83897,2.77372,2.71711
3.09979,2.02529,0.769222,0.218638,1.53062,1.48303,1.52673,1.78012,0.717147,-0.549688,-1.9287,-2.21377,-1.83503,-2.21761,-3.24346,-4.01235,-4.0262,-3.36345,-1.55094,-0.610569,-0.757051,-0.38541,2.60747,3.539,2.92041,2.32969,1.7432,0.988677,0.761846,1.47032,2.17033,2.561,2.59079,2.48155,2.47818,2.60165,2.69205,2.51304,2.33741,2.2186,2.12745,2.04306,1.98137,1.92082,1.88758,1.87883,1.91247,1.9463,1.98743,1.9856,1.9861,1.96453,2.00045,1.98028,1.97048,1.95968,2.06671,2.25346,2.51356,2.73865,2.85992,2.86131,2.77193,2.64153,2.51294
2.35714,1.54059,0.280987,-0.621051,-0.935858,-0.512989,-0.171833,0.335076,-0.0581331,-1.92935,-2.58123,-1.1861,0.228332,0.228625,-0.637411,-1.79217,0.191854,0.834044,-0.638244,-1.77538,-1.80054,-0.977339,1.04306,3.76121,4.19877,4.1984,3.37096,0.755473,0.0985273,1.00552,1.9057,2.20286,2.21025,2.38193,2.71432,2.93676,2.81806,2.62263,2.26923,2.13071,2.11049,2.14889,2.2555,2.41074,2.51051,2.57294,2.57969,2.60723,2.58316,2.61651,2.55599,2.56258,2.39474,2.35261,2.18964,2.26108,2.32032,2.59027,2.7478,2.85826,2.77275,2.55385,2.31046,2.13181,2.06142
0.587407,0.0644226,-0.766268,-1.17965,-1.46227,-0.674538,-0.508585,-0.367346,-0.925704,-2.5604,-2.71442,-0.677123,-0.0401567,1.2133,2.07692,2.45856,2.16268,1.06391,-1.45774,-2.0436,-0.796458,-0.451722,0.290664,2.38395,2.40768,1.52053,0.458012,-0.470618,-0.575707,0.76089,1.08593,1.43252,2.29043,2.89481,3.34905,3.5129,3.42235,3.45852,2.96076,2.74108,2.75132,2.76506,2.87359,3.03955,3.23841,3.3047,3.33582,3.26322,3.34125,3.3012,3.41201,3.3419,3.37824,3.1606,3.14209,3.04218,3.16048,3.11813,3.16124,2.81886,2.37917,1.96133,1.67792,1.59443,1.70024
-1.67255,-1.93074,-1.82747,-1.6554,-1.49105,-0.928622,-1.16348,-0.816953,0.0849884,-0.30317,-0.319779,0.321341,-0.589779,0.405042,2.22325,2.34985,-1.92965,-3.67945,-3.4792,-2.03133,-0.940085,-0.398602,0.605088,1.44581,1.13548,0.837417,0.541801,1.46925,1.87735,1.49614,1.27592,1.77073,2.27829,3.41202,3.9748,4.14095,4.24251,4.08427,3.64927,3.45585,3.3459,3.33918,3.27372,3.40804,3.50867,3.65497,3.63765,3.67377,3.72189,3.87726,3.90865,3.93036,4.15326,3.82907,3.95316,3.7037,3.81449,3.55561,3.43536,2.54373,1.91718,1.5363,1.4118,1.46172,1.63062
-2.63296,-2.74624,-2.85251,-2.36222,-2.41672,-1.09774,-1.91895,-1.50354,0.0630125,1.52413,1.42561,0.739921,-0.729831,-1.14255,-0.170523,0.431697,-1.63703,-2.50671,-1.21114,0.034655,0.2437,0.175833,0.663447,1.05144,1.55717,1.55847,3.03517,3.92183,4.3277,3.82939,3.50949,2.87133,2.81563,3.37673,4.1529,4.58932,4.56506,4.09371,3.9107,3.80864,3.78706,3.65983,3.62843,3.59174,3.69819,3.77383,3.94882,3.98455,4.08159,4.47692,4.31614,4.57108,4.58006,4.59961,4.46832,4.61195,4.29755,4.27314,3.57449,2.51355,1.96633,1.78564,1.80299,1.85464,1.89512
