uploads/wind/20200723/wind_field_17.json
{"header": {"parameterUnit": "m.s-1", "parameterNumber": 3, "dx":  0.051, "dy": 0.036, "parameterNumberName": "northward_wind", "la1": 45.3082, "parameterCategory": 2,"nx": 177, "ny": 123, "refTime": "2018-10-03 01:00:00", "lo1":1.38177}, "data":
[rows 29 to 57 of 123, columns 0 to 65 of 177]
4.82675,4.86695,5.06033,4.89554,4.90507,4.69572,4.44663,4.26992,4.43851,3.3573,2.69079,4.37561,5.75839,4.3012,0.948094,1.65447,0.467602,0.543862,1.35969,2.0952,2.75871,3.30699,3.22059,3.48866,4.03816,3.19389,2.83748,2.93463,3.19235,2.21647,1.72233,1.03181,2.04438,3.65418,3.07439,2.55552,2.20851,1.9736,1.95517,2.03803,2.13618,2.30039,2.49382,2.62553,2.6954,2.72464,2.75032,2.80043,2.87632,2.96436,3.05735,3.16714,3.27881,3.35024,3.36217,3.31156,3.248,3.19983,3.18921,3.20008,3.20593,3.20387,3.20016,3.17677,3.14169,3.10466
4.98289,4.57477,4.45362,4.7678,4.64061,4.24165,3.88651,4.26368,4.46716,3.60238,2.1649,3.63919,5.21733,4.64094,1.29831,0.824925,-0.153713,0.121255,1.06929,2.17531,3.25128,2.94775,3.23714,3.81225,3.46456,3.54401,3.17809,3.53452,4.01891,2.39192,1.52634,1.48579,1.62865,3.57963,2.99367,2.53022,2.14423,1.88503,1.85495,1.92551,2.08993,2.26803,2.47402,2.61258,2.68198,2.69345,2.69627,2.75448,2.88604,3.04661,3.18134,3.31464,3.44413,3.56125,3.62853,3.62569,3.55172,3.43267,3.31935,3.23614,3.18948,3.17075,3.18102,3.21201,3.2337,3.23175
5.38884,4.37889,4.62637,4.4537,4.69552,4.5279,3.9074,4.19714,3.97276,4.00813,1.99286,2.95252,5.36573,4.75246,2.31333,0.572949,0.850349,1.32738,1.84523,2.39664,3.1533,3.6517,3.43397,3.60954,3.91659,3.51028,3.49105,3.96071,4.02743,3.58814,3.84133,2.57491,2.66378,3.33678,2.90534,2.60211,2.19732,1.94903,1.96551,2.10894,2.2315,2.3853,2.50395,2.6063,2.6995,2.79745,2.8615,2.92025,3.01158,3.15397,3.29327,3.41496,3.53704,3.65952,3.75668,3.80275,3.76906,3.65898,3.50174,3.34798,3.24045,3.19328,3.18458,3.21593,3.26256,3.27167
4.39272,4.36137,3.93936,4.00693,4.39976,4.05454,3.68299,3.67365,3.43349,3.30081,1.95001,2.19852,4.15064,4.21324,1.58526,-0.263889,0.963883,2.19814,2.75409,2.80771,3.15577,3.44833,3.58873,3.21584,2.68414,3.7158,4.08817,4.25869,4.3946,3.96184,2.49392,1.99758,2.21232,3.35064,2.9429,2.71493,2.41969,2.32788,2.26642,2.36545,2.40586,2.55855,2.61014,2.63302,2.70204,2.84516,3.00786,3.11572,3.16281,3.21709,3.29054,3.38223,3.47405,3.57839,3.7046,3.81288,3.84772,3.79921,3.68225,3.54093,3.39554,3.26407,3.15714,3.0959,3.08467,3.0838
3.75785,3.63513,4.21456,3.65828,3.82024,3.64503,3.41157,2.65669,2.56466,2.98171,2.16588,1.70642,3.34117,3.4436,1.26857,-0.39137,0.299732,2.02199,3.04887,3.23606,2.84591,2.56693,2.88378,3.33575,2.53194,3.35062,4.03074,4.66816,3.35039,1.56832,0.409329,1.38129,3.05984,2.77723,2.45531,2.45988,2.39015,2.37675,2.38912,2.20731,2.27735,2.4539,2.59911,2.67387,2.72494,2.80249,2.92827,3.07004,3.17147,3.22907,3.24218,3.27306,3.31799,3.37437,3.47056,3.60214,3.7165,3.76927,3.76297,3.71753,3.61224,3.43756,3.22832,3.02925,2.87563,2.7874
3.47499,3.08251,3.31096,3.24234,3.3031,3.1949,3.01681,2.56655,2.42703,2.69499,2.5811,2.45014,3.00448,3.26014,0.703638,-0.180261,0.799798,2.36265,2.13549,1.5977,1.54899,1.41992,1.73421,3.09609,2.408,2.60469,2.88806,2.17254,1.19791,0.467702,0.712103,1.34227,2.12367,1.86033,1.99577,2.09156,2.08672,2.35802,2.31675,2.16827,2.22364,2.34493,2.48826,2.59222,2.6609,2.71586,2.77304,2.8831,3.04615,3.21934,3.28592,3.28861,3.30044,3.33743,3.38315,3.44911,3.54738,3.64913,3.72387,3.74844,3.69949,3.56927,3.36662,3.12365,2.87618,2.67568
2.7981,2.76123,2.70177,2.89582,2.79011,2.86041,3.03637,2.86033,2.69323,2.70687,2.38409,2.02118,0.681364,0.398434,-0.390535,-0.719382,-0.427639,0.694898,0.283266,-0.239365,0.347046,0.82794,1.1477,1.01619,0.507958,1.12813,0.888306,0.327034,0.199769,0.657419,1.50314,1.67718,1.59525,1.52613,1.54288,2.09273,2.41347,2.91598,2.76908,2.70778,2.63449,2.57687,2.5106,2.45867,2.42867,2.4398,2.52006,2.65034,2.82312,3.03908,3.22427,3.32396,3.35343,3.3881,3.458,3.52941,3.59561,3.67604,3.7508,3.77068,3.72003,3.60727,3.43581,3.21474,2.98161,2.76797
2.50769,2.57225,2.583,2.61143,2.83285,2.77045,2.86905,2.96262,2.88618,2.73002,2.35987,1.29306,-0.293749,-0.621154,-0.364896,-0.539014,-0.755401,-0.403217,0.341958,0.545582,1.08989,1.44279,1.32192,0.622578,0.290583,0.91905,0.432705,0.343944,0.51643,1.33116,2.45125,2.22778,1.97433,2.43259,1.69774,2.44049,2.98947,3.31276,3.40922,3.25958,3.09765,2.96187,2.78489,2.59105,2.40631,2.30748,2.36298,2.52455,2.69764,2.84512,3.00562,3.19052,3.32681,3.39201,3.45957,3.57237,3.69822,3.79852,3.86427,3.87697,3.82251,3.69956,3.51801,3.30718,3.10775,2.93837
1.58308,1.86311,2.11437,2.42001,2.42667,2.59767,2.44562,2.26196,2.62205,2.70495,3.06854,2.81997,2.48386,1.92066,1.46483,1.19761,0.679746,0.606794,1.42087,2.32681,2.70433,2.94654,2.07975,1.82634,2.13679,2.41832,2.17149,1.52082,1.58478,2.64577,3.42873,3.39244,2.90679,2.88659,3.85502,3.62317,3.39558,3.36263,3.58219,3.53929,3.40876,3.26239,3.06696,2.85165,2.67064,2.56635,2.54419,2.60202,2.69276,2.76819,2.83434,2.96085,3.1557,3.33345,3.44589,3.55831,3.71158,3.85466,3.93598,3.96216,3.93985,3.86508,3.72548,3.54734,3.37339,3.23131
0.587441,1.18468,1.75006,2.34585,2.67815,2.84243,3.02265,2.61079,2.7162,3.00712,3.22824,2.69078,3.07632,3.41663,2.63028,1.70471,1.23263,1.49218,2.04853,2.7769,3.00112,2.22122,1.64367,2.06475,2.58798,2.84016,2.23532,2.35762,2.39247,3.30355,3.10157,1.87782,0.98901,2.3853,4.72195,4.6318,3.84796,3.56395,3.71066,3.80013,3.6607,3.47167,3.31035,3.20128,3.15038,3.11819,3.05006,2.94825,2.84398,2.79612,2.79088,2.8389,2.96531,3.16894,3.38235,3.54675,3.69889,3.86334,3.97947,4.01676,4.01369,4.01004,3.97709,3.87993,3.73382,3.58488
0.509917,1.30617,1.78925,2.39832,2.7652,3.13799,3.62381,3.73008,3.56717,3.2529,2.56116,1.91239,2.38488,3.09846,2.91635,2.4416,2.47054,2.49431,2.76232,3.07746,2.7027,1.61433,0.720773,0.27306,0.259293,1.06657,1.46767,2.65045,3.20661,3.05789,2.64475,0.0297218,-0.398332,1.47515,4.3176,4.84964,4.24042,4.04588,4.03502,3.96118,3.81047,3.72171,3.67267,3.63927,3.59608,3.51108,3.39562,3.28661,3.16618,3.03465,2.92818,2.90056,2.95926,3.0948,3.28756,3.48357,3.64646,3.78349,3.90149,4.0053,4.07673,4.0964,4.09374,4.06467,3.96027,3.80822
0.915485,1.66536,2.2805,3.12854,3.28406,3.5484,3.91139,4.16984,4.08255,4.14979,3.84185,2.07737,1.64508,2.21477,2.47152,2.29918,2.31703,2.11985,2.44173,2.98799,3.26537,2.89345,1.50548,0.503518,-0.356868,-0.301208,0.497103,3.11458,3.38649,2.94271,2.375,0.867156,0.923213,2.04581,3.86126,5.05136,4.64229,4.35301,4.10418,3.90429,3.85618,3.87363,3.91017,3.9073,3.84964,3.76905,3.65993,3.54809,3.45709,3.3281,3.17046,3.07925,3.09912,3.19225,3.30187,3.43606,3.57928,3.68677,3.79243,3.92481,4.04106,4.10138,4.09401,4.04885,3.98129,3.87114
1.32521,2.05466,2.79148,3.16282,3.59706,3.78506,3.51625,3.82262,3.78813,4.80402,4.6087,3.81203,2.68495,3.17322,3.88842,3.11356,1.54574,0.774902,2.03205,1.77941,0.651915,2.10654,2.7715,3.1609,2.23259,1.13308,1.03929,2.22656,2.6844,2.25595,2.36875,2.39687,2.20378,2.28232,4.1263,5.35384,5.04687,4.5191,4.23107,4.17254,4.17984,4.1811,4.1754,4.18716,4.22261,4.25663,4.17879,3.90556,3.60441,3.41289,3.30604,3.27255,3.29434,3.35788,3.41607,3.47532,3.57682,3.71085,3.83883,3.91919,3.97897,4.06097,4.09553,4.0434,3.97257,3.90536
1.20931,2.11446,2.88555,3.57586,3.74306,3.91352,3.51721,3.19929,2.67575,3.06016,3.94952,3.90011,3.68679,2.75633,2.1218,2.5547,1.5765,1.95327,3.11834,2.01105,-0.927321,-0.190441,1.03898,2.26403,2.99855,2.81827,3.1662,3.59063,3.32858,3.55058,3.25064,2.57628,3.39655,3.67107,4.9438,5.63081,5.22962,4.93838,4.82393,4.90163,4.89622,4.87823,4.74728,4.62629,4.55733,4.45068,4.29963,3.98494,3.58094,3.3249,3.2528,3.2955,3.38695,3.49977,3.60685,3.66599,3.70548,3.77949,3.87045,3.95201,4.0179,4.06718,4.11239,4.13276,4.08041,4.00944
0.394723,1.83801,2.70568,3.18087,3.23015,3.51259,3.48415,3.26332,2.00853,1.94994,2.29392,1.35131,0.650423,-1.03546,-2.04328,-0.263817,1.83127,1.88922,2.88072,2.4856,0.186438,-0.361429,-1.13971,-0.749794,1.5982,0.914981,2.19254,2.08091,2.26411,2.41649,1.53074,1.17113,4.41836,4.80037,5.24222,5.28418,4.9196,5.08592,5.21071,5.33174,5.36965,5.36024,5.20483,4.82662,4.39732,4.00976,3.77399,3.6826,3.53534,3.38155,3.30515,3.32467,3.42299,3.56799,3.73137,3.84627,3.87287,3.84177,3.83511,3.90309,3.99993,4.06889,4.12652,4.18427,4.18877,4.11401
-0.0527205,1.31851,2.15317,2.43032,2.93186,3.0122,3.45062,3.39216,3.68334,2.76191,2.0802,-0.686231,-1.69194,-1.11314,-1.45128,-2.18452,-0.577073,-0.561263,-0.528518,0.577951,0.448537,0.204746,-0.111829,-0.108844,1.56146,-0.248497,-0.250633,-0.288938,-0.328456,0.746902,1.69357,2.01244,5.19431,5.23935,4.89095,4.62978,4.7054,5.11627,5.22028,5.36712,5.46502,5.41487,5.21522,4.68005,4.04073,3.59159,3.3974,3.51215,3.6695,3.68851,3.64723,3.62939,3.65442,3.70024,3.78222,3.89663,3.96752,3.93535,3.8686,3.84473,3.89183,3.99011,4.08481,4.12647,4.12698,4.06933
0.452534,1.497,2.08642,2.70456,3.08875,2.7629,3.4313,3.81596,4.01493,3.78079,2.14167,0.296384,1.12188,2.04173,0.853603,-0.251498,-1.87703,-2.38768,-2.06631,-0.293614,1.45586,0.709995,0.666557,1.24829,1.8305,0.751805,0.303302,-0.262862,0.00157633,1.17942,2.3127,4.51342,5.77473,5.44684,4.92076,4.90144,5.23183,5.50834,5.58163,5.38205,5.31657,5.15995,4.96986,4.62897,4.18894,3.87166,3.71771,3.77221,3.94773,4.0554,4.05082,3.99506,3.93657,3.874,3.83051,3.86275,3.93611,3.95113,3.86913,3.75869,3.72332,3.79311,3.88744,3.92851,3.91697,3.88228
2.42291,1.46532,1.66988,1.68655,2.51933,3.04095,3.66985,4.30726,4.98907,4.42624,3.05579,1.44223,-0.748297,1.90145,2.7111,0.827565,-1.03364,-1.79562,-1.02682,-0.0816834,2.41867,2.28556,2.04433,2.00378,1.91473,2.24,0.909184,0.423022,0.676577,1.81453,3.18718,5.191,6.08393,5.66073,5.43151,5.74402,6.00952,6.15356,6.20572,5.43656,5.19804,5.08919,5.07636,5.052,4.83057,4.50582,4.24263,4.10814,4.10935,4.14699,4.11916,4.02889,3.93693,3.86724,3.80293,3.75667,3.73744,3.70702,3.62288,3.51834,3.45036,3.46785,3.55251,3.64278,3.70835,3.73748
3.02501,1.69023,0.817906,0.639512,1.01525,0.934867,1.4849,2.08233,2.44304,2.35431,0.970673,0.796599,0.411404,2.38256,1.39222,0.752946,0.242153,-0.423882,-1.19912,-0.954697,1.74232,3.18574,3.02965,2.52166,3.04958,3.31674,2.26966,1.37401,1.30509,2.00226,3.60709,4.91885,6.04986,5.70962,5.5424,5.83197,6.01782,6.65809,6.14077,5.11008,4.89216,5.15078,5.48541,5.62323,5.37784,4.92375,4.52346,4.28743,4.19405,4.07461,3.89841,3.73998,3.6685,3.67384,3.6599,3.55429,3.40666,3.29845,3.24239,3.22308,3.20954,3.22696,3.32934,3.48192,3.6158,3.68174
2.27032,0.484185,-0.557388,-1.11854,-1.69243,-1.97187,-1.96951,-1.57519,-1.55174,-1.08312,-2.042,-1.01431,1.66128,0.634035,-0.843496,0.616457,1.13056,0.0110187,-0.877893,-0.599989,0.609916,1.43049,1.85836,2.16124,1.99848,2.32205,1.86717,1.60801,1.68845,1.27443,3.50752,4.3016,5.29334,5.24747,5.11096,5.07775,5.25539,5.98158,5.54454,4.50888,4.29539,4.63093,5.38716,5.84982,5.57691,5.05636,4.65997,4.46486,4.35057,4.1016,3.75224,3.50968,3.44741,3.4645,3.42507,3.30205,3.16605,3.09286,3.0766,3.09984,3.1562,3.23466,3.35107,3.48524,3.57887,3.60053
0.0891061,-1.32963,-1.88001,-2.25851,-2.78256,-2.1052,-1.69627,-1.36504,-1.81306,-2.05577,-1.42542,-2.09607,-2.47048,-3.05017,-2.30331,-1.67278,-1.19568,0.169579,1.02097,1.20089,1.29894,1.23258,1.71041,1.7951,1.51644,1.40352,1.01555,1.06639,1.49157,1.97093,3.21866,3.86417,4.25491,4.32094,4.38291,4.34525,4.48425,4.78685,4.6424,4.29378,4.18876,4.05388,4.53845,5.49047,5.59881,5.2157,4.85858,4.57291,4.27971,3.97825,3.65883,3.42322,3.31275,3.26499,3.23289,3.2226,3.2332,3.24603,3.24649,3.23997,3.28244,3.35663,3.41796,3.45222,3.45231,3.4289
-2.18779,-2.90056,-3.41628,-2.79738,-2.78622,-1.80831,-1.08874,-1.30016,-1.84379,-1.71584,-0.621333,-1.36971,-1.97089,-2.27302,-2.75582,-2.64874,-2.084,0.419503,1.84202,2.16348,2.76482,3.06926,2.82841,2.29024,1.93362,1.39575,1.4523,1.66001,1.93,2.41384,3.48889,3.9822,3.83397,3.63697,3.6437,3.85335,3.94385,3.95688,3.92515,4.29876,4.51867,4.22347,3.95565,4.81485,5.54774,5.51064,5.07894,4.50119,3.94833,3.64725,3.44262,3.25037,3.13251,3.14042,3.24969,3.39414,3.51724,3.58496,3.59831,3.56268,3.51688,3.47476,3.41212,3.33938,3.27896,3.23794
-3.52846,-3.74209,-3.59906,-3.38031,-3.12171,-2.03833,-1.87746,-2.33141,-2.92171,-3.23069,-1.96966,-1.02442,-1.3041,-1.41906,-1.75131,-1.04828,-0.613467,0.314018,2.08094,2.5407,2.90393,3.16978,3.01126,2.89329,2.71524,2.33808,2.55421,2.76598,2.97303,3.02215,4.03734,4.42929,3.99424,3.53332,3.26346,3.35095,3.41777,3.54344,3.73764,4.18451,4.572,4.55466,3.99283,4.41684,5.44721,5.65398,5.11752,4.35449,3.69677,3.33275,3.14298,3.02866,3.00568,3.10531,3.28534,3.47809,3.6377,3.74295,3.80378,3.81124,3.72898,3.58122,3.41801,3.28928,3.21645,3.16892
-2.5201,-2.59319,-2.89602,-2.85085,-3.34394,-2.54627,-2.77763,-2.64358,-2.95065,-3.46326,-2.29345,-1.2159,-0.331757,-0.118541,-0.392427,-0.779412,0.475396,1.0254,1.77883,2.25419,2.84374,3.39861,3.40752,3.01107,2.81959,2.84468,3.04616,3.11574,2.90632,3.20092,4.39176,4.96859,4.42593,3.70683,3.12314,2.79529,2.77916,3.2889,3.61787,3.93228,4.41065,4.65125,4.23874,4.07999,4.89209,5.2178,4.7433,4.01819,3.41837,3.0279,2.86328,2.8394,2.84169,2.85032,2.91079,3.03505,3.19363,3.34475,3.47388,3.57876,3.59045,3.49313,3.3515,3.23996,3.18782,3.15673
-1.0419,-1.1979,-1.92929,-2.6628,-3.02888,-3.24568,-3.24014,-2.59752,-1.8707,-1.46249,-1.60027,-0.900507,0.104336,1.47316,1.93257,2.17179,2.04649,2.02961,2.28753,2.4971,2.70461,3.0308,3.40463,2.99318,3.01533,2.84437,2.99275,3.32695,3.62101,2.08707,4.49404,4.9417,4.16136,3.32364,2.74119,2.38553,2.41415,2.9708,3.33842,3.61611,4.03665,4.38024,3.87229,3.0557,3.42244,3.96731,3.86953,3.43684,3.04426,2.79441,2.70145,2.70532,2.66788,2.54799,2.43973,2.43262,2.52755,2.65912,2.76928,2.86367,2.94419,2.98739,2.97879,2.93934,2.90036,2.85852
-0.493762,-0.790765,-1.49424,-1.97746,-2.55814,-2.40496,-1.80765,-2.23895,-1.71366,-1.73786,-2.23198,-0.955408,-0.00227276,1.21881,3.01623,3.85785,3.10262,2.79481,2.65845,2.55754,2.68627,3.17025,3.20982,3.49398,3.26157,3.19748,3.63565,4.25873,4.31033,3.88193,3.42645,3.89352,3.10473,2.63062,2.48603,2.43135,2.55892,2.77298,2.92944,3.1183,3.47546,3.16862,2.29592,1.76868,1.89881,2.66263,3.08154,3.10837,3.05108,3.01781,3.01109,3.04196,3.03971,2.94389,2.80387,2.71737,2.70271,2.71177,2.68246,2.60511,2.54156,2.54774,2.57113,2.52501,2.39661,2.22955
-0.365613,-1.03374,-1.49239,-2.01667,-2.2145,-2.42991,-1.85688,-1.90667,-1.79329,-2.12252,-2.36196,-1.21812,0.537499,1.4938,2.29134,2.67895,2.40001,2.63108,2.58601,2.7705,2.77585,2.44613,2.76135,3.27477,3.14942,3.1443,2.52857,3.21536,4.756,4.23413,3.12758,3.15312,3.05028,3.03881,2.84496,2.80069,2.69658,2.44663,2.48866,2.44367,3.26173,2.22844,1.44954,1.53723,1.66497,2.25675,2.95587,3.37917,3.60752,3.73023,3.79916,3.86717,3.9096,3.87419,3.78176,3.69975,3.62693,3.53154,3.37797,3.14644,2.88745,2.70732,2.60725,2.45341,2.18226,1.87667
-0.481079,-1.29852,-1.60425,-1.7492,-1.83282,-2.42824,-2.70823,-1.63657,-1.88163,-0.966398,-1.5153,-1.90913,-0.510059,1.34252,1.59935,1.62446,1.76351,2.16355,2.22814,2.32262,2.49391,2.31045,1.75548,1.83306,2.13984,1.5714,0.677279,0.28792,2.67897,4.34622,3.09628,3.83528,3.93085,3.78737,3.44758,3.15245,2.63498,2.21241,2.34766,2.36706,3.13125,2.67695,2.39275,2.36451,2.30352,2.59137,3.25817,3.85293,4.21529,4.38985,4.42545,4.37494,4.29505,4.21411,4.12686,4.046,3.96111,3.85196,3.69929,3.48779,3.23406,3.0152,2.86343,2.6969,2.43872,2.1638
-1.33047,-1.89967,-2.145,-1.95831,-2.05601,-2.17627,-2.85232,-2.15479,-1.96962,-0.906826,-0.392426,-0.673287,-1.00296,-0.165638,0.902547,1.28865,1.41794,1.354,1.46675,1.03734,1.09225,0.944204,0.106506,-0.259506,0.341469,0.475594,-1.22606,-3.62954,-0.848871,3.58552,3.3268,4.54571,4.48136,4.25674,3.90898,3.43197,2.90733,2.64746,2.88793,2.95015,3.23103,3.53827,3.62133,3.3237,2.93717,2.97289,3.40445,3.92849,4.30324,4.41562,4.30996,4.08231,3.8933,3.80478,3.73843,3.63866,3.53846,3.46261,3.39269,3.2984,3.1675,3.03548,2.92499,2.84865,2.79151,2.70364
