uploads/wind/20200723/wind_field_04.json
{"header": {"parameterUnit": "m.s-1", "parameterNumber": 2, "dx": 0.051, "dy": 0.036, "parameterNumberName": "eastward_wind", "la1": 45.3082, "parameterCategory": 2,"nx": 177, "ny": 123, "refTime": "2018-09-30 00:00:00", "lo1":1.38177}, "data":
[rows 56 to 83 of 123, columns 0 to 63 of 177]
-1.07259,-1.60938,0.134175,0.082836,0.568496,1.76947,2.06853,2.30579,2.75983,4.06469,4.31524,2.44013,0.22835,-0.375776,0.478639,3.08043,4.6871,5.8751,4.44161,4.06978,4.6122,4.79672,5.63393,3.97331,-1.39206,-2.23654,2.29081,4.44416,4.13528,2.11553,0.559618,1.17244,2.21577,1.98515,0.917327,0.183967,-0.343489,-1.08166,-1.33139,-1.15509,-1.26957,-1.88641,-2.32001,-2.36448,-2.25005,-2.13502,-1.94062,-1.61846,-1.24549,-0.939326,-0.730893,-0.606327,-0.567906,-0.542767,-0.4166,-0.205846,0.0353704,0.321924,0.55899,0.660071,0.767,1.0082,1.32443,1.65885
1.28487,0.690511,0.134053,0.0808794,0.218377,1.47031,2.24342,2.55198,1.95344,3.41403,4.38501,2.97936,1.22489,0.941445,1.10312,2.21364,5.37457,6.14321,4.86729,3.45139,3.6852,3.72357,4.95981,4.01731,0.962364,-0.423627,1.73578,3.36327,3.29849,1.9474,0.803759,1.36139,2.16706,1.74603,0.722194,-0.0996301,-0.518458,-0.840995,-1.22072,-1.25491,-1.10038,-1.45769,-2.04338,-2.29761,-2.19765,-2.00519,-1.75856,-1.4473,-1.11015,-0.806602,-0.58101,-0.443476,-0.412008,-0.409129,-0.284055,-0.0263361,0.277403,0.597466,0.8978,1.06667,1.12476,1.2352,1.47831,1.82834
1.15858,1.0059,0.293622,0.228398,0.38475,1.1331,2.39126,2.4592,2.21435,2.56142,4.12116,3.31307,2.61365,2.48548,2.40161,3.45996,5.00052,5.7187,5.51323,3.94787,1.83428,1.54341,2.61848,2.84337,2.62544,1.91368,2.38223,2.62797,1.8355,0.872856,1.2799,1.52885,2.09345,1.6843,0.918254,-0.122012,-0.981476,-0.946221,-0.826838,-0.980034,-0.822317,-0.850394,-1.41579,-1.95239,-2.06547,-1.90401,-1.64687,-1.37567,-1.11887,-0.872813,-0.63666,-0.424211,-0.276045,-0.151269,0.0519217,0.34119,0.65134,0.944061,1.2081,1.39192,1.48425,1.57985,1.76626,2.02916
1.86099,1.1451,0.541997,0.327073,0.529173,1.17001,1.67933,1.50487,1.30626,2.89424,3.75746,3.48065,3.11055,2.96373,3.07089,3.22241,3.92388,4.44785,5.44005,4.05755,0.966432,0.79402,1.85698,1.60903,2.32664,2.39546,2.14075,1.99331,1.84176,1.172,1.33017,1.37641,1.51007,1.43785,1.13941,0.126785,-1.19037,-1.48021,-0.889746,-0.500878,-0.495241,-0.46361,-0.704183,-1.39277,-1.83309,-1.88132,-1.71359,-1.46826,-1.20835,-0.930525,-0.63252,-0.338183,-0.0722914,0.214968,0.549329,0.853543,1.09173,1.29454,1.48316,1.63497,1.74465,1.8444,1.94316,2.02513
0.281968,0.0645674,0.604934,0.643211,0.597554,1.11504,1.30615,0.913342,1.42728,2.70055,3.75522,3.61561,3.30719,2.73937,2.09535,2.12349,2.90752,3.92889,4.4841,2.23134,0.551306,0.637268,1.8474,1.19999,1.89379,1.98149,1.66485,1.84942,2.38495,1.39252,0.727933,0.579636,0.687261,1.16682,1.25597,0.379412,-0.978071,-1.71858,-1.35199,-0.543117,-0.199233,-0.366829,-0.457014,-0.796776,-1.50287,-1.78868,-1.76188,-1.52821,-1.19311,-0.759516,-0.363889,-0.00577592,0.315808,0.662876,1.03895,1.32203,1.46193,1.52788,1.61677,1.74802,1.88788,1.98655,2.01423,2.00994
0.983789,0.770871,0.58622,0.548038,0.56592,0.829315,1.27162,1.43437,1.65712,2.42573,3.53939,3.70478,2.51657,2.28704,2.64319,1.96968,1.86309,2.91272,2.7201,0.627232,0.0960459,0.717804,1.97879,1.6955,1.60611,1.33526,1.13453,2.02351,2.52075,1.36715,-0.109393,0.309086,0.861202,1.03336,1.22536,0.444178,-0.759289,-1.58939,-1.68186,-0.914621,-0.168602,-0.354706,-0.597553,-0.642128,-0.95746,-1.51102,-1.65346,-1.46198,-0.986941,-0.413831,0.0928842,0.516347,0.837954,1.12761,1.43519,1.65014,1.68861,1.62939,1.63755,1.78061,1.98075,2.11604,2.16608,2.21333
0.441377,0.328714,0.561275,0.722432,0.754856,1.27111,1.56075,1.80365,1.89093,2.71929,3.53486,2.73545,2.18486,2.7571,2.95124,1.98932,1.19602,1.20188,0.741233,0.287585,0.366853,0.86318,1.51317,1.01549,0.965427,1.12592,1.45362,1.92193,1.33895,-0.00172578,-0.0782696,0.463507,0.660131,1.09202,0.93473,0.32734,-0.768338,-1.37969,-1.69267,-1.26208,-0.164121,0.110123,-0.396952,-0.596355,-0.696571,-1.02959,-1.35658,-1.21098,-0.726504,-0.109863,0.531174,1.03821,1.31871,1.53969,1.75565,1.8846,1.85459,1.7329,1.70592,1.86726,2.10703,2.26462,2.34134,2.42904
0.270679,0.368768,0.58076,1.00653,1.55436,1.87644,1.94854,1.97348,2.17638,2.72032,2.78257,2.27672,2.08929,2.32914,2.69275,2.10727,0.504883,0.323674,0.322423,0.340424,0.490434,0.534209,0.231048,0.293645,0.544433,0.865987,1.35154,1.37249,0.97951,0.0618438,0.134197,0.60962,0.64017,1.11552,1.07922,0.0757417,-0.951861,-1.36392,-1.40823,-1.21902,-0.410403,0.409832,0.593129,0.0478799,-0.417863,-0.696987,-0.919707,-0.790919,-0.34245,0.27585,0.893437,1.33549,1.60452,1.78784,1.94411,2.03569,2.02243,1.9402,1.92062,2.03993,2.21021,2.33995,2.44344,2.5592
0.00122284,0.265628,0.54924,1.1783,1.91675,2.1602,2.13831,2.1657,2.5205,2.74494,2.37295,1.84974,1.76743,2.1582,2.21813,1.01403,-0.00497073,0.217831,0.402494,0.381355,0.372237,0.358471,0.361498,0.482227,0.233573,0.469143,1.20679,1.31712,1.17895,0.780209,0.605916,0.59417,0.709204,0.978777,1.32964,0.00427372,-0.969904,-1.34961,-1.13513,-0.842774,-0.391875,0.143423,0.840238,1.1213,0.7303,0.0444484,-0.302902,-0.271162,0.059257,0.607626,1.10971,1.46529,1.71911,1.92549,2.07343,2.16445,2.20976,2.21044,2.22412,2.28776,2.36472,2.43885,2.52,2.5873
-0.36608,0.0184915,0.499851,1.4155,2.04753,2.20624,2.14592,2.24202,2.46304,2.4633,1.90092,1.05859,1.3473,1.6013,1.37679,0.474597,-0.0229039,0.0796,0.206153,0.516026,0.511119,0.388382,0.481329,0.407313,0.646299,1.79024,2.27767,1.20461,0.467584,0.475992,0.858287,0.730503,0.732055,0.958544,0.764525,-0.432233,-1.27293,-1.24781,-1.18687,-0.745775,-0.102242,0.227679,0.46193,0.535437,0.679378,0.664044,0.642133,0.783862,0.841701,0.87013,1.03455,1.46766,1.86513,2.1608,2.33662,2.46004,2.54355,2.56624,2.50939,2.38852,2.28903,2.29262,2.34343,2.37824
-0.651123,-0.158523,0.504352,1.35015,1.93853,2.10027,2.14236,2.25033,2.27583,1.32198,0.681597,0.749759,1.16062,1.29134,1.2363,0.871139,0.387514,-0.0753936,-0.322132,-0.186338,-0.0831327,-0.250995,-0.340735,-0.252034,0.351128,1.15807,2.00921,1.41995,0.656571,0.438672,0.554068,0.669031,1.15696,0.715235,0.0713222,-1.00211,-1.50635,-1.36607,-1.05083,-0.714553,-0.638716,0.43997,0.68776,0.473674,0.43012,0.577682,0.610069,0.624186,0.685385,0.718246,0.816043,1.05964,1.354,1.59904,1.80288,2.00598,2.13022,2.02705,1.65018,1.40447,1.45428,1.60297,1.88547,1.98848
-0.474842,0.0352045,0.598492,1.30931,1.81585,2.02225,2.13905,2.21036,0.969593,-0.284486,-0.0447381,0.999281,0.915057,0.224391,-0.0930338,0.135273,0.0506702,-0.629312,-0.789822,-0.248001,-0.150574,-0.576089,-0.5022,-0.30883,0.316625,0.623139,0.625691,0.785328,1.07096,0.679776,0.706973,1.24646,1.24575,0.839297,-0.550278,-1.21338,-1.30549,-1.40366,-1.40611,-0.849596,-0.0603603,0.925879,1.24589,0.920952,0.932762,1.02527,0.997975,0.936515,0.819729,0.70109,0.731731,0.764421,0.748567,0.817733,0.942814,0.99191,0.90754,0.845672,0.833108,0.946131,0.902009,1.22674,1.05843,1.23869
-0.330177,0.238192,0.660138,1.22749,1.74555,1.88381,1.91602,1.26712,-0.127023,-1.26181,0.113765,1.04061,0.2479,-0.947451,-1.29781,-1.25977,-1.05645,-1.28928,-0.845811,0.131996,0.15305,0.0613562,0.226676,0.0177122,0.219726,0.641162,1.23636,1.23941,1.24036,0.481085,0.537817,0.962376,0.359083,-0.442934,-0.550658,-0.963594,-1.24193,-1.75701,-2.00218,-0.485629,0.4833,0.791678,0.717873,1.32992,0.999845,1.16348,1.21732,1.33467,1.24741,1.02978,0.882452,0.739426,0.657534,0.797105,0.913837,0.76373,0.453664,0.509285,0.811899,0.858177,0.79933,0.786962,0.341679,0.455548
-0.570858,-0.0170625,0.638115,1.15324,1.60014,1.62099,1.56033,0.646427,-0.734221,-1.10447,-0.0327374,0.619036,-0.606391,-2.13661,-2.58558,-2.05959,-1.60373,-1.84841,-0.555185,1.56918,1.08424,1.01554,2.16115,1.79451,0.922089,1.45233,1.82996,1.85115,1.56807,0.916951,0.528767,0.0818872,-0.570052,-0.653763,-0.347651,-0.769179,-1.36674,-1.9139,-2.25345,-1.10946,0.658844,1.12986,1.12123,0.960443,1.21825,1.46983,1.28745,1.58828,1.36503,1.05345,0.872304,0.742006,0.717717,0.95222,0.995754,0.693475,0.326847,0.459218,0.633535,0.740875,0.681537,0.371085,0.246382,0.703306
-0.374838,0.148494,0.640341,1.02841,1.3261,1.41387,1.24397,0.81013,-0.149005,-0.905729,-0.653775,-0.843396,-1.73894,-2.32074,-2.33029,-1.89752,-1.49149,-1.58542,0.448482,2.28566,1.20532,0.604647,2.15306,2.48388,1.89792,1.13376,0.719962,1.69047,2.33447,1.72776,0.0552192,-0.266509,-0.0713406,-0.212859,-0.318652,-0.625702,-1.03001,-0.8528,-1.31837,-1.59457,-0.110443,0.768722,1.21186,1.43424,1.5141,1.86654,1.68892,1.98747,1.66729,1.14952,0.806615,0.604093,0.661753,0.936851,0.86851,0.385317,0.265917,0.279906,0.470455,0.468958,0.530146,0.323317,0.42324,0.765177
0.193692,0.619408,0.634325,0.900781,1.01854,1.04627,0.877462,1.17169,0.902121,0.0574751,-0.658677,-1.0033,-1.30548,-1.92248,-2.11022,-1.46532,-0.887487,-0.698744,0.387843,0.4843,-0.60002,-0.794121,0.394775,1.40008,1.68639,1.48386,0.659809,1.54772,2.74195,1.34737,-0.857068,-0.111186,1.1361,0.624931,-0.252562,-0.648895,-0.741077,-0.332726,-0.652111,-1.21895,-0.838568,0.451029,1.60279,2.14825,1.45261,2.18615,2.6524,2.00251,1.77748,1.25355,0.903531,0.489762,0.545517,0.652676,0.597576,0.300768,0.369077,0.343146,0.0684067,0.200608,0.291707,0.443508,0.615645,1.12076
0.131488,0.322962,0.578487,0.712558,0.758533,0.67823,0.503674,1.10045,1.4246,0.372566,-0.472269,-0.937356,-1.66732,-2.01406,-2.05812,-1.8877,-1.23166,-1.45417,-1.29282,-1.63815,-1.05628,-0.533359,0.161104,1.23321,1.61814,1.74868,1.79441,1.441,0.70954,-0.00432757,-0.998839,0.204851,1.88649,1.08481,-0.0469862,-0.515682,-0.216814,0.705037,0.749153,-0.411686,-1.28281,-0.287809,1.94224,3.64559,3.14208,2.05906,1.90089,1.4164,1.68735,1.29968,0.884876,0.763143,0.194632,0.355487,0.588589,0.650431,0.754863,0.326277,-0.0522584,-0.112787,0.055806,0.406454,0.791322,1.221
0.232526,0.276932,0.479205,0.665409,0.689352,0.466603,0.231452,0.66582,1.45713,1.36033,0.352118,-0.698476,-1.82008,-1.30159,-1.22999,-2.57747,-2.53732,-2.4798,-2.41492,-2.20398,-1.08503,0.150352,0.308957,0.609791,1.63413,1.94384,1.72137,1.01365,0.25449,0.880606,1.76021,0.851537,0.504971,0.458878,0.108468,0.133571,0.604006,1.8029,1.65864,0.105693,-2.11086,-0.785242,1.25773,3.07562,2.94879,2.41725,1.3522,1.62741,1.65968,1.62534,1.3127,1.15915,0.82704,0.522415,0.527703,0.754052,0.718493,0.266198,-0.0509142,-0.10354,0.0198829,0.353849,1.04214,1.49885
1.03003,0.929543,0.395288,0.486182,0.475139,0.287845,-0.0413243,0.388548,1.31543,1.97538,1.67579,-0.118958,-2.22684,-0.911236,-1.20091,-2.48762,-2.8205,-2.47336,-2.56052,-2.44895,-1.88209,-0.52933,0.8151,0.745965,0.103301,-0.0242244,-0.15221,0.245013,1.35422,2.9967,3.33152,1.5657,-0.113278,-0.924832,0.0287691,1.48446,1.52984,2.22742,1.27871,-0.0431628,-2.22464,-2.03784,0.619218,3.08752,3.51012,2.74637,1.41501,1.55449,1.63545,1.7193,1.26921,1.13723,0.841566,0.689881,0.412853,0.543432,0.795324,0.669685,0.258603,0.117738,0.043439,0.500306,1.15591,1.4143
0.460281,0.419011,0.208465,0.265957,0.154762,-0.173933,-0.160857,0.642403,1.81717,1.78591,0.220025,-1.73795,-2.39846,-2.26709,-2.08878,-2.41148,-2.95671,-2.27578,-2.01983,-2.36917,-2.50692,-1.7428,0.0203687,1.14367,1.23201,0.620689,-0.406929,0.221635,2.55534,3.41736,2.82545,1.94608,1.41242,-0.731246,-0.2273,2.2309,2.66791,1.60718,0.986894,0.124863,-0.58649,-1.39013,-0.711787,1.92558,2.68222,2.62364,1.51259,1.36,1.63213,1.61676,1.17524,0.772242,0.91949,0.886264,0.3268,-0.193061,0.621672,1.23562,1.30905,0.681573,0.290447,0.407718,0.492509,0.71573
-0.142587,-0.110402,0.0840284,0.0744359,-0.0299474,-0.0209425,0.351858,1.02556,1.13008,0.176164,-1.0277,-2.25497,-2.27613,-2.64923,-2.78629,-2.75505,-2.86012,-2.27872,-2.21641,-2.39796,-2.694,-2.74646,-1.10646,0.394133,2.36715,2.85391,2.23486,2.31506,2.63932,2.48377,1.93972,2.26037,2.47874,-0.269987,-0.00795835,2.65563,2.58995,0.481061,-0.54736,0.0247473,1.10455,0.328013,-0.204752,1.5325,2.61346,2.81359,2.12256,1.23021,1.28022,1.69172,1.15297,0.679946,0.836063,0.927973,0.239094,-0.499153,-0.198737,1.06142,2.16179,2.04082,0.876301,0.559506,0.534284,0.286211
-0.335752,-0.287578,-0.00956696,-0.105477,-0.125781,0.175668,0.221439,-0.111357,-0.2609,-0.051756,-0.520213,-2.03059,-2.30852,-2.53116,-2.96571,-3.14118,-2.78703,-2.16314,-2.06945,-2.41477,-2.23076,-2.34868,-1.42744,0.642892,2.29171,3.64014,4.07792,4.31851,2.71127,1.73296,1.88126,2.49792,1.92652,-0.531047,0.0283034,2.38995,1.4017,-0.75774,-1.49239,0.0427243,2.11108,2.15326,0.634885,2.1863,2.47474,2.91845,2.28372,1.75964,1.57434,3.26639,2.17897,0.914696,0.678003,0.60338,0.865429,0.17773,-0.343084,0.393877,1.75398,2.65514,1.95592,1.45093,1.00875,0.39668
0.242607,0.207178,-0.0678681,-0.244517,-0.342132,-0.313325,-0.614167,-0.907775,-0.552298,-0.0269444,-0.46579,-1.86313,-2.36622,-2.54795,-3.09628,-2.8571,-2.16896,-0.717656,-0.714697,-1.95399,-2.44999,-2.137,-0.585796,1.88335,2.55453,2.98042,4.207,4.58698,3.15159,1.83306,2.32832,2.1089,0.655869,-1.26836,-0.291722,1.48178,0.240084,-1.43318,-1.61633,0.315991,3.04275,3.47199,2.69518,1.90917,2.54988,1.86368,2.50082,2.42675,1.91675,2.88723,1.96793,0.419496,0.130097,0.786285,1.07999,0.867347,0.450404,0.181495,1.0755,1.52193,2.40624,2.02879,0.971803,0.344496
0.17095,0.139117,-0.247419,-0.485553,-0.73449,-1.00919,-1.33566,-1.08842,-0.693551,-0.842066,-1.93054,-2.29243,-2.2524,-2.54969,-2.67898,-2.5623,-2.19512,-1.47737,-0.616321,-0.965394,-1.06801,0.336906,2.60613,3.11807,2.45217,2.84948,4.20298,4.23241,1.9447,0.992488,1.53366,0.593371,-0.385403,-1.89372,-1.27171,0.348092,-0.423399,-0.981338,0.596311,1.71773,2.86838,3.57734,3.3914,1.93846,1.1138,1.35012,2.48624,3.08249,2.65604,2.16357,2.08941,0.111988,-0.207961,1.39713,1.55187,1.48526,1.10917,0.853411,0.483796,0.860461,1.45442,1.80192,0.850425,1.02518
-0.0637046,-0.114406,-0.584548,-0.795026,-0.932779,-1.12981,-1.43745,-0.959074,-0.583638,-1.11383,-2.17112,-2.38852,-2.46908,-2.45709,-2.75085,-2.88152,-2.55057,-2.05453,-1.10432,-0.886487,0.0424403,2.71382,3.91045,2.09538,0.983715,2.08936,3.91828,2.68008,0.171749,-0.039166,0.0812561,-0.31604,-0.988837,-2.25825,-1.97543,-1.39706,-0.875287,0.341793,1.99049,2.92993,2.68845,3.15737,3.76516,3.28457,1.23211,0.797363,2.06947,3.29496,3.1699,2.6136,0.910196,-0.0296456,0.52745,1.89279,2.3552,1.24908,1.11655,1.0924,1.30657,1.28957,1.4427,1.34518,0.963238,1.71446
-0.6265,-0.592154,-0.891431,-0.961046,-0.943634,-0.873673,-0.868136,-0.71459,-0.200996,-0.606412,-1.72347,-2.21626,-2.29346,-2.19504,-2.54493,-2.7631,-2.51147,-1.97616,-0.589217,0.234869,1.27165,3.57825,3.03775,0.377672,0.855558,3.03805,2.90002,0.439846,-1.54485,-0.270546,0.496255,-0.166553,-1.13565,-1.32939,-1.76831,-1.87815,-0.44597,1.47582,2.53013,2.74959,2.48805,2.36535,3.02898,2.97648,1.02139,0.394796,2.12685,2.85462,2.72346,2.61698,0.71295,0.149224,0.886282,2.30248,1.0695,0.427525,0.444152,1.12571,1.60789,1.85243,1.71951,1.88108,1.25014,2.22647
-1.33085,-1.28959,-1.14367,-1.03193,-0.994742,-0.997749,-0.672846,-0.425971,-0.20075,-0.355788,-1.07635,-1.51664,-1.45028,-1.51978,-1.92289,-2.26838,-2.13341,-1.23451,0.367496,1.32192,2.29198,2.43891,1.95486,1.27827,2.81992,3.63405,2.00696,-0.518275,-2.02461,-1.30813,-1.38863,-1.81411,-1.50549,-0.556907,-1.50693,-1.99506,-1.00128,0.677503,1.70781,1.47386,2.66636,2.059,2.89844,2.71008,1.02287,0.531447,2.49595,2.69471,2.17274,2.06414,1.02572,0.685776,0.961148,2.03762,1.0293,0.472947,0.515331,1.14011,1.74961,2.1057,2.1336,0.933043,0.692244,2.63898
-0.87899,-0.924865,-1.08298,-1.06045,-1.293,-1.61961,-1.26775,-0.689962,-0.177949,-0.359768,-1.09854,-1.3064,-1.28776,-1.60044,-2.17627,-2.27193,-1.71097,-0.900762,-0.178393,0.338979,0.215266,0.353126,1.05684,2.59338,2.76068,2.74864,1.41141,-0.0788803,-2.17896,-1.6636,-1.79597,-2.41517,-1.07536,-0.0443755,0.018539,-0.809946,-1.88268,-0.852856,0.516831,1.70596,2.42207,2.57848,2.15594,0.889633,-0.181687,0.524063,2.54174,2.10811,1.48477,1.35129,1.11987,0.618315,0.828033,1.68566,1.27136,0.949434,0.674018,0.705719,0.857669,1.38318,1.70542,0.649306,1.01771,3.22696
