uploads/wind/20200723/wind_field_01.json
{"header": {"parameterUnit": "m.s-1", "parameterNumber": 2, "dx": 0.051, "dy": 0.036, "parameterNumberName": "eastward_wind", "la1": 45.3082, "parameterCategory": 2,"nx": 177, "ny": 123, "refTime": "2018-09-30 00:00:00", "lo1":1.38177}, "data":
[rows 58 to 86 of 123, columns 64 to 127 of 177]
0.60467,0.501828,0.154347,-0.220333,-0.566109,-0.999896,-1.44773,-1.66994,-1.56301,-1.21451,-0.502965,0.228041,1.04519,1.65368,1.97688,2.01439,1.76101,1.28298,0.89107,0.849053,0.917076,0.715122,0.726154,1.90946,2.29556,3.14367,3.81208,4.03725,4.52338,2.32972,3.70507,4.61707,5.30979,6.14032,6.27466,5.60335,5.44031,5.88133,5.47604,4.42442,3.88148,4.07661,4.48224,4.8704,5.29255,5.14241,5.06068,5.42197,5.4289,5.53629,5.56073,5.42139,5.62676,5.56776,5.44145,5.3696,5.4265,5.89038,5.41761,4.90048,5.28855,5.21501,4.72113,4.31869
0.866568,0.686711,0.412608,0.203161,-0.12893,-0.776777,-1.59146,-2.11758,-2.14492,-1.75398,-0.96269,0.0502047,1.09941,1.90891,2.42564,2.63523,2.34285,1.6247,1.05333,0.596247,0.105312,0.0222846,0.868673,1.59227,1.88964,2.22988,2.86831,3.63496,3.0485,1.82217,1.95864,2.85204,4.69356,3.6378,5.08663,5.99957,6.21879,6.38884,5.69649,4.56437,4.51729,4.4607,4.10283,4.34604,4.57107,4.86338,5.07784,5.10943,5.66259,5.41795,5.06243,5.49558,5.34253,4.88489,4.79929,5.09015,5.61898,5.57624,5.57617,5.04143,4.42616,4.80228,4.73402,4.3981
1.0536,0.832147,0.734809,0.687757,0.347224,-0.666778,-2.07551,-2.89634,-2.7854,-2.06386,-1.01019,-0.0173345,1.09229,1.99996,2.53356,2.56528,1.92592,1.06163,0.112541,-0.512769,-1.13409,-0.458257,0.00258173,0.0712193,1.00001,2.34,1.94925,0.992457,1.02146,1.03912,1.31904,1.75438,2.35171,2.60349,2.99929,2.75427,3.63343,4.13391,4.83931,5.21266,4.7585,4.28443,4.55686,4.49081,4.27005,4.3155,4.48277,4.98379,5.34634,5.60337,5.47572,5.14645,5.07222,5.14458,5.00854,5.13917,5.43179,5.61182,5.20663,4.75073,5.1055,4.81099,3.97968,3.52866
1.18196,0.947009,1.00499,1.02886,0.560508,-0.981251,-2.84417,-3.54804,-3.06382,-2.06649,-0.886752,-0.126215,0.880326,1.86407,1.65843,0.359546,-0.398707,-0.430291,-0.156154,-0.453531,-1.23867,-1.48973,-1.88266,-0.99015,1.45339,3.77486,3.08319,-0.199842,-0.865019,0.24788,1.09242,0.314681,1.29597,2.49611,2.87504,2.49025,2.38959,1.49084,2.60638,3.05422,3.90776,4.16441,4.43088,4.21388,4.0445,4.66497,4.89332,4.55905,4.38415,4.77089,5.27603,5.16473,5.22157,5.1348,5.33406,5.41527,5.15025,5.2804,5.3012,4.99355,4.65167,4.45975,3.57223,3.00121
1.2425,1.02993,1.1339,1.05696,0.199119,-1.73741,-3.35423,-3.70118,-3.04075,-2.02251,-0.968205,-0.300996,0.218109,0.632283,-0.153905,-0.660078,-0.463975,-1.07774,-1.25471,-0.74583,-0.557513,-2.03876,-3.06173,-0.933567,3.09876,4.33838,3.86918,1.84209,-0.974445,-0.935975,-0.711611,-0.731422,0.589713,3.30847,4.19416,3.30604,2.3964,3.38757,3.56164,2.36684,2.40521,3.17449,3.67467,3.9567,4.52371,4.57187,4.26057,4.34066,4.47214,4.52965,4.76748,4.98624,4.8754,5.0991,5.49749,5.49429,5.30181,5.27041,4.59811,3.96884,4.5922,4.87413,4.09487,3.98499
1.30128,0.971397,0.832388,0.414643,-0.662659,-2.35031,-3.41646,-3.4987,-2.85225,-1.97696,-1.21175,-0.550512,-0.163633,-0.0311316,-0.184882,0.398723,0.406362,-0.963919,-1.87505,-1.74051,-1.10066,-1.52806,-1.73721,1.00222,3.52454,3.2885,3.33702,3.59648,1.36344,-0.932815,-1.2447,-0.514293,0.370812,3.1276,4.74174,3.82694,2.29695,2.53018,2.88717,2.29147,1.69971,2.68157,3.17544,3.31647,3.52671,3.62603,3.80048,4.33063,4.56696,4.74478,4.9695,4.88176,4.83261,4.67994,4.65766,4.87827,4.75716,4.57961,4.79706,4.84884,4.45885,4.03763,3.48037,2.92774
1.09514,0.489769,-0.0505942,-0.620157,-1.49104,-2.52367,-3.16389,-3.14792,-2.64541,-2.03868,-1.42976,-0.925507,-0.361282,0.0732522,0.513019,0.734422,-0.171568,-1.56463,-3.38698,-2.83365,-1.33483,-0.0850729,0.319431,1.64261,3.2991,3.37262,2.83351,3.3313,3.83933,2.3846,0.723946,1.46049,1.62677,2.36826,4.07691,4.64201,4.2353,3.60054,1.83803,1.88464,2.26721,2.73119,2.87396,2.96199,3.07489,3.34306,3.73693,4.33497,4.81408,4.60272,4.65665,4.55304,4.35192,4.7328,4.54244,4.29434,4.69138,4.91704,4.51574,3.82522,3.28002,3.24889,3.64927,4.08861
0.674581,-0.398943,-0.939679,-1.41539,-2.01751,-2.61722,-3.16052,-3.13918,-2.64951,-2.0753,-1.40495,-1.14713,-0.608106,0.27796,0.143775,-1.6827,-2.02551,-1.90627,-3.52615,-3.32223,-0.787035,0.385991,1.5126,2.47261,3.655,3.84172,2.83016,3.06552,3.97487,4.08028,3.8313,3.03138,2.32634,1.4579,1.57422,3.75214,4.48774,4.3979,3.61277,3.11116,1.98307,2.6469,2.77114,2.59271,2.67655,3.16829,3.69251,3.95695,4.0624,4.11101,4.02674,4.19285,4.91195,4.74175,4.34403,4.45234,4.44909,4.50798,4.35288,4.16285,4.06606,3.87377,3.66151,3.95219
-0.169011,-0.51716,-0.722004,-1.39731,-1.65867,-1.40468,-2.22335,-1.7716,-1.42761,-1.57301,-1.14834,-1.05674,-0.564544,-0.889483,-1.40892,-2.9451,-1.75323,-0.816806,-2.72207,-3.03548,-0.886286,0.430082,1.33705,2.55649,3.05112,3.18011,3.55393,3.25867,3.6688,4.49333,4.29997,3.98312,2.51041,1.02409,0.585466,1.10891,3.28277,4.12868,4.68266,3.57784,0.934511,1.01896,1.91804,2.539,2.8828,3.16479,3.30264,3.41452,3.87148,4.06555,3.87559,3.72612,3.58703,4.04146,4.52493,4.28307,4.24764,4.34719,4.30256,4.12288,3.38474,3.18495,3.85421,4.00522
-0.0972218,0.0394322,-0.277952,-1.01063,-0.824342,-0.86132,-1.20398,-1.06369,-0.515063,-0.546586,-0.854068,-0.808078,-0.487733,-1.54295,-3.27057,-2.73139,-1.27668,-0.550894,-1.52278,-2.46088,-0.86239,1.46377,2.75484,2.93473,2.24679,2.45159,3.21738,3.22952,3.22229,3.61699,3.8215,4.16224,3.35187,0.9286,0.304358,0.748135,2.08593,3.70154,5.44707,3.735,0.389445,-0.0596648,1.24767,1.9637,2.51218,3.0353,3.34866,3.38615,3.46768,3.34803,3.17623,3.10401,2.79305,2.68441,2.7463,2.82928,3.19051,3.47172,3.62278,3.40647,3.1936,3.65621,3.9752,3.4748
0.227834,-0.416466,-0.0389973,0.441463,0.175979,-0.516554,-0.700467,-0.340238,0.0671477,0.059424,-0.401338,-0.771784,-0.876029,-1.66556,-2.965,-1.92637,-0.683721,-0.514269,-1.26157,-2.39182,-1.96875,1.10189,3.45146,2.9517,2.80838,3.36334,4.47342,4.23604,3.28595,3.12152,3.44803,3.65938,2.71229,1.59729,1.02699,1.47796,2.10867,3.34857,4.15544,2.12894,1.324,1.49779,2.12007,2.77933,1.59071,1.74151,2.37479,2.77839,2.86528,2.74747,2.58851,2.50729,2.39813,2.30093,2.36201,2.59656,2.8863,3.13115,3.2741,3.05089,2.78724,3.08693,3.24108,3.26192
-0.992658,-0.766144,-0.14972,0.343097,0.214004,-0.149937,-0.29603,-0.133957,0.2221,0.472037,0.185699,-1.11074,-1.01276,-1.07112,-2.07466,-2.11808,-1.72768,-1.14007,-0.853862,-1.6314,-1.20238,0.657765,1.88901,1.29044,1.13746,2.64598,4.02117,3.68291,2.57167,2.78616,2.21978,2.05136,2.02329,2.35193,3.39466,3.31211,3.71362,3.40846,3.3975,2.49267,1.74778,1.53733,2.92373,3.98369,3.55586,1.09726,1.59583,2.0567,2.07322,1.92615,1.76902,1.66192,1.63276,1.67931,1.85339,2.14865,2.44494,2.68794,2.78394,2.62723,2.25987,2.12765,2.21409,2.16179
-0.907136,-0.68553,-0.390155,0.0630022,0.409581,-0.363941,-0.536975,-0.191995,0.144138,0.60499,0.103921,-1.08725,-1.00504,-0.595879,-0.770885,-0.568666,-1.3762,-1.77154,-0.669052,-0.0113693,-0.931667,-1.44223,0.561264,2.20087,2.26259,1.23713,1.83221,3.21232,3.46127,3.14405,1.29734,0.232056,1.24694,2.09095,1.84826,1.61624,1.6108,1.43582,0.923555,1.5381,1.43981,1.10035,2.99543,4.24327,3.47102,1.7299,1.71813,1.31257,1.06972,0.783451,0.551625,0.487993,0.654653,0.971403,1.3407,1.69491,2.00354,2.23303,2.27989,2.13301,1.74844,1.41193,1.19068,1.66012
-0.686034,-0.377211,-0.173755,-0.235947,-0.324326,-0.402192,-0.242902,-0.110119,0.233673,0.103796,-0.404663,-1.1303,-1.30944,-1.00886,-0.757237,-1.32907,-3.20229,-3.05822,-1.49124,-0.447484,-1.33071,-1.38509,1.45699,3.55596,3.48339,1.03275,0.957737,2.362,2.40816,1.65529,-0.245557,-1.75978,-0.610205,0.379496,0.0818452,0.63001,0.764059,-0.416526,-0.46063,1.1965,2.37491,1.58996,1.84784,3.31161,2.56691,0.497089,0.400089,0.393634,0.140986,-0.268628,-0.639683,-0.716074,-0.374213,0.216866,0.789536,1.1848,1.44164,1.61812,1.63933,1.48641,1.14171,0.77187,0.404098,0.555404
-1.04113,-0.67994,-0.376831,-0.399916,-0.389141,-0.452472,-0.205551,-0.465237,-0.328651,-0.683253,-0.589763,-1.02426,-2.22217,-2.72835,-2.61788,-3.00475,-3.44057,-2.86606,-1.24741,-0.185001,-0.677631,-0.722819,1.44871,3.045,2.76295,1.36961,1.10034,1.52714,1.60277,0.381388,-2.30685,-2.35918,-1.143,-0.138427,-0.0864762,0.330218,0.729747,0.991968,0.650544,0.0060476,-0.0300274,0.578895,1.45864,2.70633,2.11875,-0.253838,-0.427057,0.587894,0.213092,-0.667338,-1.30306,-1.31534,-0.861242,-0.375979,-0.202105,-0.201624,-0.0314122,0.321937,0.688478,0.819889,0.376506,-0.176831,-0.51149,-0.425845
-1.08292,-0.851435,-0.758835,-0.723021,-0.890891,-0.578823,-0.828403,-1.4899,-1.75494,-0.901971,-0.976555,-2.57691,-3.89779,-2.74828,-1.11027,-1.84816,-2.49716,-1.47114,-0.914254,-0.866638,-0.243315,0.290319,1.06513,1.51234,1.95218,1.19312,1.00532,1.75637,0.562769,-1.75005,-3.6531,-2.31813,-1.1905,-0.561318,-0.432078,-0.484373,-0.53093,0.102206,1.99029,1.92185,-0.0629461,-1.01135,0.299102,1.21307,0.600573,-0.289995,0.0155831,0.443968,0.102997,-0.489816,-1.04705,-1.31873,-1.46255,-1.73104,-1.89439,-1.86934,-1.65054,-1.34373,-1.1609,-1.1911,-1.32983,-1.27961,-1.08358,-0.819738
-0.736308,-0.3698,-0.659687,-1.31981,-1.53871,-1.28794,-0.793343,-1.02137,-1.62961,-2.41457,-3.2142,-3.89916,-3.27718,-1.56446,-0.564527,-1.31644,-1.30556,-1.25618,-1.74039,-1.86564,-0.393683,0.33903,0.837089,0.790496,0.562929,1.23621,2.37202,1.26077,-0.846665,-3.48636,-3.65099,-2.76398,-1.34545,-0.895549,-0.76733,-1.00464,-1.83535,-1.18628,1.63153,2.51055,1.21872,-1.06929,-1.16543,0.202142,1.8299,1.50458,1.2822,1.08505,0.609922,0.089129,-0.484856,-1.5745,-2.65691,-3.04718,-2.84069,-2.54801,-2.40334,-2.19515,-2.07304,-2.05079,-2.03591,-1.84588,-1.49043,-1.20436
-0.625527,-0.393363,-0.896637,-2.37729,-2.878,-1.24773,-0.0359246,-0.0448096,-1.05936,-1.14665,-2.07119,-2.79057,-1.39405,-0.971006,-1.29911,-1.24301,-0.551477,-1.25334,-1.5526,0.300002,0.455742,0.194041,0.582008,0.385825,0.524245,1.56409,2.54155,0.522661,-2.08725,-4.17327,-4.33707,-3.05901,-1.13142,-1.78153,-1.21105,-0.86934,-3.13462,-3.33188,0.112347,1.84996,0.851539,-0.563498,-1.43924,0.239673,2.90944,2.50337,1.03509,1.38097,1.47708,0.228681,-0.919638,-1.85069,-2.63307,-2.89423,-2.88017,-2.56331,-2.33544,-2.14951,-2.0632,-2.15236,-2.16614,-2.01204,-1.79252,-1.62314
-1.71581,-2.16607,-1.90229,-2.55767,-2.94627,-2.12617,0.0448733,-0.357922,-1.54245,-2.08182,-1.6193,-1.96208,-1.50877,-2.27976,-1.77159,-0.677415,-0.473064,-2.43214,-1.84454,0.548597,2.00627,0.674744,-0.092875,-0.457588,0.367008,0.31253,-0.00614381,0.330804,-0.274038,-2.99817,-4.9529,-2.44031,-0.398811,-0.711979,-0.952585,-0.335018,-3.42225,-3.68722,-0.797116,0.442985,-0.239898,-0.654247,-0.741571,1.66777,4.10624,3.05842,1.22536,2.19879,2.51157,1.44864,-0.191838,-1.30565,-1.82183,-2.19507,-1.87062,-2.13632,-2.04129,-2.23861,-2.45101,-2.5878,-2.56203,-2.4268,-2.18701,-1.89041
-1.09929,-2.41114,-1.5517,-0.79676,-1.49382,-1.99019,-0.892933,-1.05258,-2.94596,-2.13451,-2.10127,-1.87842,-2.2097,-2.17166,-1.4741,-0.610303,-0.241418,-0.839533,-0.226018,1.41578,2.85988,0.948343,-0.03294,1.03323,1.30136,-0.792517,-1.96214,-0.829292,0.612051,-0.972269,-4.72907,-3.75641,0.212413,1.21522,-0.623335,-2.77458,-3.07744,-2.47974,-2.30462,-2.17237,-2.13339,-1.01349,0.726567,3.13265,3.97916,2.25422,1.65351,2.92959,3.84999,1.71356,-0.700848,-0.149698,-1.29115,-1.81682,-0.293495,-0.510799,-1.16688,-1.82476,-2.55311,-3.01083,-3.13552,-3.21427,-3.10778,-2.6161
0.807055,0.038522,0.18826,0.63953,-0.0948026,-0.612128,-0.66491,-2.30649,-3.4136,-2.41031,-1.7113,-1.76017,-2.77642,-3.62186,-2.69513,-1.06079,-0.24904,0.800742,1.66734,2.79976,2.36128,0.61405,-0.747057,-1.3655,-1.35747,-1.02592,-1.05096,-0.467406,0.550612,-1.249,-4.18214,-4.10052,-0.895273,1.97661,0.685767,-2.72691,-3.02672,-1.82011,-1.34326,-0.967144,-2.1107,-0.692736,1.63779,2.75359,2.32744,3.4047,3.74246,3.61058,4.13138,1.41733,-1.28197,0.564961,-1.31722,-2.27608,1.16786,1.80863,1.39217,0.452974,-1.38491,-2.97359,-2.01307,-2.28491,-2.76829,-2.65834
1.48271,1.50331,0.584766,0.406106,0.738292,0.719821,0.518811,-1.37964,-2.00988,-1.08761,-0.655908,-0.635366,-1.99616,-3.14756,-2.10099,-0.551487,0.264889,0.832169,1.67059,0.908714,-0.195751,0.0317161,-0.683531,-2.45384,-2.4967,-1.72234,-0.920169,0.11144,-0.176718,-2.67971,-4.43289,-3.57154,-0.610093,2.74054,2.57834,-0.476072,-3.61234,-3.24351,-0.21041,1.68156,1.07452,1.06837,1.85835,1.34375,1.87474,3.7289,3.78681,3.33156,2.83693,-0.260027,-1.48774,-0.260673,-1.20453,-1.84577,0.59718,3.62504,3.56479,1.33732,-1.51108,-1.52625,0.793059,1.27824,-0.81262,-1.24498
2.54172,1.95741,1.02513,0.697043,1.03574,0.620226,-0.192273,-1.92744,-2.84941,-1.40066,-0.431282,-0.353317,-0.588267,-1.44378,-1.63716,-1.58495,-0.915253,-0.969187,-1.44187,-0.309721,0.88103,1.48618,0.790231,-0.818124,-2.41882,-2.55265,-0.781278,0.134434,-0.790496,-4.49841,-4.97461,-3.16631,0.975395,3.10163,1.88498,0.869873,-2.01854,-3.56525,-0.376664,2.18991,2.46383,2.83051,2.84467,2.46625,2.57421,2.88995,1.90447,2.02023,3.00105,0.0512161,-2.62532,-1.63162,-0.534734,0.673146,2.30449,3.25593,2.54727,1.24893,-1.7623,-2.49389,1.63207,2.85726,0.716668,0.171369
2.55916,2.08921,1.68239,0.628186,0.675238,1.19781,-0.429377,-3.20572,-3.64472,-1.39075,0.501191,0.205778,-0.728894,-0.878038,-1.59104,-1.99211,-0.48087,-0.576175,-0.730713,2.13818,3.15899,2.60392,2.27704,0.866399,-1.61532,-2.04946,-0.430151,-0.492283,-1.349,-4.01552,-5.07442,-2.26711,2.08277,1.18755,-1.32595,0.978874,1.64098,-1.80751,0.255728,1.5362,1.81062,2.71837,2.4168,3.53243,2.70921,0.689926,1.46701,2.99984,3.21754,-0.291682,-3.53395,-3.23405,-1.46619,0.79598,2.50301,1.63328,-0.216671,1.5428,0.639218,-3.25829,-0.203885,3.79807,1.86925,1.55768
2.8894,2.15856,2.27222,1.34032,0.516168,0.662002,-0.456534,-3.29585,-3.83378,-2.42549,-0.234948,-0.424543,-1.47834,-2.31398,-2.8799,-2.11936,1.36249,1.52997,0.116742,1.87047,2.82235,2.93641,2.95857,1.11092,-1.21156,-2.70142,-1.20206,-0.0601319,0.722559,-1.63727,-4.27114,-2.64326,0.485657,-0.725675,-2.17783,-0.00938631,-0.66682,-0.644206,3.14894,3.08216,1.91252,1.51452,1.03241,1.76509,0.951159,-0.964126,-0.805041,2.6239,1.37414,-2.23258,-1.44837,-2.22274,-4.04908,-1.81509,2.73377,2.69781,-0.482842,0.53207,1.39672,-0.290723,1.2198,3.65712,2.11359,2.55417
3.37438,2.89358,2.71638,1.88793,0.407445,-0.127798,-0.508572,-2.39289,-3.18484,-2.93105,-2.89824,-2.94658,-3.15543,-3.42383,-3.45776,-0.679368,3.18054,2.80787,0.672785,1.12112,1.6753,3.07009,3.35196,1.23346,-1.70465,-3.47929,-1.35859,1.28028,3.06263,0.584786,-3.92435,-4.37883,-1.24115,-2.1648,-2.47097,-1.39611,-1.78235,-0.088162,2.04251,1.48309,1.71252,0.473537,-1.68325,-1.35832,0.182286,-0.494333,-0.204845,3.02223,-0.216295,-3.35675,1.55192,0.838867,-4.77046,-3.1243,3.63283,5.09182,0.386157,-3.07617,0.322358,3.29253,2.76768,0.717854,1.32112,3.18252
3.54149,3.17926,2.79845,1.5199,-0.283218,-0.870089,-1.09641,-1.77961,-2.76296,-2.93636,-3.54026,-4.60642,-4.13392,-4.2285,-3.38111,-0.496911,0.675557,0.446856,0.646016,0.72956,0.408423,0.472917,0.898048,1.00468,-1.50963,-3.34256,-0.592752,1.22426,1.10781,-0.605129,-4.08438,-4.44069,-0.842901,-1.96377,-3.30203,-2.81279,-1.68499,-0.604235,-0.719956,-0.89543,1.66966,2.13572,-2.09608,-3.23335,-0.489711,0.108413,2.26682,3.60709,-1.94714,-4.05149,1.45012,0.985272,-3.38966,-2.25959,2.11979,4.69702,1.45561,-4.19855,-0.899038,3.49703,2.17048,1.28256,3.21613,3.66636
3.06159,2.60262,2.09719,1.13633,0.454199,-0.0140197,-0.578237,-1.83869,-1.99521,-3.15972,-4.23509,-5.32549,-3.458,-2.33517,-1.48577,-0.671947,-2.33125,-2.26731,-0.353747,-0.878526,-1.44018,-0.56995,0.558268,1.9814,1.31196,-1.26025,-0.948228,1.35067,1.27509,-0.198406,-3.83392,-4.39346,-2.75003,-2.32324,-2.07032,-2.00622,-1.94044,-2.74087,-2.79068,-1.2126,2.92155,5.00841,0.0676137,-4.45411,-1.71896,0.494473,4.36561,2.66035,-3.09067,-2.02419,-0.478244,-1.55801,-2.12424,-0.81775,1.96295,4.62835,5.10099,-0.209142,-3.74548,-1.03235,2.35967,4.18719,4.2758,2.55115
2.70759,2.37195,2.35807,1.16695,0.0901259,-0.259253,-0.0684115,-0.577402,-1.09197,-2.65848,-4.19328,-4.96606,-2.28528,0.7867,0.206909,-3.13029,-4.06279,-3.38499,-2.10474,-2.05735,-2.68005,-0.835277,2.03071,4.10531,3.96046,0.789485,-0.806653,1.04036,0.5922,-0.71523,-1.89872,-3.67182,-4.55869,-3.93738,-2.32315,-0.510619,-1.37405,-3.99397,-3.88546,0.567842,4.60357,5.23731,0.0468702,-4.28951,-3.37144,0.640447,4.58287,-0.37365,-4.11633,-1.06631,-0.932507,-2.82354,-2.52477,-0.330249,3.09768,5.3103,5.6751,0.798497,-3.64292,-0.592883,4.52716,5.10676,3.26053,1.31284
