uploads/wind/20200723/wind_field_04.json
{"header": {"parameterUnit": "m.s-1", "parameterNumber": 3, "dx":  0.051, "dy": 0.036, "parameterNumberName": "northward_wind", "la1": 45.3082, "parameterCategory": 2,"nx": 177, "ny": 123, "refTime": "2018-10-03 01:00:00", "lo1":1.38177}, "data":
[rows 0 to 27 of 123, columns 63 to 125 of 177]
0.762798,0.609497,0.512684,0.419447,0.303814,0.244288,0.223587,0.178035,0.115583,0.0284373,-0.114208,-0.299562,-0.530686,-0.727241,-0.877585,-0.975241,-0.996854,-0.966889,-0.875817,-0.711118,-0.580869,-0.416509,-0.251361,-0.0996564,0.0478141,0.151139,0.158128,0.146808,0.10822,0.0452968,-0.0327663,-0.108941,-0.17625,-0.27735,-0.352641,-0.428349,-0.48098,-0.616911,-0.74801,-0.91988,-1.04285,-1.17512,-1.27973,-1.31756,-1.33391,-1.3008,-1.24402,-1.33035,-1.33092,-1.38158,-1.47359,-1.69094,-1.74569,-1.72119,-1.88685,-1.94634,-2.02366,-2.05751,-2.04231,-2.18526,-2.25008,-2.3483,-2.39445
0.69986,0.599325,0.558732,0.550695,0.492773,0.470745,0.470776,0.436297,0.366607,0.265878,0.106147,-0.101152,-0.353995,-0.588036,-0.792744,-0.95269,-1.01232,-1.07368,-1.05569,-0.974535,-0.929641,-0.858295,-0.778085,-0.69952,-0.606568,-0.53389,-0.509117,-0.479712,-0.446079,-0.417336,-0.393758,-0.384687,-0.382413,-0.426424,-0.445949,-0.488532,-0.518954,-0.627999,-0.740795,-0.897024,-1.02426,-1.17573,-1.34205,-1.42211,-1.47374,-1.45316,-1.40688,-1.49803,-1.48988,-1.54619,-1.64972,-1.89186,-1.95201,-1.91905,-2.07428,-2.12248,-2.18916,-2.20774,-2.15099,-2.2237,-2.2349,-2.28856,-2.31364
0.614944,0.595391,0.594732,0.62736,0.646864,0.646158,0.641567,0.601231,0.512913,0.392315,0.237646,0.0503809,-0.15962,-0.391698,-0.635335,-0.865994,-0.998239,-1.12486,-1.16365,-1.19591,-1.21294,-1.22538,-1.23703,-1.25022,-1.25097,-1.2417,-1.19606,-1.11202,-1.00968,-0.892407,-0.783589,-0.696203,-0.633134,-0.585303,-0.551039,-0.559548,-0.59391,-0.641831,-0.701305,-0.765879,-0.871317,-1.0139,-1.21376,-1.3589,-1.45538,-1.48607,-1.5167,-1.54547,-1.55567,-1.60428,-1.67802,-1.78405,-1.85895,-1.91544,-1.96563,-2.013,-2.05817,-2.09026,-2.08312,-2.03074,-1.99115,-1.98634,-2.029
0.471853,0.486279,0.552429,0.633038,0.682436,0.689903,0.667185,0.620294,0.534998,0.424923,0.291169,0.125224,-0.0714419,-0.303372,-0.552569,-0.786829,-0.978498,-1.1101,-1.1951,-1.28623,-1.3926,-1.49489,-1.57653,-1.64215,-1.67536,-1.66074,-1.58909,-1.48109,-1.3512,-1.19678,-1.04617,-0.914692,-0.803068,-0.703305,-0.621216,-0.589465,-0.626184,-0.702894,-0.75287,-0.739553,-0.766811,-0.915069,-1.14428,-1.31942,-1.39789,-1.42266,-1.44527,-1.48105,-1.50758,-1.55953,-1.64765,-1.74462,-1.80483,-1.85387,-1.90221,-1.95987,-2.02249,-2.09618,-2.11605,-2.07694,-2.02658,-1.99301,-2.01432
0.315222,0.353031,0.437913,0.530635,0.594662,0.602222,0.568892,0.514675,0.445132,0.37527,0.297278,0.186671,0.0255682,-0.181865,-0.41717,-0.658105,-0.894311,-1.08081,-1.23517,-1.38625,-1.56111,-1.71844,-1.83587,-1.90673,-1.93212,-1.90211,-1.81179,-1.67367,-1.50593,-1.31972,-1.15768,-1.03094,-0.928053,-0.820368,-0.715626,-0.646937,-0.646584,-0.708295,-0.751047,-0.710793,-0.656887,-0.709146,-0.869038,-1.02575,-1.11978,-1.17243,-1.21332,-1.26022,-1.31321,-1.37355,-1.46056,-1.55593,-1.62254,-1.66685,-1.69849,-1.74641,-1.83546,-1.97148,-2.09817,-2.16749,-2.17034,-2.11639,-2.0808
0.24574,0.29678,0.33168,0.362683,0.388308,0.374746,0.322946,0.258887,0.220627,0.214304,0.224892,0.218454,0.154468,0.00939418,-0.201895,-0.461887,-0.742962,-1.00198,-1.22169,-1.40609,-1.57817,-1.73472,-1.85259,-1.91336,-1.921,-1.8926,-1.81374,-1.67175,-1.48034,-1.2753,-1.10666,-0.99312,-0.923735,-0.861873,-0.78971,-0.703928,-0.626023,-0.586405,-0.581428,-0.56489,-0.501007,-0.440148,-0.448793,-0.539297,-0.657944,-0.755589,-0.840052,-0.924647,-1.02423,-1.11959,-1.20694,-1.29294,-1.36777,-1.42399,-1.45911,-1.48979,-1.55129,-1.68133,-1.89868,-2.11917,-2.24364,-2.24391,-2.17324
0.332878,0.392868,0.374106,0.315258,0.244881,0.168568,0.0763266,-0.00701131,-0.0365875,0.00811384,0.104929,0.213059,0.283182,0.252356,0.0935836,-0.156611,-0.452881,-0.745408,-0.995544,-1.18485,-1.32275,-1.43938,-1.53819,-1.60628,-1.63103,-1.62119,-1.58104,-1.49796,-1.36611,-1.20289,-1.0362,-0.898849,-0.816402,-0.778246,-0.73862,-0.656251,-0.527071,-0.402536,-0.336038,-0.307021,-0.239697,-0.138594,-0.0755612,-0.115238,-0.223526,-0.353579,-0.48862,-0.638798,-0.798481,-0.945819,-1.06104,-1.1463,-1.21134,-1.26737,-1.31561,-1.34267,-1.35045,-1.39466,-1.56227,-1.82106,-2.0452,-2.13428,-2.07203
0.473276,0.590067,0.592668,0.495714,0.35777,0.223192,0.101667,0.000293145,-0.0478212,0.000646485,0.143686,0.332397,0.503891,0.584768,0.514309,0.310682,0.0507402,-0.212697,-0.449479,-0.644302,-0.787004,-0.899756,-1.00714,-1.11017,-1.19204,-1.23881,-1.26452,-1.26693,-1.23172,-1.14506,-1.00796,-0.844083,-0.706353,-0.624528,-0.573122,-0.491894,-0.345854,-0.191887,-0.102876,-0.0748807,-0.0261808,0.0706638,0.153821,0.151935,0.0599058,-0.0863035,-0.256994,-0.45413,-0.659957,-0.855875,-1.01968,-1.13915,-1.21795,-1.26777,-1.31057,-1.34209,-1.33252,-1.27861,-1.26314,-1.39189,-1.5932,-1.72509,-1.7014
0.484627,0.67302,0.766402,0.735287,0.627583,0.516792,0.431254,0.362666,0.316134,0.342031,0.483693,0.705047,0.92724,1.07045,1.08542,0.9634,0.766562,0.56327,0.369639,0.180526,-0.00148576,-0.17593,-0.34145,-0.504532,-0.655842,-0.782354,-0.881868,-0.962566,-1.00766,-0.986791,-0.887342,-0.736697,-0.575709,-0.450964,-0.371216,-0.300269,-0.187106,-0.0541507,0.0182775,0.0145525,0.0118454,0.0668638,0.144501,0.175553,0.118449,-0.0127008,-0.185481,-0.385122,-0.596923,-0.808616,-1.00731,-1.1665,-1.27548,-1.32659,-1.35583,-1.39503,-1.40272,-1.3197,-1.12962,-1.00545,-1.07038,-1.23026,-1.31542
0.350957,0.519134,0.672933,0.774873,0.816193,0.853685,0.909055,0.964451,0.985153,0.993084,1.05134,1.19459,1.38377,1.54389,1.62723,1.60579,1.48604,1.31684,1.13953,0.954967,0.742869,0.513235,0.286126,0.0731755,-0.120174,-0.288963,-0.433425,-0.556214,-0.65027,-0.688381,-0.65253,-0.563551,-0.458354,-0.364824,-0.296853,-0.253523,-0.206591,-0.135542,-0.0939057,-0.121278,-0.172366,-0.17391,-0.128594,-0.0825387,-0.0957128,-0.187753,-0.333383,-0.495825,-0.655172,-0.812389,-0.974065,-1.13579,-1.27637,-1.34771,-1.35763,-1.36105,-1.36864,-1.33582,-1.15749,-0.853842,-0.685715,-0.819082,-1.03929
0.323411,0.376707,0.486371,0.658671,0.872767,1.11736,1.38413,1.62743,1.77526,1.78502,1.69792,1.61997,1.61572,1.68536,1.7922,1.87362,1.86904,1.76467,1.60378,1.42167,1.21991,0.997283,0.764807,0.550413,0.361747,0.199318,0.0565187,-0.0743176,-0.199668,-0.311125,-0.384263,-0.413325,-0.426275,-0.438551,-0.451603,-0.460115,-0.46984,-0.458651,-0.439397,-0.457743,-0.516305,-0.560878,-0.558342,-0.534291,-0.533971,-0.581438,-0.668888,-0.760564,-0.833037,-0.884308,-0.939734,-1.03221,-1.15697,-1.24388,-1.26408,-1.22548,-1.18191,-1.17686,-1.14352,-0.940639,-0.618377,-0.551339,-0.824936
0.483762,0.49945,0.575799,0.747337,1.01838,1.35023,1.71148,2.03656,2.24691,2.27457,2.11345,1.86074,1.64336,1.55106,1.58678,1.69566,1.77905,1.77364,1.68407,1.55408,1.41636,1.27234,1.12185,0.967535,0.82198,0.684981,0.553209,0.406742,0.23949,0.0550314,-0.132566,-0.297663,-0.441561,-0.586019,-0.724641,-0.830229,-0.894521,-0.919903,-0.907824,-0.907626,-0.941036,-0.987133,-1.0075,-1.00336,-0.995004,-0.994279,-0.99463,-0.986478,-0.967948,-0.929524,-0.876417,-0.858667,-0.899918,-0.960267,-1.00943,-1.00608,-0.968185,-0.950419,-0.980939,-1.0009,-0.844436,-0.562612,-0.625163
0.70406,0.820051,0.973521,1.17273,1.39781,1.61639,1.789,1.90876,1.99064,2.0238,1.95642,1.78252,1.5788,1.4275,1.37258,1.39972,1.4536,1.47947,1.46085,1.42512,1.40175,1.39839,1.39312,1.35525,1.27714,1.1592,1.00234,0.80868,0.586496,0.350172,0.112855,-0.117499,-0.336462,-0.56327,-0.799783,-1.01269,-1.16168,-1.23752,-1.24716,-1.22619,-1.22609,-1.24457,-1.25074,-1.22724,-1.176,-1.10628,-1.01493,-0.913804,-0.815544,-0.725342,-0.630876,-0.549298,-0.510962,-0.516114,-0.565885,-0.632682,-0.693611,-0.735683,-0.760092,-0.819261,-0.881083,-0.739979,-0.533938
0.990229,1.18401,1.41021,1.62934,1.77723,1.80309,1.6839,1.48809,1.35016,1.33885,1.40614,1.44257,1.39886,1.30303,1.21782,1.17826,1.17765,1.19682,1.2246,1.25874,1.32069,1.4114,1.50824,1.57847,1.58094,1.49498,1.32408,1.09311,0.836843,0.591501,0.377559,0.185843,-0.001445,-0.203395,-0.434633,-0.683674,-0.898788,-1.03701,-1.08769,-1.07355,-1.04351,-1.02659,-1.00363,-0.954101,-0.869332,-0.75543,-0.623698,-0.478195,-0.336107,-0.214559,-0.121892,-0.0464317,-0.000152462,0.0127619,-0.0291873,-0.12553,-0.265045,-0.423529,-0.533141,-0.58903,-0.657915,-0.699812,-0.537399
1.42703,1.54198,1.68679,1.80307,1.84281,1.77474,1.581,1.32114,1.11378,1.04483,1.10403,1.18951,1.19907,1.13566,1.05658,1.01551,1.0218,1.07009,1.13153,1.17925,1.21266,1.24778,1.2923,1.35147,1.40627,1.41906,1.36064,1.22075,1.02217,0.818809,0.653317,0.53768,0.446867,0.3506,0.223809,0.0532415,-0.134894,-0.289568,-0.373927,-0.393057,-0.366736,-0.329483,-0.297041,-0.257681,-0.193102,-0.10175,0.00427212,0.124743,0.251177,0.365496,0.446828,0.494311,0.512511,0.501142,0.447916,0.356443,0.217168,0.0105915,-0.205192,-0.382975,-0.530002,-0.648799,-0.622015
1.88141,1.8292,1.79153,1.74045,1.67091,1.61992,1.58243,1.53372,1.45443,1.37988,1.33626,1.30853,1.27348,1.21462,1.15309,1.11369,1.10967,1.13201,1.14587,1.12979,1.06484,0.958902,0.846416,0.775432,0.783291,0.862932,0.97514,1.05478,1.05747,0.983728,0.88414,0.809178,0.772878,0.76083,0.752007,0.721654,0.651038,0.55374,0.461791,0.402345,0.378968,0.387442,0.402522,0.416899,0.435986,0.472818,0.523767,0.582847,0.654738,0.730782,0.792606,0.826295,0.829225,0.804695,0.74151,0.651278,0.533665,0.34454,0.103889,-0.158841,-0.438197,-0.721021,-0.86713
2.06254,1.92366,1.79181,1.68269,1.59638,1.58033,1.68254,1.84707,1.94586,1.92642,1.84123,1.75641,1.71473,1.70314,1.69027,1.65892,1.59957,1.51072,1.39935,1.27723,1.1337,0.953188,0.749081,0.556325,0.431355,0.422046,0.532261,0.727337,0.917468,1.02235,1.03128,0.986216,0.946498,0.938819,0.967764,1.01757,1.05192,1.04142,0.98176,0.899723,0.824175,0.772642,0.743888,0.722973,0.704871,0.700143,0.713232,0.738003,0.773502,0.821055,0.862594,0.884696,0.87232,0.835985,0.768264,0.674678,0.559455,0.392628,0.171352,-0.0791148,-0.356194,-0.692711,-1.05767
1.94856,1.83316,1.75981,1.74006,1.76057,1.80461,1.91065,2.06831,2.20042,2.24563,2.23841,2.23286,2.26726,2.33155,2.37854,2.37129,2.29435,2.1553,1.98578,1.82136,1.6735,1.52789,1.35381,1.13085,0.898535,0.731985,0.68722,0.77964,0.959198,1.13444,1.2243,1.21691,1.16685,1.12411,1.11031,1.12363,1.14414,1.13875,1.09129,1.02045,0.945474,0.87318,0.812923,0.759866,0.714585,0.685622,0.682036,0.701662,0.735036,0.773373,0.797795,0.795743,0.753915,0.684859,0.60026,0.504017,0.3901,0.236657,0.0398724,-0.17389,-0.388922,-0.650556,-1.06041
1.8875,1.81882,1.80124,1.85203,1.96492,2.08736,2.15958,2.17295,2.17518,2.2058,2.27884,2.39774,2.54507,2.67755,2.75336,2.75855,2.70895,2.63198,2.54781,2.46862,2.40144,2.33506,2.23799,2.07495,1.85033,1.60939,1.43009,1.36082,1.40639,1.50968,1.58517,1.58957,1.53196,1.45305,1.37711,1.30234,1.21886,1.1211,1.01726,0.92848,0.866458,0.821038,0.781671,0.747501,0.712203,0.68198,0.667487,0.671803,0.687132,0.701424,0.702554,0.676051,0.613431,0.51945,0.414974,0.307361,0.189122,0.0371467,-0.153917,-0.359416,-0.548721,-0.730194,-1.01588
2.03577,2.00204,1.8979,1.81036,1.80561,1.88008,1.93505,1.91582,1.86757,1.87324,1.96257,2.12615,2.30697,2.4578,2.55004,2.58743,2.5974,2.61903,2.66534,2.71817,2.7586,2.7698,2.74902,2.69006,2.56687,2.37378,2.15764,1.99877,1.94264,1.96471,2.009,2.01825,1.95891,1.84454,1.70335,1.54763,1.37332,1.18518,1.00235,0.849527,0.75135,0.719677,0.729266,0.755908,0.780415,0.786352,0.770809,0.73974,0.700144,0.656244,0.60912,0.555227,0.482067,0.382402,0.264716,0.138361,0.00360598,-0.15182,-0.334665,-0.539964,-0.751716,-0.922207,-1.05428
1.94034,1.9687,1.76439,1.44082,1.17877,1.05781,1.05384,1.10964,1.19135,1.29352,1.40472,1.51337,1.61089,1.70574,1.80738,1.91233,2.0103,2.11187,2.2241,2.34391,2.46327,2.56832,2.66334,2.74373,2.77388,2.70914,2.54427,2.35061,2.2283,2.21212,2.26395,2.30803,2.27674,2.14469,1.94227,1.71986,1.50682,1.3021,1.09283,0.88579,0.725338,0.656797,0.680909,0.760814,0.850987,0.906532,0.901139,0.844609,0.75603,0.648141,0.536175,0.435572,0.33413,0.221819,0.0946185,-0.041689,-0.181064,-0.318476,-0.455995,-0.624156,-0.830019,-1.03646,-1.14059
1.16097,1.28021,1.17155,0.844782,0.473728,0.226014,0.163624,0.254848,0.438787,0.640832,0.774864,0.818737,0.81471,0.825901,0.892018,1.01751,1.15775,1.27974,1.38624,1.49656,1.6359,1.82732,2.06566,2.31588,2.5428,2.67312,2.6484,2.4741,2.25582,2.12413,2.11094,2.16855,2.2091,2.15291,1.9904,1.77294,1.56619,1.39328,1.22868,1.04131,0.853688,0.721233,0.682218,0.731133,0.827214,0.90866,0.925306,0.874957,0.776825,0.644781,0.492611,0.344726,0.197746,0.0539489,-0.080063,-0.206532,-0.321088,-0.409682,-0.480206,-0.582471,-0.727768,-0.934991,-1.10193
0.141612,0.320726,0.423937,0.337528,0.0967955,-0.121988,-0.184551,-0.107851,0.0351149,0.189563,0.303432,0.354957,0.353828,0.338269,0.34805,0.398591,0.471124,0.525032,0.570082,0.631441,0.76295,0.989404,1.29932,1.64776,1.98774,2.26412,2.40303,2.34073,2.08747,1.78172,1.57692,1.54489,1.64404,1.7658,1.80862,1.74841,1.62789,1.50592,1.39967,1.28284,1.12798,0.956122,0.817036,0.746637,0.748671,0.793721,0.827646,0.811303,0.744311,0.634983,0.490002,0.330476,0.163797,0.00214484,-0.139661,-0.258693,-0.34897,-0.403276,-0.429367,-0.473313,-0.547738,-0.696171,-0.900282
-0.372435,-0.183289,0.0243565,0.141927,0.0976696,-0.0219953,-0.065854,-0.0281144,0.0265278,0.0804546,0.168749,0.284355,0.381073,0.432418,0.424565,0.365439,0.292388,0.217849,0.182403,0.222616,0.352267,0.5705,0.837434,1.12326,1.38378,1.61542,1.79483,1.86654,1.75537,1.45553,1.11826,0.929357,0.976313,1.20661,1.47312,1.6516,1.70561,1.67688,1.61882,1.55314,1.44917,1.28156,1.07718,0.886717,0.750479,0.690375,0.691634,0.69746,0.673312,0.611481,0.508095,0.373633,0.227597,0.0742255,-0.0702987,-0.197336,-0.295224,-0.357222,-0.374838,-0.381387,-0.40008,-0.469267,-0.638299
-0.342859,-0.153643,0.0501657,0.229245,0.309039,0.284723,0.245878,0.256589,0.292816,0.336243,0.429823,0.579445,0.741544,0.837157,0.816648,0.679609,0.504777,0.376179,0.349222,0.424082,0.556715,0.699437,0.818592,0.893622,0.94135,1.00922,1.13162,1.28104,1.37667,1.31916,1.08986,0.828473,0.728239,0.883292,1.21021,1.54163,1.76052,1.84222,1.83712,1.79531,1.72184,1.58499,1.37758,1.13136,0.897358,0.719177,0.617396,0.571578,0.54008,0.504044,0.444999,0.346216,0.22552,0.0938278,-0.0396751,-0.167113,-0.275422,-0.348456,-0.365491,-0.34036,-0.308967,-0.313796,-0.399673
-0.058841,0.118176,0.308574,0.486937,0.615767,0.644527,0.612609,0.625165,0.699532,0.789582,0.876752,0.98309,1.08542,1.12579,1.06284,0.926307,0.803386,0.763296,0.824188,0.913859,0.960156,0.925658,0.820665,0.681364,0.563704,0.528399,0.611542,0.783998,0.988108,1.17491,1.23358,1.11938,0.961224,0.955056,1.17416,1.51775,1.8234,1.9889,2.02404,1.98858,1.91912,1.80993,1.63662,1.40379,1.14001,0.88541,0.668844,0.509973,0.396181,0.303242,0.226472,0.132316,0.0111934,-0.097663,-0.197824,-0.291256,-0.370846,-0.420325,-0.421937,-0.3688,-0.289323,-0.239812,-0.239536
0.380996,0.52738,0.694683,0.859288,0.99098,1.04594,1.0293,1.0047,1.01602,1.04311,1.04789,1.03842,1.01422,0.982092,0.935478,0.9124,0.948933,1.02049,1.08125,1.05343,0.90564,0.668196,0.418545,0.233291,0.13181,0.117604,0.188888,0.333271,0.536845,0.801206,1.08142,1.25242,1.25582,1.19395,1.25262,1.49774,1.82726,2.07722,2.16499,2.13269,2.04975,1.94445,1.80394,1.6075,1.35407,1.06734,0.782794,0.527299,0.306034,0.0992376,-0.0819621,-0.233469,-0.372277,-0.451883,-0.491015,-0.51127,-0.529415,-0.54253,-0.531151,-0.472679,-0.373861,-0.274376,-0.216477
0.949163,1.07368,1.19703,1.31829,1.40281,1.41636,1.31665,1.13058,0.945079,0.799272,0.667963,0.557083,0.488429,0.475465,0.540887,0.649902,0.763362,0.810067,0.744642,0.569395,0.333846,0.0922503,-0.0887295,-0.186996,-0.217743,-0.205961,-0.156443,-0.0585167,0.0967419,0.319398,0.619773,0.943691,1.1628,1.20822,1.18553,1.27837,1.55416,1.90252,2.12955,2.15841,2.06723,1.93671,1.79238,1.61191,1.37335,1.08359,0.775367,0.47024,0.171539,-0.122804,-0.402872,-0.609461,-0.747572,-0.795872,-0.760328,-0.689843,-0.635422,-0.618421,-0.616965,-0.588517,-0.51385,-0.400223,-0.327404
