uploads/wind/20200723/wind_field_09.json
{"header": {"parameterUnit": "m.s-1", "parameterNumber": 3, "dx":  0.051, "dy": 0.036, "parameterNumberName": "northward_wind", "la1": 45.3082, "parameterCategory": 2,"nx": 177, "ny": 123, "refTime": "2018-10-03 01:00:00", "lo1":1.38177}, "data":
[rows 56 to 83 of 123, columns 64 to 127 of 177]
0.0843446,-0.22491,-0.412736,-0.475037,-0.510141,-0.543583,-0.503068,-0.35793,-0.177043,0.0612911,0.294266,0.479902,0.67477,0.84144,0.932923,0.898142,0.833888,0.801025,0.879467,0.979338,1.13968,1.25153,1.16566,1.48662,1.56724,1.64958,1.99213,2.1606,2.84829,2.18197,1.64898,1.77714,2.24222,2.50836,2.66366,2.68119,2.91577,2.94212,2.83462,2.59283,2.40792,1.99046,1.72106,1.3793,1.21106,1.08041,0.67469,0.608497,0.43883,0.354048,0.344297,0.361592,0.434609,0.511699,0.516951,0.620807,0.641562,0.911714,1.25093,1.54965,1.57508,1.49862,1.54669,1.54391
0.299835,0.176217,0.149051,0.10673,0.0156013,-0.0599155,-0.0368327,0.0698425,0.18209,0.368688,0.555127,0.691057,0.779852,0.79359,0.721772,0.566304,0.458319,0.375962,0.425889,0.407261,0.516924,0.48414,0.104132,0.61841,1.45418,2.02359,2.37407,2.20741,2.35905,2.20695,1.04735,0.666509,1.30528,1.94093,2.41789,2.79585,2.9911,3.26277,3.15645,2.86117,2.41145,2.01742,1.44186,1.3243,0.839736,0.57663,0.150096,0.075787,0.0923189,0.172103,0.373914,0.416159,0.259489,0.224061,0.302039,0.634747,0.713477,1.00468,1.35832,1.63598,1.75548,1.68078,1.65648,1.55368
0.585685,0.658757,0.713156,0.681926,0.582547,0.479595,0.448515,0.529098,0.62141,0.78092,0.882771,0.866477,0.750894,0.595083,0.441008,0.328168,0.300867,0.280387,0.308729,0.305931,0.239715,0.176587,-0.556482,-0.180361,0.990882,1.84398,2.17907,2.51711,2.26853,2.51401,2.85252,2.35877,1.87836,2.22895,2.59893,3.03659,2.86351,3.01852,2.84689,2.61629,2.16862,1.8473,1.25607,1.26407,0.696679,0.436857,0.0629627,0.0200939,0.106924,0.316801,0.326201,0.10217,-0.0127303,0.10945,0.353911,0.701248,0.858054,1.13027,1.615,1.97615,2.05763,1.75181,1.56783,1.40663
0.868434,1.0124,1.1068,1.10637,1.00452,0.854405,0.809385,0.943172,1.07006,1.21405,1.15311,0.945459,0.647756,0.463507,0.430924,0.558179,0.671121,0.752284,0.926696,0.997297,0.0838659,0.14638,0.0588391,0.177598,0.695544,1.33861,1.73811,2.02875,1.56595,2.04394,3.07204,2.87565,2.40794,2.2009,2.81176,3.4264,3.61233,3.2332,2.87554,2.19846,1.97674,1.71003,0.990706,0.696919,0.437091,0.337408,0.280562,0.292717,0.323012,0.229245,0.0196931,-0.12657,0.0630607,0.466327,0.833574,0.977798,0.999376,1.26158,1.48572,1.57462,1.57927,1.38105,1.22861,1.08839
1.04426,1.24332,1.38631,1.35886,1.19875,1.02541,1.05191,1.25045,1.38569,1.46215,1.20152,0.933035,0.485522,0.319492,0.395449,0.771457,1.08825,0.936071,1.27369,1.9727,1.429,1.26683,0.762751,0.519004,0.533809,1.53116,1.93017,1.8232,2.01411,1.49083,2.18733,2.67257,2.20903,2.85121,3.29096,3.84259,4.07136,3.8457,3.54965,3.34664,2.38592,1.33546,0.129513,-0.158705,0.0584753,0.260622,0.355513,0.399806,0.405075,0.373044,0.409693,0.574586,0.838725,1.16622,1.43672,1.45005,1.25725,0.691344,0.145522,0.315551,0.684559,0.861346,0.871737,0.809465
1.06892,1.27958,1.46187,1.36853,1.18705,1.07453,1.18576,1.37777,1.45869,1.48656,1.15782,1.08341,0.363229,0.121093,-0.672863,-0.0765541,0.879485,0.254331,0.0208463,0.573357,0.842686,1.07657,0.264008,-0.306476,-0.39658,0.331978,1.61374,2.22443,1.60745,1.5802,1.20427,1.16554,1.25827,1.3087,2.08166,2.7528,3.31541,3.19084,2.41065,2.59888,1.65035,1.01409,0.386462,0.288044,0.429043,0.636836,0.833905,0.941844,1.01259,1.12279,1.20618,1.19299,1.16985,1.2205,1.21551,1.02217,0.473167,-0.530522,-0.896605,-0.259541,0.398583,0.702795,0.767613,0.771842
1.12516,1.28568,1.41766,1.21795,1.0364,1.03713,1.18472,1.33209,1.36349,1.39935,1.28832,1.31983,0.903597,-1.34663,-2.13924,-1.68764,-1.19336,-1.52377,-1.77552,-1.17158,-0.31545,0.996179,1.02638,0.327221,-0.726332,-1.12102,1.00341,1.90059,1.41186,0.766734,0.852851,0.276881,-0.738312,-0.659141,0.1042,1.00998,0.493598,0.836245,0.792436,1.17407,-0.143667,0.623123,0.814255,0.835619,0.775923,0.796106,0.949987,1.12443,1.1879,1.12909,1.00933,0.855098,0.698534,0.538645,0.326257,0.035432,-0.3916,-0.671846,-0.531585,-0.0302411,0.51608,0.798207,0.872849,0.940244
1.28109,1.49119,1.53769,1.2276,0.954485,0.949382,1.1803,1.46565,1.57002,1.60586,1.63609,1.4873,1.66118,-0.953317,-1.24872,-1.1432,-1.58404,-1.7953,-2.01637,-1.77215,-1.00399,0.266623,0.836949,0.116509,-1.21917,-1.07452,-0.619275,0.302404,0.604943,0.276765,-0.242511,-0.907453,-1.3957,-1.35695,-0.768491,0.909957,0.856932,0.0158206,-0.531675,0.223341,-0.0229236,0.0695711,-0.185512,-0.181237,-0.324823,-0.253008,-0.0947566,0.146097,0.273351,0.245821,0.142252,0.0174543,-0.0957709,-0.221669,-0.357472,-0.44283,-0.440145,-0.395883,-0.284216,0.029258,0.443442,0.716236,0.839592,0.949464
1.16399,1.57699,1.77291,1.31561,1.00826,1.13634,1.40905,1.33669,1.15668,1.08314,1.36536,1.54056,1.75358,0.482217,0.577991,0.184249,0.000569444,0.0737589,-1.24406,-2.32147,-2.59157,-2.2413,-1.94103,-2.05507,-2.33413,-2.15326,-3.01113,-2.39216,-1.83848,-1.47788,-1.56877,-1.88715,-1.85504,-1.38292,-0.599244,0.0530845,1.47147,0.334276,-0.221087,-0.482492,-0.224106,-0.162552,-0.755022,-1.05412,-1.34819,-1.18856,-0.985478,-0.689782,-0.539885,-0.52748,-0.611252,-0.742724,-0.81675,-0.824855,-0.796367,-0.735139,-0.651361,-0.534456,-0.366126,-0.12148,0.204897,0.504883,0.690902,0.811057
1.32549,1.66504,1.42897,1.66782,1.68892,1.57768,1.44236,1.73515,1.74909,1.6986,0.995588,1.13577,1.9843,1.58641,0.997649,0.310371,-0.147769,-0.145924,-1.10368,-2.06946,-2.39019,-2.55173,-2.22928,-2.35661,-2.52153,-2.60508,-2.43849,-2.64192,-2.6997,-2.2849,-1.97107,-1.70096,-1.5539,-1.14155,-0.681804,-0.174611,1.24046,1.99748,1.63507,0.75052,0.0631518,0.11095,-0.434594,-1.11341,-1.57833,-1.56246,-1.47364,-1.29249,-1.05067,-0.890855,-0.776563,-0.781303,-0.84159,-0.871721,-0.846583,-0.784918,-0.688389,-0.563382,-0.415455,-0.217426,0.0397952,0.321036,0.554968,0.729264
0.82317,1.00336,1.73452,2.87517,2.38485,1.71108,1.61798,1.21664,0.329424,-0.626044,-1.39345,-1.31106,-0.347619,-0.20573,-0.239234,-0.541295,-0.776624,-1.07548,-0.763514,-0.283615,-0.575071,-0.856469,-1.17116,-1.64227,-1.87381,-2.08643,-2.35248,-2.27259,-2.38629,-2.14081,-1.66618,-1.53371,-1.24622,-0.397041,0.0689588,0.60507,1.1341,1.56876,0.860705,1.00804,1.23692,0.659695,0.264128,-0.913025,-1.64087,-1.70295,-1.70686,-1.75225,-1.39153,-1.06914,-0.81277,-0.726729,-0.742598,-0.762233,-0.74328,-0.707015,-0.665321,-0.62635,-0.55635,-0.412623,-0.215868,-0.0266667,0.190654,0.446938
1.34649,1.65971,1.75827,3.3938,2.93956,1.82984,0.157737,-0.87175,-1.91775,-2.25588,-1.66843,-1.23418,-1.25731,-1.67448,-1.64475,-1.67395,-1.71852,-1.08547,-0.55405,0.0465021,0.430716,0.243193,-0.207629,-0.826986,-1.04156,-1.18874,-1.22266,-1.26173,-1.39687,-1.43468,-1.16683,-1.13212,-0.509862,-0.117676,0.00547842,0.567854,0.886071,1.07564,1.79898,2.12038,2.68803,2.04778,1.24741,-0.465302,-1.53044,-1.82514,-1.49152,-1.71649,-1.38375,-1.01162,-0.750852,-0.65761,-0.625817,-0.627805,-0.626943,-0.641826,-0.680157,-0.718669,-0.725917,-0.696945,-0.652003,-0.572589,-0.414046,-0.138139
1.32179,0.407276,0.369157,1.73976,1.65888,0.175625,0.443836,0.942167,1.1397,1.31367,0.173306,-0.0689198,-0.54945,-1.14935,-1.73275,-1.86039,-1.48861,-0.92573,-0.390988,-0.0563243,-0.414253,-0.308911,-0.384667,-0.558444,-0.771569,-0.843893,-0.975639,-0.801308,-0.497306,-0.0120528,-0.255429,-0.174394,0.213244,0.20919,0.588238,1.24072,0.889614,0.161408,0.55391,1.66889,2.57578,3.05822,1.686,0.274055,-0.647753,-2.07992,-1.29789,-1.53217,-1.33524,-1.03927,-0.66827,-0.406419,-0.224039,-0.151755,-0.185,-0.318969,-0.470721,-0.623236,-0.773924,-0.982434,-1.14796,-1.12255,-0.980637,-0.706454
0.293668,-0.0535155,-0.404803,-0.790852,-0.561407,0.156104,-0.20925,1.64366,2.11115,2.54463,0.860247,-0.321682,-0.886401,-1.24556,-1.07394,-0.922937,-0.744965,-0.158955,0.739408,1.57877,1.51175,0.545584,0.0495171,-0.143645,-0.200817,-0.505751,-0.873434,-0.75624,-0.428539,0.340974,1.08355,1.17919,1.16244,1.58508,1.54375,1.62099,1.16484,0.844719,1.31376,2.24888,2.35333,2.10636,0.852964,-0.160922,-0.208568,-1.15736,-0.955091,-0.997604,-0.854764,-0.580109,-0.48577,-0.291311,-0.0494941,0.0866474,0.0966534,0.0129291,-0.110558,-0.305413,-0.5404,-0.835592,-1.02781,-1.11229,-1.09718,-0.912642
0.373735,0.23212,-0.157353,-0.246628,-0.424565,-0.561377,0.436027,2.28943,2.16787,2.21571,0.464747,-0.351623,-0.517342,-0.443827,-0.118504,0.125622,0.251502,0.116274,0.682414,1.67808,1.89632,1.69592,0.696693,0.27862,-0.436182,-1.17811,-1.21921,-1.00877,-0.168926,1.23849,2.00428,2.33401,2.39323,1.59241,1.43074,1.87742,2.12048,2.06122,2.77276,2.68959,2.50067,2.23488,0.714275,-0.149164,0.108615,0.713067,-0.33543,-0.536618,-0.545377,-0.128519,-0.148907,-0.0325327,0.0142073,0.105983,0.0917565,0.083726,0.0407323,-0.0777414,-0.218206,-0.332031,-0.431186,-0.601788,-0.726414,-0.815347
-0.100336,-0.556195,-0.627366,-0.71748,-1.07921,-0.665295,0.462643,0.991201,-0.0726499,0.0962407,-0.173251,-0.0836286,-0.320733,0.105724,0.473024,0.694947,0.322103,-0.349411,-0.736287,-0.593544,-0.0621554,-0.311124,-0.684683,-1.15065,-1.79472,-1.50689,-0.919197,-0.819832,-0.251805,2.16602,2.22114,2.21222,2.53003,2.38527,2.27834,2.34641,2.18005,2.31189,2.31818,2.14084,1.90193,1.42656,0.515851,1.20795,1.68839,2.2625,1.54203,1.01486,0.423045,-0.588745,0.246832,0.327166,0.417461,0.384814,0.379668,0.318761,0.176658,0.00870593,-0.0911219,-0.135167,-0.159386,-0.283992,-0.533229,-0.792142
-0.193254,0.147056,-0.443684,-0.913127,-0.554872,-0.530989,-0.703443,-0.908314,-0.503696,-0.359089,-0.27306,-0.437085,-0.367173,0.0672563,0.332031,0.448813,0.177555,-0.312672,-0.855658,-0.91466,-1.02013,-1.19731,-1.25493,-1.56845,-1.0308,-0.516347,-0.410703,-0.686519,-0.802855,0.822759,2.35185,2.51533,2.82099,2.74159,2.94807,2.61663,2.66427,2.6119,2.20067,1.82316,1.73411,0.924035,0.610354,1.13603,1.97104,2.26826,0.717222,0.822769,0.593124,0.0586183,0.360085,0.624148,0.656783,0.639409,0.664174,0.681497,0.544813,0.335577,0.189223,0.105399,-0.0515346,-0.245817,-0.492772,-0.780618
-0.358505,-0.365351,-0.907571,-0.77383,-0.793974,-0.609146,-0.346442,-0.243891,-0.392666,-0.191582,-0.381148,-0.484389,-0.578166,-0.605223,-0.573081,-0.723537,-0.554621,-0.374347,-0.37724,-0.328324,-0.0306005,-0.0334568,-0.490442,-0.605167,-0.857714,-0.749876,-0.803958,-0.782885,-0.225268,0.863836,2.23043,2.71277,2.66611,3.00213,3.13283,3.03457,3.07182,3.20228,2.90999,2.24298,1.39254,1.62215,1.54317,1.53166,1.39273,0.340092,0.09531,-0.0353086,-0.114743,0.518543,0.344707,0.639821,0.598161,0.696719,0.706295,0.813896,0.868633,0.825094,0.580114,0.33732,0.00271626,-0.258468,-0.258206,-0.538201
0.0345881,-0.473006,-0.332076,-0.343764,-0.0637542,0.230612,-0.34369,-0.615867,-0.266295,-0.224636,-0.333561,-0.0950037,-0.00734809,-0.0900873,-0.213555,-0.0548164,0.102447,0.144742,0.47799,0.753136,0.729919,0.535831,0.530452,0.020786,-0.275669,-0.359696,-0.48213,-0.907808,-0.742664,-0.00470841,1.01191,1.86503,2.75642,3.74359,4.15832,3.91612,4.16672,3.94613,4.00125,3.51302,3.08153,2.72461,2.62716,2.78137,1.9084,0.855297,1.07697,1.55345,1.5371,0.794329,0.509634,0.573432,0.58133,0.426448,0.691029,1.01033,1.13341,1.11344,0.789458,0.432433,0.088831,-0.192736,-0.169159,-0.318252
0.213933,0.137438,0.48262,0.62331,0.481026,0.0171332,-0.077207,-0.378902,-1.09694,-1.14736,-0.735886,-0.457818,-0.383935,-0.363241,-0.117958,0.302905,0.853649,1.19754,1.27237,1.35867,1.32208,1.38805,1.32356,0.992497,0.701449,0.191536,-0.292449,-0.495084,-0.232235,-0.457782,-0.294827,0.338855,1.45369,2.22078,3.50908,4.05146,4.01661,4.2729,3.68988,3.84001,3.43472,3.31813,2.9413,3.06722,2.33064,2.2261,1.60242,1.79326,2.1078,2.41655,1.98224,1.55165,1.28311,0.504882,0.337252,0.985371,1.35492,1.18805,0.947843,0.620591,0.223705,-0.114535,-0.267229,-0.302899
0.743663,0.314776,0.0234898,0.114039,-0.396417,-0.633651,-1.14486,-1.59797,-0.914407,0.255447,1.26115,1.22869,0.9756,0.833356,1.1189,1.65914,1.66155,1.36997,1.04554,1.13979,1.42837,1.71219,1.56989,1.18101,0.661656,0.189133,0.0122417,0.742497,0.429559,-0.229894,-0.299153,-0.178625,0.767212,0.657423,0.344632,2.10446,3.20186,3.06238,2.7281,3.46578,3.97519,3.53621,3.15847,2.25584,2.26545,2.36125,1.92938,2.53484,2.69625,2.95551,3.18976,3.40156,2.9081,1.63274,0.546718,0.502048,1.42312,1.46761,1.00279,0.654844,0.111592,-0.128413,-0.270447,-0.39172
1.28596,1.04033,0.500129,-0.258649,-0.595191,-0.633802,-0.954712,-0.868433,-0.161397,0.671188,0.74118,0.855162,0.620304,0.680697,1.29234,2.42141,3.09814,2.96627,2.11443,1.00674,1.38175,1.88224,1.98509,1.68593,1.25576,1.15519,0.985546,0.573695,0.00362405,0.328118,0.602646,-0.141052,0.801981,1.26576,0.134479,1.36105,1.76962,1.09249,0.0712322,0.400255,0.412219,0.437647,0.542929,1.34517,3.03568,2.9826,2.74194,3.29664,4.32876,4.23917,3.38089,3.202,2.85303,2.38587,2.02093,1.26416,1.7035,1.80445,1.01616,0.344563,0.195219,0.14004,-0.232128,-0.59383
1.5337,1.37086,1.0464,1.10962,1.09822,0.596133,-0.0342672,-0.464374,-0.821746,-1.02694,-1.13475,-0.843185,-0.891834,-0.784879,-0.517123,0.101946,1.19324,2.03296,2.0535,1.32899,1.32214,1.84325,2.55539,2.24899,1.36234,1.05973,0.496928,-0.148647,-0.212997,0.44683,1.28678,1.03137,1.96643,2.05795,0.300878,0.598721,0.927496,0.749086,-0.00192857,-1.21744,-1.65602,-1.94111,-1.97782,-0.568848,2.34253,2.43021,2.22582,3.54628,4.20015,4.61497,3.79039,3.38065,3.12131,2.18841,2.31753,3.43802,3.80801,3.49976,2.71592,1.58631,1.02049,0.576532,-0.244628,-0.868059
1.11257,1.19758,1.40182,1.25916,1.25566,1.24224,1.21065,0.354212,-0.229054,-0.583786,-0.261369,-0.171248,0.170894,-0.00766198,-0.713325,-1.62957,-1.35334,-0.0697873,0.741885,0.991142,1.3496,2.09547,2.76185,2.54607,1.05051,-0.1102,-0.73848,-0.776397,-0.623892,0.130846,1.87077,1.7241,1.78501,1.74875,-0.0168923,-0.282128,-0.0182042,1.0332,0.87241,-0.263965,-1.11795,-0.759754,-0.88363,-1.09143,-0.234103,0.000822174,-0.148754,1.38542,3.03521,4.38937,3.50056,2.95704,3.38892,2.22502,1.3597,2.48294,3.79349,3.68893,3.33675,2.6685,2.23938,1.96466,0.77266,-0.559849
1.32904,1.16174,0.84644,0.802733,1.16793,1.27252,0.906498,0.522533,0.327081,0.546085,1.369,1.84697,1.54165,0.677813,-0.602586,-0.896036,-0.593616,0.411945,0.744823,1.35967,1.4285,1.89863,2.75248,2.48141,1.31346,-0.0886585,-0.655102,-1.05265,-0.968026,-0.207521,0.844285,-0.182151,-1.22355,-1.44448,0.325663,0.668462,1.17203,0.0386898,-1.37479,-1.71286,-1.14615,0.186915,1.01579,0.825786,-0.529137,-0.227472,1.0219,1.96981,3.45769,4.25894,3.40099,3.14745,2.93026,2.31661,1.23867,1.97743,3.56395,3.95086,3.35663,2.24752,2.19582,2.47414,1.88597,0.607336
1.66665,1.244,0.635236,1.0149,1.33735,1.48159,1.41007,0.764202,0.712908,0.541979,1.71579,3.31362,3.59661,2.34592,0.976635,0.446716,1.01209,1.71029,2.55494,2.68114,2.20177,2.25909,2.57059,2.91346,1.59036,0.558281,-0.0681005,-0.440626,-0.289491,-0.326034,-0.75543,-2.25199,-2.80691,-1.65389,-0.482167,0.105785,0.516231,0.143787,-1.40936,-2.44233,-2.64328,-0.1197,1.38815,0.589682,0.584022,1.25515,1.93719,2.54115,3.6316,4.01456,3.25893,2.69899,2.26187,2.09448,2.19688,2.40594,3.42598,3.65086,3.30822,2.211,2.22919,3.0467,2.27636,1.21138
1.97466,1.64346,1.66778,1.61331,1.14321,0.886582,1.20591,0.507107,-0.026251,-0.488912,-0.61263,1.00124,3.56513,3.41199,2.30289,2.05673,2.99524,3.60778,3.17271,3.13814,3.53873,3.78393,3.3289,2.47634,1.91853,1.25699,0.044228,-0.215664,0.234118,-0.341762,-1.42676,-2.08152,-1.23162,-0.126231,-0.42884,0.0892019,0.659413,0.718941,0.482708,0.0936335,-0.665259,-0.686361,0.765918,0.713975,1.43402,1.88948,2.14064,2.58281,3.2648,3.64065,3.07795,2.41021,1.4612,2.39946,2.81478,3.28178,3.35871,3.38892,3.74559,3.00364,2.11241,2.44005,2.49873,1.8876
3.15792,2.79963,2.64998,2.41257,2.1957,1.74044,1.81695,1.72149,0.736558,-0.755784,-2.09445,-2.15889,0.742181,2.84069,2.42917,1.73489,1.86562,3.98763,3.63838,3.17617,3.93501,4.01785,3.66529,3.41166,1.99485,0.226168,-1.07257,-1.12624,-0.902384,-0.624899,-0.793258,-0.903232,-0.346867,0.271159,1.1906,1.101,1.47971,1.39314,1.11137,2.44015,2.57007,0.739999,1.65445,2.88157,3.18612,2.80006,2.91892,3.49477,3.63971,3.68141,2.27639,2.87965,0.98395,1.83811,2.3927,1.95484,2.10922,2.19967,3.38775,3.31841,2.28773,2.92964,2.8948,2.24164
