uploads/wind/20200723/wind_field_06.json
{"header": {"parameterUnit": "m.s-1", "parameterNumber": 3, "dx":  0.051, "dy": 0.036, "parameterNumberName": "northward_wind", "la1": 45.3082, "parameterCategory": 2,"nx": 177, "ny": 123, "refTime": "2018-10-03 01:00:00", "lo1":1.38177}, "data":
[rows 56 to 83 of 123, columns 63 to 125 of 177]
-0.354475,-0.0811,0.122589,0.212761,0.197306,0.0962949,-0.0390429,-0.207222,-0.398823,-0.60377,-0.828181,-1.08707,-1.37355,-1.72864,-2.12054,-2.35988,-2.25047,-1.84657,-1.37684,-1.00154,-0.765295,-0.566333,-0.425717,-0.191011,0.373523,0.712322,1.36315,1.88265,1.96421,2.53265,2.0509,1.55768,1.64032,1.6821,1.47084,1.06975,0.0669255,-0.251326,0.0400429,0.321155,0.690048,0.697605,0.671249,0.576726,0.392478,0.356239,0.211384,0.123037,-0.304817,-0.430013,-0.870802,-0.962457,-0.404879,-0.393715,0.14269,0.523973,0.768017,0.920246,0.955555,0.933678,0.900546,0.829228,0.753276
-0.18503,-0.0319854,0.0690921,0.0834352,-0.0352439,-0.27855,-0.593194,-0.94219,-1.26799,-1.579,-1.86956,-2.15893,-2.36038,-2.53346,-2.53297,-2.32733,-1.97796,-1.61111,-1.26891,-0.995859,-0.715534,-0.495819,-0.126911,-0.0720411,0.176584,0.90792,1.91372,2.43967,2.65518,2.89132,2.35225,1.59576,0.764436,0.323488,0.289179,-0.251581,-0.810055,-0.145679,0.458347,0.803933,1.25323,1.48962,1.12299,0.598335,0.189783,-0.00592145,-0.200422,-0.160906,-0.261434,-0.4875,-0.949697,-0.911632,-0.695134,-0.374309,-0.00863034,0.471349,0.811759,0.969,1.03981,1.12971,1.19175,1.16229,1.06421
-1.02514,-1.10008,-1.1164,-1.13085,-1.23235,-1.46388,-1.77785,-2.08802,-2.31347,-2.49052,-2.5976,-2.70324,-2.62704,-2.56352,-2.28714,-1.96664,-1.68614,-1.40831,-1.03345,-0.655993,-0.248422,-0.108411,0.199617,0.186774,0.563771,1.30166,1.92963,2.11338,2.14731,1.94876,1.30316,0.113616,-0.884773,-0.756078,-0.35192,-0.218783,-0.0851362,0.618746,1.21689,1.68709,1.71113,1.26558,0.513652,0.0620184,-0.216938,-0.084834,-0.24501,-0.508085,-0.691325,-0.826069,-0.963146,-0.819891,-0.590796,-0.248725,0.305331,0.722958,0.91713,0.992789,1.06883,1.17029,1.24611,1.25214,1.20181
-2.51016,-2.63216,-2.64882,-2.59367,-2.54639,-2.5413,-2.56785,-2.60778,-2.62226,-2.68024,-2.6947,-2.77501,-2.62727,-2.47577,-1.99238,-1.52528,-1.15352,-0.683457,-0.169156,0.264873,0.374603,0.185599,0.125666,-0.047441,0.232686,0.826043,1.52403,1.20334,0.96302,-0.362041,-0.480892,-1.2742,-1.35942,-1.57299,-0.381533,0.0493861,0.243668,1.27347,2.00444,2.07768,1.48691,0.76102,0.301607,0.15831,0.0574064,-0.0812794,-0.517975,-1.01744,-1.13297,-1.02208,-0.729562,-0.416359,-0.00858594,0.328847,0.832812,1.08428,1.16035,1.20999,1.30133,1.38932,1.42703,1.41427,1.37445
-2.8857,-2.9619,-2.90026,-2.71776,-2.54848,-2.47386,-2.49926,-2.59198,-2.65706,-2.76332,-2.73878,-2.74942,-2.54001,-2.22826,-1.66355,-1.39071,-0.828189,-0.204209,0.0297431,0.361319,1.28703,0.781857,0.138457,-1.04782,-1.82915,-2.02427,-0.865528,0.863499,0.406985,-0.381485,-1.07935,-1.66434,-2.26766,-2.06279,-1.30138,-0.45931,-0.530857,0.270217,0.861942,0.727577,0.107321,-0.094734,-0.0242451,-0.0748143,-0.297277,-0.673183,-0.915796,-0.826295,-0.553531,-0.436959,-0.035277,0.456543,0.758328,0.883747,0.988559,1.13905,1.30754,1.49323,1.6696,1.77052,1.7749,1.70786,1.59876
-2.68208,-2.82557,-2.71589,-2.5064,-2.36301,-2.45043,-2.64648,-2.81742,-2.8231,-2.77828,-2.479,-2.26659,-2.0438,-1.79993,-1.7701,-2.60623,-1.69771,-1.12254,-1.91993,-1.85516,0.43742,1.0592,-0.0533219,-1.93822,-2.34626,-1.88148,-1.50796,1.03422,0.728839,-0.122489,-0.606613,-1.21638,-2.10309,-2.50373,-1.14509,0.50435,0.371345,0.0550272,-0.314601,-0.420022,-0.715069,-0.586412,-0.422008,-0.416425,-0.584651,-0.706533,-0.514938,-0.00700273,0.513559,0.708543,0.867499,1.01686,1.08536,1.06422,1.06586,1.17441,1.38128,1.62466,1.81505,1.89481,1.84362,1.68471,1.47752
-2.72188,-2.89514,-2.78902,-2.64325,-2.57837,-2.81405,-2.96991,-2.86616,-2.51423,-2.21259,-1.71176,-1.58299,-1.49044,-1.22919,-2.94371,-3.79811,-3.60241,-3.11197,-3.35504,-3.60817,-2.22398,-0.263901,-1.32336,-1.67362,-1.63656,-1.22984,-1.74353,-1.54821,0.942994,0.98911,0.343865,-1.62321,-2.12677,-2.65216,-2.11139,0.401088,1.26954,0.801416,0.0283549,-0.213662,-0.576582,-0.522973,-0.370022,-0.296853,-0.245427,-0.113385,0.219604,0.672459,1.07407,1.27971,1.2369,1.15046,1.14974,1.15798,1.13765,1.16969,1.30739,1.4851,1.5997,1.57094,1.3897,1.12296,0.866049
-2.54214,-2.60994,-2.52346,-2.44722,-2.60492,-2.91251,-2.87656,-2.41679,-1.84902,-1.57618,-1.22907,-1.49864,-1.2889,-0.578188,-1.93301,-2.61877,-2.59736,-2.6436,-3.01957,-3.90722,-4.20381,-2.83652,-2.31467,-1.9988,-1.64589,-1.70951,-2.212,-2.86763,-1.80159,0.69374,0.243071,-1.13542,-1.0994,-0.883596,-1.92572,-1.45094,0.321649,-0.0772035,-0.330448,-0.619275,-0.596348,-0.404896,-0.29325,-0.214168,-0.091971,0.0621366,0.271259,0.572029,0.820404,0.873455,0.831725,0.912644,1.04305,0.987616,0.813104,0.759444,0.878927,1.02203,1.05066,0.928524,0.736415,0.561797,0.457129
-2.49588,-2.36685,-2.22626,-1.95269,-2.48178,-2.6464,-2.39457,-1.92071,-1.77204,-1.92965,-2.07511,-2.62916,-1.93578,-0.854423,-1.65979,-1.3937,-1.83479,-1.87861,-2.26541,-3.65478,-3.91026,-3.9907,-3.39801,-2.7801,-2.55027,-2.66937,-2.75903,-3.31733,-3.70862,-2.77629,-2.14608,-0.48587,0.850824,1.45338,0.455065,-1.36774,-0.834122,-0.389107,-0.82263,-0.653794,-0.322419,-0.295599,-0.3325,-0.426817,-0.598202,-0.967177,-0.94885,-0.590768,-0.201764,0.0859182,0.293306,0.481599,0.514551,0.309857,0.0639117,-0.0323094,0.0548942,0.185438,0.213887,0.183045,0.203036,0.298102,0.448406
-2.49011,-2.22812,-1.945,-1.19388,-2.19191,-2.07506,-1.78839,-1.76402,-2.11937,-2.55015,-2.87778,-3.4494,-2.7207,-2.06448,-2.99735,-3.30802,-2.60102,-2.46608,-2.38095,-2.64964,-2.47,-2.23401,-2.05455,-1.78877,-1.4671,-1.78128,-2.39417,-2.77188,-2.85843,-3.75337,-3.49381,-1.68264,0.582988,1.10709,0.858857,-0.100327,-0.664028,-0.0705676,-0.158283,-0.448047,-0.658891,-0.684364,-0.833713,-0.737229,-1.2446,-2.19581,-1.89945,-1.27507,-0.851581,-0.445469,-0.218149,-0.182866,-0.337347,-0.612004,-0.845078,-1.00217,-1.01653,-0.927306,-0.777063,-0.600357,-0.38843,-0.115621,0.159533
-2.245,-2.068,-1.64296,-1.42079,-1.8367,-1.4638,-1.50909,-2.67827,-3.4512,-3.71198,-3.94525,-3.78783,-3.98779,-3.86439,-3.86856,-3.76823,-3.27595,-2.873,-2.61949,-1.74934,0.414516,0.134239,0.270357,0.519629,0.183989,0.0716042,-0.70889,-1.52587,-1.63639,-1.72085,-2.29663,-1.91885,-1.03553,-0.390464,-0.275638,0.404156,0.256986,-0.0781413,-0.136133,0.133037,-0.0406728,-0.452152,-0.464268,-0.283896,-1.4948,-2.75441,-2.11414,-1.4684,-1.22952,-0.890414,-0.881975,-1.05172,-1.30081,-1.29792,-1.52727,-1.70872,-1.80195,-1.74957,-1.54024,-1.35491,-1.17823,-0.955656,-0.664168
-1.70896,-1.85508,-2.44146,-1.87453,-1.54409,-1.13035,-2.50156,-2.65785,-2.57842,-2.14512,-2.22933,-2.70218,-3.02597,-3.09874,-3.01159,-3.19687,-2.61053,-2.30926,-1.97668,-1.24526,0.56994,0.824931,0.750292,0.966419,0.501147,0.0990165,0.118524,0.00943812,-0.324139,-0.318309,-0.194847,-0.649758,-1.31426,-1.0722,-0.460258,0.813622,0.651004,0.391987,0.357091,0.112094,-0.095999,-0.0811764,0.600455,0.0167573,-1.46003,-2.88079,-2.45601,-1.79788,-1.62488,-1.34161,-1.35688,-1.60137,-1.69447,-1.51834,-1.83107,-1.93881,-2.07964,-2.10974,-2.00538,-1.84908,-1.81397,-1.6816,-1.54227
-1.72048,-2.13271,-2.02462,-2.01835,-2.24781,-2.11424,-2.52613,-2.48682,-0.795476,-0.47412,-0.578144,-2.15408,-2.49676,-2.16041,-1.79652,-1.47013,-1.31894,-1.24206,-1.02518,-0.117655,0.443197,0.590585,-0.108733,-0.352852,0.0235393,0.110906,-0.0880131,-0.351652,-0.238658,0.527405,0.59845,0.223509,-0.53036,-0.815022,-0.563493,0.0420136,0.326383,0.565059,0.574791,-0.191061,0.373443,0.588119,0.812707,-1.19615,-2.43219,-2.28415,-2.72668,-2.0394,-1.75882,-1.47248,-1.46065,-1.71149,-1.53518,-1.64212,-1.81751,-1.87971,-1.95822,-2.06167,-2.05959,-2.17198,-2.40418,-2.15423,-2.37341
-0.80435,-0.891878,-0.765576,-2.06596,-2.50259,-2.29843,-2.35142,-2.53014,-0.982642,-0.902399,-0.819706,-2.12683,-2.26308,-1.96525,-1.12635,-0.610492,-0.454421,-0.734347,-1.07612,0.618375,1.52216,1.37607,0.240174,-1.30528,-1.04616,-0.46706,-0.620225,-1.1209,-1.05101,0.09475,1.23212,1.42411,1.02454,0.568503,0.116068,-0.29347,0.104334,0.582669,0.912045,0.590564,0.772063,0.467043,-0.665009,-1.84434,-2.0316,-2.3096,-1.998,-1.93363,-2.02001,-1.443,-1.69292,-1.74806,-1.69617,-1.76787,-1.70819,-1.81339,-1.77231,-1.92054,-2.05363,-2.78575,-2.83543,-2.85556,-2.85947
-0.561204,-0.76899,-0.984487,-1.5722,-2.10117,-3.04452,-2.5439,-1.89962,-1.41311,-3.10733,-2.08833,-2.11664,-1.89523,-1.46312,0.145969,0.22287,-0.211278,-0.937186,-1.87324,-1.30869,0.863704,0.493118,-0.353088,-2.03217,-2.56428,-1.8648,-1.67211,-1.7207,-1.89888,-1.24386,0.650615,1.57237,1.01913,0.213924,0.0284215,0.355497,0.60602,0.862661,1.58985,0.767377,-0.437028,-0.608885,-0.841848,-1.15672,-1.49397,-1.29605,-0.653715,-1.3862,-2.34176,-1.61406,-1.90984,-1.76004,-1.90529,-1.70391,-1.75159,-1.96847,-1.85432,-2.31861,-2.62781,-3.17706,-2.84523,-3.14489,-2.79832
-0.538497,-1.00828,-1.10727,-2.01229,-2.0212,-2.76025,-2.93485,-2.85107,-3.02129,-2.31953,-2.35035,-2.12232,-1.91352,-0.570749,0.600376,-0.153182,-1.33075,-1.53818,-1.33064,-2.1635,-1.73013,-1.67494,-2.2314,-2.61821,-2.94938,-3.44525,-3.1348,-2.69333,-2.59065,-2.70405,-1.34596,0.130751,-0.872233,-1.10666,-1.31266,-0.325151,0.13508,0.746691,0.760512,0.299631,-0.0822408,-0.140382,-0.370131,-0.536517,-0.185887,0.0342593,-0.154558,-1.69092,-1.87721,-1.50571,-1.81011,-1.53566,-1.76413,-1.52429,-1.82948,-2.11769,-2.02824,-2.57501,-2.81849,-2.78086,-2.79543,-3.03143,-2.7934
-0.564961,-0.640925,-1.32402,-1.88256,-2.27254,-1.37299,-2.7275,-2.83774,-2.42309,-1.01001,-2.14317,-1.35678,-2.07335,-2.2372,-1.71699,-1.85652,-1.77915,-0.408759,-0.0513574,-0.407966,-1.1745,-1.6007,-1.64615,-1.64511,-2.3136,-3.63355,-3.83201,-3.21569,-2.69586,-2.41104,-1.04209,-1.01722,-1.12364,-1.38234,-2.20365,-2.24819,-1.43435,-0.54866,0.842737,1.41373,1.1402,0.782765,0.377331,0.473138,0.983835,0.723554,-1.15116,-2.00814,-1.95437,-1.91981,-1.79794,-1.44638,-1.75296,-1.68011,-1.97948,-2.10138,-1.96502,-2.17291,-2.29654,-2.40561,-2.88666,-3.12768,-2.98559
-0.435848,-0.663305,-1.24628,-0.747025,-0.729329,-0.510828,-0.642856,-2.43927,-1.14532,-0.620317,-0.862743,-1.77156,-0.925422,-1.49947,-1.93508,-1.57878,-0.762618,0.0143958,-0.196851,-0.233038,-0.30139,-0.488193,-0.693239,-0.545173,-1.06324,-2.47785,-3.10251,-2.75817,-2.63576,-2.07619,-0.664795,-0.938783,-1.39414,-2.32516,-3.06103,-3.40652,-3.1776,-1.97988,-1.10796,0.284278,0.910621,0.9083,0.587899,0.82567,1.11088,0.115626,-1.18167,-0.85853,-0.726519,-1.05199,-1.67239,-1.47553,-1.51301,-1.71066,-1.95344,-1.87105,-1.58959,-1.73198,-1.86339,-2.36698,-2.85366,-3.08061,-3.52483
-0.520394,-0.259476,0.219035,-0.074419,-0.966511,-2.0343,-0.91,-1.6935,-2.42827,-2.5062,-2.13694,-1.1057,-1.08522,-1.01791,-0.599475,0.0714759,0.527361,0.736367,0.224512,0.305346,0.341764,-0.193596,-0.488954,-0.297058,-0.959517,-2.28751,-1.8825,-1.45038,-1.56443,-1.67323,-1.36459,-0.817225,-1.39528,-2.43194,-3.12586,-3.38066,-3.52231,-2.3511,-1.6303,-1.80638,-0.902621,-0.761812,-0.394799,-0.86734,-1.19893,-1.11254,-0.291119,0.475809,0.607759,-0.493836,-0.652819,-0.973105,-0.842999,-0.948969,-1.33925,-1.4328,-1.28141,-1.4634,-1.59733,-2.1619,-2.58264,-3.02228,-3.78289
-1.38342,-0.727437,-0.818525,-1.71937,-3.15838,-3.12397,-2.66169,-2.75902,-2.51046,-1.42611,0.122486,0.664411,-0.289603,-0.400651,0.0608036,1.44419,1.30696,1.50819,0.579036,0.123094,0.269697,0.265595,0.376736,0.119481,-0.760788,-1.40042,-1.40147,-1.32567,-0.634366,-0.603854,-0.367877,-0.425377,-0.988272,-1.22414,-1.83068,-2.38488,-2.06784,-0.739239,-0.728276,-1.50991,-2.22438,-2.40118,-2.50248,-2.89644,-3.15801,-2.62296,-1.2534,-0.771178,0.746989,1.14413,0.601255,-0.576619,-0.254995,-0.11263,-0.406342,-1.01212,-0.900338,-1.06563,-1.17883,-1.43607,-1.97887,-2.55045,-3.15532
-1.5609,-1.89922,-2.72719,-2.83428,-2.59349,-1.78117,-2.29316,-2.36222,-1.99128,0.192612,0.973174,1.35139,-0.36046,-1.15942,-0.816791,0.481382,1.37328,1.35069,0.193191,-0.343362,-0.293649,0.608965,0.94291,0.139268,-0.916026,-1.14119,-0.501651,-0.366037,-0.477876,-0.203646,0.295441,0.214948,-0.385168,-0.679348,-0.216393,-0.442969,-0.872703,-0.800942,-0.188956,-0.0453238,-0.906386,-2.3519,-2.6411,-2.60762,-2.21234,-2.45128,-2.67739,-2.8383,-1.67728,0.0611806,0.4817,-0.674945,-0.83009,-0.751499,-0.516444,-0.576307,-0.309456,-0.546823,-0.770427,-0.445821,-0.572144,-1.18067,-2.07566
-2.11048,-2.04863,-1.08795,-0.994631,-0.565734,-0.322563,-0.453047,-1.1354,-1.50976,-2.38073,-2.62809,-2.65206,-3.24388,-3.78785,-3.38771,-2.63814,-1.00381,0.096599,-0.250124,-0.744903,-0.729316,-0.110943,1.49508,0.449566,-1.17022,-1.48551,-1.16222,-1.017,-0.857295,-0.651682,-0.0421006,0.426009,-0.201809,-0.396716,-0.472147,0.156158,-1.50525,-0.884731,-0.061609,0.448995,-0.0344179,-0.8595,-1.8276,-1.87578,-1.76823,-2.59936,-3.30437,-2.94531,-2.49879,-1.38326,-0.132361,-0.888939,-0.916676,-0.666251,-0.955563,-1.06392,-0.115132,-0.159577,-0.430798,0.0195312,0.416333,0.205236,-0.296617
-1.82724,-0.932493,0.0747024,0.0618171,0.622371,0.230877,0.0388424,-0.917678,-2.09064,-2.56647,-2.59144,-2.69816,-2.79853,-2.85104,-2.79451,-2.00455,-1.38071,-1.20281,-1.07223,-1.37188,-1.37015,-1.14209,0.928367,0.865203,-0.871734,-2.35239,-2.79452,-2.65851,-1.12235,-0.787214,-0.565658,-0.69569,-0.898823,-0.832153,-1.2573,-1.17321,-1.02631,-0.573818,-0.912684,-0.948632,-0.578361,-0.22372,-0.0539692,0.2879,-0.0825509,-1.68124,-1.80462,-0.562187,0.662268,1.12592,0.0526511,-1.23159,-0.878775,-0.583458,-1.39699,-1.73588,-1.4245,-0.886177,-0.47041,-0.280065,0.0198935,0.263323,0.794707
-1.34056,-0.638085,0.002549,0.0647412,0.517167,0.239021,0.293844,-0.230488,-1.26088,-1.03843,0.150075,0.489277,0.733771,1.28222,1.31826,0.523569,-0.585138,-1.07719,-0.635372,-0.901094,-0.81389,-1.02081,-0.671096,0.578173,0.144594,-0.482293,-1.17403,-1.44176,-1.28254,-0.789363,-0.829389,-1.30009,-0.665123,-0.395299,-0.765093,-1.78068,-0.240489,-0.369844,-1.78934,-2.70481,-1.13308,0.471508,1.40385,2.37735,2.31711,2.01479,1.86307,1.59092,0.954416,0.189583,-1.38482,-1.87009,-1.89445,-2.44645,-1.57782,-1.20203,-1.02632,-0.65849,-0.300642,-0.592999,-0.908137,-1.05536,0.0654576
-0.816312,-0.0345855,0.134404,0.255001,0.0776182,0.173476,0.21171,0.351371,-0.0604091,-0.759774,0.461519,1.70315,1.64889,1.80382,1.2734,-0.43089,-0.647099,-0.423566,0.0511262,-0.150874,-0.473209,-0.214647,-0.336182,-0.0673756,0.443037,0.725818,0.0429869,-0.0991913,-0.00559244,-0.247188,-0.531446,-0.601013,-0.0821885,0.345766,0.0616532,-0.756591,-1.30764,-0.736898,-0.184061,-0.733592,-0.45564,0.0931229,0.834374,0.863022,1.68026,2.23102,0.767903,-0.996232,-1.92376,-2.31365,-2.37023,-1.46116,-1.88906,-2.48063,-1.34559,-0.830813,-0.145857,-1.0194,-0.378796,-0.320704,-0.368156,-1.28957,-1.39208
-0.803024,-0.0644457,0.071269,-0.104663,-0.140251,-0.0120795,-0.0910153,0.0464214,-0.234336,-1.97504,-1.55512,0.927736,1.46335,1.49088,1.43218,0.885583,0.234906,0.684236,1.07931,0.280942,-0.325134,0.203788,0.668363,0.481065,0.712695,0.846685,-0.488519,-1.74913,-0.262277,-0.509621,0.214707,0.906937,0.607089,0.245519,-0.307324,-0.0460195,-0.194438,-0.385359,0.166981,1.00841,0.934931,1.06915,0.653302,0.597882,0.78384,0.659053,-0.0350162,-0.498205,-0.333124,-0.205331,-0.0978274,0.269554,-0.208943,-1.32355,-2.05039,-1.94806,-1.86332,-2.55419,-1.14218,-0.711082,-0.365055,-1.41712,-1.94771
-0.588163,-0.0402581,0.0723109,-0.123348,-0.225503,-0.134779,-0.160615,-0.596996,-0.594658,-1.62035,-2.66293,-2.47435,-1.20722,0.640295,1.7794,0.743624,-0.734911,-0.999604,0.669528,0.829346,0.0539467,0.11892,0.715895,0.928473,0.751194,0.208171,-3.14004,-4.0982,-3.34212,-2.85004,-0.886305,0.846666,0.95614,-0.072283,0.169349,0.664178,0.339727,-0.340169,-0.853684,0.0305467,0.974845,1.8808,1.35713,0.957357,0.135144,-0.829048,0.920299,-0.0040641,-0.802579,0.116699,-0.24376,-0.959758,-0.0151444,-0.431969,-2.3184,-3.25661,-2.13785,-1.2123,-1.23007,-1.93769,-1.8106,-1.04346,-0.551191
-0.721986,-0.136784,0.0156595,-0.105975,-0.174942,-0.285944,-0.453302,-0.712614,-0.288599,-0.441174,-0.939188,-2.31516,-2.55564,-0.849382,-0.182258,-1.40404,-1.57814,-1.85582,-0.482122,0.123458,0.338064,0.412429,0.98371,1.22361,1.45854,-1.40042,-3.95134,-2.87724,-1.77945,-1.49488,-1.40832,-0.298316,0.603709,0.730305,0.605784,-1.03558,-2.06122,-2.00183,-1.4955,-1.96849,-2.64315,-2.64859,-1.43853,-3.11356,-3.76218,-4.13623,-3.14807,-2.79182,-2.18649,-1.16323,-2.23103,-1.67014,-0.760332,-1.2512,-2.11565,-2.12551,-1.5256,-0.00917746,-0.794152,-1.99407,-2.10829,-0.80646,-0.702375
