uploads/wind/20200723/wind_field_22.json
{"header": {"parameterUnit": "m.s-1", "parameterNumber": 2, "dx": 0.051, "dy": 0.036, "parameterNumberName": "eastward_wind", "la1": 45.3082, "parameterCategory": 2,"nx": 177, "ny": 123, "refTime": "2018-09-30 00:00:00", "lo1":1.38177}, "data":
[rows 29 to 57 of 123, columns 0 to 64 of 177]
-0.555914,-0.298218,1.30694,0.950369,0.228315,-0.850349,-1.37509,-0.834998,-0.928961,-1.95283,0.797272,2.96341,1.76374,0.711701,0.487411,0.574919,1.54691,3.00216,4.80483,4.47644,2.22334,0.637803,1.44975,1.3611,0.494458,0.987772,2.82189,3.66976,2.99907,2.28243,1.66768,1.17563,2.33474,2.8159,3.08059,2.97944,3.28148,3.17674,2.99944,3.03025,3.39401,4.0428,4.31031,4.4333,4.4771,4.68545,4.84824,5.22302,5.65521,5.77466,5.65321,5.41422,5.07826,5.21721,5.74969,5.93888,5.40308,3.30041,1.1919,0.969024,1.71903,2.46595,2.895,3.09155,3.18478
-1.87246,-1.298,1.08623,0.876969,0.370496,-0.439312,-1.00484,-0.477021,-0.423104,-1.12381,0.265094,2.76353,2.27325,0.862347,-0.202762,0.501115,3.24577,4.69125,4.9792,3.02442,-0.129452,0.0153116,2.01538,2.0871,2.2523,2.74215,2.69328,3.14399,2.92815,2.33791,1.26036,2.46557,3.00415,3.33427,2.34282,1.86999,2.37464,3.0281,3.29445,3.5385,4.16319,4.54301,4.72353,4.80856,5.04563,5.3301,5.46965,5.77804,5.69866,5.43741,5.33033,5.14674,5.15527,5.39024,5.70208,5.3286,3.29282,1.12032,0.507151,1.29105,2.18097,2.79099,3.08122,3.2226,3.29835
-1.08683,-0.435487,0.925398,0.852716,0.854568,0.495983,-0.189152,-0.189909,-0.178136,-0.848925,0.524222,2.67302,1.44404,-0.15904,-0.685549,0.576478,3.88308,6.18129,6.0113,1.49554,-2.03629,0.221704,3.59471,3.30657,3.05128,3.16481,3.09809,2.89564,2.81824,1.89955,1.87185,2.48434,3.72779,2.91808,2.42162,1.95917,2.25794,2.76498,3.41378,4.08322,4.46217,4.77539,4.873,5.08793,5.56509,5.5351,5.60711,5.46862,5.19509,5.11877,4.97935,5.11472,4.88099,4.70369,4.91361,4.11553,3.26663,2.21733,1.40475,1.88635,2.64652,3.10205,3.21403,3.19601,3.14484
-0.488379,0.180609,1.00405,1.15706,1.33662,1.00107,0.0311,0.156203,0.520621,0.0841391,1.51307,2.91932,0.887184,-0.318511,0.429904,2.69998,5.56009,6.70404,4.29184,0.682735,-0.263668,1.45785,3.60045,3.33226,2.4029,2.6755,3.40907,3.35045,3.22465,2.55098,2.10189,3.17465,3.34182,3.47479,2.62881,2.2179,2.22667,2.43853,2.93284,3.81286,4.61915,4.8524,5.08894,5.49739,5.47375,5.41288,5.26771,4.96876,4.87731,4.84771,4.93409,4.9104,5.19209,5.25276,4.60148,4.11999,3.15324,1.96536,1.71825,2.32245,3.02172,3.31723,3.25697,3.09354,2.87448
0.546281,1.15139,1.23132,1.47945,1.66632,1.43065,0.311395,0.397759,0.708148,0.984457,2.41316,1.94218,-1.04758,-1.09381,2.43102,5.68181,6.57711,4.18,1.991,2.92799,3.18222,2.30897,2.7857,2.43944,1.52638,2.79571,3.2419,3.59597,3.46147,2.66981,2.28903,3.12665,4.31561,3.75636,2.59073,2.15425,2.39746,2.74074,3.26043,3.8459,4.45223,5.08875,5.31695,5.32235,5.20639,4.94769,4.62151,4.62392,4.62966,4.68607,4.75707,4.82935,4.65181,4.42982,4.14739,4.04551,3.11826,1.84666,1.89828,2.65,3.23079,3.39109,3.2758,3.02142,2.68311
0.995707,1.57588,1.57386,1.76755,1.87162,1.41375,0.488803,0.46316,0.914209,1.87584,3.65375,1.45534,-2.69419,-1.72229,2.93788,7.48506,6.50165,-0.0246337,-1.60188,2.87487,3.56659,2.80964,2.65987,2.9283,2.95153,2.71571,3.46787,3.7819,3.99925,3.00576,2.59092,2.78793,3.92432,3.82867,3.20344,2.95406,3.2136,3.69147,3.93042,4.29403,4.80677,4.96011,5.10067,5.19685,4.76175,4.35913,4.34619,4.35496,4.42354,4.47812,4.54839,4.34387,3.96961,4.10283,4.3254,3.45451,2.24663,1.88937,2.2206,2.78739,3.27155,3.34544,3.04459,2.71845,2.50735
1.19206,1.87413,1.75413,2.11403,1.85367,0.777071,0.139944,0.970608,1.73263,3.49843,4.752,1.22431,-1.99163,-0.360284,4.58648,8.02178,6.35583,0.375932,-1.05678,1.63686,2.47627,2.20172,2.58181,3.24168,3.17117,2.69572,2.99204,3.33004,3.98263,3.35114,2.35637,2.40228,2.76367,3.73285,4.51002,4.39893,4.20519,4.27675,4.30084,4.16194,4.2826,4.62233,4.55636,4.16791,3.70937,3.28947,3.37898,4.04615,4.04004,3.60568,3.46247,3.44838,3.49176,3.40417,2.91244,2.10615,1.65351,1.85672,2.34451,2.87936,3.21931,3.36917,3.21156,2.78872,2.4282
0.576573,1.45621,2.07795,2.10402,1.60934,0.340288,-0.296129,1.16387,2.507,3.90689,3.50878,0.116483,-1.41766,-0.354688,3.23277,6.41929,5.21425,1.55962,0.120832,0.680807,0.104397,-0.52319,1.94262,3.75727,3.67614,2.36616,2.44125,2.57205,1.63765,1.25577,1.05213,0.94582,2.28698,5.74455,6.55453,6.06338,5.05437,4.50355,4.23893,4.26175,3.97622,3.81288,3.75218,3.27904,2.81182,2.8802,3.58614,3.82013,3.48208,3.23627,3.14163,3.15561,3.28461,3.15986,2.51731,1.76311,1.47404,1.75594,2.30544,2.85876,3.16151,3.20511,3.01433,2.62952,2.43183
-0.105715,0.777773,2.05744,2.01771,1.30767,0.731127,0.450943,0.643406,1.01329,2.54209,2.58639,-0.254159,-0.927318,1.09592,3.15279,4.584,4.22822,2.30813,0.511335,-0.38844,-1.21704,0.0312163,3.17287,4.23968,3.53082,1.65431,0.958348,-0.241399,0.10555,0.32651,0.114648,0.812705,4.13189,6.28633,7.93281,6.67296,5.64306,4.66371,4.40272,3.90063,3.43831,3.43094,3.21064,2.5861,2.47846,3.15085,3.50446,3.34587,3.08969,2.89541,2.83485,2.97337,3.15145,2.94294,2.26813,1.6258,1.42421,1.63859,2.10467,2.65148,3.00521,3.01436,2.71857,2.33328,2.08092
-0.394958,0.26925,1.88539,1.92679,0.611631,-0.48874,-0.399911,-0.0341941,0.328598,1.87792,2.51595,-0.765194,-1.39296,2.25361,3.78932,3.64441,3.1697,1.81938,0.0741304,-0.128906,0.93273,2.54405,3.73076,3.54651,2.98955,2.27394,1.92846,0.894597,0.17023,0.250924,0.879508,3.75938,4.99928,5.76148,5.54683,5.36486,5.23183,4.70104,4.00698,3.96949,3.85608,3.38188,2.70232,2.39833,2.93068,3.30615,3.18458,2.92679,2.72587,2.59636,2.61843,2.91332,3.1545,2.8751,2.12623,1.34224,1.04132,1.29341,1.78366,2.39594,2.81661,2.78583,2.72609,2.43056,1.73692
1.48763,2.47719,1.21953,1.26938,-0.35534,-2.16323,-2.13157,-1.21288,-0.346144,1.22309,1.945,-0.827266,-1.74544,2.0422,3.83863,3.10581,2.60336,2.15939,1.2634,2.20208,3.73644,3.55773,3.45605,3.53206,2.41267,1.44926,1.25705,1.02642,0.714123,0.667787,3.60858,5.43807,6.2107,4.29005,4.92736,4.63731,4.06437,3.6064,3.35253,3.43024,3.65549,3.37827,2.94198,2.98793,3.12761,3.06546,2.91954,2.67385,2.35727,2.28204,2.60253,3.11079,3.38921,2.88169,2.12043,2.09185,1.86879,1.46923,1.68774,2.20941,2.59532,2.55377,1.97889,0.91098,0.26334
-1.20276,-0.0333238,0.787409,0.648638,-0.0382804,-1.58961,-2.84921,-2.72577,-2.72617,-1.03255,1.34129,0.664053,0.172266,2.37394,2.96121,2.61028,2.6845,3.39164,3.10349,2.98382,2.22875,1.85517,3.008,3.54108,2.63756,0.514468,-0.669723,0.0612608,0.473656,1.19631,4.11346,6.61371,4.93168,4.77552,4.48129,4.30186,3.91003,3.18125,2.96073,3.21201,3.41768,3.13538,2.67205,2.63234,2.86205,2.9843,2.77901,2.60539,2.85705,2.86751,2.88508,3.33585,3.4361,3.01297,2.86392,2.62391,2.02582,1.5887,1.62471,1.98361,2.27201,2.08559,1.10658,-0.0331818,-0.769302
-3.84739,-2.35349,0.9903,0.462535,0.755112,0.203874,-1.67239,-2.63459,-3.53912,-3.72398,-0.355324,1.55278,1.43831,2.37653,2.42319,2.39115,3.04155,2.94437,2.83482,2.45788,0.258238,-0.600314,1.82821,4.09666,3.63762,-0.520186,-2.39963,-0.0377335,1.88051,3.5742,5.32105,6.83577,5.42963,4.91162,4.93117,4.86616,4.06533,3.25209,2.89472,2.89878,2.85941,2.66096,2.50174,2.61567,2.89342,2.81447,2.6454,2.97084,3.17,3.05046,3.06674,3.4241,3.36495,2.49303,1.87459,1.87744,1.83613,1.61423,1.49493,1.62364,1.76195,1.40833,0.339372,-0.401119,-0.806883
-3.03717,-1.60612,0.898532,0.579022,1.13912,1.68641,0.325441,-1.17517,-2.79459,-3.62008,-2.09728,0.804724,1.6007,2.53299,2.15701,1.26178,2.06508,2.29085,2.11864,3.2443,2.51244,0.524408,0.917954,2.67015,1.75701,-2.44264,-3.28792,-0.144136,3.09725,4.79658,5.3792,6.68954,4.98432,4.51606,4.22301,4.58289,4.26764,3.39811,2.73733,2.45293,2.29983,2.28827,2.46028,2.75613,2.86496,2.78381,2.94947,3.07446,3.01918,3.05019,3.22522,3.54939,3.21883,2.43108,2.44647,2.28782,1.72359,1.33136,1.02645,1.04093,1.16413,0.764365,0.395577,0.169801,-0.0689772
-0.437292,0.864935,0.827442,1.007,1.23583,1.88307,1.46017,-0.146586,-1.32645,-1.65509,-0.207755,1.13533,1.00497,0.98132,0.49274,-1.69179,0.179917,3.71053,3.71789,4.05706,4.29766,3.31407,2.44673,2.28635,0.872067,-1.89671,-2.30708,0.269864,2.29405,3.87916,4.56963,4.58577,2.89874,2.84854,3.33502,4.31754,4.53807,3.65827,2.65724,2.18612,2.03079,2.11133,2.4616,2.72776,2.41964,2.14758,2.43506,2.77388,3.00292,3.20177,3.44094,3.67556,3.56051,3.23699,2.7847,2.14899,1.35923,0.560745,0.246126,0.434116,0.630151,0.672092,0.543916,0.23973,0.0241648
-1.17221,-0.179165,1.18833,1.68771,1.42857,1.3855,1.38266,1.19536,0.939826,1.13533,2.01039,2.99542,2.01259,0.783101,0.238027,-1.36587,-1.46916,1.94395,4.35579,3.81574,4.29598,3.92859,3.4346,2.38538,1.63098,1.17028,0.25553,0.60801,1.40996,2.21385,2.7332,1.31167,0.986694,1.41206,2.42375,3.79085,4.38108,3.71735,2.67827,2.13583,2.0168,2.15193,2.41336,2.76285,2.79545,2.25011,2.18005,2.69337,3.12608,3.4243,3.66348,3.65115,3.06155,2.41004,1.90508,0.965518,0.289181,-0.016445,0.0784164,0.34895,0.611782,0.778172,0.708817,0.545743,0.418558
4.3878,4.54176,1.32257,2.72724,1.99162,0.411791,0.50795,2.02923,2.71163,3.62175,3.71652,4.53694,4.37304,2.4271,2.16609,0.853514,-0.871037,1.33329,3.66754,3.81484,3.98909,3.87074,3.62369,2.99854,2.28427,2.9951,2.74215,1.70527,1.78368,1.73637,1.0322,0.620354,0.31667,0.815184,1.84941,3.32421,4.30238,3.7169,2.55468,2.08089,2.06936,2.26291,2.4736,2.46379,2.30125,2.1677,2.32365,2.80791,3.29862,3.64177,3.72042,3.28041,2.22083,0.960114,0.179459,-0.403127,-0.490967,-0.185784,0.174801,0.402196,0.587784,0.757853,0.898259,0.912201,0.919876
0.371845,1.03385,2.03889,3.44494,2.47316,-0.322916,-0.539905,1.29077,3.09244,4.27646,3.37785,3.32492,4.07008,3.24438,3.25668,3.36706,1.66165,0.95871,1.65457,2.0314,2.75226,3.32942,3.3509,2.921,1.99978,3.09512,4.00887,4.1308,3.32857,1.65763,0.844388,0.75056,0.597201,0.95276,1.68307,2.92993,3.92406,3.52771,2.57903,2.07196,2.01577,2.26693,2.34291,2.07853,1.94919,2.14233,2.45813,2.85099,3.29345,3.54486,3.32925,2.26649,0.651661,-0.396859,-0.946936,-0.971459,-0.657029,-0.219356,0.219163,0.534095,0.747627,0.962804,1.12178,1.22377,1.21837
1.11546,1.93818,2.03889,2.99146,2.09034,-0.195619,-0.711073,0.582631,2.01503,4.66564,3.10415,0.117856,2.04275,3.92142,4.28941,4.35833,3.66464,2.05582,0.672997,1.02489,1.78496,2.29126,2.79634,2.2654,2.29479,2.48411,3.79342,3.76339,2.57122,0.962036,0.439566,0.598886,0.828921,1.31004,1.73916,2.39927,3.03521,3.06214,2.55899,2.0996,1.93097,1.88333,1.73705,1.59578,2.02,2.69992,2.98205,3.13578,3.36724,3.41661,2.16634,0.334478,-0.676344,-1.06464,-1.02188,-0.744517,-0.439657,-0.0441706,0.362026,0.641977,0.816897,0.979212,1.09101,1.12989,1.15638
0.1645,0.469455,2.29352,2.33971,2.03658,0.753883,-0.166424,-0.291179,0.673362,3.96391,3.87813,-0.349085,1.52742,4.91698,5.15694,4.4691,3.37317,2.36841,2.21685,2.68807,2.97583,2.62253,2.13419,1.94187,1.79051,2.53647,3.64736,3.67641,2.83852,1.07433,0.417784,0.0510041,0.513955,1.19409,1.78924,2.04757,2.11552,2.02767,1.8392,1.59302,1.23625,0.905716,0.881334,1.35972,2.09022,2.69672,3.03332,3.17015,2.59992,1.0968,-0.0756997,-0.65996,-0.795081,-0.802383,-0.599781,-0.327498,-0.00130878,0.29712,0.522333,0.618998,0.642391,0.673318,0.70821,0.79544,1.06342
1.66838,1.59505,2.08269,1.80634,2.05822,1.3526,0.0225923,-1.17535,-0.15447,3.31231,3.23227,0.750903,1.75351,3.61815,4.91774,4.18869,4.52873,3.90136,3.5652,3.16702,3.04084,3.07766,1.76687,1.90536,1.72956,2.07395,3.20231,3.49215,1.85353,0.706437,0.478011,0.45933,0.4427,0.741564,1.01325,0.904111,0.593938,0.370018,0.368923,0.478233,0.524905,0.612249,0.920737,1.52547,2.22407,2.72677,2.57179,1.1045,-0.0560239,-0.425855,-0.307102,-0.338624,-0.42282,-0.366096,-0.152084,0.166815,0.415359,0.569106,0.617389,0.499193,0.300036,0.187533,0.275427,0.651184,1.14869
3.78753,3.34618,1.69266,1.10765,1.68385,1.58191,-0.91203,-2.26474,0.469261,4.16816,3.48716,1.23435,1.55325,2.62171,3.5492,4.4153,4.73806,4.75211,3.86766,2.90858,2.65271,2.70629,2.1664,2.2722,2.76447,2.2367,2.08729,2.8579,2.96602,2.18018,1.01825,1.07553,0.765547,0.26385,-0.292283,-0.88818,-1.18999,-0.994434,-0.492021,0.0653466,0.576121,0.990535,1.43893,1.95239,2.32307,1.47794,-0.231758,-0.847962,-0.343232,-0.0110092,0.0204024,-0.0492738,-0.0830755,0.0791416,0.46166,0.668109,0.640719,0.597069,0.493475,0.180261,-0.183803,-0.298681,0.0251743,0.677574,1.29326
1.74765,1.15658,1.21458,0.444568,0.938257,0.559233,-1.41834,-1.28395,1.13745,3.82806,3.54522,2.05334,2.50197,2.42177,2.87902,4.17154,5.021,5.30082,3.95143,1.93433,2.18901,3.15218,2.15985,1.13795,2.26518,2.72325,2.01861,1.92923,2.27404,2.45965,1.80352,1.68655,0.704781,-0.595348,-1.71653,-2.13502,-1.96237,-1.40438,-0.609294,0.231027,0.965651,1.48499,1.80346,1.96934,0.987797,-0.726346,-0.99626,-0.240666,0.213661,0.395069,0.339081,0.18926,0.247303,0.683942,1.0772,0.991854,0.642204,0.395582,0.0606909,-0.414609,-0.661582,-0.485181,0.0700174,0.771065,1.26149
1.2592,0.710605,0.889326,0.175781,-0.144656,-0.603002,-0.487925,0.424791,1.68296,2.94361,2.73802,2.6703,3.52853,2.96749,2.65438,4.28939,4.35633,4.08764,3.64071,2.63277,2.15688,2.21501,1.23422,0.922115,1.14402,2.28291,1.74853,1.61115,1.80165,2.67091,2.15183,1.41842,-0.376891,-1.68747,-2.03639,-1.98388,-1.81771,-1.34574,-0.561892,0.305101,1.08507,1.55712,1.785,1.07035,-0.603369,-1.0332,-0.377085,0.161738,0.514347,0.585652,0.438421,0.404305,0.777884,1.31391,1.39375,0.943733,0.45351,-0.0250972,-0.600414,-0.89266,-0.707003,-0.250861,0.305123,0.795379,1.01198
3.79732,2.89458,0.590732,0.110272,-0.917988,-0.809681,0.58454,1.27788,2.50294,2.14814,2.1454,3.5451,4.1019,2.27036,1.93305,3.99595,3.81186,3.60988,3.68323,3.37542,2.2802,0.998335,1.82938,1.40719,-0.191771,1.28903,2.77783,3.22107,3.51087,2.16304,2.62436,0.958457,-1.46183,-2.0482,-1.74105,-1.59826,-1.42049,-1.00309,-0.352834,0.383635,1.01162,1.53523,1.4075,-0.0187312,-0.978914,-0.59219,0.0207256,0.395913,0.564563,0.468777,0.414498,0.758066,1.37843,1.67887,1.32507,0.711766,0.100661,-0.611357,-1.03673,-0.840595,-0.328571,0.146607,0.494285,0.693603,0.713384
0.568082,-0.120788,0.826521,0.028548,-0.841532,-0.164056,1.03972,0.95011,2.05575,2.1647,2.42505,4.61719,4.03186,1.44684,1.6647,2.877,2.79098,3.45498,3.60699,3.03109,2.63452,1.89626,2.89452,2.63687,0.159589,0.538147,2.94186,4.14364,3.99392,3.16175,0.966266,-0.787533,-2.47728,-2.04995,-1.54566,-1.25223,-1.04879,-0.73636,-0.122756,0.586996,1.1774,1.32789,0.452223,-0.45939,-0.319969,0.123151,0.343329,0.461884,0.453038,0.44287,0.668386,1.20419,1.69712,1.66795,1.14896,0.430164,-0.450025,-1.09882,-1.01036,-0.446808,0.0969864,0.414376,0.538,0.581936,0.610772
1.49954,0.837703,0.823309,0.184854,-0.21133,0.415063,1.12629,0.812129,1.35315,2.21286,2.72231,4.37305,3.55686,0.921655,0.296993,0.25592,-0.122988,2.03508,3.20798,3.34562,3.40954,2.1944,3.01949,3.38649,1.27513,0.932313,2.76864,4.34145,4.5783,1.95412,-0.753292,-2.59146,-3.03036,-2.02898,-1.47941,-0.937676,-0.562382,-0.315982,0.107346,0.680912,1.02089,0.508095,-0.297008,-0.329208,0.154121,0.469875,0.645113,0.773238,0.756085,0.705053,0.954686,1.44828,1.71224,1.49625,0.89248,-0.108495,-1.08953,-1.22961,-0.69655,-0.106457,0.284932,0.429005,0.432957,0.458194,0.586149
1.45819,0.667499,1.11731,0.445192,0.25513,0.981224,1.31831,1.40916,1.42678,1.67779,2.37287,3.81204,2.14559,0.324436,-1.03205,-2.38225,-0.998925,1.32229,2.9604,2.90107,3.41951,2.80703,2.92756,3.6916,2.50512,1.16928,1.81652,3.99895,3.86846,-0.387888,-2.40545,-3.14202,-2.96569,-2.17465,-1.42577,-0.62882,-0.0297782,0.30358,0.529198,0.719986,0.507119,-0.127662,-0.356164,-0.0371268,0.283712,0.65236,1.10801,1.35481,1.20011,1.04047,1.24571,1.50606,1.49907,1.21494,0.396667,-0.912084,-1.50185,-1.06647,-0.442984,-0.0176417,0.189872,0.217583,0.202293,0.273306,0.402387
2.34758,1.81978,1.66545,0.862825,0.56401,1.02359,1.37517,1.64977,0.861231,-0.283454,1.05604,3.86509,2.30055,0.499834,-1.89284,-1.71785,0.460283,2.84459,3.68138,3.16855,2.84278,2.32539,3.22167,3.82404,3.21333,1.80935,2.64279,3.40903,1.13714,-1.11048,-1.76718,-2.44951,-2.52861,-2.08607,-1.25646,-0.284538,0.455337,0.855629,1.01412,0.932708,0.461571,-0.0374692,0.0179998,0.222522,0.436169,0.921798,1.41528,1.58366,1.51037,1.46137,1.48749,1.45269,1.34062,0.837008,-0.564764,-1.70935,-1.4987,-0.790027,-0.302667,-0.10195,-0.114285,-0.182111,-0.184681,-0.159072,-0.243636
