uploads/wind/20200723/wind_field_01.json
{"header": {"parameterUnit": "m.s-1", "parameterNumber": 2, "dx": 0.051, "dy": 0.036, "parameterNumberName": "eastward_wind", "la1": 45.3082, "parameterCategory": 2,"nx": 177, "ny": 123, "refTime": "2018-09-30 00:00:00", "lo1":1.38177}, "data":
[rows 58 to 86 of 123, columns 0 to 63 of 177]
4.46684,5.24146,4.11915,4.39688,4.58986,5.63698,6.34,5.63151,4.32067,2.97979,5.40856,5.22685,3.95073,3.14481,2.82141,-0.0284242,-3.49185,-2.86226,-0.0109849,2.17455,1.3725,-0.204888,-0.504464,-0.321647,0.615357,2.23506,1.02448,-0.018607,0.169185,0.0564698,-1.45306,-2.58465,-5.09895,-6.10482,-5.92079,-5.93809,-5.71492,-5.99237,-6.03458,-5.22111,-4.91866,-4.97849,-5.50356,-5.70611,-5.6396,-5.64146,-5.24166,-5.12749,-4.91934,-4.61199,-4.22835,-3.67051,-3.15199,-2.80058,-2.65563,-2.52471,-2.30596,-2.08107,-1.92692,-1.69188,-1.26255,-0.702952,-0.126048,0.362784
6.92005,5.31261,5.25968,4.41293,5.66822,4.80677,4.1718,3.96827,3.0576,3.71692,4.07505,3.93598,3.36896,2.67654,3.31568,2.70347,-1.93488,-4.03613,-1.78912,0.768288,1.05611,0.503204,-0.273961,-1.26631,-0.0253184,1.17096,-0.0563042,-1.04496,0.509264,-0.0490693,-1.28201,-2.92861,-4.94101,-5.99428,-6.12191,-5.49676,-5.76091,-5.72407,-5.03275,-4.98332,-4.96958,-4.76342,-4.79532,-5.13443,-5.18096,-5.27478,-5.34896,-4.80965,-4.52653,-4.30576,-3.92611,-3.55138,-3.20246,-2.98819,-2.71417,-2.22526,-1.64075,-1.30519,-1.25958,-1.2011,-0.923866,-0.454534,0.129745,0.66379
5.03945,5.30143,5.32982,5.33558,5.66184,4.69191,3.14625,3.03373,2.7418,2.45841,3.22789,3.71678,2.71962,0.970261,1.82947,1.0259,-2.59993,-4.6619,-2.5955,0.396048,0.893212,0.479299,0.428614,-0.262482,0.228164,0.60635,-0.998629,-1.15555,1.3036,0.747823,-0.431517,-3.04213,-3.90043,-5.20159,-5.86423,-5.42367,-5.11392,-5.59646,-5.51462,-4.81436,-4.57814,-4.55237,-4.45226,-4.46301,-4.46996,-4.47659,-4.49974,-4.40469,-4.16491,-3.9462,-3.66411,-3.40688,-3.23742,-2.99738,-2.47917,-1.66866,-0.928064,-0.672714,-0.817854,-0.94554,-0.796273,-0.32019,0.426546,1.0111
5.48227,5.67185,5.4825,5.46687,5.13311,3.80545,2.71886,2.57882,2.61136,2.48081,2.92805,2.43408,-1.13072,-2.04317,-0.165607,-0.794805,-3.31956,-4.24785,-2.59729,-0.228738,-0.599666,-1.50655,0.103853,0.726229,0.832077,0.560086,-0.311567,-1.09985,0.20853,0.40805,-1.66596,-2.39441,-3.37918,-3.79261,-4.62146,-5.36496,-5.59141,-5.13197,-5.56327,-5.50056,-4.67239,-4.33323,-4.26142,-4.21481,-4.29736,-4.67498,-4.67931,-4.10412,-3.82995,-3.64258,-3.40367,-3.21923,-3.02418,-2.68178,-2.00915,-1.15325,-0.545715,-0.483711,-0.757597,-0.915905,-0.645895,0.120122,1.04887,1.44507
5.85906,5.92974,5.48062,5.31553,4.31876,3.63017,2.64578,2.62038,2.59954,2.73596,1.8562,-1.38502,-4.17536,-2.61627,-0.0723346,-0.998787,-3.43702,-3.68484,-2.81182,-1.63161,-1.51908,-2.60663,-2.21544,-0.295764,0.600165,0.68753,-0.325899,-0.870076,-0.578121,-0.864393,-1.25218,-1.82405,-2.23891,-3.41154,-3.68537,-3.90379,-3.96192,-4.43465,-4.76281,-4.92136,-4.86382,-4.70956,-4.34684,-4.10442,-3.97268,-3.89851,-3.87824,-3.72456,-3.50723,-3.30286,-3.06994,-2.84949,-2.61565,-2.22803,-1.59215,-0.933754,-0.594722,-0.665609,-0.872909,-0.799504,-0.170028,0.921582,1.80388,1.79229
5.62948,5.51266,5.4366,4.73588,3.38544,3.13581,2.74604,2.53143,2.36257,1.11135,-0.991445,-3.4688,-4.19503,-2.42626,-1.01522,-2.6636,-3.63637,-3.68186,-2.80564,-2.29786,-1.92042,-1.86985,-1.97032,-1.5148,-1.76612,-0.988918,-1.27529,-1.8442,-1.57299,-1.04679,-1.31919,-1.70133,-1.50882,-2.75112,-3.47681,-3.08528,-3.62199,-3.64983,-3.94545,-4.48654,-4.7683,-4.69903,-4.45526,-4.09459,-3.77071,-3.52467,-3.38672,-3.2768,-3.11874,-2.92293,-2.69005,-2.47879,-2.24386,-1.8672,-1.38494,-1.00123,-0.862383,-0.868359,-0.762972,-0.298478,0.620138,1.70251,2.34338,2.03089
5.57506,5.31085,5.10541,3.52755,2.53153,3.14654,3.1542,2.39942,1.13115,-0.609778,-2.46046,-3.76824,-3.33359,-2.10545,-2.207,-3.33567,-3.8341,-3.88447,-3.54169,-1.98249,-1.3406,-1.62075,-1.71525,-1.84744,-2.50605,-2.75532,-2.64374,-2.21924,-1.41564,-0.804691,-1.34134,-1.27953,-1.15456,-1.83022,-2.95341,-3.76882,-3.41281,-4.41652,-4.47753,-3.91567,-3.99896,-4.30461,-4.33588,-3.99062,-3.5102,-3.19331,-2.97096,-2.83175,-2.70102,-2.56403,-2.45326,-2.31443,-2.03088,-1.63343,-1.27991,-1.07624,-0.972862,-0.800183,-0.373705,0.409163,1.38267,2.26971,2.59709,2.00294
5.66255,5.24335,4.71711,3.93423,2.92311,2.92876,3.09819,1.79386,-0.295742,-1.54298,-2.493,-2.97706,-2.57019,-2.55916,-2.99332,-3.42414,-3.14404,-3.06609,-2.48025,-1.17787,-0.976973,-1.61397,-1.8107,-2.53879,-3.23354,-2.94241,-2.47367,-2.17127,-1.60581,-1.15477,-1.01996,-0.907635,-0.990882,-1.28456,-2.35,-2.56905,-2.52745,-2.44786,-3.18265,-3.81161,-3.74346,-4.42131,-3.94086,-3.73393,-3.34466,-2.91836,-2.62023,-2.41168,-2.36233,-2.42868,-2.47649,-2.27926,-1.85194,-1.4028,-1.09463,-0.919843,-0.790576,-0.568154,-0.0228167,0.863994,1.83227,2.56184,2.69733,1.96012
5.51913,4.93894,4.34061,3.45659,2.90219,3.21737,2.88486,0.720423,-1.39857,-2.33307,-2.85705,-2.96057,-3.23855,-3.91057,-3.72547,-2.68729,-1.72645,-2.08063,-1.43988,-0.954771,-0.463729,-0.913059,-1.83216,-2.78565,-3.24642,-3.24893,-2.77658,-2.22228,-1.83883,-1.68732,-1.65203,-1.19106,-0.936663,-1.0561,-2.18819,-2.09414,-1.75712,-1.44888,-2.79968,-2.83081,-2.58348,-3.08963,-2.72568,-3.24796,-3.10027,-2.78644,-2.4271,-2.23641,-2.31567,-2.49673,-2.46409,-2.08964,-1.55767,-1.09884,-0.794357,-0.656419,-0.609947,-0.413178,0.155561,1.04175,1.90664,2.5369,2.69796,1.61466
5.41346,4.769,4.07072,3.41292,3.26368,3.55668,2.66699,0.0297427,-2.14154,-2.70055,-2.51497,-2.5497,-3.44389,-4.13092,-3.5785,-2.28836,-1.52282,-1.51904,-1.58634,-1.67894,-1.55232,-2.32844,-2.34166,-3.3912,-2.99645,-3.03837,-2.7746,-2.16176,-1.70793,-1.52127,-1.41706,-0.558096,-0.0122826,-1.26334,-2.17012,-1.92062,-1.11307,-0.648169,-2.34977,-2.67704,-2.98122,-2.68796,-2.37208,-2.34596,-2.63226,-2.63908,-2.55003,-2.51629,-2.56658,-2.46481,-2.13121,-1.65657,-1.22116,-0.861383,-0.639793,-0.575978,-0.498817,-0.248104,0.284051,1.05908,1.5907,2.28335,2.09229,1.03641
5.15993,4.69988,4.05988,3.64142,3.66631,3.68897,2.58348,0.0524378,-1.98925,-2.71336,-3.42513,-4.44217,-5.11118,-5.06032,-3.85324,-2.59994,-1.71557,-2.68965,-3.27606,-3.16599,-3.58901,-3.72104,-3.13644,-3.06611,-3.13046,-2.68428,-2.52587,-1.58838,-1.25924,-0.900421,-0.54991,0.475486,0.161816,-1.37151,-1.91438,-1.53908,-0.5345,-0.520678,-1.14204,-1.86864,-1.45321,-2.65819,-2.19622,-2.30663,-1.3013,-1.86202,-2.25421,-2.29817,-2.2183,-2.08257,-1.80012,-1.42291,-1.01822,-0.72656,-0.587381,-0.501228,-0.375359,-0.0693769,0.462034,1.01409,1.40609,1.616,1.60599,1.69721
4.79594,4.26903,4.22369,3.97039,4.04889,3.95817,2.92894,0.857591,-1.09199,-2.68676,-4.1408,-5.21656,-4.82607,-4.91568,-3.89963,-2.24282,-1.40497,-3.26033,-4.00354,-2.96188,-4.05954,-4.41119,-3.29369,-2.79509,-3.37165,-3.22417,-2.06163,-1.09369,-0.350057,0.529271,0.730948,0.693854,0.232656,-0.629798,-0.744473,-0.231983,0.0198662,0.0394442,-0.37853,-1.63439,-1.44376,-1.37908,-1.86509,-1.98383,-1.78673,-1.38403,-1.48655,-2.11127,-2.1046,-1.74759,-1.3186,-0.938073,-0.720412,-0.542127,-0.363822,-0.281938,-0.303299,0.118977,0.493835,0.880631,1.08208,0.884185,0.720839,-0.276708
4.84916,4.52842,4.40828,4.19822,4.2903,4.25729,3.55574,2.32552,1.47165,-0.331428,-3.48378,-4.6457,-4.44362,-3.90514,-2.68943,-1.1318,-0.624208,-2.38479,-3.51394,-3.31056,-3.87953,-5.4233,-3.95744,-1.84144,-1.36149,-2.5045,-2.55333,-1.27232,0.780059,1.61633,0.437736,0.039045,0.173152,-0.368623,-0.588062,-0.149571,0.0216873,0.328917,-0.13719,-0.895075,-1.59313,-1.59478,-1.03341,-0.856988,-1.24002,-0.172373,0.34192,0.178596,-0.261127,-0.57073,-0.676432,-0.689391,-0.605594,-0.253722,-0.299228,-0.401959,-0.115457,0.169704,0.39758,0.645894,0.58442,0.139527,-0.263302,-0.706219
4.38493,4.28409,4.49422,4.53081,4.64335,4.70478,4.27895,3.70893,3.77213,3.26417,0.876873,-1.47871,-2.65634,-2.82088,-1.57178,-0.502536,-1.06961,-3.41721,-4.57485,-4.61458,-5.02384,-5.89867,-4.97969,-3.28252,-1.99736,-1.07901,-1.08333,-1.80558,0.569123,1.53176,-0.37345,-0.153262,0.412945,-0.0670387,-0.309906,-0.190818,-0.155201,0.491966,0.547701,-0.587299,-2.22378,-3.02316,-1.81214,-0.200295,0.184597,0.299434,1.12999,1.20175,1.16625,1.03451,0.911084,0.587128,0.568133,-0.101589,-0.438992,-0.125323,0.151891,-0.115696,-0.109778,0.352887,0.156495,-0.283819,-0.679514,-0.981146
3.67654,3.91231,4.59623,4.6233,4.71818,4.98686,4.99384,4.766,4.69136,5.17123,3.94733,2.45695,1.74203,0.332195,-1.37727,-2.58125,-2.99553,-5.56247,-5.79318,-5.89175,-4.93132,-5.28019,-5.23798,-5.20657,-3.82249,-1.78243,-0.0520009,0.15958,0.138891,-0.0391791,-0.653559,0.00380779,0.371757,-0.043224,-0.323829,-0.568237,-0.765237,0.292509,1.58177,0.392445,-2.76463,-3.90924,-2.57575,-0.267826,1.54041,1.17721,1.08309,1.02623,1.21073,1.20854,1.06425,1.27917,0.973996,1.1259,0.280077,-0.171208,-0.111926,0.0819776,0.269314,0.318246,0.0793161,-0.307421,-0.706799,-1.08743
3.66796,3.96767,4.72092,4.87833,5.25572,5.45046,5.38679,5.34313,5.15249,5.13742,4.78908,3.7283,2.74341,0.542134,-2.91985,-4.5957,-3.81209,-4.99075,-6.26071,-5.64354,-4.17407,-3.28718,-3.31361,-4.19563,-4.84018,-4.07728,-2.08807,-1.24301,-1.19457,-0.596111,1.18837,1.59282,0.251364,-0.340357,-0.43969,-0.707081,-0.865955,0.222398,1.63786,0.7015,-2.55482,-3.71824,-2.13215,-0.776222,0.467053,1.27629,1.03404,1.3304,1.3718,1.27827,1.06288,0.896347,0.75107,0.853533,0.279431,-0.22226,-0.00284622,0.16863,0.262934,0.688776,0.779276,0.0475296,-0.820074,-1.17939
4.39276,4.02053,4.8827,5.12567,5.48824,5.64595,5.50913,5.36434,5.39032,5.12052,4.03058,3.99623,3.05935,-0.748856,-4.18461,-4.22628,-4.42363,-4.36763,-5.16904,-5.39392,-5.07007,-4.3415,-3.16955,-2.22675,-2.96733,-4.40612,-4.41909,-3.27568,-1.95813,0.294201,2.06979,1.70379,0.456682,0.225805,-0.317674,-0.619476,-0.380237,-0.26076,0.27946,-0.275447,-1.52507,-2.80568,-2.15184,-0.432529,0.612185,1.28843,1.05318,1.14066,1.13025,0.997454,0.681063,0.76449,0.57005,0.363386,0.049771,-0.22473,-0.070121,0.153197,-0.0424709,-0.2893,-0.0701412,-0.00601673,-0.624315,-0.999656
4.65071,4.09102,4.92021,5.3478,5.64501,5.81772,5.5168,5.48623,5.52512,4.24886,3.24457,4.24965,3.67245,-0.42801,-2.9898,-3.36002,-5.20917,-5.1466,-4.12372,-4.40649,-5.37606,-5.72866,-4.79034,-3.14957,-0.911768,-1.90532,-4.23182,-4.34422,-1.96727,1.34694,2.04266,1.37609,1.94161,0.227011,-1.65074,-0.794106,1.0962,0.839588,0.325715,0.246888,-0.376291,-1.71977,-2.06784,-0.218014,0.540399,0.915875,0.868283,0.880536,0.946527,0.847994,0.611636,0.717829,0.944207,0.765179,0.526409,-0.323735,-0.482315,-0.0701067,0.0349442,-0.239955,-0.406473,-0.0312305,0.524235,-0.21534
5.12144,4.34799,5.16295,5.44333,5.65523,5.76596,5.54245,5.39442,4.87653,4.17999,3.92507,4.59547,3.47153,-0.986768,-3.5308,-3.38118,-4.2694,-4.15025,-3.36898,-3.51693,-4.50948,-4.69673,-4.34906,-3.04764,-0.681365,0.228184,-2.37396,-3.39405,-2.56727,-1.21608,-0.528175,0.416436,2.39121,0.625814,-1.63897,-0.129508,1.91186,0.91751,-0.0928137,-0.307658,0.475877,-0.442465,-2.14735,-0.425353,0.93232,1.3003,1.00942,0.53762,0.56019,0.73647,0.787479,1.17116,1.21381,1.20391,0.610561,-0.0288343,-0.265613,-0.598572,-0.150079,0.117231,-0.183089,0.112206,0.0877007,-1.13652
5.58694,4.57726,5.30691,5.48968,5.55471,5.57835,5.22733,4.66251,4.27787,4.20842,4.38295,4.60961,2.99586,-1.53762,-4.47435,-4.96885,-4.36939,-3.32373,-2.29956,-2.17777,-2.37749,-3.16506,-3.50921,-2.91191,-1.83251,-2.60632,-2.99575,-2.38395,-2.2066,-3.41079,-2.65605,0.45406,1.37137,-0.642836,-1.82254,0.121406,0.864796,-0.209748,-1.81078,-1.56248,0.79365,0.947608,-1.81047,-0.731111,0.933227,1.67031,1.7756,1.03396,0.798028,2.35409,2.39531,1.72811,1.08091,0.938291,0.851863,-0.393674,-0.852833,-0.422222,0.298006,0.490864,0.242229,0.133635,0.433458,0.321249
5.59855,5.28571,5.34937,5.39965,5.26944,5.00353,4.49932,4.04682,4.18363,4.30726,4.44115,4.28789,2.54696,-1.29321,-4.4121,-4.63514,-4.43028,-3.41823,-2.27465,-1.69586,-1.80153,-2.40001,-2.25611,-2.40099,-3.36644,-3.94115,-2.98742,-1.41492,-1.52967,-3.4786,-3.78106,-0.959107,0.200995,-2.36955,-3.18649,-0.933891,-0.0576355,-1.52444,-2.45138,-1.80905,0.428826,2.40299,0.814249,-0.351737,0.495593,0.890456,1.51769,1.26192,0.936379,2.16323,2.17464,0.885586,0.404008,0.671337,0.896953,-0.0874591,-0.593911,-0.601606,-0.235063,0.348337,0.82729,0.819135,0.743617,0.807925
6.13619,5.6059,5.28016,5.06926,4.70954,4.09155,3.63857,3.8383,4.36404,4.43961,4.80126,5.25047,3.63286,-0.136349,-3.00498,-3.87459,-3.31218,-3.4665,-3.23748,-2.81718,-3.20988,-1.38962,-0.342455,-0.0801423,-1.0221,-3.02304,-3.03992,-2.11156,-1.85233,-3.29552,-4.25375,-2.12764,-0.686074,-3.51696,-4.33778,-2.51268,-2.44444,-2.49211,-1.7375,-0.73112,-0.0304619,2.29357,2.36573,0.261384,-0.364927,-0.193765,0.692983,2.03993,2.09306,1.27489,1.80298,0.121439,-0.378757,0.693584,0.470843,-0.0505353,-0.293543,-0.303936,-0.700253,-0.207757,0.968189,1.74195,1.11403,0.884701
6.22226,5.5289,4.75291,4.52791,3.99744,3.33059,3.04758,3.66141,4.55522,4.92769,5.55762,5.93046,3.85528,-0.119288,-3.21778,-3.92977,-3.51233,-3.24462,-2.77494,-3.08452,-3.14723,-1.73006,0.207136,0.241839,-0.364212,-0.798878,-2.58042,-3.52563,-3.38329,-3.32461,-3.59532,-2.20875,-2.10075,-5.16381,-5.69802,-3.88938,-3.30026,-2.86898,-0.854722,-0.128812,-0.027554,0.789779,2.50112,1.82977,-3.48884e-05,-0.562414,0.741325,1.88936,1.47654,1.37199,0.893339,-0.21058,-0.311581,0.94807,1.53995,0.133393,-0.420258,-0.296066,-0.196513,0.448105,1.58024,2.27349,1.18768,0.839476
6.11117,5.18496,3.97858,3.71637,3.0401,2.35376,2.5571,2.99346,3.66517,4.57646,5.14639,5.70731,4.29154,-0.138026,-3.09073,-3.59883,-3.35665,-3.1777,-2.79426,-3.24091,-2.98247,-1.30257,0.120329,-2.52956,-3.1222,-2.21337,-3.62234,-4.23224,-4.46836,-3.06674,-2.08404,-1.76475,-1.88312,-4.08968,-5.27196,-4.22687,-3.20145,-2.42447,-1.24985,-1.11296,-0.80409,0.0254363,2.30641,2.7751,0.123087,-0.713736,0.744472,1.79025,0.744405,1.18407,0.667381,-0.514874,0.0107384,1.36703,1.30754,0.927041,0.629891,0.00397388,-0.216784,1.06461,1.71513,1.63347,1.66973,1.55511
5.43901,4.16475,2.82422,1.4811,0.256784,0.50596,1.34177,2.55805,3.23187,3.82503,3.92097,4.60417,4.38705,0.599324,-2.73201,-3.27354,-3.66307,-4.03187,-4.01533,-3.42156,-2.47401,-1.30734,-3.92598,-4.8022,-3.59615,-2.57581,-3.00519,-3.32342,-4.27781,-4.00609,-3.63511,-3.87132,-4.3205,-3.82954,-5.00754,-5.09572,-4.02484,-2.41731,-2.21741,-1.30525,-0.737897,0.455114,2.16915,2.94421,0.431783,-0.605979,1.14537,1.68078,1.7981,1.30588,0.506567,-0.169962,0.280011,1.10453,1.13647,0.989402,1.00195,1.07514,0.911799,0.836155,0.723781,0.308251,1.00336,2.66065
4.7536,3.23822,1.083,-0.209623,-0.608961,0.312045,1.60106,2.78655,2.60811,2.45421,2.81295,3.44402,3.52013,-0.149439,-4.41248,-4.76799,-3.93302,-3.58994,-3.56275,-2.51061,-3.52856,-4.94822,-5.4918,-4.27921,-2.93359,-3.10522,-3.1095,-3.0415,-2.36643,-2.95435,-4.18553,-5.49086,-4.82101,-3.84101,-3.92107,-4.82708,-4.65626,-3.90028,-2.76885,-1.00068,0.341324,1.88961,2.28718,1.32027,-0.494857,-0.711782,1.55334,1.84509,1.41703,1.03831,0.877931,0.579137,0.236544,0.0214042,0.429026,0.46088,0.122892,0.121838,0.317024,0.272868,-0.141364,-0.408385,1.04374,3.23674
3.16163,1.35172,-0.527332,-1.12143,-0.86123,0.103566,1.28896,2.60348,2.60938,2.46873,2.84428,2.9316,1.53312,-1.59973,-6.03961,-6.93694,-6.10075,-4.5833,-4.08649,-4.54238,-6.20121,-6.51998,-4.81484,-2.66366,-1.77998,-3.12013,-3.45346,-3.01218,-1.57464,-0.743063,-3.97282,-5.20167,-4.6061,-3.9832,-2.36315,-0.476007,-2.3299,-5.05748,-4.92249,-2.75634,-0.359253,1.48549,1.90478,0.11891,-2.42926,-0.993114,2.34573,2.5849,2.22842,1.28132,0.687745,0.631669,-0.0492473,-0.989657,-0.663156,-0.30102,0.0653233,0.23478,-0.316452,-0.60615,0.0640745,0.663492,1.90517,3.32247
1.93103,0.26575,-1.48745,-1.65948,-0.97613,0.172183,1.45872,2.61353,2.46799,1.53119,0.684086,-0.139008,-1.21788,-3.50217,-5.83202,-6.81316,-6.07689,-5.15896,-5.34343,-5.66119,-5.46852,-5.18767,-5.53709,-4.39786,-2.14636,-2.23677,-3.72102,-3.68847,-1.29801,-0.86046,-2.40081,-4.93508,-4.99791,-4.53715,-2.74657,1.92865,2.91617,-1.99404,-5.46942,-4.71837,-1.49008,1.42105,2.70301,0.814102,-2.0852,-0.450732,2.90041,3.25044,2.82696,2.20021,0.330955,-0.373735,-0.764285,-1.48369,-1.34885,-0.747146,0.0229246,0.679295,0.470248,0.318347,1.02691,1.80531,1.84593,2.82183
0.315739,-0.991261,-1.92787,-1.85585,-1.18987,-0.0169113,1.33391,2.73265,2.48526,1.12575,-0.212405,-0.567091,-0.733924,-3.28598,-5.41478,-6.43131,-5.38536,-5.00611,-4.92168,-5.52517,-5.93628,-6.05186,-6.39735,-5.42259,-3.13266,-1.54009,-1.67999,-1.78174,-0.709284,-1.46659,-1.31075,-2.62137,-4.55258,-4.50852,-2.17214,0.70992,1.13696,-1.19125,-4.51917,-5.39217,-2.23399,2.06793,3.36649,1.374,-0.387615,0.767388,3.14802,3.41914,2.58615,1.40758,0.3074,-0.672572,-1.17841,-1.45919,-1.46085,-0.807692,0.271963,0.925009,1.34318,1.78654,2.55034,2.51418,2.66498,2.94588
