uploads/wind/20200723/wind_field_17.json
{"header": {"parameterUnit": "m.s-1", "parameterNumber": 3, "dx":  0.051, "dy": 0.036, "parameterNumberName": "northward_wind", "la1": 45.3082, "parameterCategory": 2,"nx": 177, "ny": 123, "refTime": "2018-10-03 01:00:00", "lo1":1.38177}, "data":
[rows 87 to 115 of 123, columns 66 to 131 of 177]
0.748181,0.414122,0.649426,0.305736,0.27295,0.180924,0.0511526,0.00986832,0.717754,1.97469,2.47896,0.646575,-0.49334,-1.20895,-1.60894,-2.23452,-2.93964,-3.28169,-2.81754,-2.28131,-2.60571,-3.45458,-3.8032,-3.98418,-3.85264,-3.65618,-3.39848,-2.95377,-2.4091,-2.21917,-2.65284,-4.3187,-4.86006,-5.07813,-3.33921,-1.4512,-1.71394,-2.72724,-2.74254,-1.86607,-0.825195,0.160514,0.791995,2.03463,2.5469,2.52594,-0.158654,-0.244705,0.859934,0.825068,2.54174,2.1422,-0.37707,-2.53739,-3.18014,-1.97449,-0.114201,-1.25669,1.52626,0.501105,0.899105,1.01986,0.466394,0.915641,0.801818,1.53333
0.109913,-0.303869,0.233495,0.314026,0.00744004,-0.312357,-0.587747,-0.587093,-0.157276,-0.519997,-1.22387,-1.82127,-0.986883,-0.531136,-0.83861,-1.28157,-1.71662,-1.70019,-1.41321,-1.09224,-1.14371,-2.31631,-3.21254,-3.67005,-3.61815,-3.62645,-3.20912,-2.88079,-2.81195,-2.13211,-2.06505,-2.8998,-3.92613,-4.85443,-4.10907,-1.67687,-0.992867,-2.35093,-2.12332,-1.6177,-0.165603,1.12942,1.06618,0.522535,0.592438,1.88336,1.26808,-0.0336735,0.486235,1.97161,2.72394,-0.318746,-2.8738,-4.17547,-5.50325,-5.53703,-6.09741,-5.71822,-5.43238,-5.61083,-4.69998,-3.54726,-0.572423,0.968152,0.738616,0.793311
-0.503896,-0.798856,-0.95662,-0.618338,-0.828828,-0.756551,-0.981259,-0.665411,-0.511527,-2.3756,-2.70823,-1.32321,-0.23411,-0.196899,-0.643488,-0.459424,-0.166243,-0.717443,-1.1773,-1.07111,-1.27984,-2.52406,-3.19883,-3.43874,-3.32106,-3.40783,-3.34317,-3.33796,-3.61257,-4.34951,-4.67423,-4.2842,-3.10364,-3.71183,-4.22615,-3.80393,-2.58709,-2.51981,-2.7851,-2.64849,-1.79779,-1.24666,-2.11444,-2.32028,-0.717525,1.41089,3.80722,5.10744,5.89372,4.41057,0.694356,-2.45327,-4.03351,-5.13229,-6.74688,-7.36162,-6.38712,-6.18494,-6.93054,-7.59984,-7.69281,-6.49865,-3.50696,0.563128,0.720088,0.0209381
-1.78075,-1.18978,-1.01106,-1.04174,-1.10236,-0.429478,0.394782,0.51573,0.266594,0.358029,0.523211,0.226411,-0.37637,-1.0859,-0.886344,-0.528694,-0.82123,-1.31027,-1.60399,-2.58867,-3.4113,-3.42055,-3.72475,-3.36686,-3.51759,-3.67167,-3.99741,-4.63982,-4.71781,-4.3522,-4.85639,-4.93503,-3.60945,-2.87493,-3.49081,-4.01649,-3.86866,-3.155,-3.0556,-3.19693,-3.30861,-3.69291,-2.90504,-1.23226,0.558252,2.89128,4.34554,4.6345,3.6969,0.648857,-2.71988,-3.61665,-3.80937,-4.37007,-5.63285,-4.99706,-4.45926,-4.13554,-4.27598,-4.85786,-5.34887,-5.80745,-5.61028,-0.242058,3.19178,2.98349
-1.17002,-1.39636,-1.5631,-1.49666,-1.02926,-1.16199,-1.04632,-0.633458,1.15137,1.04088,-0.33753,-1.04231,-1.11262,-0.752823,-0.802778,-1.26859,-1.66999,-1.46303,-1.49365,-1.86722,-2.42431,-2.71951,-3.11633,-2.77349,-2.45081,-2.74742,-3.23948,-4.05775,-4.86958,-4.38926,-4.1851,-3.96061,-3.518,-3.7535,-2.79761,-2.67019,-3.2913,-3.78446,-3.96072,-4.27087,-4.70805,-4.27627,-2.64951,-1.05114,0.296647,2.11804,0.489015,-0.709133,-3.09128,-3.7739,-2.82378,-1.68586,-1.75209,-2.07831,-2.58721,-2.51855,-1.99031,-2.22469,-2.52263,-3.35729,-4.35876,-4.85903,-5.68451,-1.18482,4.20789,4.61793
-1.1247,-1.59845,-1.88463,-1.97052,-1.53058,-1.38471,-1.16111,-0.788486,-0.397484,-1.19308,-1.13494,-0.66442,-0.352382,-0.907813,-1.56643,-1.75785,-1.61234,-1.38661,-1.30786,-2.28727,-2.69755,-2.41447,-2.75273,-2.26978,-1.81278,-1.95555,-1.76829,-2.79066,-3.817,-3.64573,-3.3634,-2.60357,-3.25651,-3.28223,-2.41707,-2.23288,-2.367,-2.92799,-4.51091,-4.95283,-3.88356,-2.11598,-0.71937,-0.693717,-0.965913,-1.68113,-2.24597,-0.24869,1.16132,1.80871,1.05407,1.15318,0.6574,-0.558304,0.0504169,0.0204588,-1.7777,-2.28629,-3.09519,-4.23499,-5.33686,-6.13967,-6.61713,-2.79574,4.05449,5.2908
-1.67081,-2.24922,-2.51173,-2.5471,-1.97937,-1.4045,0.194017,0.322,-1.27236,-0.973455,-0.217055,-0.198529,-0.706822,-1.35597,-1.23449,-1.36767,-1.62288,-1.59638,-2.32012,-3.06488,-3.29614,-2.60255,-2.00732,-2.14409,-2.15639,-1.88114,-0.905904,-1.37917,-2.45165,-3.09374,-2.64792,-2.01311,-2.12796,-2.65344,-2.22298,-2.31631,0.0657542,1.24106,-0.271757,-0.790067,-0.223846,0.927492,0.991467,-0.484727,-1.78112,-1.82413,-0.44112,2.20892,3.98285,2.96935,0.519289,-0.64271,-0.57692,-1.97003,-1.83341,-2.22825,-3.57471,-4.19688,-4.05701,-3.47109,-3.73549,-4.85209,-5.00358,-2.50529,3.58833,5.62469
-2.84461,-2.73612,-3.34439,-3.04077,-2.24796,-1.66928,-0.486752,-0.0660829,-0.247432,-0.411136,-0.571666,-0.974162,-1.56346,-1.06042,-1.38463,-1.33679,-1.456,-1.83038,-2.80555,-4.25312,-4.23174,-2.67981,-1.42685,-1.64686,-2.19923,-2.00063,-1.29041,-0.832951,-1.12049,-1.83739,-2.3218,-2.20137,-2.19895,-1.79649,-1.10108,-0.944627,1.9686,4.72405,4.77135,2.85358,1.72788,0.430205,-0.514192,-0.391864,0.0471421,0.312285,1.08594,2.1937,2.15824,0.970601,-0.505441,-2.19968,-3.71862,-4.96538,-4.87459,-4.65792,-5.15417,-5.21389,-5.06143,-4.11001,-3.98779,-5.35828,-5.54355,-1.28523,3.5071,3.21237
-2.80605,-3.00604,-3.38004,-4.14332,-2.79247,-2.02,-1.23507,-0.527687,-0.467004,-0.221477,-0.376968,-1.36915,-2.09069,-1.837,-1.90821,-1.63648,-1.63576,-2.36887,-3.22121,-3.21495,-3.55834,-3.6958,-2.45029,-0.801022,-0.421916,-0.439427,-0.649712,-0.501879,-1.01238,-2.169,-2.73917,-2.94969,-2.84276,-1.77281,-1.08865,-1.97626,-0.478296,2.76291,3.86053,3.43466,1.5277,-0.0177914,-0.24066,0.847289,1.27476,1.20048,0.24742,0.234572,-0.0197756,-0.561337,-0.557509,-1.27995,-1.53098,-2.23516,-3.76868,-5.03011,-5.62547,-5.86678,-5.89182,-5.70942,-5.73052,-8.25368,-6.72202,-1.7518,2.16256,1.64479
-2.29819,-2.63723,-3.4294,-3.8211,-3.53599,-3.3608,-2.79124,-2.21998,-1.57552,-0.552782,-1.07636,-1.32785,-1.02625,-1.05356,-1.51272,-2.26069,-2.42129,-2.44938,-2.04272,-2.17837,-3.01864,-3.61791,-3.18997,-1.49117,0.73066,0.746259,0.10073,-0.138563,-1.37165,-2.27028,-2.53058,-1.70246,-1.68333,-2.28244,-3.27253,-3.94007,-3.62593,-0.72394,2.11053,2.52653,2.16926,1.5562,1.04846,1.25604,1.09412,0.855712,-0.657586,-2.20015,-2.38775,-1.90121,-2.24263,-1.05517,0.318694,1.75825,0.187635,-3.46199,-5.78645,-6.41181,-6.29376,-6.70188,-6.25448,-8.57911,-9.58493,-2.88545,1.36302,2.26395
-1.66462,-2.10539,-2.69023,-3.53887,-3.34933,-2.91873,-2.69396,-2.51617,-2.24201,-2.32747,-2.40278,-0.827749,-0.334021,-1.67042,-2.48926,-2.90954,-3.24427,-2.68525,-1.77457,-1.21432,-1.46082,-1.71565,-2.21088,-1.58439,-0.395582,-0.187889,-0.485998,-1.61982,-2.82472,-2.40196,-0.429369,0.603279,-0.910145,-2.75646,-3.16446,-2.78424,-2.3585,-2.32917,-0.0988436,1.48701,1.26588,1.68924,0.898502,0.443285,1.10739,0.359515,-0.0475501,-1.65745,-1.87563,-0.895291,-0.703856,-0.264326,-0.744077,-0.437057,0.26813,-1.60885,-4.86829,-6.29319,-6.04289,-6.09853,-6.11813,-8.03763,-7.88157,-2.68737,1.40943,2.6227
-1.39147,-1.59879,-2.31461,-2.55772,-2.75914,-3.05173,-2.96277,-3.20594,-2.51693,-2.5405,-2.38856,-1.48552,-2.32917,-3.47779,-3.54276,-3.20077,-2.95615,-2.48992,-2.28752,-1.57942,-0.866162,-0.489569,-0.72634,-1.19576,-0.935756,-0.533425,-2.07846,-3.44858,-3.5907,-1.36529,1.61156,2.78243,2.96175,2.40651,1.5598,0.610783,-0.231136,-2.05888,-1.63506,0.616989,1.47238,1.60578,0.886322,0.0272326,0.460509,0.911309,1.56931,1.28433,1.79199,3.72423,5.12541,5.00245,2.05452,0.201801,-0.0903245,-0.0991838,-0.574121,-1.94181,-3.7953,-5.05977,-5.05782,-6.6893,-7.00191,-1.86585,1.78416,3.05757
-0.808497,-1.11906,-1.42633,-2.24568,-2.30228,-2.55613,-2.9497,-3.05175,-2.22303,-2.49302,-2.65996,-2.25563,-3.27897,-3.16679,-3.09634,-2.71131,-2.74001,-2.67398,-2.79596,-1.94348,-0.912202,-0.161543,0.430977,0.0498735,0.132272,-0.648623,-2.98353,-3.09301,-2.24698,-1.36677,0.39582,1.17606,4.43133,5.67994,4.90514,2.81311,1.39281,-0.0125258,-0.862211,0.475812,1.30434,0.5139,0.118979,-0.589604,-1.32268,0.160907,2.96486,3.88619,4.98425,5.44506,4.67518,3.66747,2.87528,1.49023,-0.368351,-0.812375,0.65421,0.0357817,-2.16361,-3.26748,-3.8717,-5.59894,-5.71706,-1.45608,1.91249,3.24038
-0.659274,-0.899011,-0.688087,-1.26875,-1.69187,-2.00483,-2.2432,-2.07963,-2.6121,-3.33378,-3.35946,-2.98116,-2.9771,-2.66767,-2.2732,-2.23465,-2.26668,-2.41316,-2.50517,-2.12497,-1.732,-0.366156,0.625088,0.502954,0.0439114,-2.0334,-3.417,-3.0334,-3.69612,-3.99765,-3.67352,-2.9457,0.0225046,3.43973,5.8654,5.54842,3.90595,3.36765,2.13652,0.458535,-1.24093,-2.07946,-1.58839,-1.03421,-1.87727,-1.67723,1.71805,4.79773,4.98393,3.48044,1.29229,1.11602,1.65524,1.00385,-0.292482,-1.52889,-1.19494,-1.01628,0.0357412,-0.870576,-2.54468,-4.29381,-5.88399,-1.7458,2.40073,3.49241
-1.2068,-0.990455,-0.499055,-0.287322,-0.612932,-0.888532,-1.06204,-1.34489,-2.1817,-2.71571,-2.37418,-2.32235,-2.90276,-2.55658,-2.17979,-1.80419,-1.68661,-1.30018,-1.1495,-1.22713,-1.10705,-1.00141,-1.58488,-1.6718,-2.6349,-4.5056,-4.02036,-3.01976,-3.18694,-3.47865,-3.57875,-3.41192,-3.31314,1.90382,5.91306,6.80117,4.91024,3.92193,2.27696,-0.542018,-2.91052,-3.09906,-2.52254,-1.997,-1.26663,-0.292621,1.63155,3.87514,5.19176,3.74321,2.57083,2.4347,2.29172,2.38194,2.44249,2.42988,1.69796,2.11797,2.14928,0.202596,-1.06365,-3.22513,-6.37884,-3.35762,2.25115,3.73057
-0.503619,-0.0965877,0.408674,0.850625,0.673142,0.567161,0.45073,-0.185673,-0.674618,-1.43444,-1.08602,-1.56867,-2.11924,-1.34408,-0.424413,-0.154355,-0.0636678,0.479178,0.685677,0.270023,-0.271046,-0.550046,-1.18479,-3.4105,-4.69162,-5.07532,-5.30725,-3.05297,-0.361658,-0.984768,-2.1059,-2.17535,-2.51223,-0.436123,3.83205,3.19645,3.24501,3.19233,2.14089,0.113111,-0.894309,-1.20811,-1.00527,-0.243626,0.770714,1.25095,1.03726,0.796467,2.487,3.22237,3.3033,1.43232,1.04999,2.39305,3.39664,4.23482,4.68866,4.25584,2.70053,0.722142,-1.11516,-4.38175,-6.89804,-6.03358,-0.817959,2.81916
-0.752457,-0.218977,0.0884363,0.726585,1.21261,1.32709,0.794864,-0.037837,-0.426015,-0.255842,-0.534338,-2.21218,-2.39566,-1.16577,1.37531,2.04777,1.75224,0.269297,-0.192011,0.403137,0.26454,-0.102946,-1.75502,-3.61828,-4.41044,-5.52925,-5.21582,-3.97273,-1.51657,-1.81807,-2.03791,-1.64112,-0.1761,-0.0325961,-0.356161,0.217075,2.19791,4.18072,4.0175,3.50398,2.15237,1.93059,1.93826,2.45143,3.05713,2.21066,0.246176,-0.980232,1.08022,2.84823,2.48119,0.285613,-0.51006,0.231162,1.53647,3.62491,4.91733,4.87977,3.46141,-0.525296,-4.47191,-7.16559,-7.84997,-7.97885,-5.20298,-1.4035
-2.11652,-1.62923,-1.27809,-0.525958,0.31083,1.14246,0.82607,-0.404543,-0.0793535,0.473635,0.0118984,-0.982145,-1.5523,-1.4162,0.490315,1.41173,0.208394,-1.47136,-2.53014,-1.8946,-0.422365,-1.77876,-3.1117,-3.93392,-3.65759,-3.69787,-4.29129,-4.30446,-4.71351,-3.48421,-1.71594,0.491102,2.00937,1.1766,-1.87621,-2.03472,-0.703223,1.03004,2.95795,4.059,4.12771,3.303,2.78935,3.18325,3.92899,2.93337,1.31635,0.422753,2.16578,2.33958,1.81253,0.997093,0.961045,1.49416,2.74959,4.44119,5.27053,4.31414,1.38515,-2.95539,-5.47048,-7.47347,-8.43185,-8.92052,-7.9913,-6.45574
-1.34208,-1.62967,-1.30089,-0.77525,0.00725285,1.2389,2.05633,1.75244,1.45831,0.935327,0.937391,1.52418,0.486227,-0.413929,-0.41379,-0.638758,-1.0378,-1.10146,-0.803517,-0.553369,-1.78543,-3.09413,-3.24323,-3.28409,-2.50951,-2.60948,-2.1772,-2.83918,-3.30194,-2.26115,0.0786977,1.98398,1.67999,-0.506616,-2.54267,-2.46571,-1.82533,-1.29445,0.915314,3.33189,4.57764,4.60397,2.49873,2.38881,3.49257,4.09779,2.3912,1.80382,2.40615,1.79927,2.64242,3.25847,3.45251,3.57339,3.94624,3.93498,2.50167,0.288499,-2.18803,-3.32261,-3.66581,-5.72322,-7.79287,-8.96271,-8.88967,-8.61768
-0.356003,-0.717689,-1.04475,-0.145529,0.335859,0.649569,1.66781,2.65605,1.93968,1.17721,1.52217,2.54625,1.89527,0.713727,-0.450175,-0.967813,-0.511519,-0.4513,0.764588,0.403602,-2.32267,-3.18871,-3.32575,-2.656,-2.32049,-3.18024,-2.67902,-0.746393,0.862568,1.27803,0.816471,0.732888,0.545767,0.34082,0.891813,1.67666,1.85216,2.27504,2.76712,3.08934,3.43483,4.24699,4.45655,4.08267,3.49181,2.54515,1.48216,1.47487,1.41669,0.979938,1.92713,3.53014,4.07788,3.65735,2.67513,0.22516,-1.78659,-3.03241,-3.68764,-3.67853,-3.2051,-5.33557,-6.30048,-8.38273,-8.56144,-8.56322
-0.98544,-1.4281,-1.68458,-0.156695,0.933214,0.903948,0.369013,0.910131,1.18385,1.1926,1.25744,1.54916,0.365676,-0.629565,-1.45708,-0.389203,-0.47234,-0.548994,0.381545,-0.81101,-1.79288,-2.02026,-1.69899,-1.92546,-2.96487,-3.66596,-2.0768,0.115481,1.22535,0.526013,-1.6043,-2.68536,-0.540802,2.83321,5.45313,7.16735,7.15881,5.53703,4.03466,2.19462,2.0723,3.63292,4.9972,6.15043,3.96742,1.38297,0.640646,0.656578,1.49463,1.91902,2.572,3.70272,3.45802,1.74693,0.494326,-1.52723,-2.75074,-3.64778,-4.12649,-4.40829,-4.51431,-5.40524,-5.79351,-6.39417,-7.18885,-8.09307
-0.969986,-1.68207,-1.89662,-1.36016,0.184913,1.24619,1.07406,0.576373,0.33348,-0.344669,-0.420709,-0.352204,-1.61452,-1.62246,-1.61175,-0.743755,0.506004,-0.00228715,0.776507,0.420252,0.772919,0.675608,0.882168,-0.825762,-2.0595,-1.18055,0.0202253,-0.740921,-2.61295,-4.01982,-5.07998,-4.95815,-2.58184,2.18732,6.00236,5.38608,4.32021,3.56888,2.10915,2.19768,2.66818,3.23036,4.14897,4.30935,2.56586,0.307106,1.42911,2.08607,0.740844,0.428459,1.2464,1.49847,1.56838,0.178732,-0.822762,-2.14025,-3.02779,-3.53511,-3.93665,-4.37102,-4.22368,-5.05998,-5.46395,-6.0958,-6.57699,-7.70192
-1.18935,-1.1762,-1.49305,-1.88882,-1.95328,-0.553042,0.919941,1.19487,0.37213,-0.955708,-1.10195,-1.71976,-2.27878,-2.16543,-1.43379,-1.20734,0.44801,0.0872882,-0.47429,-0.366573,0.85603,-0.160316,0.383195,0.680577,0.448745,0.203193,-1.19714,-3.11494,-3.95824,-3.15578,-2.08926,-1.26615,-0.85431,0.444526,0.808619,0.160672,1.3824,2.9917,5.13631,5.27176,4.41249,3.18528,1.51157,-0.0388417,-0.595339,0.401963,2.22836,1.9593,-0.012262,-2.30187,-3.2192,-2.53437,-1.58684,-2.34301,-2.84744,-2.88006,-2.92033,-2.92762,-3.32795,-4.01954,-4.64715,-5.46008,-5.90472,-6.37349,-6.74551,-7.79713
-0.950663,-1.11143,-1.17817,-1.06793,-1.52933,-1.52932,-0.745737,-0.294079,-0.409643,-0.420024,-0.704172,-1.80761,-1.31931,-1.18164,-1.28138,-0.380888,-0.214168,-0.489408,-0.818419,-1.07629,-0.99698,-1.63344,-1.41261,0.572965,0.483685,-1.62499,-4.74202,-4.88447,-2.93133,-0.453453,1.21501,1.23636,-0.136065,-1.84291,-2.1838,-0.718538,1.63275,2.89654,4.26637,2.57947,1.07162,0.0305609,-2.0727,-3.43468,-1.85894,1.16136,0.201819,-1.76923,-0.624594,-2.49856,-3.64835,-3.56816,-3.66947,-4.58058,-3.82618,-3.82782,-3.53189,-3.45802,-3.69531,-3.76163,-3.87105,-5.11789,-5.56743,-6.05093,-6.38607,-7.78726
-0.786029,-0.234328,-0.584159,-0.884985,-0.869966,-1.19999,-1.23109,-0.917375,-1.18591,-1.29465,-0.786497,-1.57119,-0.622548,0.764587,-0.392471,-0.204255,-0.55931,-1.43396,-0.865569,-1.73161,-2.75236,-2.24937,-0.467222,0.241874,-1.45883,-1.81924,-2.40582,-2.39858,-1.93029,-0.933664,-0.637347,-1.597,-2.51171,-2.70387,-1.44472,-0.0853767,0.340613,0.00897411,0.126355,-0.662705,-0.962089,-1.83579,-2.33723,-2.04699,-0.535199,0.0215998,-0.386333,0.797271,-1.15159,-1.81024,-0.909877,-2.15291,-2.05069,-1.93851,-2.35826,-2.47863,-2.16382,-2.01298,-1.35458,-1.78221,-2.49942,-3.19522,-4.30412,-4.60707,-5.8786,-7.69343
-0.27549,0.128338,0.513323,-0.271279,-0.717,-0.990224,-1.27842,-1.35629,-1.85656,-1.44095,-0.53989,-0.250997,0.208871,1.49423,0.787459,-0.267286,-0.244761,-0.8239,-1.96266,-1.20103,-1.15055,-0.614853,0.225646,-0.293015,-0.914409,0.283814,1.71636,2.04762,1.19541,0.0623022,-0.451765,-0.850058,-0.451772,-0.363318,-0.460169,-1.09353,-1.32188,-1.16033,-2.05701,-0.372007,1.91188,2.22082,2.75348,3.1986,2.35154,1.34518,1.15429,0.488333,-1.69,0.272927,0.785924,1.34568,1.91508,1.34026,0.626185,1.02861,1.52256,1.55603,0.426169,-0.0122295,-1.02762,-2.09687,-2.7725,-3.85058,-5.79347,-7.8719
0.461269,0.70758,-0.503406,-0.377863,-0.365821,-0.516373,-0.71042,-0.956008,-1.01513,-0.647436,-0.0311824,1.52297,2.19142,2.45273,2.06212,0.753583,0.0589363,0.463167,0.0823424,1.25693,2.25157,2.38622,0.893584,-0.328238,-0.858534,-0.724867,2.26629,3.9738,3.30043,2.18844,1.9086,2.18466,1.58671,0.373556,-0.766947,-1.673,-2.32421,-3.21544,-3.19784,-1.52201,3.48537,6.71235,7.30128,6.86561,4.90242,3.09737,0.30496,-1.89246,-0.195054,0.792177,-0.178203,1.23484,3.05199,2.52249,2.32468,1.98757,1.50253,0.284027,-1.62649,-1.09678,-2.00717,-2.76354,-3.25549,-4.34083,-6.87975,-9.47703
1.14348,-0.254326,-0.620221,-0.648273,-0.2265,-0.137077,0.103692,0.626377,0.634499,0.52984,0.805496,1.4481,2.06178,2.11208,2.19286,1.33085,0.395988,-0.0393404,0.843886,1.66403,2.40228,1.95385,0.963297,1.01765,0.706488,0.206045,0.549041,2.33915,4.39233,4.48607,3.61632,2.15375,0.921479,-0.595906,-1.81927,-3.24139,-4.94913,-5.49926,-5.31851,-4.17118,-1.92547,1.90354,6.6039,6.1381,1.94768,-1.51733,-2.98228,-0.803772,-0.548414,-1.46411,-1.33289,-0.94466,0.231072,1.12832,1.5595,1.0465,0.447433,-1.0385,-2.24828,-2.23223,-2.47072,-2.43024,-2.14854,-3.48661,-5.69676,-9.12555
1.5935,0.250743,0.569627,-0.142268,-0.452974,-0.52596,-0.570983,-0.463518,0.485814,1.24374,1.67741,1.54188,1.45656,1.02985,1.16416,0.837789,0.0944369,-1.07209,-0.0935044,1.7599,2.07159,1.9054,1.01007,1.44828,2.96215,3.32268,2.17467,2.31183,3.54064,3.77177,2.71004,0.663286,-0.873121,-2.38652,-3.38861,-4.54633,-5.34164,-5.82055,-5.05575,-4.13777,-3.71961,-2.66425,-0.837352,0.652256,-0.653077,-1.37759,-2.59202,-1.05251,-1.99727,-2.51477,-0.733817,-0.707833,-1.79263,-1.17182,-0.168665,1.96175,1.2446,-0.318154,-1.31819,-1.77678,-1.39297,-0.176831,-0.408188,-1.2509,-3.18965,-6.40619
