uploads/wind/20200723/wind_field_06.json
{"header": {"parameterUnit": "m.s-1", "parameterNumber": 3, "dx":  0.051, "dy": 0.036, "parameterNumberName": "northward_wind", "la1": 45.3082, "parameterCategory": 2,"nx": 177, "ny": 123, "refTime": "2018-10-03 01:00:00", "lo1":1.38177}, "data":
[rows 0 to 27 of 123, columns 0 to 62 of 177]
-1.46249,-1.36353,-1.4689,-1.77338,-1.88201,-1.81429,-1.62759,-1.54083,-1.63219,-1.78437,-1.68902,-1.71455,-1.68552,-1.74039,-1.77331,-1.80009,-1.8179,-1.80615,-1.74711,-1.73408,-1.76587,-1.75543,-1.72647,-1.82416,-1.92349,-2.05106,-2.16865,-2.29548,-2.28964,-2.24067,-2.13268,-2.0541,-2.00849,-2.00988,-2.10146,-2.30367,-2.63484,-2.609,-2.48545,-2.18683,-1.88199,-2.1125,-2.33258,-2.48764,-2.58396,-2.56754,-2.77696,-2.72377,-2.62038,-2.5797,-2.6104,-2.39434,-2.46806,-2.51208,-2.53049,-2.4896,-2.44168,-2.39024,-2.29369,-2.17162,-2.01726,-1.86075,-1.6868
-1.3118,-1.27911,-1.40261,-1.70309,-1.8437,-1.77897,-1.60102,-1.51554,-1.6112,-1.78681,-1.58852,-1.55031,-1.43697,-1.47285,-1.51664,-1.60547,-1.64606,-1.62956,-1.54412,-1.52465,-1.54259,-1.51975,-1.47017,-1.53567,-1.60547,-1.73846,-1.87758,-2.02729,-2.07127,-2.07403,-2.03704,-2.02129,-1.92282,-1.88214,-1.91829,-2.05696,-2.29601,-2.2577,-2.15102,-1.99581,-1.75082,-1.97239,-2.08335,-2.15243,-2.16686,-2.12015,-2.25606,-2.19911,-2.17829,-2.18574,-2.23616,-2.05676,-2.16061,-2.23721,-2.29298,-2.28516,-2.25911,-2.2282,-2.14698,-2.03874,-1.88807,-1.75744,-1.62814
-1.15767,-1.28653,-1.27393,-1.39915,-1.49389,-1.52959,-1.53478,-1.53492,-1.55194,-1.64432,-1.46453,-1.39172,-1.29118,-1.26515,-1.27509,-1.36819,-1.41208,-1.39622,-1.35387,-1.32613,-1.29377,-1.2633,-1.26299,-1.2744,-1.30938,-1.41352,-1.55136,-1.7096,-1.81723,-1.87128,-1.86822,-1.89283,-1.83008,-1.76109,-1.73159,-1.75112,-1.82242,-1.84913,-1.81845,-1.78583,-1.80233,-1.80215,-1.79786,-1.77644,-1.73796,-1.72858,-1.63599,-1.56622,-1.52166,-1.51056,-1.54689,-1.61986,-1.69277,-1.75899,-1.79698,-1.80204,-1.75953,-1.68725,-1.60509,-1.50996,-1.41266,-1.32557,-1.24606
-1.00747,-1.09619,-1.10122,-1.30675,-1.42304,-1.49256,-1.51278,-1.49337,-1.43167,-1.44494,-1.37308,-1.31239,-1.24376,-1.19332,-1.17661,-1.25739,-1.32401,-1.28219,-1.25389,-1.19443,-1.15096,-1.12445,-1.13379,-1.16502,-1.20473,-1.2707,-1.36802,-1.46717,-1.55566,-1.62701,-1.66693,-1.68292,-1.66022,-1.5763,-1.46836,-1.45729,-1.56812,-1.66408,-1.64516,-1.58634,-1.58816,-1.54892,-1.48249,-1.43862,-1.37481,-1.30013,-1.25246,-1.21037,-1.14844,-1.11495,-1.16325,-1.23945,-1.3345,-1.43058,-1.47212,-1.46655,-1.42051,-1.35973,-1.28322,-1.19227,-1.127,-1.07951,-1.02821
-0.882715,-0.924829,-0.986517,-1.08446,-1.03824,-1.13587,-1.20846,-1.26162,-1.22501,-1.18278,-1.19422,-1.17101,-1.14486,-1.1294,-1.1309,-1.19679,-1.26969,-1.22769,-1.20605,-1.13674,-1.10408,-1.10123,-1.12133,-1.15872,-1.18882,-1.1976,-1.20762,-1.21147,-1.23225,-1.27678,-1.33604,-1.38639,-1.37105,-1.28269,-1.16471,-1.13368,-1.26651,-1.42436,-1.44755,-1.38574,-1.35065,-1.26249,-1.13159,-1.08594,-1.01654,-0.940718,-0.895258,-0.898172,-0.785691,-0.711588,-0.768489,-0.815062,-0.90024,-0.984573,-1.0023,-0.994822,-0.962259,-0.926735,-0.871057,-0.83863,-0.835518,-0.82686,-0.795551
-0.751796,-0.835893,-0.883831,-0.926993,-0.855687,-0.779134,-0.770206,-0.807942,-0.868587,-0.895647,-0.902328,-0.934494,-0.95632,-0.970097,-0.981479,-1.01899,-1.08577,-1.11549,-1.11515,-1.07522,-1.02826,-1.01803,-1.0473,-1.07777,-1.07783,-1.04327,-0.990043,-0.945384,-0.890759,-0.846362,-0.831112,-0.853669,-0.874095,-0.860407,-0.85187,-0.878886,-0.955776,-1.03249,-1.08328,-1.08654,-1.01993,-0.915607,-0.812178,-0.748938,-0.67757,-0.619475,-0.579672,-0.544025,-0.390227,-0.351129,-0.420741,-0.449101,-0.464135,-0.45908,-0.441943,-0.423858,-0.416131,-0.42218,-0.413457,-0.453539,-0.49987,-0.525739,-0.523406
-0.591054,-0.731045,-0.800672,-0.906156,-1.0892,-0.895771,-0.698166,-0.480111,-0.38987,-0.398885,-0.451455,-0.505056,-0.569587,-0.615206,-0.652293,-0.687805,-0.745168,-0.825637,-0.884049,-0.900985,-0.866376,-0.830113,-0.8302,-0.83,-0.786745,-0.71395,-0.662562,-0.636477,-0.576032,-0.46462,-0.341064,-0.276245,-0.28208,-0.329784,-0.405279,-0.498184,-0.553642,-0.584865,-0.63819,-0.655656,-0.561137,-0.495813,-0.50329,-0.46868,-0.400903,-0.341185,-0.284761,-0.205999,-0.11262,-0.128617,-0.206882,-0.247134,-0.168163,-0.0784609,-0.05316,-0.0186285,-0.0185062,-0.0350027,-0.0827681,-0.147427,-0.184327,-0.200596,-0.172598
-0.425815,-0.598355,-0.675562,-0.756468,-0.992199,-1.08405,-0.96672,-0.700566,-0.364133,-0.110552,0.000801424,0.0164072,-0.020018,-0.0888273,-0.165391,-0.236548,-0.314532,-0.404064,-0.499854,-0.574425,-0.596747,-0.549475,-0.466228,-0.403256,-0.346423,-0.283225,-0.240385,-0.220706,-0.165248,-0.0508614,0.0800202,0.178139,0.226982,0.21917,0.151358,0.0752346,0.0414084,-0.00343079,-0.0962272,-0.120857,-0.0561205,-0.0838511,-0.170136,-0.131099,-0.0271954,0.0128999,0.0448066,0.0760675,0.0795207,0.0812591,0.0448607,0.0338915,0.166576,0.260625,0.278978,0.305204,0.320806,0.308507,0.229258,0.172369,0.164578,0.193964,0.296749
-0.342537,-0.522305,-0.557851,-0.513605,-0.546071,-0.86686,-0.898237,-0.885525,-0.706482,-0.366653,-0.0457162,0.161356,0.270517,0.310725,0.297274,0.23411,0.156024,0.0679447,-0.0205632,-0.106518,-0.164913,-0.140416,-0.031113,0.0889803,0.151739,0.173209,0.199877,0.258763,0.356709,0.459569,0.51696,0.540713,0.584247,0.61611,0.592836,0.555728,0.55734,0.546564,0.497288,0.460611,0.429141,0.318048,0.240312,0.326241,0.389154,0.315666,0.256991,0.265989,0.280596,0.330593,0.371311,0.421706,0.53892,0.600928,0.613311,0.639903,0.702823,0.741877,0.719173,0.705637,0.707281,0.748376,0.867892
-0.833084,-0.499739,-0.523206,-0.366009,-0.301599,-0.428687,-0.429445,-0.35138,-0.44712,-0.454324,-0.276841,-0.0111458,0.211488,0.3724,0.476467,0.514853,0.494193,0.441856,0.384776,0.329835,0.276957,0.261188,0.323251,0.460915,0.58645,0.638597,0.656558,0.730428,0.859652,0.970919,0.991737,0.95163,0.938651,0.935578,0.88969,0.836589,0.837855,0.874197,0.915319,0.899193,0.822474,0.717492,0.687487,0.697548,0.601928,0.459808,0.413027,0.468596,0.529053,0.598852,0.682102,0.770177,0.845374,0.864203,0.846598,0.856454,0.938682,1.0594,1.18129,1.2981,1.38345,1.43833,1.49458
-1.58252,-1.02897,-0.844346,-0.503667,-0.18577,-0.124868,-0.159119,0.0406909,0.115009,-0.0478219,-0.0868456,-0.0255865,0.0797095,0.222162,0.33297,0.426124,0.475439,0.484658,0.468839,0.45594,0.458591,0.470285,0.52242,0.650734,0.832595,0.980799,1.05347,1.12253,1.23165,1.33614,1.37595,1.37049,1.34701,1.27813,1.1348,0.995654,0.949514,0.997657,1.06391,1.06772,0.998247,0.915975,0.862054,0.784395,0.649309,0.583635,0.667055,0.780912,0.831917,0.847302,0.86014,0.904863,0.906971,0.900585,0.912562,0.928497,0.989824,1.10979,1.31356,1.55975,1.79009,1.95112,2.00699
-2.43426,-1.48405,-0.761457,-0.611811,-0.243135,0.0900415,0.0324116,0.0994141,0.266859,0.6653,0.513119,0.125499,0.0553592,0.0584111,0.111432,0.171532,0.191148,0.212533,0.228366,0.256626,0.310845,0.391201,0.498152,0.654695,0.863039,1.07928,1.2542,1.3831,1.49308,1.56996,1.60737,1.62471,1.61324,1.51353,1.33097,1.16834,1.08908,1.07756,1.08186,1.06826,1.01056,0.937839,0.883977,0.84496,0.805624,0.858781,1.0094,1.08014,1.03494,0.93877,0.83407,0.781599,0.72709,0.748987,0.861308,0.987769,1.0987,1.21648,1.38176,1.58596,1.80583,2.00631,2.1221
-3.01763,-2.00574,-0.962944,-0.817011,-0.64452,0.135403,0.339706,0.246406,0.141112,0.675761,0.825624,0.869547,0.430554,0.218536,0.124483,0.0994972,0.114067,0.132841,0.125269,0.127511,0.16411,0.248393,0.379844,0.547124,0.746322,0.974298,1.21806,1.44594,1.62882,1.73528,1.7639,1.74116,1.66438,1.50831,1.33645,1.23946,1.19453,1.153,1.11545,1.08415,1.04427,1.0228,1.03866,1.04726,1.05191,1.12542,1.21556,1.17792,1.04184,0.886755,0.744917,0.644409,0.586217,0.626223,0.788254,1.01175,1.21923,1.40512,1.57407,1.69416,1.77955,1.8514,1.92324
-2.66497,-2.0938,-1.38247,-0.681392,-0.158193,0.0633457,0.474594,0.683329,0.617569,0.375185,0.512367,1.23416,1.5046,1.2292,0.874003,0.617067,0.432105,0.26432,0.144879,0.0950445,0.121213,0.212888,0.346027,0.499757,0.681272,0.896257,1.13953,1.38318,1.58669,1.72909,1.79615,1.78781,1.67206,1.47088,1.32136,1.28766,1.29257,1.29284,1.29152,1.27921,1.25843,1.2685,1.30186,1.27645,1.23823,1.24795,1.21558,1.08364,0.923818,0.802388,0.706978,0.642643,0.594522,0.60575,0.728896,0.903547,1.08605,1.27398,1.47886,1.62644,1.69009,1.69944,1.69839
-2.81253,-2.62574,-1.47632,-0.456981,-0.219406,-0.0358618,0.607969,0.814005,0.696639,0.792942,0.108472,0.393371,1.51276,1.54315,1.49576,1.29801,0.963262,0.653203,0.396524,0.207303,0.159878,0.242449,0.413422,0.598907,0.775951,0.951035,1.1334,1.31824,1.47345,1.58484,1.66651,1.73141,1.72202,1.63151,1.58247,1.60875,1.62852,1.64275,1.65169,1.64374,1.61592,1.59684,1.56777,1.46276,1.35776,1.26842,1.1199,0.939848,0.804724,0.727133,0.703955,0.68807,0.664786,0.650299,0.683916,0.730095,0.777997,0.852523,0.998219,1.15042,1.26021,1.33043,1.35023
-2.75768,-2.78866,-1.9981,-0.804488,0.11092,0.025638,0.187397,0.208759,0.132978,1.12955,0.621012,0.262221,0.60936,0.329856,0.513375,0.834367,1.05165,0.947068,0.726013,0.48756,0.274451,0.244438,0.436948,0.641148,0.823332,0.985317,1.14417,1.30806,1.46336,1.57447,1.64095,1.71106,1.79781,1.90847,2.02688,2.09939,2.08769,2.04398,2.00124,1.96199,1.91373,1.85134,1.73805,1.5662,1.4172,1.2528,1.02881,0.84173,0.738553,0.690584,0.707255,0.714256,0.715899,0.698305,0.644596,0.575903,0.505193,0.463349,0.493343,0.556694,0.621994,0.671162,0.70844
-2.56794,-3.21571,-2.54939,-1.82583,-0.182863,0.438092,0.511613,0.0955015,-0.217512,0.207867,0.418577,0.701154,0.997679,0.243325,-0.177406,-0.269376,-0.108749,0.106565,0.145824,-0.0633488,-0.494585,-0.640608,-0.0974545,0.488524,0.790757,1.02887,1.27264,1.51906,1.72671,1.87421,1.94598,1.96609,2.00191,2.14463,2.32566,2.39584,2.36027,2.2948,2.22888,2.13753,2.02442,1.9051,1.72975,1.54629,1.39456,1.20879,0.971404,0.807573,0.727063,0.710899,0.738403,0.753924,0.74524,0.706676,0.602751,0.467684,0.324031,0.224481,0.170992,0.151112,0.133838,0.0952764,0.0836144
-2.40405,-2.96939,-2.66672,-2.79923,-2.45706,-0.0851928,1.2078,1.05625,0.542048,-0.134374,0.0227322,0.414479,0.820373,1.19655,0.310475,-0.306473,-0.615976,-0.922382,-1.44692,-1.37619,-1.77188,-2.34893,-1.80436,-0.365412,0.525149,1.0167,1.33635,1.5909,1.79608,1.96173,2.07865,2.1421,2.17552,2.24516,2.36335,2.43999,2.472,2.47233,2.39486,2.20786,1.99731,1.81567,1.61398,1.4516,1.31875,1.13653,0.949283,0.850152,0.808674,0.806477,0.824219,0.809958,0.762943,0.685615,0.553866,0.38046,0.20267,0.095589,0.0373586,0.00459544,-0.0482614,-0.112875,-0.151704
-3.18272,-3.74922,-3.58745,-3.31858,-3.60838,-1.87697,-0.478527,-0.307404,0.139762,0.587681,0.313,-0.0518733,0.23025,0.96875,0.834878,-0.0899476,-1.46887,-2.32437,-1.67445,-1.29388,-1.6486,-3.00368,-3.0796,-1.89487,-0.740454,0.0530462,0.508231,0.781781,0.973529,1.19937,1.44169,1.67503,1.90407,2.08614,2.21958,2.36206,2.50889,2.57363,2.45626,2.20498,1.9682,1.75444,1.55134,1.403,1.27936,1.14118,1.04734,1.01474,0.990061,0.960756,0.921909,0.855977,0.767226,0.661099,0.499021,0.293374,0.11213,0.0211314,0.00932605,0.0272007,0.0164343,-0.0202256,-0.0594572
-3.66166,-3.97505,-3.62287,-3.77326,-3.77812,-2.93625,-3.17593,-3.09477,-2.45833,-0.752053,0.0717741,-0.243408,-0.567318,-0.0196951,0.292032,-0.24131,-1.25867,-1.769,-2.21719,-2.36465,-2.92095,-2.51546,-2.29416,-2.25547,-1.86248,-1.26573,-0.693329,-0.149167,0.123046,0.491666,0.817311,1.0922,1.43857,1.77684,2.00916,2.19097,2.33297,2.35655,2.24064,2.09544,1.96581,1.80598,1.64194,1.51739,1.4115,1.33157,1.30095,1.28104,1.21898,1.12645,1.0209,0.903923,0.774944,0.624837,0.439482,0.242431,0.09793,0.0319661,0.0363232,0.0901376,0.161376,0.171654,0.124931
-4.12598,-3.56748,-3.8193,-3.53154,-3.63946,-3.17633,-3.62806,-3.60754,-3.46718,-3.18985,-1.87979,-0.655326,-0.65157,-0.4025,-0.550066,-0.341751,0.362849,0.134001,-1.10737,-2.61543,-3.09934,-2.67692,-1.7589,-1.33549,-1.57666,-1.35101,-1.0637,-0.657646,-0.679832,-0.160323,0.685234,1.14947,1.41131,1.59816,1.72533,1.78777,1.75354,1.66789,1.62534,1.69826,1.79055,1.83474,1.84555,1.83938,1.78646,1.72204,1.66316,1.57101,1.42692,1.28639,1.14286,0.987093,0.800748,0.585279,0.397114,0.294275,0.252344,0.225164,0.219849,0.262819,0.34247,0.387385,0.350756
-4.20066,-3.99034,-2.8716,-2.94112,-3.23455,-2.66833,-2.56309,-2.64831,-3.13011,-3.70737,-3.5198,-2.93417,-1.83919,-1.54093,-1.52994,-1.24343,0.202284,0.517596,0.246862,0.274011,-0.249571,-0.567803,-1.16596,-1.79365,-1.61203,-1.43019,-0.980759,-0.679246,-1.36291,-1.41301,-0.0177714,0.916492,1.18389,1.22927,1.21793,1.13282,0.974302,0.926441,1.0249,1.25619,1.51743,1.78675,2.02988,2.19406,2.23631,2.1899,2.07533,1.87115,1.6475,1.47562,1.31028,1.10337,0.838408,0.593095,0.477397,0.509701,0.583699,0.612079,0.613763,0.630472,0.66351,0.701284,0.686253
-3.98966,-3.08688,-2.72462,-3.06272,-3.00906,-1.77646,-1.17572,-1.16967,-2.50614,-3.04546,-3.68438,-4.19012,-3.17521,-3.05137,-2.97877,-2.54196,-2.32369,-1.96768,-0.901784,1.38509,1.22445,0.196064,-1.0033,-1.52799,-2.30341,-2.36294,-1.77344,-0.653612,-1.28446,-1.96105,-0.879607,0.232201,0.545464,0.769956,0.837965,0.733503,0.654258,0.795454,1.05287,1.33966,1.62988,1.93799,2.221,2.41317,2.49078,2.46255,2.32652,2.10586,1.8978,1.71133,1.48939,1.19149,0.883252,0.717318,0.735273,0.856942,0.99039,1.0547,1.06069,1.06039,1.07108,1.0914,1.1034
-3.13158,-2.83544,-2.25943,-2.69146,-2.8497,-0.99596,-0.453128,-0.305591,-0.743515,-1.23936,-2.44179,-3.18232,-2.63306,-2.39027,-3.02086,-3.45058,-3.58347,-2.61378,-1.38126,-0.309612,-0.0449166,-0.423364,-0.527896,-0.111182,-0.096557,-0.226412,0.148685,-0.169769,-0.769353,-1.43912,-0.917747,0.159399,0.56318,0.950267,1.14674,1.15193,1.18133,1.2869,1.46034,1.73407,2.03172,2.26195,2.37978,2.41022,2.40116,2.33548,2.20601,2.07854,1.96914,1.8182,1.52836,1.17545,0.950537,0.932207,1.02994,1.15647,1.27157,1.35133,1.38301,1.38709,1.39157,1.41065,1.45452
-1.78532,-1.98785,-1.98264,-2.28293,-1.95121,-0.969669,-0.253479,0.0298674,-0.160224,-1.17528,-2.26041,-1.84869,-1.44799,-1.01959,-2.15755,-2.28837,-0.560996,0.447048,-0.469533,-1.80764,-1.77848,-1.21006,-0.553531,-0.0540498,0.940494,0.935008,0.694542,-0.256512,-1.03582,-0.772843,-0.269803,0.935375,1.46196,1.69548,1.74038,1.73262,1.7352,1.69657,1.72073,1.91513,2.15355,2.26981,2.22008,2.12635,2.03535,1.91364,1.81925,1.78902,1.75941,1.63044,1.35487,1.12926,1.08829,1.16927,1.26587,1.33904,1.40942,1.50759,1.59156,1.614,1.60332,1.60207,1.65253
-0.82085,-1.02406,-0.811044,-1.6412,-2.35412,-1.62448,-0.596847,-0.140968,-0.775636,-2.1581,-2.51448,-1.0454,-0.657862,0.374257,1.0441,1.60848,1.41109,0.650273,-1.06345,-1.88599,-1.43075,-0.784624,-0.22848,-0.618524,0.425172,0.507871,-0.573543,-1.37227,-1.10855,-0.759045,-0.0413637,0.641839,1.10309,1.59541,1.49504,1.46316,1.56399,1.74157,1.87817,1.95798,1.94593,1.82896,1.67109,1.54499,1.43597,1.36843,1.39562,1.45472,1.42585,1.28612,1.14796,1.1702,1.28117,1.38758,1.45982,1.51275,1.57873,1.67371,1.75754,1.77839,1.74241,1.70355,1.73625
0.0956094,-0.549987,-0.224609,-0.849026,-1.63926,-1.62645,-0.728202,-0.262054,-0.311453,-1.11232,-1.58107,-0.238815,0.360945,0.800391,1.97674,2.20465,-0.549311,-2.18837,-2.48285,-2.03486,-1.35216,-0.985394,-1.00339,-0.896633,-0.578145,0.052744,-1.15155,-1.28503,-0.503599,-0.538557,-1.05852,-1.4003,-0.61469,0.147162,0.494544,0.736178,1.10945,1.49463,1.72538,1.71135,1.46081,1.10395,0.793889,0.638433,0.68366,0.876254,1.0815,1.16596,1.0887,1.00569,1.06251,1.23885,1.40638,1.52946,1.61977,1.69567,1.75303,1.7893,1.80254,1.7934,1.751,1.72201,1.76464
0.227781,-0.485592,-0.229657,-0.756179,-2.08481,-1.55989,-1.25332,-0.549525,0.394226,1.09147,1.20492,0.760581,0.52928,0.227349,0.52765,0.928901,0.0142085,-0.999002,-1.02477,-1.10606,-1.1028,-1.15216,-1.85703,-0.811833,-0.344911,-0.772113,-0.407371,0.0777937,-0.372802,-0.496334,-0.827561,-1.54574,-1.76614,-0.598424,0.177823,0.654998,1.09503,1.37469,1.46747,1.36389,1.0565,0.656167,0.381405,0.33866,0.497825,0.737972,0.871316,0.838344,0.765931,0.842295,1.04395,1.27581,1.48022,1.64172,1.76105,1.81431,1.796,1.71659,1.65062,1.6286,1.65712,1.73052,1.82355
