uploads/wind/20200723/wind_field_22.json
{"header": {"parameterUnit": "m.s-1", "parameterNumber": 2, "dx": 0.051, "dy": 0.036, "parameterNumberName": "eastward_wind", "la1": 45.3082, "parameterCategory": 2,"nx": 177, "ny": 123, "refTime": "2018-09-30 00:00:00", "lo1":1.38177}, "data":
[rows 29 to 57 of 123, columns 65 to 129 of 177]
3.21124,3.18926,3.13523,3.03861,2.88735,2.68397,2.45909,2.23568,2.03932,1.91291,1.88919,1.94806,2.02177,2.04969,2.03796,2.03011,2.03585,2.02397,1.95637,1.84209,1.72839,1.64907,1.61384,1.63833,1.75599,1.98417,2.26078,2.45198,2.43384,2.21539,1.91133,1.67245,1.65583,1.84205,2.03182,2.12085,2.17105,2.2526,2.35271,2.39523,2.28141,1.98441,1.64661,1.44888,1.41117,1.43932,1.45295,1.44046,1.45763,1.54052,1.60875,1.57354,1.47412,1.44288,1.51928,1.51505,1.31964,1.11461,1.05784,1.14007,1.29277,1.46402,1.6414,1.73432,1.70215
3.24763,3.07952,2.88529,2.70452,2.52548,2.33427,2.14012,1.96879,1.84758,1.79446,1.80877,1.86625,1.92348,1.94947,1.9635,1.9833,1.99032,1.95114,1.86654,1.78513,1.74606,1.74492,1.75268,1.77421,1.87449,2.08304,2.35413,2.54202,2.48053,2.24199,2.08409,2.09858,2.15773,2.17511,2.18467,2.22909,2.30205,2.37411,2.43943,2.48221,2.44622,2.2891,2.0533,1.8537,1.76008,1.73388,1.68361,1.57769,1.4948,1.50172,1.55713,1.56352,1.548,1.63359,1.75835,1.72569,1.50688,1.2831,1.19359,1.22655,1.36342,1.60025,1.85184,1.9586,1.86776
2.99079,2.71172,2.39506,2.10559,1.86816,1.70075,1.60011,1.55061,1.54313,1.57011,1.61366,1.6627,1.70998,1.75806,1.81247,1.8538,1.84911,1.79321,1.73068,1.70912,1.73443,1.7797,1.80981,1.84102,1.93204,2.10335,2.32081,2.50596,2.59589,2.54617,2.36603,2.16654,2.05821,2.07888,2.19178,2.30941,2.38559,2.44651,2.50435,2.53287,2.52122,2.46561,2.36492,2.23448,2.09753,1.95994,1.81876,1.68309,1.59208,1.58478,1.6377,1.68594,1.73164,1.81213,1.88138,1.84886,1.68583,1.46588,1.32636,1.34697,1.5182,1.77551,1.99957,2.05578,1.91066
2.55409,2.19643,1.90821,1.7263,1.65233,1.63381,1.59855,1.55472,1.54121,1.56028,1.58154,1.59824,1.61749,1.64131,1.66574,1.66678,1.63199,1.598,1.58724,1.60468,1.64535,1.68584,1.73421,1.8068,1.91922,2.0746,2.25239,2.42239,2.52828,2.5117,2.40626,2.30892,2.2653,2.27627,2.33494,2.41843,2.49487,2.542,2.56978,2.59575,2.60849,2.59476,2.55524,2.48846,2.37455,2.21269,2.02657,1.83593,1.69045,1.65357,1.72004,1.83144,1.92778,1.98176,2.01699,2.01643,1.89807,1.66563,1.48692,1.5057,1.68887,1.90262,2.03603,2.01041,1.80658
2.312,1.98718,1.80526,1.78423,1.81604,1.77583,1.65669,1.57424,1.58334,1.63843,1.68468,1.70004,1.70185,1.69216,1.65791,1.60136,1.54572,1.51908,1.51299,1.51354,1.51135,1.51775,1.56146,1.65733,1.79756,1.96704,2.14264,2.29438,2.39997,2.43618,2.41386,2.38321,2.38616,2.42755,2.49143,2.55624,2.61715,2.66394,2.67701,2.6566,2.63427,2.64002,2.66236,2.64381,2.50835,2.26625,2.01613,1.82688,1.71994,1.72733,1.84174,1.99556,2.1038,2.13542,2.15552,2.17887,2.09379,1.87752,1.69757,1.6984,1.82963,1.93675,1.95732,1.87389,1.66225
2.33138,2.12066,1.9487,1.83319,1.69782,1.51745,1.38023,1.3926,1.52389,1.67448,1.77045,1.80349,1.81228,1.81259,1.78272,1.71255,1.61919,1.5301,1.45909,1.40548,1.37388,1.35901,1.38198,1.47519,1.63168,1.82287,2.01383,2.17193,2.27352,2.32017,2.34878,2.4032,2.49721,2.59942,2.6794,2.74083,2.78181,2.79629,2.78551,2.75544,2.73203,2.73058,2.74077,2.72773,2.62574,2.41955,2.20038,2.0471,1.97309,1.98668,2.0412,2.06247,2.064,2.10726,2.22893,2.36824,2.37675,2.20583,1.99367,1.88382,1.8814,1.87728,1.81676,1.71583,1.5366
2.20545,2.07858,1.93206,1.66349,1.32289,1.09488,1.10639,1.29623,1.52501,1.69713,1.77786,1.80507,1.81943,1.83045,1.83019,1.78995,1.69717,1.56194,1.41637,1.30417,1.2406,1.20518,1.21496,1.30852,1.4793,1.69494,1.91086,2.08662,2.21771,2.32624,2.42708,2.52657,2.62418,2.70673,2.77295,2.83042,2.87985,2.91147,2.89717,2.85111,2.79887,2.71719,2.65618,2.66927,2.66386,2.57856,2.45212,2.33131,2.25844,2.23958,2.25005,2.27198,2.30194,2.36324,2.46707,2.54568,2.47881,2.25146,2.00918,1.85315,1.77747,1.70731,1.6225,1.55676,1.44686
2.32564,1.97088,1.47584,1.01135,0.739632,0.76243,1.02084,1.36339,1.6355,1.77945,1.81079,1.797,1.78431,1.77926,1.76779,1.72534,1.64838,1.54459,1.43596,1.3385,1.26484,1.21628,1.21329,1.2856,1.44579,1.66248,1.88211,2.0788,2.25547,2.40701,2.53106,2.63101,2.6934,2.74636,2.80468,2.85267,2.89578,2.95785,2.97975,2.97788,2.89017,2.75536,2.93408,3.06655,2.89897,2.89756,2.96878,2.82409,2.62754,2.52067,2.46976,2.45784,2.46781,2.50409,2.61817,2.79355,2.89516,2.7536,2.35495,1.90262,1.60746,1.45997,1.35783,1.35661,1.35063
1.86137,1.43287,0.857487,0.454907,0.372028,0.573252,0.972721,1.39831,1.71079,1.88044,1.9382,1.92646,1.87663,1.81949,1.77122,1.72198,1.66617,1.60431,1.531,1.4606,1.40267,1.36979,1.38106,1.44632,1.56217,1.73578,1.94309,2.16582,2.36805,2.5137,2.6355,2.69036,2.69813,2.76306,2.84312,2.88577,2.89682,2.95747,2.97065,3.05392,2.85612,3.06636,4.45849,4.80239,3.77328,3.19081,3.15264,3.17529,3.19635,3.22966,3.13212,2.9554,2.84721,2.78452,2.71049,2.60702,2.48502,2.32933,2.10903,1.83566,1.57623,1.38707,1.25957,1.23957,1.24801
1.09257,0.73543,0.498305,0.397834,0.480369,0.692999,1.0041,1.36775,1.70699,1.95891,2.09537,2.12735,2.08828,2.01262,1.93671,1.87262,1.8182,1.76015,1.69248,1.62646,1.5902,1.58894,1.61456,1.66193,1.73942,1.87595,2.05721,2.31138,2.49108,2.60357,2.7233,2.75127,2.94833,3.17877,3.11817,3.01591,2.96532,2.98166,2.95863,3.01136,2.88399,3.16809,4.50309,4.8086,3.99479,3.6411,3.55486,3.48298,3.30847,3.13855,3.0813,3.27938,3.25437,3.55507,4.83017,4.95941,3.73026,2.66823,1.94405,1.54804,1.43198,1.42731,1.3755,1.31803,1.26733
-0.00353483,0.0617169,0.251651,0.34746,0.523501,0.85148,1.22056,1.57015,1.88124,2.12659,2.27389,2.31417,2.27889,2.2119,2.14027,2.07852,2.02471,1.96898,1.91589,1.86989,1.84041,1.81774,1.81968,1.84825,1.92658,2.04569,2.21561,2.44706,2.53771,2.78892,2.86949,3.13631,4.10607,4.18706,3.40502,3.05779,2.99713,3.0501,3.2575,3.33338,3.15943,3.57394,4.76458,4.7693,4.43813,5.02727,4.60644,3.69592,3.55682,3.66646,3.70012,3.60559,3.40954,3.20302,3.07491,2.91558,2.70028,2.46218,2.0801,1.6193,1.29731,1.21285,1.27948,1.37497,1.40261
-0.777994,-0.549564,-0.241622,0.22878,0.699771,1.14446,1.52578,1.83935,2.0859,2.27288,2.39716,2.44317,2.41396,2.3519,2.28767,2.22386,2.16765,2.11052,2.06121,2.02933,2.00263,1.9778,1.96863,2.00158,2.1105,2.22604,2.43249,2.45032,2.79128,3.75358,3.91628,3.37505,3.06346,2.95402,2.9746,3.25241,3.15406,3.56017,4.85927,5.18863,5.26316,4.97144,4.37569,5.11531,5.14217,4.45176,5.11486,5.05773,4.51951,5.2789,5.38699,4.05836,3.67764,4.91833,5.09548,3.93573,3.04556,2.42835,1.98478,1.72656,1.57112,1.4223,1.33136,1.37736,1.43266
-0.718425,-0.304487,0.155398,0.652858,1.30406,1.68026,1.95204,2.1516,2.27881,2.34838,2.39904,2.43192,2.42671,2.38907,2.33209,2.26168,2.18034,2.10118,2.0363,2.00493,2.0008,2.01856,2.06331,2.16974,2.30165,2.47532,2.5474,2.61515,2.4863,2.66729,3.68074,3.8421,3.33498,2.9409,3.47897,4.79788,5.16735,5.27466,5.01079,4.33524,4.39531,4.35239,4.53455,5.49803,5.72495,5.7023,5.13228,4.56678,5.18305,5.4917,5.42581,5.36828,5.41344,5.31023,5.2626,4.75199,3.53595,2.63814,1.91084,1.35944,1.16525,1.21684,1.22701,1.15586,1.13529
-0.0389977,0.342476,0.889065,1.28186,1.56402,1.82401,2.06314,2.25606,2.36623,2.38652,2.35685,2.32499,2.29956,2.28797,2.26073,2.20207,2.12224,2.03949,1.97273,1.94101,1.96013,2.03182,2.16043,2.32568,2.51448,2.65361,2.70094,2.65162,2.51597,2.43482,2.3968,2.45435,2.60536,2.91309,3.0137,3.62326,5.0168,5.53913,4.69872,4.48431,5.52439,6.00808,6.30315,5.87852,5.29217,5.86969,5.62558,4.60807,4.46412,5.35324,5.31556,4.66615,5.32767,5.20734,4.40281,4.98354,4.77895,3.89146,4.31141,4.06851,2.67782,1.76617,1.46702,1.30155,1.08321
0.00551393,0.33992,0.916719,1.43395,1.76593,1.96032,2.11605,2.25266,2.33238,2.33582,2.29186,2.2419,2.20784,2.18978,2.17768,2.14949,2.10371,2.0575,2.02516,2.01193,2.03636,2.12653,2.2844,2.48642,2.67992,2.81123,2.8371,2.76613,2.67316,2.6051,2.58822,2.61033,2.72632,2.8567,3.13112,3.21532,4.08871,5.21739,5.34531,5.78668,6.35104,6.52414,6.40659,6.46699,5.87848,5.15603,5.63362,5.74396,5.65309,5.19955,4.71783,5.38563,5.28931,4.66532,5.18824,5.01832,4.28278,4.70417,4.65855,3.4145,2.22153,1.3884,0.851283,0.729648,0.778729
0.45918,0.691538,1.07093,1.43944,1.70898,1.91518,2.10404,2.24426,2.29987,2.2824,2.24057,2.20808,2.19264,2.19531,2.20224,2.19108,2.1678,2.15777,2.17485,2.21195,2.26158,2.33964,2.47191,2.65051,2.82635,2.93604,2.94643,2.89051,2.82125,2.77771,2.74367,2.80775,2.853,3.16821,3.29849,3.87444,5.40796,6.13531,6.30563,6.39417,6.51429,6.91687,6.88848,5.9639,5.34606,5.98685,5.7911,5.11717,5.73931,5.54181,4.73586,5.48464,5.50999,4.77408,5.28504,5.51795,5.30929,4.71996,4.01122,4.38687,3.80224,2.66235,2.92326,2.57671,1.40865
0.933785,0.991848,1.10693,1.28651,1.52318,1.77565,2.00503,2.16703,2.22701,2.2093,2.17947,2.16991,2.18369,2.2199,2.26336,2.28781,2.29826,2.32143,2.37321,2.4469,2.52695,2.60887,2.70774,2.81787,2.9092,2.93459,2.88268,2.79712,2.76946,2.77459,2.89275,2.93168,3.10968,3.21067,3.91015,5.44599,6.40215,6.66893,6.60086,6.61133,6.31924,6.62353,6.92795,6.34655,6.24252,6.36803,6.31626,6.05439,6.0821,6.0717,5.92949,5.40905,4.88477,5.57778,5.45253,4.84704,5.51275,5.16647,3.71154,2.99374,3.00473,3.61624,3.70526,2.90387,2.00891
1.12604,1.05097,1.09032,1.25037,1.4616,1.65286,1.82155,1.96855,2.05994,2.08443,2.08596,2.1068,2.14995,2.21145,2.28644,2.35632,2.41472,2.47803,2.5598,2.66208,2.76632,2.8643,2.936,2.9803,2.95782,2.85825,2.73753,2.70185,2.72457,2.95012,3.06061,3.59884,5.15075,6.17955,6.38017,6.22334,6.38502,6.81842,6.63338,6.81465,7.01451,6.44677,6.32564,6.71915,6.21493,5.76957,6.53884,6.99542,6.10342,5.52743,6.05251,6.24028,6.03124,5.88602,6.03818,5.49462,4.87975,5.5316,4.86137,3.53971,3.88804,3.89492,2.69931,1.83582,1.44991
1.19652,1.25618,1.35357,1.45457,1.521,1.58241,1.67773,1.78351,1.85443,1.88744,1.93129,1.99654,2.07971,2.17048,2.26844,2.37142,2.46905,2.56232,2.68335,2.8368,3.00982,3.12793,3.19535,3.1347,2.9809,2.78577,2.54102,2.38845,2.41475,2.55792,2.88632,3.17527,4.05902,5.84789,6.39335,6.10725,6.73567,7.37174,7.06763,6.9726,6.16021,5.60297,6.18806,6.60359,6.65702,6.45106,6.69388,6.56081,5.99335,6.42062,6.03582,5.45938,6.02773,6.2054,6.25798,6.23375,6.22359,5.66361,4.66678,4.85875,4.54232,3.55389,3.28825,2.38708,1.13516
1.34902,1.5519,1.62084,1.59437,1.57257,1.60666,1.67308,1.70963,1.70384,1.7133,1.78946,1.90574,2.03351,2.15926,2.27378,2.3819,2.48844,2.61124,2.75416,2.96987,3.17564,3.37171,3.36525,3.28722,2.92189,2.99042,3.76527,4.23285,4.43952,4.61846,4.9154,5.26817,5.69885,6.24272,6.85143,7.44774,7.09158,6.53437,6.55409,6.6512,6.69693,6.57863,6.76339,6.67715,6.99963,7.22492,6.78195,6.82008,6.65966,6.64788,6.6383,6.39218,6.29037,6.3466,6.3087,6.49102,6.11145,5.39307,5.61863,5.15897,4.27284,4.3257,3.74522,1.82589,0.572667
1.55202,1.7131,1.64648,1.53148,1.53202,1.62366,1.68689,1.67394,1.64292,1.68349,1.8175,1.98036,2.12738,2.24606,2.33702,2.41462,2.51352,2.64792,2.84628,3.07256,3.33192,3.47443,3.48435,3.21955,3.19469,3.96619,4.29371,3.67783,3.99092,5.16432,5.81092,6.33755,6.65377,7.11823,7.48617,7.44223,7.23515,6.95259,6.87235,7.01672,7.25893,7.51009,7.50938,7.50359,7.50489,7.54072,7.44795,7.30077,6.92978,6.96111,6.8128,6.90455,7.00559,6.5389,6.54811,6.62859,6.57065,6.05437,5.89514,5.59057,5.23936,4.44092,3.12822,2.66797,1.55746
1.61318,1.60274,1.43764,1.35291,1.42682,1.54079,1.58577,1.57635,1.6294,1.80768,2.03343,2.21182,2.31357,2.36931,2.41634,2.49799,2.63279,2.84459,3.06299,3.30995,3.4653,3.56682,3.37881,3.37153,4.18466,4.23531,3.92906,3.99289,4.33144,5.73648,6.77644,6.8281,7.19762,7.49877,7.44647,7.30195,7.15307,7.12144,7.28275,7.52384,7.71368,7.77366,7.72803,7.69258,7.65524,7.66954,7.56757,7.06952,7.19515,7.35337,7.16692,7.00892,6.74864,6.64946,6.51633,6.6142,6.66603,6.5141,5.97323,5.73552,5.04512,3.94365,3.67745,3.03157,1.36802
1.36618,1.21983,1.0948,1.17002,1.34028,1.42871,1.41342,1.41278,1.56693,1.86695,2.17227,2.36353,2.42833,2.44144,2.50721,2.67635,2.94168,3.20529,3.45133,3.56719,3.63846,3.46322,3.5047,4.19125,4.28368,3.83959,3.93208,4.21524,4.90524,6.08255,6.59403,7.00807,7.42243,7.44594,7.36436,7.27383,7.28233,7.45787,7.76932,8.07022,8.15623,8.04529,7.8999,7.83038,7.81621,7.80951,7.81943,7.72834,7.60273,7.54374,7.28446,6.73895,6.91205,7.15671,7.09061,7.02873,6.92461,6.77468,6.53822,6.17071,5.41252,4.96059,4.60429,3.01082,1.39424
0.928151,0.751413,0.898806,1.17012,1.27405,1.1993,1.09605,1.15221,1.41555,1.77529,2.11329,2.32763,2.40079,2.46776,2.66263,2.96225,3.25628,3.47302,3.57885,3.57558,3.51626,3.32585,3.29967,3.53278,3.49929,3.46896,3.70306,4.15191,4.72313,5.55027,6.80182,7.44949,7.47913,7.4651,7.43547,7.45883,7.59219,7.85296,8.13195,8.25219,8.21798,8.16662,8.14262,8.11657,8.07686,8.02836,7.98608,7.91253,7.78703,7.59917,7.41008,7.24922,7.20699,7.25557,7.2315,7.08919,6.90932,6.5753,6.41799,6.12917,5.25043,5.0557,4.13914,2.47445,2.11695
0.651329,0.786608,1.10909,1.19211,0.990853,0.737473,0.691478,0.925465,1.29927,1.68342,1.96999,2.13337,2.27773,2.5573,2.93054,3.25907,3.39342,3.41756,3.34564,3.26186,3.29337,3.30332,3.24523,3.35858,3.30908,3.85446,5.19345,5.65742,5.70945,6.19872,7.09333,7.63784,7.69516,7.75434,7.7959,7.86403,8.0268,8.23141,8.35369,8.37822,8.37476,8.35865,8.3188,8.26443,8.1965,8.11383,8.07024,8.05405,7.95771,7.73082,7.47435,7.30606,7.24646,7.25831,7.2289,7.0985,6.79975,6.60961,6.25851,5.73766,5.47376,4.96165,4.42736,3.52,2.33745
0.755153,1.02044,1.10108,0.72156,0.33727,0.221248,0.438573,0.796404,1.21017,1.54589,1.75566,1.91504,2.21577,2.70009,3.11875,3.26355,3.18747,3.04256,3.0123,3.00986,3.20388,3.32512,3.24212,3.60868,4.1948,4.24635,4.80477,6.15433,6.73324,7.14553,7.53857,7.63788,7.80377,7.99229,8.13085,8.23177,8.34146,8.45024,8.52499,8.56092,8.55404,8.49713,8.42138,8.34859,8.27192,8.20052,8.18404,8.22565,8.17246,7.92749,7.58565,7.34673,7.27601,7.31477,7.24377,7.12477,6.88413,6.78946,6.51303,5.69606,5.43067,4.93333,4.3832,3.39459,2.17603
0.811462,0.851728,0.459248,-0.0385005,-0.222373,-0.0640764,0.280211,0.697821,1.11363,1.39412,1.52235,1.71523,2.17872,2.70182,2.92899,2.82587,2.65473,2.60928,2.70422,2.94961,3.222,3.38441,3.84186,4.30187,4.45026,4.59706,5.17553,6.14601,6.73454,7.09704,7.55073,7.73369,7.91215,8.12302,8.31002,8.44333,8.53034,8.5878,8.63306,8.66499,8.65924,8.60804,8.54807,8.50639,8.45072,8.36946,8.3444,8.39687,8.32843,8.07006,7.78294,7.5623,7.42784,7.3849,7.33584,7.22771,7.1537,6.97533,6.32388,6.16623,5.91055,4.82692,4.33667,3.70971,2.9893
0.39249,0.060867,-0.457971,-0.69273,-0.505781,-0.174565,0.247275,0.634657,0.933265,1.06324,1.15018,1.49236,2.06451,2.42612,2.39648,2.22219,2.24314,2.45747,2.81106,3.15316,3.53628,3.80499,4.32284,4.66725,4.96734,5.53736,6.05248,6.00576,6.16,4.45406,4.20478,5.74568,6.98155,7.56968,7.92306,8.12049,8.26197,8.37395,8.48761,8.60271,8.68769,8.71701,8.68362,8.60115,8.51028,8.4679,8.50074,8.58147,8.52714,8.20915,7.89796,7.79278,7.7139,7.5671,7.4909,7.43225,7.37877,7.20365,6.90657,6.23385,5.37725,4.7946,4.24833,3.91509,3.14912
-0.522124,-0.794983,-0.897267,-0.776617,-0.477852,-0.172061,0.0885169,0.307454,0.451518,0.522239,0.768927,1.35349,1.91907,2.07165,1.96202,2.02097,2.39006,2.85341,3.28664,3.59789,3.98261,4.38464,4.56238,4.48041,4.8719,5.92578,6.50647,6.61685,6.59119,6.66093,7.03297,7.24695,7.43857,7.69423,7.9783,8.15595,8.20905,8.28232,8.40899,8.53953,8.63221,8.68676,8.71394,8.68899,8.59509,8.49341,8.48815,8.60954,8.68436,8.44842,8.03047,7.84232,7.89324,7.88233,7.77428,7.59372,7.38412,7.16512,6.89055,6.4632,5.65688,5.03885,4.40545,3.90393,3.6303
