uploads/wind/20200723/wind_field_13.json
{"header": {"parameterUnit": "m.s-1", "parameterNumber": 2, "dx": 0.051, "dy": 0.036, "parameterNumberName": "eastward_wind", "la1": 45.3082, "parameterCategory": 2,"nx": 177, "ny": 123, "refTime": "2018-09-30 00:00:00", "lo1":1.38177}, "data":
[rows 29 to 57 of 123, columns 65 to 129 of 177]
1.55199,1.71354,1.91473,2.07369,2.1906,2.24032,2.12162,1.8051,1.49816,1.36828,1.3265,1.29796,1.33686,1.40145,1.36951,1.25631,1.19131,1.22856,1.29984,1.35721,1.42806,1.5474,1.68825,1.79034,1.83591,1.84735,1.85993,1.89313,1.92016,1.8989,1.83201,1.77789,1.78149,1.84492,1.94155,2.03588,2.1029,2.14687,2.19923,2.27691,2.3728,2.45906,2.50077,2.47221,2.3693,2.21368,2.06589,1.99221,2.00974,2.09587,2.20666,2.28315,2.29316,2.22849,2.08581,1.91184,1.79481,1.77996,1.83151,1.84968,1.76152,1.58704,1.38902,1.18457,0.944478
1.64641,1.8227,2.02859,2.1959,2.28705,2.31848,2.21611,1.89583,1.56028,1.41554,1.39749,1.43408,1.51725,1.55697,1.46398,1.31343,1.25378,1.31342,1.41753,1.53535,1.65556,1.77493,1.88385,1.94743,1.95915,1.94285,1.92138,1.89693,1.86575,1.82913,1.80226,1.80396,1.85032,1.94042,2.04598,2.14726,2.22186,2.27234,2.323,2.38312,2.43275,2.45027,2.43331,2.37482,2.26575,2.12089,1.99553,1.94108,1.96348,2.04158,2.14401,2.21782,2.23386,2.19145,2.0738,1.91542,1.81317,1.81914,1.90016,1.97241,1.95728,1.85731,1.72644,1.57303,1.34161
1.70768,1.9221,2.12916,2.29021,2.35499,2.35269,2.21919,1.87568,1.51231,1.37467,1.44198,1.58988,1.71763,1.72386,1.604,1.47092,1.43748,1.51411,1.64258,1.79839,1.95332,2.04692,2.06761,2.04229,1.98389,1.90332,1.8157,1.74615,1.72809,1.76127,1.81566,1.88084,1.96591,2.07284,2.18204,2.277,2.35004,2.40058,2.4289,2.43175,2.40753,2.36191,2.30785,2.24404,2.15408,2.04678,1.9595,1.92111,1.93779,1.99563,2.05925,2.09614,2.10027,2.06656,1.99897,1.94956,1.97037,2.0482,2.12086,2.13221,2.07649,1.99109,1.92617,1.85976,1.71992
1.68978,1.93061,2.18734,2.38592,2.43798,2.37592,2.16652,1.78577,1.44884,1.37401,1.5236,1.74163,1.89782,1.91381,1.80749,1.68269,1.63416,1.70114,1.8477,2.02408,2.17546,2.23851,2.19774,2.08837,1.95279,1.81545,1.70373,1.65364,1.67607,1.74711,1.8466,1.95715,2.06549,2.16763,2.25409,2.32765,2.39431,2.44779,2.46617,2.43473,2.36481,2.27935,2.2036,2.14115,2.07694,2.00867,1.95583,1.93856,1.95569,1.9759,1.97605,1.97924,1.9754,1.94006,1.93907,2.02931,2.16483,2.29321,2.37417,2.34009,2.18879,2.03252,1.9823,2.01047,1.99569
1.66213,1.94233,2.27252,2.5144,2.55356,2.42958,2.19265,1.87238,1.60872,1.55229,1.6856,1.88995,2.06586,2.1553,2.1271,2.0167,1.91581,1.90426,1.99503,2.13361,2.25699,2.29781,2.23496,2.09626,1.93332,1.79025,1.69456,1.66774,1.70288,1.7755,1.8732,1.98404,2.09767,2.19435,2.26952,2.34288,2.41372,2.46707,2.47973,2.43898,2.35885,2.2681,2.18676,2.11506,2.05212,2.00912,2.00339,2.02931,2.04091,2.00042,1.93036,1.87905,1.86331,1.90854,2.02936,2.16899,2.28469,2.39928,2.5022,2.49158,2.3052,2.06494,1.96167,2.02753,2.1163
1.70828,1.97686,2.30807,2.54144,2.55326,2.41856,2.26214,2.08703,1.88804,1.76168,1.78847,1.93744,2.11498,2.24337,2.29481,2.26771,2.19657,2.14759,2.17155,2.24645,2.30225,2.2834,2.18973,2.05111,1.90904,1.78747,1.70595,1.68493,1.71522,1.77722,1.86532,1.97245,2.08378,2.19473,2.29726,2.3824,2.44782,2.47973,2.46869,2.41384,2.33883,2.26986,2.20296,2.13077,2.07234,2.05811,2.10344,2.17481,2.18559,2.0899,1.94632,1.86191,1.88173,1.97012,2.05947,2.12547,2.21889,2.36549,2.49771,2.50009,2.3185,2.05868,1.91931,1.97177,2.08845
1.80412,2.01993,2.27917,2.45961,2.47801,2.43154,2.40034,2.30327,2.09085,1.88615,1.82906,1.91828,2.06272,2.20419,2.33173,2.42221,2.45236,2.43495,2.40987,2.39527,2.34739,2.23675,2.10242,1.98031,1.87415,1.78284,1.71542,1.68253,1.69521,1.7556,1.85741,1.99122,2.13919,2.27939,2.39013,2.457,2.47731,2.45693,2.40425,2.3306,2.25696,2.20518,2.1747,2.15323,2.14676,2.18165,2.26573,2.34404,2.33617,2.21424,2.01581,1.84199,1.79936,1.90765,2.08237,2.21901,2.30083,2.37304,2.44855,2.47089,2.36069,2.12662,1.92536,1.88322,1.95961
1.86348,2.04657,2.24906,2.37668,2.42943,2.50453,2.58259,2.50706,2.23682,1.95541,1.85169,1.90732,2.0148,2.1469,2.31331,2.47552,2.5723,2.59137,2.56678,2.50614,2.3908,2.24035,2.09844,1.97573,1.86616,1.77369,1.70783,1.68347,1.71458,1.80593,1.95226,2.13407,2.31851,2.46517,2.54637,2.55822,2.51199,2.42758,2.32758,2.23022,2.15616,2.12592,2.14308,2.19859,2.27391,2.37172,2.4739,2.51143,2.44059,2.24357,1.98272,1.8286,1.82018,1.87016,1.95105,2.05103,2.18229,2.39397,2.65955,2.84902,2.83269,2.57868,2.22062,1.99222,1.99406
1.86466,2.05981,2.24333,2.34982,2.45961,2.62194,2.7408,2.65731,2.36467,2.06137,1.9164,1.92744,2.01331,2.14087,2.31402,2.49219,2.62056,2.67674,2.66554,2.5943,2.47514,2.32982,2.17523,2.02152,1.88805,1.79277,1.73901,1.73802,1.80627,1.9452,2.14011,2.3574,2.5502,2.67322,2.70976,2.677,2.59567,2.48412,2.35633,2.22951,2.14328,2.11967,2.15615,2.25628,2.40445,2.56106,2.65512,2.61571,2.42536,2.1592,1.96714,1.89261,1.88036,1.94981,2.1116,2.25995,2.33895,2.4336,2.58597,2.69549,2.65688,2.4909,2.31854,2.25143,2.32396
1.94763,2.13441,2.30021,2.41604,2.54927,2.69927,2.77072,2.66077,2.42885,2.24482,2.15162,2.10503,2.11961,2.21749,2.37478,2.5383,2.65327,2.70364,2.69252,2.62388,2.51021,2.3683,2.21002,2.05851,1.93573,1.85508,1.831,1.87169,1.97663,2.14212,2.35104,2.56252,2.72466,2.8074,2.82208,2.80001,2.75798,2.68117,2.55278,2.40738,2.30248,2.25614,2.28401,2.40861,2.58404,2.71306,2.73324,2.6408,2.47289,2.29778,2.16308,2.08629,2.08682,2.1385,2.19291,2.25762,2.38268,2.57153,2.76001,2.86063,2.82607,2.67278,2.4408,2.19458,2.04221
2.20252,2.31618,2.38456,2.44148,2.53675,2.64229,2.67093,2.5736,2.43986,2.40543,2.45248,2.47335,2.46041,2.48012,2.55138,2.63484,2.69116,2.70468,2.66403,2.56878,2.44599,2.3246,2.22553,2.15126,2.08152,2.02222,2.00604,2.04996,2.15731,2.33008,2.5457,2.74651,2.86708,2.9131,2.92902,2.95643,2.99821,2.96037,2.83865,2.72819,2.63862,2.57673,2.61464,2.75824,2.91161,2.97889,2.93395,2.80421,2.62937,2.45641,2.35336,2.34781,2.36814,2.35293,2.32401,2.32935,2.40007,2.53386,2.68275,2.7727,2.76085,2.64241,2.43804,2.16905,1.92519
2.47486,2.44443,2.35188,2.338,2.43023,2.53688,2.56569,2.52522,2.50286,2.5586,2.6769,2.78355,2.82678,2.82807,2.83802,2.85562,2.83395,2.75928,2.65809,2.56388,2.4905,2.43724,2.38513,2.32057,2.2574,2.21909,2.21896,2.25635,2.34868,2.51765,2.73154,2.91338,2.99954,3.02868,3.05546,3.13072,3.23337,3.21122,3.12986,3.10657,3.05436,2.99004,3.03519,3.17286,3.29598,3.34043,3.22599,2.94464,2.67556,2.56615,2.59348,2.66874,2.72083,2.7105,2.62769,2.51396,2.4419,2.44631,2.50643,2.57276,2.60765,2.59078,2.514,2.36016,2.16976
2.53438,2.43574,2.30348,2.27749,2.36386,2.46705,2.52689,2.56688,2.62227,2.70047,2.79137,2.87274,2.91536,2.91559,2.89647,2.87459,2.8507,2.81619,2.77056,2.73096,2.70008,2.66923,2.61955,2.53387,2.43675,2.37443,2.36154,2.40569,2.53379,2.74129,2.94714,3.064,3.11003,3.16583,3.25836,3.32251,3.35406,3.39747,3.42405,3.35843,3.24677,3.23079,3.29813,3.37405,3.40982,3.37209,3.24719,3.04163,2.83001,2.71004,2.70636,2.75415,2.77687,2.77422,2.7906,2.80913,2.78849,2.7336,2.6659,2.595,2.55211,2.56151,2.57804,2.5297,2.423
2.46255,2.36089,2.25147,2.2358,2.32396,2.443,2.53854,2.61386,2.68218,2.72628,2.73724,2.73392,2.71686,2.69948,2.67676,2.66268,2.68104,2.71606,2.74527,2.75131,2.72981,2.68811,2.62469,2.54265,2.4664,2.42531,2.43379,2.51089,2.67454,2.89406,3.09136,3.21437,3.29688,3.35582,3.43696,3.39292,3.46707,3.89744,4.03815,3.74553,3.62723,3.89479,3.91874,3.71427,3.7294,3.65345,3.43924,3.23409,3.04206,2.9242,2.89789,2.90886,2.92739,3.02011,3.11143,3.07118,2.9045,2.6724,2.49204,2.43458,2.46628,2.51694,2.53701,2.51326,2.45702
2.33498,2.2191,2.1699,2.22639,2.34134,2.44089,2.51307,2.56997,2.6039,2.59839,2.57981,2.58845,2.61247,2.61277,2.58973,2.57447,2.60299,2.66785,2.73237,2.75283,2.7122,2.63438,2.55588,2.49886,2.47936,2.51081,2.59278,2.71056,2.86256,3.03349,3.22578,3.39655,3.52886,3.58529,3.50369,3.49451,3.67854,3.76357,4.00672,4.34856,4.56196,4.79568,4.54103,3.97085,4.21996,4.73125,4.34986,3.70558,3.41408,3.29516,3.45343,3.35593,3.45691,4.38896,4.55406,3.83969,3.39616,3.06132,2.69021,2.43768,2.3698,2.42361,2.47813,2.45197,2.36699
2.1638,2.11742,2.18719,2.29412,2.37755,2.42904,2.46998,2.50034,2.51375,2.52909,2.57995,2.65702,2.70242,2.69114,2.65915,2.65226,2.69295,2.77486,2.87223,2.92998,2.88835,2.75043,2.60257,2.54162,2.60365,2.74341,2.89344,3.00453,3.09827,3.22344,3.38983,3.53486,3.59707,3.68869,4.1237,4.53824,4.25827,4.00404,4.08209,4.44681,4.95241,4.79021,4.70615,4.3891,4.24689,4.79837,4.73054,4.43311,4.01267,3.71721,3.81381,3.7646,3.79423,4.13905,4.20196,3.73851,3.54975,3.5566,3.16795,2.71947,2.55462,2.51541,2.46561,2.36277,2.21342
2.0635,2.1262,2.24636,2.34788,2.41466,2.44122,2.44454,2.45583,2.48947,2.55689,2.65976,2.75531,2.78752,2.75821,2.73151,2.75186,2.81644,2.89858,2.96838,2.99751,2.95885,2.86636,2.78878,2.7954,2.90012,3.0478,3.18337,3.30882,3.31613,3.59803,4.14584,4.12006,3.7575,3.79841,3.80222,4.16645,4.87102,4.76939,4.53391,4.62753,4.62893,4.97052,5.32066,5.13918,4.98773,4.91139,4.81843,4.55977,4.40682,4.67833,4.63086,4.13786,4.19853,4.81218,4.74812,4.45194,4.42171,4.04201,3.44869,3.00012,2.71162,2.54839,2.42775,2.31857,2.19253
2.05668,2.16274,2.27864,2.3916,2.44784,2.44318,2.44274,2.47063,2.53285,2.63279,2.7397,2.79973,2.78844,2.74841,2.75338,2.82676,2.9281,2.99109,2.99817,2.9674,2.93453,2.93666,2.99891,3.10376,3.23353,3.33749,3.44968,3.54991,3.55421,3.52009,4.08633,4.71736,4.57786,4.5409,4.80412,5.10337,5.45713,5.25254,5.11074,5.28131,5.18364,5.11589,5.23869,5.30932,5.14603,5.0477,4.57251,4.38993,4.77445,4.78941,4.79998,4.63027,4.14511,4.13685,4.72951,4.8226,4.32577,3.84197,3.47189,3.17599,2.81645,2.48283,2.31549,2.26998,2.22587
2.04142,2.13347,2.26311,2.3505,2.41823,2.47963,2.49612,2.50497,2.57947,2.69541,2.7651,2.74856,2.69052,2.66908,2.72971,2.85417,2.98332,3.05236,3.03244,2.97096,2.96141,3.06439,3.21778,3.41936,3.52461,3.61412,3.90993,4.01902,4.16848,3.97241,4.10855,4.90787,4.98012,5.03857,5.19808,5.07834,5.33876,5.59693,5.17162,4.82032,5.0337,5.2027,5.51295,5.76636,5.35282,4.90304,4.8042,4.5863,4.56112,4.49661,4.57184,4.94748,4.5541,4.24624,4.66175,4.77388,4.49909,4.22027,3.79922,3.1804,2.75389,2.49763,2.31052,2.33913,2.49879
2.03137,2.02688,2.07421,2.20653,2.38872,2.44149,2.42439,2.48973,2.6033,2.67538,2.68298,2.64948,2.61185,2.62256,2.71185,2.85551,2.9903,3.069,3.07073,3.07729,3.10931,3.25854,3.42783,3.60158,3.77248,4.39245,5.01456,4.93687,5.00957,4.70029,4.60329,5.17358,5.01362,5.2409,5.87981,5.93909,5.9564,5.85785,5.77814,5.68349,5.72709,5.59504,5.63858,6.09485,5.4462,4.66069,5.25448,5.24273,4.64291,4.63525,4.747,5.21311,5.39054,5.02795,5.02837,4.94447,4.27879,4.05246,4.4152,3.87805,2.79965,2.3637,2.17413,1.89556,1.90841
1.94637,1.86559,1.89399,2.06666,2.18898,2.26904,2.41175,2.53105,2.57499,2.58346,2.57903,2.56579,2.56061,2.60467,2.7207,2.88498,3.0482,3.15796,3.21621,3.26266,3.30904,3.44989,3.5599,3.73515,4.15206,4.41145,4.69975,4.63688,4.80106,5.64363,5.51593,5.15896,5.63237,6.01932,6.16305,6.65981,6.84324,6.57709,6.25169,5.6262,5.33836,5.64206,6.2685,6.12696,5.41934,5.52181,5.25278,4.75911,5.03257,5.04462,4.71172,4.3957,4.59133,5.4247,5.41387,4.69254,4.15392,3.68377,3.50176,3.21044,2.81923,2.37102,2.69776,4.06887,4.13489
1.82178,1.81136,1.79599,1.84933,2.06347,2.34816,2.48276,2.47615,2.47409,2.48271,2.48337,2.4923,2.52857,2.61895,2.77538,2.96872,3.15947,3.299,3.38961,3.45996,3.49972,3.71734,3.73298,4.10779,4.94714,5.00764,4.90597,5.28661,5.91985,6.18155,5.85981,5.81687,6.39781,6.81929,6.99655,6.92245,6.62231,6.4422,6.13454,6.10419,6.03579,6.17893,6.23497,6.21546,5.30997,4.60299,5.37922,5.47041,5.34686,4.97911,4.61319,5.1628,5.34447,4.94956,4.57659,4.13693,4.36686,4.91823,3.88013,2.52356,2.44429,2.47699,2.2666,2.65891,3.25592
1.78062,1.82469,1.77661,1.86806,2.18013,2.39122,2.4023,2.39869,2.41207,2.42683,2.45599,2.50315,2.58573,2.7254,2.90654,3.09734,3.27897,3.44545,3.57926,3.57591,4.099,4.76979,4.70454,4.40572,4.74067,5.55294,5.62459,5.31184,5.32537,5.53844,6.14825,6.92421,7.36285,7.36163,7.36325,7.38618,6.79176,6.16264,6.41352,6.55458,6.5822,6.6073,6.56813,6.33205,6.03382,5.81889,5.29667,4.9548,4.99319,5.31931,5.68258,5.08474,4.54452,4.71959,4.40974,4.35037,5.13613,4.91743,3.46696,2.66952,2.33857,2.79582,4.02457,3.88964,3.00608
1.79182,1.87888,1.88855,1.99295,2.17535,2.28754,2.33367,2.36926,2.4012,2.44941,2.50105,2.56231,2.67362,2.84073,3.03062,3.20786,3.36203,3.5451,3.68183,3.79801,4.11041,4.38948,4.83238,5.59326,5.92904,5.82401,6.12889,6.04938,5.70718,6.3347,6.89029,7.30906,7.72716,7.55337,7.15803,6.62876,6.36402,6.67781,6.80762,6.67083,6.9219,6.72905,6.26213,6.42019,5.87509,5.51576,6.03235,5.89765,5.96873,6.02112,5.12747,4.28908,4.1164,3.7342,3.83221,5.08158,5.18529,4.7585,4.76301,3.55968,2.2844,2.20543,2.80905,3.20554,2.98574
1.80342,1.93555,1.96903,1.98875,2.06987,2.16496,2.27262,2.36475,2.45474,2.51473,2.53885,2.59731,2.74459,2.9606,3.15792,3.34211,3.46287,3.66557,4.03975,4.52126,4.99711,5.16374,5.42772,6.21288,6.58166,6.44347,6.54871,6.44478,6.55599,7.13028,7.45327,7.69908,7.83132,7.84432,7.71013,7.54692,7.44208,7.14209,6.79671,7.00428,7.30776,6.83307,6.82012,6.16105,5.79214,6.36856,6.36304,6.27199,5.76798,4.76938,4.11465,3.39305,3.48766,4.70526,4.67187,4.59464,5.11903,4.71447,4.83585,4.43371,3.01653,2.21578,2.03267,2.38456,2.81627
1.71219,1.90872,1.95473,1.89041,1.91921,2.08619,2.27459,2.43403,2.52318,2.52946,2.53081,2.62861,2.84036,3.13213,3.36661,3.63274,3.6974,4.05985,4.66854,5.19699,5.74764,6.11878,6.44183,6.66465,6.76028,6.61657,6.48983,6.35609,6.5648,7.19815,7.34283,7.60172,7.41083,6.74256,6.79617,6.83847,6.9555,7.35393,7.2429,7.27515,7.26561,6.91625,7.01241,7.06303,6.82226,6.27084,6.25721,5.50306,4.67943,4.5071,4.12856,4.49041,4.53425,3.88465,3.9619,5.02566,4.81489,3.12967,2.7659,3.21457,3.19149,2.79839,2.49679,2.35537,2.80553
1.58526,1.8159,1.7801,1.72311,1.89407,2.1907,2.42038,2.50419,2.48303,2.46634,2.53528,2.73137,3.04036,3.39079,3.74478,3.99624,4.27137,4.59683,5.06982,5.66981,6.15044,6.43838,6.6288,6.64607,6.63567,6.60969,6.56273,6.80758,6.74075,7.36969,8.21461,8.53144,8.33047,7.71005,7.26207,7.14371,7.29188,7.46975,7.49513,7.43208,7.37378,7.26508,7.18666,7.02477,6.4447,6.13113,5.40123,4.23735,3.67479,3.36664,3.09121,3.4992,3.73798,3.79948,4.71077,5.13168,4.21815,3.06913,2.44311,2.2244,2.31043,2.66477,2.78186,3.0101,3.89758
1.35335,1.48324,1.52043,1.69434,2.06471,2.42799,2.56125,2.49514,2.44213,2.51004,2.69869,2.98194,3.38689,3.79541,4.09105,4.49275,5.07428,5.02459,5.29212,5.95404,6.04225,6.17076,6.38728,6.61775,6.70422,6.70434,6.68376,6.13764,7.35076,6.48499,5.36732,6.02873,6.9926,7.5531,7.58462,7.64181,7.82251,7.9144,7.8037,7.64943,7.47459,7.33623,6.5895,5.79266,5.95433,5.57121,4.73075,4.63245,3.98533,3.11097,2.78802,2.91165,3.14401,3.23336,3.55445,3.64758,3.49648,3.0693,3.15589,4.11945,3.93413,2.91239,2.9752,4.01646,4.3476
1.0259,1.04796,1.34279,1.83209,2.34687,2.64218,2.6546,2.57517,2.60116,2.7581,3.04315,3.4196,3.76477,4.03221,4.18649,4.44949,4.63684,5.06681,5.7371,5.89182,5.87426,6.22558,7.10189,7.95838,7.98488,7.91318,7.95263,8.13699,8.26932,8.21707,7.3457,5.9303,4.68779,4.53593,5.83987,7.23186,7.8603,8.11873,8.04474,7.7928,7.58232,6.88426,5.81067,5.7408,5.4485,4.3603,3.66799,3.16485,3.37214,4.44872,4.32935,3.21066,2.85405,2.72962,3.21105,4.45748,4.39527,4.07645,4.38992,4.13247,3.4954,3.34312,4.03936,4.27862,3.69592
