uploads/wind/20200723/wind_field_17.json
{"header": {"parameterUnit": "m.s-1", "parameterNumber": 2, "dx": 0.051, "dy": 0.036, "parameterNumberName": "eastward_wind", "la1": 45.3082, "parameterCategory": 2,"nx": 177, "ny": 123, "refTime": "2018-09-30 00:00:00", "lo1":1.38177}, "data":
[rows 58 to 86 of 123, columns 66 to 131 of 177]
0.297139,0.302377,0.382167,0.513957,0.678135,0.869165,1.08981,1.37858,1.71572,1.9452,2.09118,2.33487,2.67702,3.01495,3.32307,3.59656,3.90131,4.34134,4.35963,3.89245,5.81416,6.14724,5.36122,6.3901,8.19358,8.06913,8.38286,5.70943,7.6415,7.80314,8.07846,8.13987,8.16471,8.41454,8.5877,8.59651,8.64222,8.66707,8.37932,7.82923,7.12983,6.50039,6.24276,6.3249,6.54206,6.83788,7.22472,7.56821,7.66599,7.4704,7.15806,6.99077,6.97738,6.98239,6.83575,6.56741,6.33425,5.57594,5.30592,5.38092,4.48782,4.25031,5.02774,4.88322,4.46064,4.74769
0.3587,0.347797,0.458815,0.640857,0.839292,1.02548,1.26086,1.49561,1.5479,1.53298,1.76434,2.17207,2.61404,3.03033,3.44733,3.83353,4.39173,4.5407,4.84245,4.96007,6.34315,5.91145,6.93206,7.32869,7.28534,6.5286,5.68329,5.60413,4.97516,4.93139,6.69294,6.13237,8.66276,9.28622,9.50082,9.46753,8.99292,8.23613,7.43566,6.8006,6.38892,6.12977,6.08309,6.26703,6.6497,7.15388,7.67554,7.98546,7.75957,7.16204,6.76311,6.76086,6.92823,6.97068,6.8048,6.51035,6.13146,5.87832,5.25465,4.91545,4.95177,4.80146,5.186,5.3457,5.21419,5.26911
0.633635,0.557614,0.569038,0.654503,0.775775,0.927948,1.07001,1.03748,1.01279,1.11241,1.47883,2.13371,3.00708,3.78001,4.31223,4.59629,5.17611,5.13915,5.68422,4.63727,4.97294,5.40315,6.36664,6.61858,5.87271,4.79035,4.46191,4.4372,3.79943,3.18747,3.91079,4.92702,6.58645,6.743,8.898,9.30231,9.19295,8.86134,8.00805,6.86985,6.01778,5.73568,5.92801,6.37746,6.96375,7.57121,8.07965,8.06511,7.38537,6.76107,6.61995,6.77325,6.85858,6.79367,6.46565,6.23282,5.87474,4.97638,5.09318,5.2796,4.90159,5.06799,5.20337,5.0886,5.10669,4.48842
0.79472,0.759754,0.750386,0.746808,0.77194,0.826258,0.795731,0.734665,0.865938,0.724737,1.01465,2.48921,3.96132,4.7518,4.41367,5.31072,4.71053,4.72544,4.29948,3.86582,3.99099,5.01133,6.28385,6.00944,4.45516,3.25986,2.73707,3.30333,2.89002,2.44735,3.89378,4.82098,5.71235,5.64893,6.3907,5.52164,6.0391,6.60658,7.55706,6.75716,5.85616,5.58541,5.91061,6.50884,7.13933,7.75091,8.06892,7.69489,7.00276,6.60666,6.57335,6.74643,6.79653,6.66526,6.2628,4.98078,4.2261,4.64047,4.65385,4.30039,4.6411,4.56639,4.10385,4.47183,4.35752,3.74562
0.758317,0.752076,0.731366,0.744747,0.788695,0.748787,0.667705,0.703511,0.827813,0.366006,0.520039,3.17075,3.70759,4.13753,3.16451,3.37883,3.68096,3.79574,3.11123,2.7274,3.07001,4.56183,6.35974,5.84616,4.27482,3.28688,2.69253,2.27481,2.41023,2.53642,3.92409,5.31756,5.60638,5.83928,5.20798,4.96764,4.92746,5.61171,6.23306,6.08961,5.58383,5.51039,5.9353,6.49805,7.05086,7.53329,7.60146,7.18256,6.721,6.5522,6.61261,6.69733,6.62781,6.26095,5.02136,3.9165,4.13513,4.13466,3.77611,4.30376,4.27078,3.81132,4.24373,4.23885,3.79251,4.22351
0.800695,0.79228,0.867936,0.866648,0.759467,0.811234,0.949381,1.07482,0.95956,0.165884,0.483229,2.99485,3.83388,3.91141,3.51606,3.31951,3.61588,4.10812,3.47573,2.8634,3.37486,4.48488,5.98674,5.63086,4.67749,4.12745,3.47006,2.59346,2.42704,2.63724,3.8009,5.37181,6.10363,5.58601,5.06406,5.16095,4.57341,3.97845,3.72935,4.94101,5.17501,5.33176,5.81825,6.42464,6.90738,7.09149,6.8862,6.62512,6.54675,6.60823,6.68307,6.60287,6.16605,4.75083,3.57627,3.83413,3.8576,3.38806,3.82827,3.88878,3.49217,4.00804,4.13343,3.84373,4.30655,4.12308
1.19309,1.01831,0.917171,1.00465,0.940938,0.576147,0.593794,0.61608,0.344714,-0.447577,0.18167,2.91753,3.79793,4.15991,4.17906,3.61699,3.97225,3.96473,4.2473,3.50197,3.55161,4.74363,5.12695,4.89602,4.5783,4.31683,4.07668,3.77977,3.29784,3.35622,3.84916,5.19517,6.23102,6.14713,5.1467,5.05679,4.71237,4.28303,2.81781,3.6034,4.46649,4.8314,5.40306,6.11016,6.54663,6.53001,6.28384,6.24671,6.45985,6.66493,6.57528,6.06928,4.57824,3.33857,3.69519,3.80603,3.32361,3.62402,3.43933,3.17269,3.8256,3.84143,3.81025,4.32532,4.58527,4.72262
1.20315,1.13251,1.0617,0.196019,-0.796966,-0.335573,0.55934,1.13357,1.37861,0.0939268,-0.0545923,2.59738,3.30417,3.86162,4.2604,3.71928,3.57396,4.07379,3.52812,3.73982,3.82378,4.25109,3.90734,3.7314,3.80803,4.12082,3.85501,3.77648,4.47136,4.08095,4.06365,4.53034,5.0715,6.29666,5.54528,5.45935,4.75349,3.90758,1.5457,2.19568,3.39671,4.2661,5.12237,5.78339,6.03969,6.01383,6.04191,6.27748,6.51717,6.48167,6.0513,4.48832,3.13822,3.54912,3.78157,3.41332,3.65629,3.89057,3.91024,3.25989,3.341,4.20689,4.39337,4.74235,4.49056,3.99815
1.9353,1.62543,0.848298,0.216637,1.22544,1.84578,2.25195,2.26521,1.89798,1.64158,1.39636,2.26011,2.28556,3.55738,3.95076,3.75851,3.61031,3.67289,4.09826,4.14315,4.61712,4.33713,3.97108,3.83472,4.0426,4.16628,4.62984,4.77068,5.00997,5.51391,5.93818,5.6801,5.72651,5.49074,6.19563,5.79381,5.77672,4.10262,1.00949,1.08947,2.51776,3.60381,4.47276,5.01817,5.38669,5.75212,6.13691,6.36688,6.33061,5.86758,4.11718,2.8451,3.38951,3.61789,3.20907,3.63832,3.6805,3.40696,4.07692,4.47239,4.34063,4.61661,4.957,5.05575,4.99257,4.68979
2.28385,0.275404,0.359702,1.72363,2.98051,3.06971,2.60497,2.03305,1.71862,1.58556,1.71294,1.93472,2.22684,2.99721,3.15358,3.18091,2.99236,3.17443,3.4915,4.40832,4.26902,4.76259,4.17965,4.50981,4.82507,4.8054,4.54824,4.43654,4.93689,5.61175,6.12203,6.37342,6.6606,6.37174,5.74799,5.61406,5.41626,3.6936,1.4274,0.381777,1.69119,2.90863,3.66882,4.11583,4.68275,5.44484,5.99253,6.13613,5.6838,4.84134,4.07053,2.42698,1.56867,2.47766,3.56937,3.74645,3.46544,4.05436,4.25061,4.10273,4.81135,4.63461,4.46531,5.22314,5.22665,5.02801
2.57655,1.36406,1.28587,2.48126,3.31679,2.54689,3.17594,2.66103,2.90599,2.39793,2.49232,2.60453,2.86753,2.72498,3.09086,3.50353,3.55251,3.25343,3.99814,3.91057,4.45474,4.21028,4.82047,4.42924,5.2089,5.19017,4.78267,4.83194,5.05842,6.00794,5.82244,6.18983,6.16722,5.93255,6.3472,5.37315,3.99338,2.83949,0.309977,-1.04185,0.34936,1.83265,2.35043,3.20842,4.29236,5.04502,5.48201,5.5735,5.19889,4.3132,3.21176,2.88673,2.75377,2.21883,2.29939,3.15249,4.22116,4.34769,4.20697,4.70147,5.00738,5.26253,4.72953,4.3729,4.97944,4.97949
2.84786,2.28433,1.57998,2.33705,3.16629,1.95375,2.63131,2.86256,4.39933,3.8267,3.30257,3.2811,3.67078,3.72351,3.82606,4.02333,3.80714,4.18883,5.12021,4.61612,5.50888,5.16754,4.98566,4.9632,4.9042,4.94952,5.00307,5.52211,5.34114,5.40043,4.97062,5.38645,5.75659,5.88735,6.43791,3.15708,2.21773,0.799308,-1.84928,-2.67978,-0.342971,1.46372,2.8509,2.7352,3.8725,4.89229,5.13931,4.31537,2.93787,2.29449,2.85962,2.95058,2.73768,2.93716,3.2402,3.93335,4.70712,5.36914,5.41797,4.98361,5.10205,4.98916,4.57955,4.69944,4.70162,4.76006
2.79235,3.24466,2.76445,2.12764,0.922731,1.00083,3.07978,3.60088,4.12504,4.29567,4.23081,3.47912,4.34318,3.97637,4.35759,4.48466,4.1624,3.93793,3.47624,4.04945,4.00615,4.61694,3.83805,4.1886,4.28638,4.79734,4.46603,5.33886,5.53433,5.6102,4.24325,4.39835,4.91385,5.31249,3.36706,1.21498,0.167987,-1.50403,-3.66728,-2.42785,-0.138856,1.95702,2.54065,1.72398,2.43539,3.81345,4.56758,4.07951,2.91062,2.61987,2.76019,2.58863,3.00562,3.08654,3.27639,4.42936,5.25135,5.54967,5.39048,5.23487,4.72331,4.17784,4.44304,4.60497,4.65913,4.19937
2.68199,3.68667,3.90559,3.35196,1.87829,2.09772,2.39716,3.20968,3.35354,4.11724,3.97783,4.10659,4.35053,4.03648,4.25378,3.72854,3.94188,3.22704,3.64787,3.95064,4.54461,4.73964,4.57514,3.86642,4.95596,5.09398,5.05676,5.05012,4.52504,5.07807,4.75296,4.63749,5.29288,4.89669,3.27611,1.58828,-1.14121,-3.33422,-2.67452,-1.48066,0.424408,1.98282,1.36215,0.19957,1.77328,2.55894,2.4471,1.55402,1.01419,1.43948,1.82785,1.85649,2.29049,3.22075,4.16256,4.74255,5.18449,5.33099,5.12035,4.46676,4.16014,4.62412,4.48789,3.792,3.3974,3.19796
2.51539,3.22916,3.67815,4.2019,2.81463,2.19178,1.85986,3.04572,2.91298,4.06399,3.60901,3.88525,3.83012,4.03896,3.66465,3.66617,3.76823,3.76194,3.79129,4.03972,4.45348,4.41108,4.55369,4.54393,5.04056,5.02864,4.92754,4.64812,5.18599,4.84527,5.54651,4.61272,5.10512,4.78817,3.50991,-0.170749,-3.1589,-3.17695,-1.55368,-0.237121,0.418561,1.35641,0.275971,0.271236,1.88011,2.45993,1.74085,-0.225927,-0.536193,0.0222902,0.423505,0.998002,1.86666,2.62807,3.65974,4.77371,4.80638,4.05148,3.39406,2.97571,2.88322,3.15678,3.13856,2.66461,2.26802,1.82036
2.22482,2.75625,3.46543,4.0149,4.4318,2.21131,2.02621,2.39014,3.36088,3.39438,4.04482,4.24384,3.66015,3.56062,3.0627,3.12734,3.44624,4.3395,4.12945,4.89366,4.57275,5.04233,5.28747,5.47844,4.64951,4.89447,4.97555,4.73447,5.5978,4.92295,5.23252,4.4439,4.40736,4.62938,3.24728,-0.191483,-2.99115,-1.8238,-0.819499,-0.1354,0.394679,1.12408,0.645105,1.08076,1.65493,-0.823527,-2.89602,-3.02344,-2.44839,-1.86284,-0.909821,0.462332,1.99456,3.05761,3.3996,3.43701,3.2782,2.90467,2.52317,2.18293,1.98704,1.95337,2.09176,1.86722,2.06208,3.14721
2.18872,2.69445,3.16125,3.57251,4.26678,4.25089,2.5873,2.74808,3.04112,3.58109,4.08971,4.52141,4.5457,4.19983,4.02789,4.65858,4.28884,4.56892,4.63406,4.28524,5.01076,5.00273,5.67291,4.88679,5.54305,5.29858,5.79829,4.96336,4.84711,4.99982,4.57193,4.33492,4.15392,4.0969,4.48213,2.3529,-0.506038,-1.131,-0.355127,0.127349,0.622506,1.49109,1.00681,0.737971,-0.324116,-2.08241,-3.23887,-2.91158,-2.90832,-1.80321,-0.212651,1.48944,2.71271,3.1716,2.77005,2.26341,2.19694,2.17093,1.90664,1.57654,1.50604,1.74124,2.02527,2.52131,3.53794,3.80014
2.03165,2.65268,3.25338,3.51788,3.80225,4.4913,3.80827,2.41186,2.68382,3.52357,3.45238,4.12075,4.50693,4.62453,4.98605,4.67598,4.42265,4.45938,4.56085,4.53567,4.68477,4.9783,4.85472,5.24984,5.36038,4.74909,4.53351,4.71566,4.80748,5.19551,4.48078,3.97125,3.25917,3.60314,4.16622,4.93388,3.11472,0.00826071,-0.0125279,0.243942,1.34991,2.32308,0.916051,0.0289166,-0.487597,-1.48495,-2.09323,-1.83275,-2.14379,-1.26029,0.88281,3.08402,3.7749,3.07107,2.00789,1.64364,1.69095,1.56124,1.40867,1.50156,1.7769,2.0841,2.12109,2.2323,2.72324,3.28973
1.86603,2.80748,2.93099,3.39542,3.44143,4.30081,3.78131,3.75782,3.18008,3.80726,4.09341,4.15936,4.11942,4.78119,4.72095,4.56297,4.92217,4.62374,4.48207,5.06532,5.66836,5.41976,5.32313,5.82884,5.68316,5.3956,4.79597,4.24485,4.70908,4.21478,3.9462,3.04737,3.80022,3.87702,4.37612,4.68217,4.79082,2.8285,1.07686,0.773791,1.54902,2.65433,2.09299,0.812382,0.764022,0.585759,-0.836864,-1.5713,-1.61237,-0.244276,2.18251,3.73782,3.02054,2.60817,2.43653,2.0812,0.873453,0.518192,1.09851,1.7041,2.09206,2.25723,2.26831,2.20014,2.83143,4.10287
1.66871,2.40692,2.82383,2.87812,3.07675,2.90605,3.82404,3.46967,4.17699,3.57544,4.26152,4.25456,4.56938,4.62403,4.87557,4.62291,5.52855,5.06556,5.40594,4.81764,5.1919,5.0605,4.71358,5.47715,5.32455,5.70722,4.77504,4.30755,3.7726,4.28926,3.89089,3.67654,3.83471,4.40833,4.57867,4.5004,4.66615,4.24605,3.4284,2.32641,2.46675,3.08127,3.06069,2.42006,2.45805,2.65696,0.685042,-1.23643,-0.77809,0.645001,2.22403,3.51013,4.17033,2.73364,1.78632,-0.0691087,-0.842119,0.395755,1.93468,2.41288,2.17253,2.13824,2.51045,2.8468,2.97186,2.83327
2.14378,2.31122,3.01131,2.95519,2.83159,2.35558,2.70632,2.98329,3.35481,3.33175,3.28586,3.38248,4.1357,4.05542,4.47802,3.91092,4.09464,4.4431,4.48721,4.71497,4.27544,4.20602,4.18207,4.59423,4.95022,5.03987,4.72246,4.24903,4.08025,4.2683,4.81547,4.33951,4.98816,4.68817,5.32069,5.01899,4.94264,4.36841,4.30542,3.82155,2.92384,2.42946,2.97231,3.2806,3.15386,1.79386,-1.18081,-1.95744,-0.217413,0.516342,1.52506,3.34999,4.04398,2.85761,1.41155,0.424632,1.11197,2.90665,2.39439,2.79303,3.43601,3.61048,3.2073,2.74,1.85917,0.878154
2.2003,2.37168,2.76452,3.03776,3.08517,2.61848,2.92963,2.69939,3.15895,3.21432,3.13055,3.46571,3.80223,4.16357,4.15436,4.17527,4.0055,3.97782,4.12421,4.9622,4.09685,4.36889,4.40386,5.49118,5.65393,5.40375,4.91228,4.42884,4.41129,4.8986,4.99052,5.12804,4.14303,4.30189,4.7352,5.63669,5.32384,4.60205,4.21893,3.92747,2.99294,3.14064,3.58803,2.24403,-0.552325,-2.95421,-3.89534,-2.40108,-0.749969,0.0486333,1.36694,2.36416,3.85003,2.87902,-0.255836,-1.04552,0.592409,2.86743,3.53791,2.67055,2.84874,3.23655,4.11144,2.46393,0.286919,-0.311976
2.37419,2.36121,2.10802,2.98852,3.14627,3.35582,3.38021,3.66454,3.43608,3.32348,3.24294,4.21389,4.31331,4.9829,5.29055,5.31379,5.07942,4.86825,5.43243,4.62788,4.53761,3.98899,4.73101,5.14354,5.35395,5.41757,4.80766,4.79413,4.51152,5.98452,5.33809,5.88344,4.86511,4.98227,4.77877,6.01125,5.45895,4.81618,3.2474,2.53005,2.49517,2.8931,2.03002,-0.498538,-3.21108,-4.21826,-3.81058,-1.79165,-0.55417,0.36623,1.37536,2.60211,4.02697,2.08439,-1.2428,-1.01582,0.434802,2.20228,3.66119,2.69035,2.19161,3.60143,3.07847,-0.125445,-1.55046,-0.974405
2.59817,2.53187,2.71627,2.94682,3.53452,3.22623,3.9684,3.96711,3.7299,3.33873,3.51283,4.3666,4.54723,4.53714,4.76978,4.81816,5.22209,5.668,5.76845,5.79272,5.54697,5.26625,5.29307,4.59821,4.14419,3.82045,3.96678,4.13737,5.10063,5.35297,5.13276,4.77,5.89775,5.58608,6.01615,5.81764,5.62995,4.53209,3.6351,3.10701,2.94371,2.72245,2.14031,-0.320967,-2.80408,-3.42568,-2.88882,-1.20358,0.232099,1.18535,1.69037,3.07821,3.39436,2.52623,1.18013,1.09806,0.14936,0.622156,3.04503,3.23979,2.52906,3.32325,2.55369,0.4249,-1.19481,-2.0696
2.30799,2.82284,2.84548,2.64249,2.91307,3.63785,3.53169,3.68655,2.76706,2.44358,2.79595,3.51953,3.84593,5.02821,3.96599,3.43252,3.20813,3.75708,4.30314,4.63295,4.71044,5.03528,4.73136,4.1034,3.03866,2.96057,2.58344,3.30901,4.17531,4.52338,4.38231,4.46113,5.32363,5.72925,6.0088,6.23972,5.55782,4.28815,3.26097,3.32575,3.6346,4.26164,4.37911,2.08569,-1.53355,-2.64435,-1.54332,-0.465257,0.577214,1.12036,2.0163,3.50373,3.15111,1.93733,3.06243,3.00806,0.984956,0.503736,2.46282,2.88315,2.09758,2.47824,0.570216,-1.37402,-1.38676,-2.50479
2.12275,2.95793,3.34703,2.95302,3.15406,3.76842,3.72775,3.94948,3.37916,2.85347,3.10437,3.38716,3.84271,3.28293,1.75567,1.46358,2.0056,2.42268,2.77575,2.64983,2.66325,3.20463,1.4479,-0.190827,0.424042,1.45972,1.94734,2.42328,3.13716,3.74466,3.61006,3.50142,4.03553,4.3027,4.72572,5.34932,5.08822,4.53838,4.17386,4.00283,4.30077,5.02686,3.94047,3.36988,0.791091,-1.42991,-1.07883,1.37881,1.32239,-0.764795,0.443442,3.35374,4.20433,3.15626,3.60047,3.82033,3.37672,1.05287,0.356907,1.77494,2.35078,0.669318,-1.68095,-1.83616,-2.07518,-1.97874
2.7855,3.10961,3.55521,3.6082,3.55451,4.05124,4.00766,3.67088,2.74555,3.17895,3.41402,3.72776,3.37753,2.06052,1.6851,3.0844,2.86795,2.32434,2.18026,2.24355,3.01896,2.49299,-0.24823,-1.05364,1.33501,2.00722,2.1473,2.21887,2.80229,3.21414,2.41497,1.8549,1.98821,2.49343,3.06029,3.58517,3.71277,4.70321,4.32969,3.37194,3.34399,4.78893,3.99876,3.88623,1.76468,-0.61375,-0.809757,2.80634,2.58876,-0.0563545,1.87027,3.76549,5.31662,5.54576,3.59085,3.81859,3.27518,-0.177295,-0.349767,0.591502,-0.802378,-2.98523,-3.4569,-3.69016,-2.68216,-2.26791
2.00817,2.06528,2.55109,2.66757,2.68782,2.8858,3.02726,3.00792,2.52415,3.35058,3.46236,3.54724,2.47598,1.6623,2.4878,2.75675,2.10798,1.92112,2.39787,2.87669,3.20181,2.3699,-0.0401799,0.0816307,1.40213,1.69141,1.7974,2.08338,1.68208,0.612353,-0.338171,-0.325138,-0.0625472,0.476363,1.20764,2.03048,3.14492,4.39147,4.68063,3.35058,3.02639,4.06044,4.1581,4.37742,2.10279,0.19333,0.0266301,1.17592,1.0195,2.06028,3.31984,4.72356,5.61963,4.25609,1.77448,0.357108,0.234483,1.00405,1.00312,0.246575,-1.39368,-3.00464,-3.48401,-3.44002,-3.04678,-2.87016
1.72701,1.49456,1.3504,1.88516,1.77371,1.80498,1.71694,1.24339,1.87679,3.34556,3.87698,2.43314,1.27528,2.0187,2.80489,2.64113,2.38964,1.92376,2.01086,2.94008,3.24636,2.46097,0.607644,0.713862,1.68988,1.79155,1.78318,1.59181,-0.690402,-2.71028,-2.17931,-0.637247,0.462834,0.924394,1.15351,1.33737,2.11885,3.45253,3.52876,2.58007,1.48035,2.68971,3.45821,4.14802,2.70031,0.589054,-0.0754391,-0.604427,-0.289234,1.17172,1.98486,4.08539,5.09758,1.43598,-0.98985,-1.80125,-1.4306,0.369054,1.55399,0.581172,-1.63708,-2.15816,-2.87274,-3.13451,-2.95052,-2.4238
