uploads/wind/20200723/wind_field_11.json
{"header": {"parameterUnit": "m.s-1", "parameterNumber": 3, "dx":  0.051, "dy": 0.036, "parameterNumberName": "northward_wind", "la1": 45.3082, "parameterCategory": 2,"nx": 177, "ny": 123, "refTime": "2018-10-03 01:00:00", "lo1":1.38177}, "data":
[rows 29 to 57 of 123, columns 0 to 64 of 177]
3.65705,3.47686,3.58606,3.37894,3.08179,2.96224,2.72573,2.11966,1.79101,1.12435,1.39235,2.24765,0.832493,-1.43743,-0.490307,-0.0458634,-0.276001,0.249278,1.33194,2.8592,3.58621,3.78573,3.86031,2.69586,2.0041,1.3293,1.09664,0.958246,1.08888,1.34449,0.958295,-0.585957,-0.909618,0.50159,-1.33135,-2.55358,-3.19444,-2.83522,-1.94377,-1.35692,-0.746674,-0.183145,0.0218995,-0.209067,-0.609632,-0.940344,-1.03159,-0.700415,-0.00920787,0.746549,1.30056,1.60612,1.68862,1.56871,1.45479,1.59236,2.07807,2.55892,2.64364,2.49905,2.36567,2.19983,2.00595,1.86585,1.79795
3.7675,3.34842,3.27384,3.54371,3.79841,3.26646,2.4825,2.03553,1.70544,1.61632,1.67124,1.76154,0.906331,-0.139958,1.08084,2.07371,2.13898,1.29515,1.45219,2.16451,3.19862,3.1228,2.94283,1.74533,-0.280108,-1.07504,0.22249,1.45938,2.10476,2.58254,1.61363,0.114979,-0.0466647,-0.573607,-2.0542,-2.23819,-1.95254,-1.39957,-1.06227,-1.23358,-1.32231,-1.10165,-0.747879,-0.545796,-0.60221,-0.716052,-0.841772,-0.868164,-0.526409,0.207171,0.9692,1.48053,1.74317,1.78933,1.62806,1.51228,1.69588,2.09416,2.34263,2.40731,2.3276,2.16697,2.11346,2.16856,2.1486
3.31814,2.90438,3.14406,3.33961,4.16446,3.52078,2.23121,1.70746,1.54906,1.89807,1.60298,1.63229,2.40046,2.56954,2.59779,2.74521,1.92007,1.53875,1.50847,2.18182,2.84882,2.60285,1.59407,0.847964,0.74137,0.158477,-0.0466402,0.759463,1.43873,0.554951,-0.853979,-1.57789,-1.53347,-0.153137,-1.62467,-1.14199,-0.446082,0.711717,0.898429,0.465241,-0.354858,-1.02046,-1.17134,-0.955206,-0.738919,-0.637214,-0.549132,-0.570059,-0.598164,-0.262053,0.411385,1.04844,1.47302,1.69803,1.7096,1.62441,1.5962,1.61564,1.78709,2.02591,2.1175,2.12612,2.19925,2.3033,2.23173
1.87798,2.31646,2.38709,2.77251,3.02239,2.56676,2.14453,1.36532,0.892596,1.44917,1.11027,0.951302,1.84857,3.28327,2.78738,0.65472,-0.258252,1.32404,2.42118,2.87835,1.9372,0.987815,0.926249,0.504961,0.567927,0.588239,-0.382381,-0.278451,0.195704,-1.36473,-1.82934,-1.15447,-0.0222843,0.43021,-0.415135,0.488148,1.23702,2.05337,1.78815,0.642862,-0.392056,-0.885448,-1.02907,-0.904923,-0.616495,-0.446261,-0.312217,-0.188357,-0.221771,-0.277089,0.0724071,0.708492,1.19861,1.43912,1.5488,1.58916,1.59036,1.50368,1.53443,1.8051,2.03903,2.18454,2.33276,2.35356,2.30097
1.6321,1.90837,2.40048,2.55596,2.78241,2.07063,1.81271,1.8991,1.37081,1.42271,1.42907,1.9576,1.83305,2.41222,2.74631,-0.254015,-0.500449,1.60999,2.39431,2.30137,1.11351,1.27682,1.53372,1.54573,0.204968,-1.11972,-2.37902,-1.38611,0.209221,-0.104617,0.399186,2.22575,2.18535,1.02626,1.8498,2.37699,2.69472,1.74223,0.0157276,-1.8714,-2.37553,-1.84622,-1.24014,-0.875744,-0.466483,-0.123602,0.0128438,0.100449,0.188199,0.0969968,0.0473351,0.405629,0.927699,1.26289,1.42217,1.51483,1.57508,1.57333,1.64771,1.84363,1.96365,2.11661,2.29267,2.37596,2.44145
2.534,1.91625,2.11999,2.20682,2.06616,1.65167,1.59331,2.58692,2.95707,2.97066,2.65373,2.69605,2.58641,2.536,1.73639,0.34176,0.844389,1.57723,1.22739,1.32928,1.60562,1.58121,1.52716,0.573029,-0.0669698,-0.913559,-2.86824,-2.10989,0.839538,1.12692,1.50823,3.16892,2.61026,2.17988,1.95996,1.87877,1.1195,-0.708009,-2.40749,-3.53318,-3.50308,-2.70909,-1.78638,-1.1765,-0.716245,-0.308978,0.0279485,0.287625,0.459995,0.512398,0.343152,0.278053,0.57773,1.03407,1.37228,1.54295,1.62572,1.63991,1.72219,1.7848,1.85975,2.07725,2.23577,2.35686,2.39478
2.93888,2.03666,1.87759,1.85724,1.8242,1.68193,1.6036,2.34848,2.82617,3.19428,2.97244,2.52686,2.25853,0.952294,0.295467,0.219053,-0.23173,0.378419,0.730849,1.41937,2.27938,2.4419,2.01452,2.00666,0.81303,-1.20941,-4.41386,-2.896,0.870803,1.71716,2.4112,4.23781,2.62507,0.520068,0.188577,-0.971861,-1.70219,-2.52193,-2.71643,-3.04206,-3.047,-2.65843,-2.06698,-1.41212,-1.04512,-0.922636,-0.614301,-0.028512,0.479365,0.733655,0.725353,0.483019,0.449211,0.849453,1.38334,1.73707,1.84442,1.7878,1.72017,1.7273,1.94383,2.20759,2.28488,2.22137,2.13467
2.57917,1.74846,1.4043,1.40273,1.42444,1.26924,1.31253,1.57115,1.66266,1.87068,2.1084,1.87606,1.87226,0.182656,0.132981,0.606902,0.56667,1.26768,1.69578,2.07528,2.56281,3.10017,3.68478,3.04989,1.15801,-3.51398,-4.89268,-3.6998,-0.533049,1.548,2.6565,3.72457,0.230381,-4.2396,-1.32537,-1.45568,-1.70078,-1.89271,-1.67266,-1.80368,-1.85602,-1.90613,-1.86086,-1.39947,-1.17983,-1.29187,-1.19801,-0.667804,0.151522,0.70588,0.879772,0.687611,0.500176,0.806969,1.46404,1.98007,2.16976,2.10515,1.91579,1.90058,2.11832,2.25956,2.20059,2.04503,1.96919
-0.220162,-0.141549,0.191496,0.899689,1.48234,1.08252,0.392069,0.588444,0.920085,1.81643,2.27923,1.5228,2.15695,2.85159,2.26094,2.42043,2.56508,2.06134,1.85019,2.44524,3.12098,4.04567,3.48333,2.82942,-0.657936,-6.55644,-7.3216,-3.66646,-1.24095,2.0663,1.49868,-0.219196,-3.37128,-4.72083,-4.31233,-0.125231,-0.369048,-0.356259,-0.0604115,0.056508,0.0428929,-0.363199,-0.89639,-0.952715,-1.10399,-1.31379,-1.28388,-0.978575,-0.281224,0.503492,0.876721,0.826048,0.560656,0.76961,1.55686,2.14689,2.39829,2.39822,2.25759,2.22467,2.25401,2.19645,2.08749,1.9984,1.96002
-2.021,-1.35457,-0.761008,0.385171,0.99025,1.52736,1.6875,1.395,1.77816,2.20514,2.34788,1.37267,1.55908,3.80052,2.93525,2.71105,2.87143,2.83609,2.52958,2.91253,3.68497,2.50005,1.71635,1.20758,-3.08984,-6.31967,-6.35156,-3.32755,-0.552316,1.19709,-0.133781,-2.52921,-3.16692,-3.05817,-3.91364,-0.529832,0.199565,0.938153,1.36562,1.68939,1.60909,1.14224,0.359989,-0.166216,-0.750488,-1.09263,-1.1384,-0.942175,-0.52066,0.296475,0.867671,0.949584,0.68416,0.761504,1.6035,2.30956,2.50002,2.47593,2.48963,2.54539,2.46812,2.31378,2.1978,2.08522,1.97342
-2.04731,-1.40265,-0.659809,0.486099,1.15038,1.52889,2.115,2.29463,1.76543,1.86405,2.69965,2.00181,0.888867,1.74912,2.48223,3.2969,4.35976,4.22654,4.17768,3.88052,3.34234,2.5097,2.52712,1.24291,-3.43616,-5.43994,-5.06655,-2.33364,1.77513,1.82871,0.707565,-0.856683,-0.68189,0.490823,-0.691931,-0.622177,0.523361,1.8247,2.16944,2.39957,2.32556,2.20987,1.50936,0.413806,-0.455028,-0.792587,-0.864119,-0.758203,-0.526319,0.19695,0.917589,1.07081,0.876954,0.905327,1.628,2.40959,2.58151,2.45096,2.52914,2.67632,2.68868,2.61255,2.46819,2.25293,2.01826
1.5126,0.876942,0.816988,1.24939,1.62439,1.07699,0.628122,0.714942,0.514314,1.34789,3.81787,3.795,2.5264,2.88852,3.1642,3.22371,4.12507,3.68956,2.31811,1.36414,0.961014,1.61558,2.36234,0.604275,-3.77916,-4.91255,-4.54311,-2.57493,2.7773,3.3271,-0.473318,-1.98807,0.0208354,0.505387,0.112155,1.20586,1.83792,3.13141,3.62327,3.66399,3.42383,3.03912,2.04672,0.369418,-0.512529,-0.682341,-0.602139,-0.494757,-0.373645,0.245815,1.01479,1.19499,1.06822,1.1789,1.75211,2.38378,2.66546,2.60739,2.60355,2.62483,2.67853,2.71152,2.61549,2.41412,2.13905
5.06325,3.19103,2.6246,1.89673,1.3916,1.7338,0.956553,0.117085,-0.472445,-0.699685,0.473413,3.18349,3.39629,3.49952,4.08265,3.9836,3.52303,1.51683,0.641407,-0.277756,-1.03149,-1.56043,-2.37858,-3.77486,-5.67507,-6.00443,-5.59245,-3.40343,1.70067,1.02522,-3.30878,-3.37492,-2.08474,-2.06266,-0.071138,2.7806,3.30354,3.48281,3.72736,3.55301,2.91408,2.07538,1.38902,0.345726,-0.480404,-0.675905,-0.564621,-0.469362,-0.235715,0.458178,1.14472,1.32042,1.25809,1.49755,1.99295,2.37829,2.6963,2.90337,2.85999,2.65601,2.56389,2.55352,2.51126,2.38258,2.1506
5.76981,4.07525,3.43035,2.72828,1.95995,2.27426,1.90159,1.77883,0.839384,-0.410641,-1.14346,-0.075859,-0.551559,-0.81233,1.50009,2.55806,4.03643,4.04682,3.14079,2.04056,-0.182291,-1.13771,-1.56567,-2.31238,-2.45498,-3.0793,-4.53369,-4.6025,-2.63417,-2.6641,-4.677,-3.95766,-3.74806,-3.49495,-1.88075,1.24441,2.53936,2.1879,1.81588,1.48634,1.18289,0.73737,0.391498,-0.0568402,-0.493575,-0.774094,-0.905832,-0.853983,-0.317155,0.606123,1.2651,1.47946,1.55739,1.8603,2.26317,2.48078,2.67011,2.91995,2.8936,2.68909,2.52424,2.39828,2.31841,2.21293,2.05867
2.72838,3.87773,3.70059,3.32108,2.74552,2.26411,2.46296,2.5473,2.22404,2.08508,1.40051,-0.573829,-2.54535,-1.89701,-0.598755,-0.19921,1.06687,1.11989,3.03939,2.84335,0.377523,0.180914,0.569486,1.19328,1.08051,0.0455628,-1.1907,-1.34073,-2.5392,-3.81437,-3.68138,-3.33259,-4.25943,-4.37391,-4.14116,-3.31201,-1.90785,-1.20847,-0.885347,-0.665035,-0.303364,-0.444964,-1.03276,-1.29426,-1.03484,-1.14869,-1.31246,-1.11151,-0.448596,0.509966,1.27502,1.65056,1.95073,2.24548,2.49121,2.59508,2.60038,2.59522,2.52688,2.49197,2.43659,2.27599,2.1481,2.0786,2.02292
0.994492,2.96159,3.38261,3.17876,3.43967,3.23781,2.61915,2.52868,3.41859,3.33154,2.8185,1.80873,0.0461952,-0.551984,-0.178938,-0.817342,-0.916702,-0.951221,0.0801839,1.46935,-0.313945,-0.690645,-0.787538,0.619677,0.657537,0.682911,1.33059,0.664231,-0.199156,-0.951856,-1.74391,-2.73753,-3.7854,-4.09384,-4.58452,-5.03718,-4.76597,-4.14471,-3.19489,-2.30319,-1.7172,-1.75415,-2.03309,-2.05602,-1.82382,-1.74736,-1.66768,-1.13234,-0.41544,0.393204,1.15344,1.74721,2.2607,2.5696,2.67618,2.63238,2.46143,2.24743,2.16889,2.21107,2.23787,2.1751,2.07684,2.04613,2.06378
2.95479,4.35305,4.54436,5.32597,5.24267,4.23736,4.35988,4.29984,3.99061,4.49563,4.28753,3.94744,2.08662,-0.141796,0.0747488,-0.629396,-1.44082,-0.527108,-1.67575,-0.92134,-0.937854,-1.50972,-1.81639,-0.641117,-1.5805,-0.219608,1.02444,0.893987,0.541873,0.409606,-0.918765,-1.93444,-2.30699,-2.8534,-3.3441,-3.60984,-3.53447,-3.58849,-3.29735,-2.65132,-2.2208,-2.2095,-2.24866,-2.32034,-2.40503,-2.33552,-2.11721,-1.36091,-0.379046,0.482442,1.07253,1.70603,2.29366,2.66262,2.73062,2.56963,2.27185,2.03012,1.99878,2.03298,2.08082,2.15759,2.15577,2.13632,2.16174
9.02868,6.68586,7.30161,6.11823,6.20489,6.43473,6.08151,5.95973,5.97516,5.567,5.80571,5.56135,3.86129,1.73712,1.06821,0.394167,-2.05976,-2.13116,-1.39623,-0.837358,-0.572924,-1.80391,-2.92403,-3.16393,-1.28442,0.0206535,0.539092,0.756064,1.31103,1.41717,-0.0765497,-0.47823,-0.825232,-1.35004,-1.69973,-2.24121,-2.35522,-2.3937,-2.61006,-2.63048,-2.58523,-2.6632,-2.60293,-2.51489,-2.57849,-2.60553,-2.38183,-1.65657,-0.547614,0.678274,1.202,1.60038,2.02105,2.34073,2.42801,2.27902,2.01396,1.87983,1.90345,1.9537,2.05961,2.20483,2.2709,2.26994,2.28653
11.5712,11.5153,9.91203,10.0163,8.46109,7.03155,7.76315,7.70191,7.26756,6.73617,6.17852,5.51388,5.04521,3.88208,3.74027,2.17069,-0.246557,-0.62337,-0.811506,-1.13772,-0.991009,-2.29758,-2.39446,-0.843704,0.683162,1.42257,1.38004,1.14401,0.952875,1.30938,1.28902,0.74902,0.634647,0.359596,0.0344084,-1.00322,-1.57616,-1.77538,-2.00693,-2.36462,-2.64364,-2.80312,-2.65715,-2.48993,-2.51999,-2.57975,-2.44146,-1.84618,-0.843409,0.614116,1.34407,1.6114,1.74418,1.8735,1.91228,1.82867,1.74778,1.78012,1.856,1.94759,2.08692,2.23046,2.32236,2.36302,2.38727
11.4412,10.1571,10.5385,9.13705,9.4053,9.46221,8.89579,8.61025,8.01432,6.68824,6.6834,6.8301,6.66634,5.80064,5.6511,3.56532,1.93874,0.535765,-1.72779,-2.46067,-2.46559,-2.88375,-2.89493,0.437655,1.35873,2.12391,1.9249,1.62337,1.37851,1.26863,1.96989,1.48712,1.65085,1.54226,1.02846,-0.0621693,-0.707695,-1.08082,-1.35153,-1.67982,-2.08584,-2.32997,-2.20135,-2.07338,-2.17358,-2.28196,-2.2929,-1.96672,-1.17056,0.0926254,1.14354,1.58954,1.64628,1.61024,1.57053,1.54215,1.62224,1.78383,1.90189,1.97869,2.06475,2.17208,2.28807,2.36521,2.38393
8.78424,8.02243,7.04462,6.24946,7.58311,6.65537,7.59116,7.81218,7.41296,6.78997,2.90572,3.64751,3.59849,2.96907,4.44321,3.22402,1.0157,-1.81661,-3.24529,-3.05187,-3.41813,-2.86718,-3.00788,-0.357952,1.92902,1.8173,1.54155,1.64747,2.004,2.52703,2.1046,2.15371,2.27482,2.04979,1.43398,0.786607,0.412161,0.0846637,-0.219251,-0.456389,-0.847901,-1.17917,-1.22046,-1.3291,-1.5627,-1.79132,-1.96894,-1.92708,-1.36655,-0.459504,0.461302,1.14694,1.48534,1.47502,1.45242,1.49336,1.62498,1.81664,1.97929,2.00205,1.96539,1.98229,2.05717,2.12242,2.1326
4.23226,3.25461,2.35399,0.522671,-0.116612,0.516549,2.41811,4.4881,6.2483,1.69954,-2.95064,-2.69687,-2.12803,-1.91308,0.627577,0.207349,-2.29548,-3.65316,-3.30076,-3.45678,-3.58692,-3.29112,-2.67315,-0.074518,2.35844,2.5502,2.22971,1.77639,1.74246,2.30795,2.51167,2.60088,2.65068,2.41812,1.96528,1.52694,1.35112,1.20685,0.996909,0.814965,0.534492,0.214152,-0.083847,-0.597898,-0.9764,-1.29537,-1.49858,-1.52768,-1.14626,-0.494078,0.0938559,0.546953,1.02229,1.2892,1.36947,1.45707,1.57839,1.71526,1.85439,1.84651,1.70706,1.61697,1.61768,1.65611,1.68082
1.41154,0.0667928,-1.31542,-2.56471,-2.39101,-2.84621,-1.85902,-0.0541063,0.460113,-2.10414,-2.88635,-2.61548,-2.72311,-3.16585,-2.63805,-3.09022,-3.3159,-2.96613,-3.02789,-3.07495,-2.29355,-1.95544,-1.22697,-1.22979,0.574669,1.43046,1.42703,1.49208,1.88847,2.4816,3.16704,2.9426,2.96082,2.75915,2.33991,1.90029,1.87769,1.86338,1.73421,1.62712,1.49536,1.27226,0.862371,0.0683295,-0.380881,-0.593266,-0.70232,-0.716107,-0.380972,0.0622997,0.279755,0.396651,0.619215,0.913835,1.07625,1.18274,1.34806,1.45443,1.50582,1.47051,1.34691,1.25809,1.23417,1.25606,1.28378
-1.16223,-1.94605,-2.59446,-3.03925,-2.78703,-2.67777,-3.08688,-2.9606,-2.76876,-2.68942,-2.30411,-2.31226,-2.59951,-3.06581,-3.12254,-2.97293,-3.06275,-2.76807,-2.67257,-2.21658,-2.11348,-1.52596,-0.529505,-1.36157,-1.56054,0.194853,1.50957,2.13918,2.26535,2.8737,3.99423,3.64093,3.43249,3.0927,2.3843,1.96672,2.04978,2.12156,1.97353,1.85373,1.77543,1.6318,1.31893,0.741062,0.384563,0.323845,0.339937,0.441204,0.528467,0.712996,0.676312,0.497958,0.442993,0.599959,0.860284,1.00024,1.14034,1.21848,1.19786,1.18974,1.20902,1.1987,1.17723,1.16733,1.15659
-2.67895,-2.98577,-3.25365,-3.40424,-2.37344,-2.57701,-2.66305,-2.32017,-2.34837,-2.52448,-2.68344,-2.87144,-3.37173,-3.29606,-3.10961,-3.32693,-3.11645,-3.04022,-2.46159,-2.41454,-2.24855,-1.72234,-1.17063,-1.71656,-1.62787,-1.15167,0.603406,1.01239,2.97004,2.02672,4.75629,4.20196,3.74484,3.11635,2.22923,2.05728,2.10663,2.08604,1.88347,1.71821,1.61166,1.51171,1.43698,1.36485,1.27122,1.26284,1.31372,1.40619,1.41359,1.36405,1.23204,0.986113,0.795961,0.800049,1.0006,1.16029,1.1529,1.11178,1.11304,1.22107,1.34892,1.38981,1.37206,1.32923,1.26402
-3.32885,-3.74265,-3.62223,-2.83441,-2.69636,-2.81125,-2.8343,-3.04261,-3.22738,-3.69238,-3.57691,-3.1065,-2.30792,-2.27323,-2.53118,-2.15638,-1.44773,-1.77717,-2.3761,-2.69782,-2.80762,-2.68898,-2.27379,-2.15589,-1.85298,-1.9775,-1.64546,-0.826694,3.25287,3.61064,4.95765,4.10208,3.54941,2.78526,2.33464,2.36731,2.22171,1.93523,1.59593,1.4273,1.38385,1.30464,1.31329,1.57782,1.82693,1.91711,1.94192,1.99154,1.98885,1.86624,1.70452,1.54507,1.41472,1.33149,1.31622,1.36129,1.28381,1.15057,1.20903,1.36327,1.4636,1.47909,1.44481,1.37935,1.2941
-2.54882,-3.59387,-3.27771,-2.92225,-2.1829,-2.05317,-1.93185,-1.97517,-1.6904,-1.45856,-1.8869,-1.93955,-1.14299,-0.740058,-0.780964,-0.1832,-0.3066,-1.36803,-2.37101,-2.86874,-2.79575,-2.6345,-2.55532,-2.00624,-1.80824,-2.07825,-2.14007,-1.90589,2.5716,3.72731,4.79621,4.00407,3.42618,2.73232,2.66392,2.68448,2.37672,1.84931,1.3089,0.948701,0.908343,1.00287,1.04747,1.32158,1.76345,2.05492,2.19604,2.2877,2.36571,2.34355,2.2549,2.15208,2.06292,1.95051,1.77116,1.58845,1.48484,1.35501,1.30927,1.35395,1.36203,1.33061,1.28696,1.23933,1.19727
-3.2178,-2.80471,-2.49781,-2.04666,-2.26123,-1.96763,-1.67381,-0.884946,-0.534327,0.123774,-0.172715,-0.419633,-0.72211,-0.524271,-0.770296,-0.527569,-0.937846,-1.62302,-2.12669,-2.67067,-2.73091,-2.8037,-2.51059,-2.24667,-1.81204,-1.33404,-1.02303,-1.7567,0.522701,4.10916,4.66184,3.959,3.4319,3.07779,2.94174,2.8619,2.60659,2.07027,1.40433,0.710857,0.551808,0.635319,0.664328,0.908854,1.34727,1.80826,2.18161,2.43741,2.61722,2.70721,2.71803,2.6955,2.61222,2.45821,2.23922,1.9804,1.80757,1.72016,1.507,1.32484,1.22902,1.17724,1.14334,1.11929,1.11092
-2.58966,-1.78441,-1.70297,-1.01748,0.0380377,-0.348763,-1.31376,-0.0919886,-0.136998,-0.691125,-1.5237,-1.37641,-0.916112,-1.11424,-0.995365,-1.38366,-1.83569,-2.1257,-2.37668,-2.4113,-2.35317,-2.25723,-2.07932,-1.84496,-1.4135,-0.636045,-0.50901,-1.20012,-0.941513,3.20451,4.39144,4.14119,3.64624,3.37883,3.27481,3.04269,2.82828,2.49198,1.85852,1.0386,0.509257,0.541911,0.635632,0.751627,1.08566,1.52314,2.00801,2.40608,2.6545,2.77961,2.83356,2.8972,2.89088,2.79097,2.63954,2.48702,2.31083,2.18077,1.96996,1.60882,1.31682,1.15608,1.06785,1.01167,0.999082
