uploads/wind/20200723/wind_field_09.json
{"header": {"parameterUnit": "m.s-1", "parameterNumber": 2, "dx": 0.051, "dy": 0.036, "parameterNumberName": "eastward_wind", "la1": 45.3082, "parameterCategory": 2,"nx": 177, "ny": 123, "refTime": "2018-09-30 00:00:00", "lo1":1.38177}, "data":
[rows 0 to 27 of 123, columns 64 to 127 of 177]
-2.0414,-2.04195,-2.04918,-2.07307,-2.10133,-2.11924,-2.1312,-2.14435,-2.17499,-2.23208,-2.29623,-2.35109,-2.39868,-2.42239,-2.4102,-2.36269,-2.28896,-2.1946,-2.09332,-2.00135,-1.90707,-1.79214,-1.664,-1.54244,-1.42919,-1.32842,-1.24255,-1.17876,-1.11571,-1.04482,-0.978915,-0.909844,-0.83703,-0.760053,-0.683497,-0.612364,-0.547384,-0.491437,-0.446978,-0.413302,-0.391804,-0.38284,-0.385097,-0.387632,-0.379353,-0.355433,-0.31985,-0.272101,-0.202482,-0.117195,-0.0222694,0.0789271,0.186535,0.287236,0.379539,0.442715,0.449806,0.401303,0.319363,0.234607,0.147984,0.0889837,0.0873839,0.158957
-2.0612,-2.05972,-2.05509,-2.05086,-2.04697,-2.04162,-2.03995,-2.05058,-2.08595,-2.1487,-2.22031,-2.27996,-2.33184,-2.36186,-2.35404,-2.31204,-2.24006,-2.15618,-2.07506,-1.99232,-1.89784,-1.79956,-1.70728,-1.61029,-1.49895,-1.39554,-1.302,-1.20407,-1.1077,-1.01046,-0.909082,-0.807739,-0.713615,-0.626714,-0.545686,-0.475836,-0.417638,-0.361937,-0.297489,-0.237414,-0.199267,-0.18071,-0.166812,-0.160018,-0.168257,-0.179492,-0.177805,-0.153117,-0.108118,-0.0470275,0.0235468,0.099508,0.184193,0.280416,0.392519,0.478259,0.494038,0.448684,0.379297,0.311682,0.244912,0.203186,0.195684,0.205951
-2.08365,-2.08204,-2.06706,-2.03647,-2.00678,-1.99055,-1.98697,-1.99563,-2.02989,-2.09151,-2.16309,-2.22541,-2.27449,-2.30254,-2.29199,-2.23773,-2.15822,-2.07626,-1.99428,-1.90993,-1.83463,-1.7737,-1.71148,-1.64651,-1.56888,-1.47909,-1.37608,-1.24761,-1.11436,-0.979472,-0.839097,-0.704842,-0.587286,-0.491527,-0.411948,-0.344425,-0.288624,-0.237532,-0.18796,-0.13911,-0.0909242,-0.0421005,0.0133655,0.0513788,0.0486371,0.00825752,-0.0325983,-0.0389794,-0.0183797,0.021938,0.0797818,0.148293,0.232421,0.332619,0.452295,0.549303,0.577835,0.543092,0.47729,0.409373,0.343173,0.306531,0.311936,0.336947
-2.13911,-2.13152,-2.08415,-2.01337,-1.95668,-1.942,-1.95321,-1.97496,-2.01121,-2.06338,-2.12948,-2.18887,-2.22605,-2.23725,-2.21034,-2.1402,-2.04857,-1.95261,-1.85701,-1.77641,-1.73099,-1.7208,-1.70709,-1.68604,-1.65532,-1.58586,-1.46391,-1.29153,-1.11767,-0.942168,-0.753307,-0.582212,-0.441483,-0.338956,-0.267922,-0.216696,-0.179445,-0.151529,-0.121137,-0.0860524,-0.0358493,0.0574083,0.190449,0.278279,0.27037,0.186959,0.0975821,0.071259,0.0835891,0.108955,0.149478,0.21091,0.299692,0.408762,0.535248,0.643276,0.68293,0.662363,0.606304,0.514681,0.406752,0.361864,0.408768,0.527642
-2.18594,-2.14265,-2.03544,-1.93945,-1.90557,-1.92411,-1.95586,-1.97894,-2.00083,-2.03441,-2.08553,-2.14212,-2.18353,-2.17988,-2.11722,-2.0327,-1.94866,-1.86179,-1.77088,-1.68516,-1.63676,-1.64491,-1.68121,-1.70307,-1.6777,-1.59345,-1.4537,-1.27804,-1.07655,-0.865226,-0.661722,-0.474631,-0.325492,-0.221591,-0.15595,-0.110645,-0.079376,-0.0630077,-0.040999,-0.0156309,0.0180665,0.133618,0.309324,0.397232,0.345453,0.246591,0.189903,0.192025,0.217452,0.233285,0.243567,0.291367,0.388497,0.500932,0.610712,0.709082,0.752956,0.755199,0.727348,0.614355,0.479115,0.449699,0.541231,0.712603
-2.09546,-2.06284,-1.97731,-1.90257,-1.88184,-1.91382,-1.96826,-2.01517,-2.04815,-2.07313,-2.08588,-2.08692,-2.08428,-2.0758,-2.04538,-1.98928,-1.91837,-1.83749,-1.74412,-1.63888,-1.54712,-1.51251,-1.53663,-1.57455,-1.56714,-1.48546,-1.34774,-1.171,-0.965933,-0.752358,-0.542368,-0.354198,-0.205507,-0.100162,-0.0377004,-0.00440681,0.0069204,0.00308656,0.00030749,0.0101751,0.0535818,0.128655,0.227779,0.31005,0.307247,0.276019,0.285013,0.304702,0.310661,0.323993,0.371992,0.457535,0.570904,0.681912,0.761465,0.81673,0.863528,0.896526,0.874677,0.778123,0.667482,0.624276,0.653807,0.787551
-2.01599,-1.984,-1.8945,-1.81506,-1.8004,-1.85953,-1.95452,-2.04382,-2.09802,-2.11543,-2.09171,-2.02381,-1.94405,-1.9015,-1.90607,-1.90648,-1.85529,-1.757,-1.64349,-1.53062,-1.4324,-1.38436,-1.39623,-1.4242,-1.41895,-1.34556,-1.20337,-1.02533,-0.821518,-0.601913,-0.393491,-0.219998,-0.0921326,-0.00656468,0.0446128,0.0672588,0.0729216,0.0812408,0.0937581,0.0967999,0.110823,0.156053,0.217756,0.271577,0.292573,0.299964,0.328888,0.378353,0.424212,0.461368,0.524679,0.620784,0.725269,0.808119,0.847134,0.849308,0.85981,0.912219,0.942905,0.899844,0.811226,0.750023,0.752947,0.862751
-1.94851,-1.92173,-1.85103,-1.77853,-1.74941,-1.78718,-1.88069,-2.0008,-2.09897,-2.13782,-2.11933,-2.04826,-1.92724,-1.80462,-1.74605,-1.73254,-1.69273,-1.61125,-1.49998,-1.39044,-1.30957,-1.26558,-1.2632,-1.27296,-1.25869,-1.19354,-1.07152,-0.910703,-0.717691,-0.499416,-0.282828,-0.109846,0.0029293,0.0655451,0.0992683,0.121501,0.138001,0.16862,0.205892,0.21903,0.210499,0.202276,0.203763,0.226671,0.269055,0.331901,0.41626,0.504655,0.574352,0.633964,0.711013,0.808626,0.899312,0.929997,0.89811,0.839202,0.811663,0.860777,0.929639,0.961618,0.933143,0.885216,0.879596,0.928235
-1.88493,-1.86896,-1.83733,-1.81802,-1.81523,-1.81595,-1.8412,-1.91098,-1.99741,-2.05847,-2.08543,-2.09129,-2.04591,-1.92107,-1.75355,-1.60599,-1.49816,-1.40802,-1.31817,-1.23468,-1.17033,-1.1398,-1.13002,-1.11773,-1.09228,-1.02565,-0.918885,-0.782433,-0.605106,-0.387587,-0.171309,0.00397778,0.121042,0.180794,0.206751,0.225928,0.256055,0.29817,0.335609,0.340374,0.294467,0.222494,0.172226,0.177734,0.239908,0.34745,0.478851,0.60451,0.71667,0.806546,0.889003,0.970468,1.00999,0.982377,0.897173,0.809784,0.77939,0.845154,0.94925,1.02685,1.074,1.07818,1.06714,1.0383
-1.84296,-1.86329,-1.8853,-1.93379,-1.97453,-1.97337,-1.95537,-1.94207,-1.93857,-1.94726,-1.96615,-1.99762,-2.03394,-2.01311,-1.88204,-1.67383,-1.46703,-1.31139,-1.20237,-1.11562,-1.04095,-0.989139,-0.962164,-0.941664,-0.903698,-0.837333,-0.737974,-0.607464,-0.448266,-0.254052,-0.0527776,0.126998,0.262831,0.340639,0.374237,0.388134,0.405227,0.430511,0.440205,0.408212,0.335756,0.245167,0.183749,0.191516,0.267207,0.388614,0.541648,0.703228,0.842622,0.947558,1.0155,1.05142,1.04407,0.981756,0.884466,0.814166,0.811152,0.900894,1.03538,1.12225,1.20324,1.29039,1.30789,1.21112
-1.8368,-1.94483,-2.02902,-2.11286,-2.16566,-2.16645,-2.13629,-2.08798,-2.01482,-1.93767,-1.89368,-1.87901,-1.87727,-1.87457,-1.83318,-1.7198,-1.55149,-1.37631,-1.22753,-1.09719,-0.977713,-0.878997,-0.803225,-0.748259,-0.691981,-0.615174,-0.516592,-0.384369,-0.219501,-0.0483502,0.118239,0.273641,0.403133,0.496548,0.54681,0.567438,0.577549,0.58042,0.556647,0.485598,0.385765,0.29736,0.258803,0.293207,0.385964,0.50596,0.641807,0.791376,0.920044,0.996761,1.0287,1.02918,0.998904,0.947355,0.890504,0.852515,0.88344,0.991318,1.15635,1.2937,1.37219,1.48419,1.56881,1.46555
-1.71348,-1.96914,-2.15695,-2.2648,-2.30639,-2.29914,-2.25879,-2.19654,-2.10488,-1.99419,-1.90419,-1.84201,-1.77794,-1.70747,-1.64809,-1.60043,-1.53178,-1.42142,-1.28787,-1.14825,-1.0104,-0.87077,-0.729666,-0.604914,-0.499956,-0.393881,-0.277012,-0.14407,0.0188813,0.193118,0.34539,0.460855,0.552542,0.630398,0.690217,0.735158,0.755339,0.749804,0.706558,0.608434,0.490928,0.413529,0.408274,0.470712,0.5773,0.703366,0.819601,0.90496,0.948354,0.957656,0.957147,0.954778,0.941601,0.913423,0.896027,0.890688,0.947537,1.06177,1.23368,1.44859,1.56229,1.63934,1.73975,1.6965
-1.4898,-1.8086,-2.07519,-2.25382,-2.33819,-2.34539,-2.29943,-2.23117,-2.1399,-2.015,-1.88351,-1.77561,-1.68889,-1.60985,-1.54458,-1.49869,-1.45136,-1.37582,-1.27328,-1.15419,-1.01772,-0.855639,-0.675265,-0.497679,-0.341182,-0.205055,-0.0777036,0.0475505,0.191676,0.367272,0.537488,0.661068,0.737299,0.787235,0.832693,0.883034,0.922449,0.923756,0.864462,0.754923,0.658104,0.62799,0.66244,0.746268,0.863194,0.978967,1.04194,1.01797,0.950723,0.904762,0.892159,0.899393,0.902068,0.89027,0.895009,0.912906,0.964347,1.08165,1.24207,1.506,1.70183,1.78102,1.90528,1.88242
-1.49119,-1.725,-1.91861,-2.07778,-2.1964,-2.25747,-2.24909,-2.19091,-2.10353,-1.98107,-1.83038,-1.68382,-1.57812,-1.52032,-1.49299,-1.46156,-1.3989,-1.30773,-1.20021,-1.0749,-0.924139,-0.746382,-0.555839,-0.37045,-0.204666,-0.0615906,0.0691389,0.193217,0.332597,0.492146,0.646851,0.779701,0.87749,0.945119,0.979077,0.997933,1.03674,1.07219,1.05479,0.986956,0.930233,0.941403,1.01827,1.11866,1.20721,1.25064,1.20549,1.08483,0.963543,0.89545,0.874583,0.866959,0.86006,0.85223,0.858843,0.902602,0.958555,1.08937,1.2424,1.48992,1.77834,1.96156,2.18378,2.19775
-1.59956,-1.75161,-1.8548,-1.9286,-1.99755,-2.07177,-2.10687,-2.077,-1.9999,-1.88672,-1.74144,-1.5966,-1.49619,-1.46285,-1.47327,-1.45803,-1.37265,-1.23712,-1.08603,-0.927781,-0.762227,-0.587025,-0.407089,-0.236027,-0.0813076,0.0585538,0.188692,0.316005,0.459973,0.623839,0.782268,0.911599,0.998484,1.05352,1.0917,1.12064,1.16222,1.2259,1.27774,1.29075,1.29202,1.33006,1.4054,1.47842,1.49245,1.4035,1.24528,1.09384,0.992099,0.921834,0.860017,0.811133,0.784397,0.780246,0.794842,0.867603,0.971018,1.14152,1.30153,1.48591,1.78837,2.19285,2.5248,2.5476
-1.65132,-1.72783,-1.77232,-1.80177,-1.83003,-1.87834,-1.92418,-1.91984,-1.85074,-1.73752,-1.61687,-1.51864,-1.46925,-1.47132,-1.47921,-1.44628,-1.34339,-1.17621,-0.972588,-0.764354,-0.586724,-0.436103,-0.286222,-0.133229,0.0151541,0.157262,0.295395,0.43428,0.596231,0.780181,0.959759,1.10675,1.19916,1.23907,1.24827,1.26775,1.32889,1.42684,1.52323,1.5836,1.61547,1.64116,1.65431,1.63745,1.55286,1.40385,1.2583,1.14224,1.0403,0.928378,0.805181,0.707624,0.669891,0.686335,0.737227,0.843893,1.0138,1.22907,1.43362,1.58792,1.82796,2.0597,2.24496,2.50451
-1.58921,-1.61592,-1.60797,-1.63021,-1.67604,-1.71683,-1.74574,-1.73838,-1.67567,-1.5738,-1.48106,-1.45131,-1.48029,-1.51136,-1.49731,-1.42304,-1.29069,-1.10173,-0.866039,-0.628145,-0.434094,-0.287492,-0.159838,-0.0266909,0.108543,0.239688,0.38686,0.562514,0.763407,0.975126,1.16284,1.30019,1.38676,1.43899,1.48391,1.53446,1.59425,1.6673,1.73881,1.78858,1.81157,1.80033,1.7324,1.59493,1.43103,1.30796,1.23897,1.18137,1.08739,0.938429,0.757185,0.614903,0.570612,0.616944,0.717537,0.858521,1.07107,1.32116,1.59716,1.77079,1.9037,2.20915,2.31302,2.21409
-1.53759,-1.50596,-1.4573,-1.44953,-1.49382,-1.54386,-1.55438,-1.52081,-1.45826,-1.40055,-1.37548,-1.40705,-1.46916,-1.49732,-1.46066,-1.35206,-1.17906,-0.958274,-0.715383,-0.474155,-0.261711,-0.0943426,0.034483,0.152813,0.276842,0.402476,0.554653,0.749925,0.966831,1.1729,1.33111,1.42443,1.4777,1.54163,1.65236,1.79223,1.90966,1.97518,1.99394,1.97994,1.93112,1.84053,1.69436,1.49133,1.28853,1.16047,1.12945,1.12495,1.06453,0.936973,0.768341,0.622688,0.565378,0.623488,0.753434,0.925945,1.14051,1.40563,1.73158,1.94099,2.05826,2.27671,2.48807,2.4114
-1.49911,-1.46201,-1.39546,-1.34029,-1.32846,-1.34158,-1.33012,-1.26593,-1.19241,-1.18849,-1.2609,-1.35263,-1.40235,-1.38803,-1.31686,-1.16983,-0.941056,-0.6864,-0.4538,-0.23984,-0.0439362,0.122973,0.269562,0.416769,0.563385,0.71137,0.869408,1.03938,1.21207,1.35353,1.43557,1.47265,1.52202,1.63686,1.80504,1.96796,2.07804,2.12811,2.13286,2.09246,1.99437,1.8255,1.60387,1.37669,1.18073,1.04773,1.00778,1.02128,1.00873,0.939972,0.832131,0.725196,0.677315,0.736385,0.856749,1.03627,1.23983,1.49312,1.83059,2.09751,2.23149,2.38693,2.55749,2.60472
-1.47635,-1.43311,-1.3726,-1.30548,-1.24315,-1.17894,-1.10071,-0.999625,-0.924191,-0.96785,-1.11124,-1.23563,-1.26434,-1.19331,-1.04505,-0.83338,-0.562719,-0.281458,-0.0505768,0.117797,0.234874,0.327099,0.450753,0.639976,0.863726,1.07296,1.24632,1.37663,1.46048,1.49746,1.49685,1.50748,1.58799,1.74541,1.92128,2.04807,2.0946,2.07783,2.03025,1.95428,1.83447,1.67563,1.50994,1.35867,1.21469,1.09198,1.03154,1.03464,1.04173,1.0051,0.935971,0.874054,0.86159,0.922205,1.03114,1.1825,1.38716,1.62542,1.91498,2.25406,2.44783,2.50364,2.6558,2.74509
-1.43536,-1.3925,-1.3505,-1.30048,-1.21734,-1.08855,-0.92676,-0.774135,-0.712696,-0.793082,-0.935841,-1.03542,-1.03019,-0.888533,-0.648922,-0.368079,-0.0669132,0.224991,0.453654,0.565174,0.556311,0.513018,0.570535,0.780627,1.07486,1.35404,1.55074,1.64181,1.63662,1.57035,1.51078,1.53093,1.63811,1.77935,1.89651,1.9582,1.96283,1.9286,1.87021,1.78721,1.68347,1.56558,1.45304,1.36762,1.30432,1.25255,1.22165,1.21798,1.21605,1.17839,1.10872,1.05648,1.06692,1.13043,1.23709,1.34358,1.52676,1.78223,2.03438,2.40448,2.70709,2.72057,2.72338,2.82585
-1.33365,-1.3094,-1.29761,-1.27102,-1.18527,-1.01268,-0.800208,-0.625349,-0.551425,-0.61394,-0.743666,-0.799413,-0.700571,-0.452313,-0.120986,0.218123,0.525873,0.762676,0.899938,0.904203,0.784597,0.677937,0.727361,0.950344,1.25979,1.52441,1.66255,1.68532,1.63077,1.53973,1.47778,1.49145,1.57398,1.68257,1.77766,1.83597,1.84632,1.82132,1.77375,1.70863,1.63626,1.56447,1.49852,1.45224,1.43586,1.44773,1.46927,1.47576,1.45504,1.40192,1.32891,1.27865,1.29645,1.35752,1.43549,1.50625,1.62433,1.87669,2.17167,2.51587,2.91027,3.02215,2.86793,2.82497
-1.23372,-1.2104,-1.18091,-1.13494,-1.0399,-0.872055,-0.654908,-0.473929,-0.396112,-0.41779,-0.488909,-0.50927,-0.357991,-0.0116799,0.426586,0.832427,1.10566,1.2081,1.15418,0.999047,0.871229,0.882773,1.0266,1.2482,1.45994,1.55007,1.52192,1.47013,1.43394,1.41025,1.407,1.4335,1.49381,1.57724,1.67103,1.76384,1.82922,1.84066,1.79413,1.71693,1.65002,1.6124,1.58922,1.57515,1.58463,1.62307,1.66641,1.675,1.64312,1.5885,1.53707,1.51547,1.54206,1.60773,1.63729,1.66623,1.72669,1.93525,2.29791,2.6008,2.95275,3.22429,3.12398,2.91271
-1.13894,-1.07084,-0.976878,-0.863637,-0.727909,-0.572288,-0.403222,-0.253988,-0.179741,-0.208214,-0.264884,-0.221077,-0.00623436,0.368327,0.840978,1.26454,1.47593,1.44922,1.27511,1.11131,1.08144,1.19649,1.38151,1.50318,1.45078,1.28482,1.18574,1.21538,1.28698,1.32687,1.33821,1.34744,1.38305,1.46554,1.58662,1.72545,1.85275,1.92417,1.91083,1.82182,1.71286,1.64641,1.63166,1.64143,1.66975,1.71798,1.76235,1.77643,1.76313,1.74243,1.7207,1.71405,1.74753,1.81974,1.8517,1.84478,1.87897,2.03525,2.39792,2.75682,3.00028,3.23306,3.26408,3.05064
-1.0032,-0.866843,-0.707387,-0.546063,-0.371729,-0.180196,-0.0136759,0.0696827,0.0610116,-0.019407,-0.0974099,-0.0128277,0.279812,0.687701,1.10334,1.41665,1.54488,1.53073,1.47408,1.43272,1.45012,1.50803,1.47899,1.2777,1.02758,0.916817,0.985238,1.12758,1.22956,1.26066,1.2647,1.28652,1.34184,1.4388,1.57471,1.73007,1.87138,1.96441,1.99391,1.94302,1.81158,1.68256,1.64483,1.68255,1.74239,1.80053,1.84102,1.8529,1.84463,1.8439,1.86085,1.88526,1.91717,1.96794,2.02025,2.02689,2.06796,2.22423,2.53745,2.89736,3.08551,3.18439,3.21514,3.07799
-0.765721,-0.592651,-0.434055,-0.278463,-0.0962043,0.121642,0.332039,0.41459,0.309988,0.123017,0.0613984,0.229041,0.557725,0.906123,1.19486,1.41253,1.55286,1.63609,1.67903,1.68655,1.64618,1.4489,1.08696,0.809966,0.7851,0.92209,1.06221,1.13275,1.15963,1.19926,1.27938,1.39057,1.51663,1.64265,1.76219,1.8735,1.97497,2.03649,2.03134,1.97817,1.88415,1.77577,1.73734,1.78475,1.85428,1.91136,1.94807,1.96174,1.95504,1.95787,1.99011,2.03439,2.07665,2.1102,2.1437,2.16502,2.23434,2.43184,2.73155,3.02987,3.14148,3.13516,3.12267,2.98357
-0.49561,-0.347347,-0.223573,-0.0855583,0.100006,0.332826,0.552376,0.64948,0.500962,0.229471,0.179078,0.434034,0.806764,1.11815,1.3266,1.48702,1.62109,1.7068,1.70989,1.61734,1.39218,1.06746,0.840315,0.83108,0.962124,1.10615,1.19171,1.21693,1.2377,1.32026,1.48066,1.67723,1.84999,1.96101,2.01969,2.07156,2.12969,2.15692,2.11978,2.02796,1.92578,1.85629,1.85528,1.92549,2.01597,2.07588,2.10169,2.11511,2.12332,2.12933,2.14078,2.15778,2.17989,2.21124,2.24532,2.28032,2.36956,2.60621,2.91648,3.13,3.14922,3.06509,2.98585,2.82629
-0.333704,-0.287431,-0.177987,0.00948178,0.261568,0.522157,0.723788,0.806499,0.680178,0.417672,0.323173,0.534966,0.897632,1.22316,1.45739,1.61915,1.70841,1.69344,1.53646,1.27326,1.03075,0.933821,0.969297,1.05469,1.18693,1.3682,1.50639,1.52975,1.52313,1.61287,1.79337,1.9775,2.10447,2.15395,2.16338,2.17885,2.19939,2.20554,2.17669,2.10188,2.00907,1.9514,1.96743,2.04847,2.1538,2.24524,2.29384,2.30804,2.30246,2.28602,2.26758,2.24519,2.22613,2.24539,2.30226,2.37108,2.47992,2.72405,3.03418,3.19957,3.14591,2.98544,2.84759,2.63153
