uploads/wind/20200723/wind_field_14.json
{"header": {"parameterUnit": "m.s-1", "parameterNumber": 3, "dx":  0.051, "dy": 0.036, "parameterNumberName": "northward_wind", "la1": 45.3082, "parameterCategory": 2,"nx": 177, "ny": 123, "refTime": "2018-10-03 01:00:00", "lo1":1.38177}, "data":
[rows 87 to 115 of 123, columns 0 to 65 of 177]
-0.994234,-0.742955,-0.618413,-0.332675,-0.577809,-0.816497,0.155424,0.849975,0.280763,-0.388543,-0.594521,-1.10256,-1.96438,-1.31666,-0.14817,0.0183812,-0.248248,-0.414734,-1.30274,-3.34078,-3.67207,-1.64299,0.321996,1.31373,1.94164,2.92659,3.63953,3.8778,4.1065,3.9626,3.73791,2.79834,2.13819,1.95624,2.10298,2.73576,3.22212,3.86226,3.19904,2.40958,1.40542,2.02665,4.225,4.58285,3.19742,-0.0529421,-1.55369,-1.57793,-0.591664,-0.131689,-0.31785,-1.47273,-2.2226,-2.41578,-3.16259,-3.47019,-4.24235,-4.71864,-4.58805,-4.91332,-5.0727,-4.6424,-3.90017,-0.936914,-0.170668,0.249317
0.133497,0.150935,0.0344816,-0.00790108,-0.352973,-0.830384,-0.0889817,-0.423104,-1.5851,-0.781909,0.89068,0.791308,0.587145,1.29014,0.956555,-0.366084,-0.904496,0.0404228,0.364793,0.380593,0.197933,-0.0401037,0.641209,1.36771,2.09979,2.40954,2.51357,3.26711,3.26828,2.96067,3.54381,3.4838,2.77281,2.25856,2.66868,3.49758,3.76596,3.53864,2.86186,2.06751,1.5833,1.26666,3.31469,4.42831,3.05992,0.328163,0.160577,1.40886,0.54522,-0.198145,-1.14611,-1.70788,-1.65577,-1.96343,-2.69438,-3.11509,-3.96841,-4.74131,-4.13064,-3.86908,-4.22981,-4.69086,-4.91163,-4.39174,-2.63222,-0.738691
1.55316,1.2258,0.858014,0.409134,0.0791661,-0.0424893,-0.935574,-2.62696,-3.20756,-1.95424,-0.999553,-0.863714,-1.57162,-2.93321,-1.98959,-1.15676,-1.30751,-1.97652,-1.12974,0.684576,1.96905,2.27352,1.65246,0.951133,0.836628,0.797867,1.37605,1.77496,2.25489,3.05025,3.67924,4.12105,3.3457,3.0747,3.30779,3.3719,2.85182,2.37193,2.46254,2.319,2.31832,1.53344,1.31846,2.15344,1.45391,0.204278,0.513503,2.86099,0.875655,0.132121,-0.165422,-0.445781,-0.749772,-0.948305,-1.55477,-1.96881,-2.98255,-3.79926,-3.27114,-3.33528,-4.04719,-3.93737,-4.70364,-5.52585,-4.94568,-3.75755
1.97389,1.57012,1.28646,0.748239,0.310132,0.0125843,-1.06528,-0.580427,0.344196,0.314209,-1.05883,-2.37323,-1.07816,-0.158492,0.0301325,0.495032,1.18308,0.768367,-0.0760887,-0.269573,-0.389382,-0.159545,1.29781,1.97929,1.62156,1.118,0.450949,-0.307822,-0.326825,0.644217,2.64326,3.93474,3.8767,3.85101,3.13856,2.48615,2.06109,1.89555,2.34338,3.11217,3.37217,3.1827,1.93135,1.35706,1.55075,2.04757,1.72544,2.13452,0.809443,1.03297,1.14721,0.856935,0.597259,0.187873,-0.443641,-1.10811,-1.92614,-2.8329,-3.54988,-3.76779,-4.21166,-4.76963,-5.03704,-4.26701,-4.24037,-4.88658
1.98653,1.61207,1.48085,1.04692,0.632434,0.245868,0.0114791,-0.254108,-0.171753,-0.982766,-2.10219,-2.04332,-1.15155,-0.480705,-1.6996,-2.38407,-1.94238,-0.748951,0.835503,1.73114,2.271,1.87494,0.911042,0.671209,0.450185,0.324621,0.715332,0.623248,0.251335,0.822917,2.34099,4.39598,5.00302,4.78628,3.60873,2.37851,1.83626,1.6688,1.84819,2.02889,2.59562,3.50721,3.0717,1.75045,2.2267,3.29474,3.48276,2.70559,1.67992,2.08397,1.4273,1.15479,0.933467,0.801842,-0.0877202,-1.76457,-2.87174,-3.6682,-4.02593,-4.7166,-4.71465,-4.01039,-3.72136,-2.96264,-5.65567,-6.35459
1.94614,1.68783,1.55057,1.28392,1.19546,1.04851,0.894227,0.646024,0.242457,0.434262,1.39345,1.27448,-0.0460505,-1.00237,-1.35666,-0.826872,-0.304957,-0.56277,-1.25667,-1.79571,-1.24501,0.867034,1.42331,0.790897,0.370868,0.554142,0.578375,1.19194,1.71705,1.50319,1.19985,1.63462,3.46957,4.45518,4.01681,3.29383,2.3816,1.68895,1.65644,1.99824,1.88552,3.09527,2.69637,1.82869,1.87099,2.52525,2.87814,2.854,3.07182,3.1993,1.84004,0.507893,-0.270808,-0.822536,-0.991586,-1.69734,-3.2312,-3.99492,-4.30844,-4.40415,-4.09271,-3.11367,-2.06698,-3.4624,-6.48962,-6.88478
1.78335,1.63086,1.52579,1.35544,1.05658,0.77072,0.536016,0.110005,-0.151223,-0.387681,-0.288729,-0.0621982,-0.206119,-0.192178,0.661072,1.25553,1.71319,1.65325,1.52503,0.923305,0.102861,0.459162,1.14477,1.26609,1.30545,1.32745,1.29045,1.26148,1.40929,1.51844,1.06397,0.459308,1.4861,2.08488,2.90604,3.07756,3.04198,2.89044,2.23642,2.5402,2.21195,1.79752,1.51281,0.978742,0.936151,1.36783,1.90793,2.97828,4.28794,4.51045,2.68231,0.55505,-0.507186,-0.999826,-1.49064,-1.67533,-2.51306,-3.06334,-3.20495,-3.17517,-2.63259,-1.97028,-1.96786,-4.81764,-6.47441,-5.82999
1.59031,1.43812,1.31611,1.17579,0.994309,0.658042,0.0860843,-0.0126282,-0.132781,-0.737035,-1.79262,-2.43326,-2.27227,-1.51548,-0.887951,-0.887696,-1.49385,-1.67151,-0.501146,0.0156637,-0.622074,-1.6197,-0.593892,1.54079,2.47173,2.82124,2.33535,1.65815,0.553686,-0.268831,-0.265826,0.584091,1.43004,2.55271,2.70594,2.62227,2.74899,3.00912,2.79484,2.36078,1.78887,1.92745,2.06985,2.1494,2.22268,1.79468,2.12002,3.07898,4.23757,4.87902,4.09208,1.19871,-0.173643,-0.830573,-2.27232,-2.56673,-2.29665,-1.90377,-1.67031,-2.29466,-2.75896,-2.85663,-2.87453,-5.44333,-6.24061,-6.52306
1.44961,1.16406,0.987114,0.969391,1.02919,0.966037,1.34792,1.57729,1.08512,0.851436,1.20766,1.57279,1.53752,0.828771,0.296805,-0.0430214,-0.0557423,-0.317711,-0.826862,-1.78542,-1.22143,-0.106031,0.305935,-0.373778,-1.39754,-1.84788,-0.0394308,0.901256,0.530091,0.429983,0.683881,0.85115,1.16387,1.69228,1.84522,1.66998,1.37899,1.60737,2.05626,2.41018,2.74664,2.66664,3.63148,4.10447,4.33238,4.1031,3.76736,3.39351,2.50008,3.452,4.35799,0.402945,-0.763515,-0.967645,-1.86234,-2.32954,-2.11891,-1.63768,-1.47134,-2.77247,-3.56302,-3.49361,-3.00309,-5.45904,-7.26558,-7.63943
1.43202,1.2244,1.02949,0.960398,0.69679,0.582777,0.889063,0.465113,-0.493003,-0.817336,-1.16041,-0.596963,-0.298728,0.428847,1.00117,0.851343,0.293932,0.556568,1.27939,1.80414,1.08039,-0.179995,-0.730718,-0.350773,-0.174209,-0.294397,-0.850218,-1.04713,-0.579455,-0.285512,0.367924,0.93569,0.320316,-0.166333,0.374227,1.48665,1.53761,1.42838,1.42725,1.86706,1.69339,1.85352,2.94072,3.63644,4.13519,4.1768,4.03326,2.47014,1.78114,2.66645,4.07096,1.77379,1.12291,0.553298,-0.187927,-1.32215,-1.95761,-1.80673,-1.38478,-2.4061,-2.84876,-2.79,-2.81672,-5.57522,-6.56424,-7.26967
1.48249,1.18748,1.07887,1.17493,1.37412,1.30053,0.595886,0.226458,1.15958,1.43971,0.298315,-0.0834141,1.23117,1.64764,0.529809,-0.240933,-0.135925,-0.0969156,-0.230735,-0.00252879,-0.54288,-1.48392,-1.38334,-0.129362,1.70701,2.3794,1.26668,0.405694,0.0113897,-0.353779,-0.768563,-0.729722,-0.0619918,0.758427,1.34159,1.71314,2.41274,2.08495,1.38486,0.760643,0.429531,0.497391,0.80159,1.06907,1.32275,2.00791,2.23556,2.45609,2.78969,2.96856,3.64519,2.86853,2.286,0.665766,-0.210253,-1.1529,-2.75059,-2.651,-1.78569,-1.9767,-2.48386,-2.58467,-2.6707,-5.11598,-6.03589,-6.58802
1.6584,1.46781,1.35094,1.25575,1.65497,1.67474,1.19694,0.957406,1.37955,1.46692,1.84506,1.92445,0.96889,0.650883,1.71395,2.28622,1.93129,1.06458,0.0894339,-0.800642,-0.598139,0.374605,0.312511,-1.31474,-1.94955,-1.547,-1.24669,-0.921814,0.279784,1.90111,3.01163,2.32926,1.96099,2.89427,3.54092,2.84053,1.61202,1.22263,0.534355,-0.247364,-0.340542,0.0634534,0.258189,0.21062,0.45274,1.15381,2.08259,2.66327,2.52644,2.23101,2.51853,1.38541,-0.217303,-1.53355,-1.7426,-1.38264,-2.69327,-3.60832,-2.48551,-1.98389,-2.80821,-3.27456,-2.67866,-5.21729,-5.82357,-5.06077
2.42222,1.67339,1.62725,1.62972,1.58612,1.47069,1.78706,2.40005,1.15497,-0.518761,-0.680954,-0.11368,-0.0886857,-0.847818,-1.77776,-2.24256,-3.03683,-3.76879,-2.78899,-1.45348,-0.868737,-0.183234,0.0843601,0.00416714,-0.560389,-0.783985,-0.813261,-0.718567,-0.607804,-0.0334419,1.113,1.85347,2.74606,2.9953,3.30495,2.53552,2.20854,1.45523,0.854224,0.444672,0.656349,0.762217,0.970272,1.10018,1.36495,1.55632,1.48778,1.73481,1.3822,0.979806,0.967351,-0.519481,-1.70179,-1.83606,-2.39505,-1.76713,-2.4786,-3.12989,-3.05314,-2.91427,-3.63666,-3.59044,-3.20071,-4.73962,-5.99948,-6.02302
2.69124,2.01933,1.89906,1.52415,1.53179,2.09787,1.8528,0.927291,0.940764,1.73504,1.60635,0.716864,0.873922,0.49485,-0.261352,-0.277033,-0.227135,-0.0651593,-0.169937,-0.724002,-1.05589,-1.71819,-0.543634,1.63335,2.73082,2.21956,1.57948,1.36769,1.26235,0.953794,0.774791,1.22818,1.74726,1.65039,1.68619,2.22511,2.96388,3.16248,2.34225,2.12867,1.99419,2.28772,2.49331,2.84416,2.98427,2.45259,1.96277,1.34736,0.998511,0.976681,0.523991,-0.282223,0.248348,0.745106,-0.204747,-1.27773,-2.38704,-2.06456,-2.66858,-3.17497,-3.4603,-2.18594,-4.13934,-4.96064,-5.71376,-5.63038
2.24341,2.21821,2.07935,1.54119,1.13096,0.634206,0.162254,0.446868,0.202492,-0.0774521,0.559651,0.337141,-0.693652,0.141724,1.37441,1.00898,0.489954,0.625423,0.525771,-0.530312,-0.0683216,0.273195,-1.07387,-0.97894,1.77767,2.92945,1.76465,1.00572,0.855931,1.03678,1.425,1.60116,1.09455,0.559966,0.605247,1.25421,2.83143,3.52443,3.25401,2.96253,2.85991,2.75414,3.13479,3.34968,3.1828,2.56737,1.87794,1.25673,0.84132,0.714389,0.790469,1.41688,2.09979,2.08956,1.60675,-0.599665,-0.982255,-1.25763,-2.97129,-3.62418,-3.14905,-2.40225,-4.38967,-4.57536,-5.41995,-5.92946
1.9674,2.02138,1.88981,1.3876,0.99922,0.853441,0.920888,0.509043,0.236473,0.522452,0.0889244,-1.1678,-1.03364,-0.137285,0.201992,0.134938,0.525955,0.503378,-0.128168,-0.543156,-0.188853,0.493918,-1.0809,-2.41476,-0.971861,1.02967,2.05418,2.16858,1.94793,1.67574,1.55298,1.09726,0.571196,0.447675,0.822276,0.978393,1.55125,3.17135,3.54102,3.05312,2.81753,2.77554,2.94776,3.05017,2.66666,2.2308,1.85759,1.2837,0.976558,0.784696,1.02396,1.7689,1.89494,1.23672,1.08128,0.652928,0.714286,-0.346873,-2.14374,-2.41894,-2.56023,-3.08521,-4.21143,-3.38701,-3.77819,-4.52181
1.03124,1.10929,1.14053,1.01184,0.922175,0.61776,0.801061,0.768954,0.85009,0.381343,0.340416,1.03775,1.84061,1.08352,-0.0177029,0.343998,0.395098,2.01078,3.01637,2.42672,1.18646,0.0487727,0.189498,-0.44685,-0.390989,0.180998,0.330702,0.287025,0.51375,0.831956,0.979588,0.388616,-0.0511946,0.0385279,0.46713,1.08828,1.65054,1.83537,2.04594,2.04214,2.6956,2.86776,2.95624,2.53688,2.0526,1.55162,1.00859,0.633197,0.792796,1.19343,1.31799,1.43473,0.956536,0.807677,1.53737,2.27173,1.81345,1.29042,-0.039902,-1.55814,-2.22992,-2.74295,-2.81418,-1.86712,-2.39536,-3.94985
0.238652,0.335619,0.463723,0.761029,0.745798,0.426933,0.00374381,-0.380035,-0.8748,-0.466665,0.0576293,0.615392,0.951454,2.14765,1.28446,0.328122,-0.6294,0.226548,0.719111,1.42675,2.24544,3.29509,1.20231,-1.27934,-1.72257,-1.43391,-1.85884,-2.15846,-0.862783,0.27469,0.31646,0.194304,0.372993,0.429759,0.359927,0.543564,0.553041,0.604338,0.975382,1.62317,2.44921,2.94724,2.69854,1.9272,1.19696,0.585113,0.160416,0.501589,1.18667,1.56984,1.26591,0.592554,0.104756,0.0419362,1.96755,2.61966,2.71467,3.02139,1.12166,-1.62893,-2.25873,-2.05829,-2.29697,-1.32718,-1.18187,-2.90775
0.304329,0.367454,0.46778,0.731936,0.969287,1.17529,0.90823,-0.0447222,0.127869,0.890736,-0.487382,-1.26052,-0.726995,1.49228,2.23767,0.742548,1.46995,1.17398,0.094739,0.415673,1.76883,2.04795,0.19302,0.362233,1.13708,-0.123109,-0.992884,-1.01547,-0.670959,-1.04613,-0.779295,-0.0537795,0.495239,0.888116,1.30073,0.914007,0.83069,1.39433,1.80593,2.55528,3.02583,3.01509,1.69788,0.957062,-0.0936328,-0.83457,0.130478,1.17715,1.82544,2.1717,1.9539,0.921801,0.115358,-0.00918948,1.67246,2.72517,3.1731,2.48082,-0.345966,-2.49069,-2.37466,-2.3579,-2.119,-1.34471,-0.697044,-2.73746
1.23541,1.15078,1.12131,1.14271,0.839269,0.29393,0.237878,1.17678,0.789013,-0.612584,0.0831348,1.2493,1.29977,1.26891,1.84887,-0.0070998,0.901612,1.22952,1.25376,0.749681,0.658418,1.52407,0.781201,0.29898,1.00016,2.35407,2.16444,1.22113,-0.696919,-1.94977,-1.80547,-1.17572,-0.227186,0.674756,0.993162,0.855093,1.45494,1.9223,2.73173,3.06692,3.06192,2.08562,0.757359,0.0571064,-0.310264,0.50216,1.29289,1.8334,2.19909,1.95926,1.63502,1.10175,0.575166,1.33565,2.2136,1.96121,0.776435,-0.761701,-2.52726,-3.16835,-2.80096,-2.45932,-1.57688,-0.608882,-0.326865,-1.9232
2.24051,2.1848,1.89487,1.35332,0.909476,0.081705,-0.779435,-1.48475,-1.25432,-0.115904,0.907438,0.4633,0.65974,0.94717,1.25921,1.62605,1.38857,1.49925,1.5583,-0.128052,-0.353411,-0.103042,-0.772473,-0.805573,-1.03283,0.206716,1.12367,0.24916,-1.11782,-1.43039,-2.05043,-1.9507,-0.891067,0.240323,1.62325,2.32502,2.39854,2.52324,2.53728,3.03717,2.54877,1.31277,0.501372,0.352799,0.993448,1.91625,2.01982,1.24816,1.54677,1.42386,1.09114,0.968862,1.4783,2.04924,2.3602,1.03698,-0.455602,-1.46942,-2.13354,-2.63884,-2.77086,-2.67847,-2.20406,-0.877007,-0.735314,-1.63546
2.3593,2.23731,1.91034,1.59406,1.4564,1.35386,0.622907,0.384054,-0.25793,0.00499331,-0.686606,-0.551569,0.793961,1.23042,0.34437,0.822569,1.04475,1.42648,1.62429,1.44055,-0.145142,-0.789055,0.12944,0.703253,1.01584,0.230255,0.743752,1.00642,0.352822,-0.028784,-0.585251,-2.0799,-1.273,-0.686137,0.19156,1.02969,2.22314,2.23448,2.63135,2.74133,1.75026,0.765801,0.514362,1.05561,1.693,1.5831,1.76855,1.55471,1.52876,1.24152,1.36958,1.9715,1.84596,1.96664,1.51316,0.555088,0.484995,0.0680318,-0.872406,-1.7292,-2.4169,-2.76895,-2.69323,-1.82166,-1.5254,-0.967403
1.70418,1.73201,1.80557,1.41371,0.962477,0.91994,1.65144,1.72154,0.53599,0.26278,0.385309,1.06297,1.06425,0.601371,0.176063,0.272189,0.856526,1.41614,1.62873,0.557844,-0.213884,-0.409818,-0.411046,0.229968,0.857797,0.895426,0.900843,1.28512,1.03244,0.637912,0.262834,-0.233497,-0.898704,-0.470967,-1.7354,-2.0821,0.422404,1.51537,2.57668,2.26855,1.47703,1.31778,1.2316,1.92558,2.11425,1.74774,0.461829,0.364796,1.17078,1.00176,0.97635,1.07595,1.00341,0.96073,-0.112257,0.171784,0.547192,0.263378,-1.44603,-2.07003,-2.17656,-2.50908,-2.95516,-2.68121,-1.29594,-0.195083
1.31935,1.04645,0.979964,1.38612,0.808117,1.20623,1.43956,0.313033,1.18001,1.19916,0.123976,0.838393,1.087,1.42877,0.490558,-0.38798,-1.0379,-0.0330572,0.74623,-0.0781054,-0.209413,-0.176836,-0.434031,0.318763,1.01385,1.51828,1.68161,2.28301,2.90169,3.00657,2.34502,1.66785,-0.0226757,-0.485438,-1.50118,-2.00135,-0.329423,1.05082,1.9894,1.33951,1.35679,1.50357,1.99352,1.83622,1.41868,1.1582,-0.703821,-1.1127,0.202394,0.766846,0.427997,-0.0585668,-0.885934,-1.52036,-2.06826,-1.60711,0.643271,0.0672856,-1.27464,-1.47622,-1.98441,-1.81056,-2.09583,-2.39413,-1.06232,0.0847916
0.916538,0.799992,0.936674,1.14987,1.3577,1.24341,0.343953,1.25767,2.0851,1.80848,1.26867,1.7978,1.71915,2.18733,1.22894,-0.391197,-0.834656,-0.00629634,0.589161,0.75025,-0.233129,0.064155,0.385201,0.291387,0.902532,2.0539,2.50123,2.66176,2.94228,3.02632,2.71816,2.29952,1.49553,0.136653,-0.549622,-1.12217,-1.05143,0.472091,1.29924,0.688279,1.0632,1.7836,0.929741,1.20384,1.6246,0.833221,-0.33671,-0.975359,-0.206484,0.360948,-0.640119,-1.67864,-2.34977,-2.53735,-1.68127,-1.56558,0.367,0.728734,0.275648,-0.176879,-1.1552,-0.323212,-0.590642,-2.03928,-1.30496,-0.0807082
2.06187,1.33655,1.1059,1.13369,1.39833,1.05389,0.377573,1.38678,1.73752,1.34278,1.47731,2.28985,2.12345,1.9921,1.1355,0.710591,-0.275823,-0.222547,-0.0539517,0.26257,0.674398,0.270935,-0.0465401,0.637157,1.23693,2.09397,2.95168,2.97081,2.86949,2.71072,2.64874,2.0786,1.35123,0.850224,0.314404,1.42426,1.41196,0.732636,-0.17185,0.00144398,0.027082,0.205757,-0.262728,1.16888,1.96754,0.767664,-0.530574,0.116025,0.565355,-0.183977,-0.424583,-0.823617,-0.927318,-0.52568,-0.0319972,-0.686008,-0.771767,-0.355421,0.0755342,0.0792678,-0.234551,0.66501,0.660041,0.265303,-0.406593,-0.257129
2.13205,1.6279,1.40486,1.21433,1.03572,1.01131,1.52128,1.36408,0.846618,-0.230584,-0.774515,0.621677,1.24387,1.86858,1.62553,1.35024,1.06118,0.579211,0.533029,1.00951,0.788086,1.12642,1.15263,0.820811,1.15291,2.04538,2.35073,2.70985,2.89879,2.60036,1.88245,1.22595,0.689512,1.20679,1.3994,2.47166,1.88078,0.634641,-0.858453,-1.96929,-1.21692,-0.80366,-0.0521203,1.17311,1.4251,1.22613,-0.444037,0.248342,0.56497,0.632399,0.789477,1.00438,1.17784,1.02421,0.345565,-0.0665507,-0.375889,-0.40475,-0.483519,-0.230659,0.342982,0.953304,0.971487,0.82551,0.335905,-0.487859
2.25244,1.63703,1.35061,1.05487,0.96133,0.939344,0.905863,1.43751,1.31006,-0.203024,-0.775639,0.35623,1.22523,1.02913,2.54718,2.59753,1.5036,0.571125,0.684852,0.853149,1.27871,1.36227,1.42171,1.44192,1.87137,2.2935,2.38803,2.37074,1.78869,1.37631,1.75972,1.92694,1.89262,1.97637,1.72965,1.76779,1.6625,0.792233,-0.538203,-1.81635,-1.66186,-0.709732,-1.05567,-0.320617,0.0676721,0.554197,0.0275358,0.160122,0.197312,0.386622,0.709907,0.875568,1.18042,1.05133,0.36969,-0.04716,-0.0728329,0.116662,0.0346414,-0.0681841,0.403044,0.612513,0.194433,0.169239,0.0262573,-0.194431
1.36997,1.02361,0.875171,0.867785,0.874546,1.47027,1.65395,1.83513,2.13367,1.38588,0.204631,0.330761,0.399492,1.94191,1.23129,1.96721,1.01532,0.690837,1.00225,0.610912,0.853744,0.806027,1.05137,1.68168,1.87742,2.35922,1.82669,1.96711,1.68818,1.07084,0.808998,1.33886,1.81335,1.78934,1.89671,1.14862,0.792546,0.919521,0.0160317,-0.316095,-0.169797,-0.252681,0.336304,0.257866,0.239974,0.0909026,0.519583,0.841255,0.883143,0.685503,0.428765,0.793422,1.04509,1.18012,0.61525,-0.151303,-0.0605923,0.0281046,0.131696,0.0919947,-0.0523394,-0.0287147,0.311585,0.287237,0.636824,0.657746
