uploads/wind/20200723/wind_field_10.json
{"header": {"parameterUnit": "m.s-1", "parameterNumber": 3, "dx":  0.051, "dy": 0.036, "parameterNumberName": "northward_wind", "la1": 45.3082, "parameterCategory": 2,"nx": 177, "ny": 123, "refTime": "2018-10-03 01:00:00", "lo1":1.38177}, "data":
[rows 87 to 115 of 123, columns 0 to 63 of 177]
4.59191,4.3085,4.07328,3.83244,3.32418,3.25236,3.24214,3.28509,3.02593,2.58354,1.31472,-0.480234,-1.74475,-2.07112,-3.31667,-3.9874,-5.07124,-5.11404,-5.2898,-5.84589,-7.68692,-8.02235,-8.34719,-8.37673,-9.01198,-8.78293,-8.99655,-9.28694,-8.09757,-5.88702,-5.39011,-6.23922,-6.23341,-5.77318,-4.23624,-3.95804,-4.32123,-3.96544,-2.77635,-2.08268,-2.36137,-2.79616,-1.87585,-0.336915,-0.945864,-2.69349,-2.56313,0.564801,1.73231,1.94926,2.09175,2.12405,2.24512,2.42931,2.95909,2.68535,2.79302,3.31722,3.06281,3.07986,2.67453,1.82141,2.04443,2.18636
4.29804,4.0826,3.8784,3.70541,3.72257,3.25501,2.78864,2.07316,1.97715,1.47567,0.469815,-0.804035,-1.93848,-2.55975,-3.23803,-3.68582,-4.27043,-4.19728,-4.88511,-6.49647,-6.99292,-6.9641,-7.48962,-7.47396,-8.01761,-8.8869,-8.83829,-9.47317,-7.81422,-5.98316,-6.35923,-6.60406,-6.08321,-5.33927,-4.68743,-4.67268,-5.03349,-4.16455,-2.48829,-1.77061,-1.78703,-2.43353,-2.4142,-2.22356,-2.64518,-3.24876,-1.01747,1.80408,2.41105,2.54936,2.11393,2.05659,2.23628,2.76715,3.05769,2.76649,2.65051,3.19282,3.00632,2.55628,2.03221,1.16039,1.39341,2.15994
3.96654,3.92165,3.76225,3.70699,3.62754,2.34894,2.12813,1.61962,0.931058,0.16477,-0.299603,-0.923697,-1.65315,-2.47277,-3.21718,-3.35361,-3.87458,-4.04857,-4.87642,-5.81099,-7.00497,-6.45959,-6.03045,-6.09785,-6.61846,-6.5375,-7.61591,-7.3116,-6.31515,-6.40826,-7.2176,-7.04823,-5.72405,-5.56273,-5.68587,-5.5303,-4.43361,-2.80878,-1.43106,-0.886064,-1.25055,-2.06833,-2.8762,-3.08748,-2.99474,-2.2198,-0.116451,3.13719,3.19777,2.57679,2.19872,2.69174,2.85859,2.77066,3.18351,3.04834,2.50566,3.48367,3.04856,2.49774,1.66238,1.85597,2.02209,2.64813
3.78257,3.87323,3.75566,3.58556,3.13691,1.99188,1.95635,1.46074,0.724524,0.135986,-0.0891472,-0.238476,-0.934734,-2.31853,-2.96111,-3.74495,-3.93296,-4.19012,-4.80148,-5.54038,-5.62189,-5.51347,-6.07794,-6.16431,-5.67121,-5.84661,-5.66153,-5.78531,-5.78783,-6.50645,-7.14396,-6.59389,-5.69851,-6.10163,-5.00357,-3.52208,-2.06233,-1.34369,-1.18407,-0.971104,-0.850226,-1.52354,-2.421,-3.04225,-2.88173,-1.55666,0.0419274,2.93439,2.76972,2.47922,2.94433,3.32271,3.10367,3.25724,3.33928,2.62064,2.05887,2.62404,2.30926,2.45352,1.75978,2.36391,2.21842,2.31383
3.80461,3.82761,3.81766,3.70971,3.10764,2.78769,2.68197,2.14712,1.43499,0.712236,0.589073,0.401545,-0.275341,-1.51637,-2.7546,-3.36881,-3.41238,-3.51783,-3.32643,-4.4753,-5.07516,-4.82399,-4.5607,-5.0433,-5.35317,-4.89426,-5.49534,-5.19733,-5.04391,-5.60962,-5.47373,-5.77023,-6.26413,-5.59281,-3.70498,-2.12095,-1.2155,-1.00252,-0.973554,-1.25325,-1.44627,-1.76365,-2.38364,-3.32323,-3.8149,-2.60866,-0.65312,1.9335,2.95958,3.44049,3.49417,3.37504,3.14135,3.25184,3.28755,2.96164,1.86563,1.78175,2.18304,2.89702,2.34864,2.03465,2.32245,2.19019
3.84462,3.79054,3.83445,3.85544,4.01241,3.94024,3.3755,2.44496,2.00623,1.86597,1.44758,0.944682,0.217042,-0.197884,-1.1949,-2.36061,-3.36679,-3.34127,-2.97215,-3.01925,-2.61769,-2.20568,-2.82315,-3.77656,-4.40758,-5.27137,-4.19175,-4.39214,-4.18815,-3.54083,-3.97961,-5.61909,-6.50173,-5.74893,-4.68988,-3.49434,-2.35854,-1.79774,-1.73258,-2.06644,-2.12981,-2.30728,-2.26909,-3.48579,-3.62058,-3.12341,-0.399074,2.31904,3.40644,3.53976,3.40797,2.97086,2.73147,3.02091,2.81909,3.09588,2.6632,2.7931,3.07166,2.52422,2.19831,1.81093,2.32685,2.26278
3.70503,3.59547,3.74163,3.99689,4.15068,3.70742,3.5159,2.72142,2.80103,2.46531,2.59066,1.97934,1.53771,0.799182,0.154678,-0.734826,-2.0504,-2.67422,-2.5781,-0.998749,0.538297,0.158227,-1.53486,-2.44678,-3.0818,-3.59271,-3.99295,-3.04334,-2.12798,-3.13611,-4.76524,-5.34199,-5.96432,-5.05785,-3.93661,-2.68128,-1.9598,-2.01368,-1.90029,-1.91846,-1.59103,-1.29454,-1.2802,-1.12378,-0.847073,-0.974444,0.826678,3.62081,3.93149,3.15124,2.81421,2.90378,3.25446,2.91283,2.2343,2.78369,2.55877,2.6664,2.55401,2.25323,2.19213,2.06739,2.34695,1.86851
3.27816,3.39895,3.65593,3.85515,3.69489,3.72253,3.82476,3.20122,2.77239,3.42487,3.51228,3.39189,2.34607,2.40519,2.40845,1.99203,0.983562,0.681044,0.569033,1.29116,1.80992,0.0721146,-2.01626,-2.24591,-1.63198,-2.13345,-1.51371,-1.78153,-3.14407,-4.24873,-5.11533,-5.20203,-3.92461,-2.97359,-2.22111,-1.60948,-1.75567,-1.55255,-1.31811,-0.542036,-0.0296568,-0.183277,-0.0848297,0.92007,1.8642,1.35975,1.30382,3.44414,4.47539,3.79701,3.60779,3.32394,3.00405,2.08943,2.18489,2.34862,2.48584,2.35603,1.91444,2.22838,2.51616,2.28937,2.07356,1.80705
2.90219,3.06658,3.25213,3.759,3.54245,3.34188,3.76915,3.27805,3.49687,3.38024,4.24103,4.01372,3.70569,3.52563,3.55854,3.5472,3.4108,3.87796,5.21199,4.3236,2.29353,-0.340903,-1.22509,-0.616638,-0.000172522,0.610207,-0.626254,-1.94362,-2.49871,-3.31513,-3.4448,-2.57961,-1.72519,-1.33019,-0.753157,-1.27716,-1.85794,-1.73752,-0.566389,0.0829894,-0.384304,-0.339755,0.0790372,1.10716,2.3217,2.36233,2.10793,1.37757,2.65602,3.8365,2.98795,1.74926,1.15975,1.1452,1.3671,1.48446,1.21658,1.36252,1.70297,1.99315,2.04879,1.99748,1.98295,1.82086
2.94763,3.4257,3.66473,3.65691,4.08575,4.30764,3.98743,3.7393,3.54649,3.83787,3.21986,4.12173,3.85264,3.80897,3.54917,3.79478,3.75054,4.15418,3.89999,3.97677,2.6628,1.76867,1.44662,1.55485,1.84053,1.28828,0.46466,-0.332927,-0.922425,-1.28781,-1.43651,-1.33374,-0.471285,0.424835,0.499277,0.485398,0.25062,0.456777,0.327193,-0.294799,-0.755511,-0.835821,-0.428596,0.459654,1.72446,2.19129,2.08777,0.0621654,1.64704,3.31974,1.94293,1.17952,1.38651,1.72581,1.81448,1.45479,1.09226,0.969945,1.06728,1.1467,0.944569,1.57926,1.93644,1.93219
3.26577,3.24527,3.378,3.72479,4.16593,3.83313,4.01278,4.19546,4.12809,3.61852,3.40886,3.14016,3.4116,3.12342,2.79978,3.33669,3.56836,3.9774,4.03891,4.23588,4.35879,3.70354,3.16595,3.22184,2.71865,2.17278,1.6388,1.18671,0.481645,-0.334559,-0.742422,-0.258641,0.558614,1.31224,2.11765,1.64878,1.37716,0.643589,-0.381385,-1.14783,-1.54641,-1.38202,-1.15692,-0.98969,-0.789029,-0.196353,-0.383661,-0.00907405,2.26403,3.31481,2.7606,2.63114,2.55874,2.2916,2.06524,1.76299,1.52314,1.48527,0.970086,1.17623,1.03399,1.61882,1.71567,1.92745
3.78997,3.85278,3.70752,3.44785,3.69161,3.6199,4.16963,3.88106,3.83378,3.66815,2.68829,2.86254,3.2508,3.44253,3.35605,3.62249,4.22354,5.11702,5.83163,5.94606,5.32827,5.00801,4.01514,3.59551,2.88818,2.69306,1.73649,0.540664,-0.401054,-0.305929,0.884008,1.4055,2.03779,2.59668,2.9106,2.39063,1.19111,0.575765,0.0613229,-0.296296,-0.539723,-0.431928,-0.500744,-0.572112,-0.426597,-0.0623542,0.383882,0.92437,2.19122,4.07723,3.31065,2.77507,2.30708,2.61437,2.17976,1.62315,1.37388,1.67416,1.3814,1.68259,1.55981,1.5364,1.84077,1.63196
5.38117,3.93711,3.85084,3.70136,3.30402,3.49978,3.61253,3.81506,3.69667,3.07246,3.00605,3.04086,2.87463,3.07863,3.54553,4.5072,5.73503,5.05237,5.11591,4.73219,4.89506,4.79485,4.50844,3.64258,2.99173,2.79831,1.4866,0.374409,-0.17351,0.197088,1.56269,2.63006,3.26846,2.88503,2.89479,2.46285,2.58333,2.25559,1.72553,1.21645,1.50393,1.57967,1.46356,1.54089,1.39426,1.26081,1.1067,1.19177,1.85192,2.91117,3.20452,2.71994,2.08653,2.32537,2.70634,2.45434,2.32399,1.8909,1.6683,1.69984,2.15121,2.1899,2.38818,1.96787
5.67595,4.23738,4.03343,3.49656,3.27215,3.68142,3.32242,3.97157,3.49297,3.61935,3.01165,2.69286,3.77101,4.02244,4.50912,4.88187,5.90628,4.85356,1.72903,2.91232,4.356,5.33582,4.05039,3.46927,2.71887,2.18996,2.09215,1.91317,1.99807,2.29366,2.8136,3.42996,3.4506,2.33634,1.54474,1.63153,2.30927,3.24869,2.73578,2.05844,1.61692,1.59552,2.08537,2.83454,2.8107,1.98194,1.17924,1.00525,1.67773,1.42696,2.89496,3.27261,3.45972,3.05494,2.79626,2.45048,2.18929,2.14768,1.86185,2.16728,2.75693,2.75467,3.50915,2.83516
4.64884,4.36586,4.24688,4.00575,3.89616,3.46357,2.94514,3.11484,3.04025,3.34525,2.88809,2.87858,3.50395,3.89445,4.8115,5.37258,5.06702,4.05271,2.90824,4.003,5.19883,4.77861,4.52726,3.66133,2.62384,2.59454,2.83189,3.59872,3.71547,3.46482,3.55395,3.40356,2.83144,1.57611,1.05714,0.717112,1.36839,2.54753,3.08163,2.68092,1.81207,1.03022,1.08236,1.72765,2.48584,2.7968,2.21564,1.25317,0.690371,0.625522,1.83252,3.02752,2.90623,2.544,1.93515,1.73898,1.93042,2.15292,2.25985,2.50117,3.27144,3.5234,3.92133,3.37957
4.67721,4.3807,4.20385,4.14804,4.08759,3.63085,3.26398,2.58301,2.08492,2.00879,2.19073,2.80385,3.70227,2.9218,3.65129,4.38514,4.87112,4.51204,3.66167,3.56027,3.28047,3.98952,3.51531,2.93869,3.08258,3.10439,3.67752,3.97496,4.02892,3.89137,3.25491,3.04361,2.20549,1.65823,1.35777,0.571253,0.405085,2.38692,3.33829,2.73628,1.34813,0.478405,0.328676,0.789411,1.57576,2.39709,2.02005,0.496796,0.066153,-0.0893098,0.82619,2.31807,1.50307,1.35395,1.27222,1.58657,1.95735,2.29703,2.4045,2.45357,3.32945,3.33518,3.33646,3.60521
4.45966,4.13407,3.98482,3.66542,3.72967,3.25344,2.98808,2.77278,2.4873,2.05137,1.89431,3.01448,2.77445,2.05535,2.88439,3.81088,4.16248,4.5483,4.09735,3.8767,4.16297,3.77753,3.46318,3.15909,3.8363,4.27408,4.29264,4.3552,3.95978,3.25226,3.08528,2.45127,1.85692,1.56538,0.989266,0.176267,0.546178,2.21946,2.99115,2.05723,1.05208,0.108153,0.0199822,0.326766,0.731772,0.838817,0.346997,-0.264964,-0.0432252,0.309477,0.808257,2.7832,2.57669,2.37269,2.18168,2.38994,2.45334,2.33819,2.44482,3.15802,3.15988,2.33566,2.46315,3.43588
4.1761,3.85608,3.60119,3.36028,3.13197,2.99082,2.77917,2.75388,2.86445,3.13968,3.25374,2.96009,2.70702,2.26043,2.07802,2.87709,4.03385,5.14502,4.74235,4.62121,4.54306,4.4694,4.14602,3.73716,4.19542,3.94166,3.95249,3.88798,3.54256,3.33492,2.76489,2.17136,1.87078,1.44092,0.935779,0.314897,-0.241271,0.470882,1.38652,0.792581,0.408493,0.207955,0.105127,-0.25179,-0.380922,-0.822405,-0.855161,-1.049,-0.285173,0.736152,0.854462,2.49716,2.3977,2.93632,3.4171,3.15165,3.29608,3.04334,3.2515,3.07659,2.26391,1.27169,2.63299,3.30936
4.05145,3.76663,3.45186,3.00832,2.89368,2.64631,2.90436,3.21237,3.26669,3.43371,3.76504,3.63702,3.0271,3.11619,3.09674,3.58978,3.89629,4.35168,4.5371,4.84187,5.39221,4.83807,4.38569,4.16857,3.91645,3.24925,3.4719,3.3068,3.78476,3.19881,2.51835,2.12518,1.80019,0.954589,0.138412,-0.697599,-1.2917,-0.732766,-0.628747,-0.572796,-0.577852,-0.255538,0.144294,-0.262168,-0.513946,-1.96477,-1.29771,0.0851672,0.913911,0.465262,0.796011,0.0632113,-0.30629,0.2477,3.08081,3.30511,3.25745,3.32901,3.36306,2.47589,1.918,1.81619,2.73332,3.48444
3.99871,3.62368,3.44695,3.25421,3.22702,3.21752,3.40404,3.49397,3.66121,3.42267,3.59058,3.0725,3.5581,3.91748,3.75872,4.1906,4.70996,4.49024,4.56059,4.94477,4.55341,4.04353,3.96644,3.86593,4.31215,3.65826,2.85535,3.18492,3.58246,3.16869,2.59772,1.78496,1.00496,-0.416027,-1.97796,-3.51883,-5.06309,-3.55123,-1.93769,-0.393298,0.0371605,-0.128503,0.096169,0.0690579,-1.48682,-2.34796,-1.10406,0.100917,0.47399,0.0152381,-0.400286,-1.75996,-1.48805,-0.773571,1.38161,1.06641,-0.54954,-0.207018,1.60732,2.42218,2.22573,2.1971,2.78077,2.97881
4.14794,3.91623,3.6412,3.13126,3.34303,3.5034,3.76399,3.80344,3.79658,3.59462,3.2702,3.69396,3.68318,4.03127,4.47112,4.90731,5.04237,4.73308,4.57206,4.69269,5.05357,4.54533,4.27351,3.22146,2.29988,2.28042,2.68291,2.24936,2.5919,2.54706,1.987,0.640493,-1.91817,-3.77235,-7.10062,-7.57636,-7.20632,-6.94593,-3.36221,-0.639476,0.522655,0.546931,0.399014,-0.280927,-1.7047,-1.26167,-0.124218,0.0519069,0.517761,0.382235,-0.701684,-0.886139,-0.0616961,1.12259,0.544162,-0.520996,-1.42175,-1.19468,-0.252944,2.36413,2.48821,2.72854,2.87668,3.32868
4.26127,3.80483,3.41313,3.6405,3.62956,3.68666,3.95678,3.65306,3.93412,3.65611,3.38409,3.92279,4.22581,4.77059,4.63465,5.45634,5.73468,4.7786,4.66814,4.61437,4.37101,3.80256,3.06306,0.439637,-0.775449,-0.0422512,0.865618,1.26568,0.935681,0.676128,0.0603273,-2.93633,-5.0789,-6.79748,-8.03242,-9.2693,-9.44119,-8.10383,-6.06266,-2.62992,-0.213655,0.572097,-0.52286,-3.43664,-4.4868,-2.1142,-0.769526,0.0695112,1.11552,0.605537,0.0234305,-0.246047,0.217907,2.00227,-0.117059,-0.708113,0.685796,0.30733,-0.528553,1.41244,3.1707,3.63675,3.7208,3.83811
4.51413,4.16939,4.41848,3.53344,3.93985,3.35231,3.78815,4.2698,3.90256,3.83795,3.84066,4.59774,4.59649,4.69857,5.18732,5.35679,5.44179,5.39274,4.7534,4.97908,4.39249,2.89136,2.65837,1.5389,1.1955,0.0579624,-0.110799,-0.733684,-1.02484,-0.774046,-2.31317,-5.35368,-6.01692,-5.73732,-6.50214,-6.9251,-9.25083,-9.21252,-8.30332,-5.24954,-3.6607,-3.65831,-4.37491,-8.20864,-9.49464,-6.41493,-2.45151,-1.46773,0.0299313,-0.175874,-0.0716188,0.502095,1.24052,1.77213,1.18231,1.16167,0.644667,-0.261163,1.19951,3.06066,4.60102,4.09053,4.42567,4.21785
6.5249,4.54208,3.94568,4.12795,4.03812,3.9682,4.08783,4.29248,4.59851,4.53302,4.70327,5.01481,4.49606,4.49552,4.88576,5.31611,6.09072,4.88056,4.4718,3.96221,3.14712,2.13087,1.64371,1.89289,1.81437,1.27548,0.391707,-0.456954,-0.802252,-2.5249,-5.62956,-5.65955,-4.03602,-3.03076,-4.13287,-5.6125,-8.86651,-9.84648,-9.23206,-7.71115,-6.76078,-7.56322,-8.93807,-10.6095,-11.9355,-8.92628,-5.08041,-1.6798,-1.39886,-1.4433,0.0931319,1.78654,2.21301,1.13173,1.51994,1.77441,0.839701,-0.300839,0.532289,2.76292,3.49204,3.44688,3.20185,2.06506
4.99644,4.49218,4.58696,4.25803,4.02435,3.73705,4.20112,4.67177,4.44302,4.26817,4.62194,4.77287,3.95893,3.81867,5.29762,5.52714,5.09272,4.99122,4.02093,3.91055,2.45018,2.16278,1.59282,1.60703,1.49157,0.905014,1.1006,0.970537,-1.43911,-4.63435,-4.92794,-4.55549,-3.5903,-2.44983,-5.73871,-6.73549,-8.49922,-8.86035,-8.402,-7.46409,-6.87256,-6.80978,-7.23399,-8.43175,-8.80444,-8.42669,-6.66079,-4.58719,-2.78381,-1.38397,-0.216793,0.667807,1.25157,1.00612,1.72851,1.63963,0.414988,-0.978735,-0.944804,0.776027,2.33306,2.24437,0.968305,-0.153636
6.87776,5.41149,4.66467,4.37237,4.2534,3.3787,3.54369,4.3921,4.41831,5.21352,4.77264,4.30981,3.82382,3.49766,3.77686,4.60477,4.92002,4.32479,4.01244,3.23538,2.44525,1.51148,1.44753,1.97109,1.88645,0.903327,0.061288,-0.202469,-2.90177,-3.42756,-2.51552,-2.94243,-3.86915,-5.67913,-7.00302,-8.2968,-8.13432,-7.37654,-6.31795,-7.03786,-7.02498,-5.40732,-4.19735,-5.16465,-5.30277,-5.76241,-6.94125,-6.08017,-2.4826,-1.10422,-0.719289,0.594998,1.39558,1.86854,1.78229,0.89685,-1.05614,-1.07896,-0.641008,-0.0193415,1.36267,2.06014,0.227377,0.0890714
5.07209,4.69901,4.77795,4.52005,4.23288,3.36255,3.1922,4.02576,3.58524,4.63263,4.24739,4.09808,3.61182,3.46676,3.27435,3.41281,2.88255,3.45531,3.3216,3.15063,2.15877,1.44877,1.30338,2.00382,1.99445,1.25356,0.467428,-1.91383,-3.79653,-2.91257,-1.58848,-2.78624,-3.95667,-6.41815,-7.7894,-8.03527,-7.4934,-5.36526,-5.18423,-6.38246,-6.70746,-5.70108,-4.14853,-3.3418,-2.55121,-3.03951,-5.40479,-5.67375,-3.37078,-1.38384,-0.595261,0.0836679,0.622001,0.551907,0.499955,-0.288223,-0.675665,-0.822498,-0.669717,0.494462,0.760287,1.12857,1.5473,1.35548
5.31225,4.78737,4.67813,4.1842,4.0626,3.5593,3.52739,3.58627,4.03111,3.95215,3.37683,3.13581,2.99849,2.65079,2.81531,1.99691,1.98898,2.1255,2.96914,2.21268,1.8449,1.86992,1.79767,1.29266,1.41839,1.04884,-0.219156,-2.34202,-2.34815,-2.01132,-2.46386,-3.16764,-4.20149,-5.78706,-5.83678,-6.44225,-7.17734,-8.91258,-8.5256,-7.15831,-7.61374,-7.83763,-8.58957,-5.24251,-1.25705,-1.17226,-3.15475,-2.73432,-1.39708,-0.91572,-0.578043,-0.285438,-0.0488792,-0.271971,-0.27726,-0.229406,0.10863,-0.159542,-0.103386,1.29108,1.21482,0.3911,1.63123,1.60009
4.36163,4.07483,4.18791,4.02824,3.63958,3.74417,3.55832,3.81604,4.16409,3.75585,2.90262,2.69651,2.21305,2.51591,2.54272,2.23573,2.28792,2.44608,2.8863,2.59298,2.39771,2.15635,1.9067,1.39124,0.181725,0.229809,-0.639336,-1.31915,-2.18023,-2.96966,-3.0548,-3.72455,-3.39306,-2.88856,-3.73473,-4.77818,-6.54449,-8.15513,-8.90909,-9.05159,-9.50652,-10.695,-11.6456,-7.98143,-3.96561,-0.832951,-0.352479,-0.845032,-0.170047,-0.0425718,-0.138714,-0.00997597,0.0486254,0.0522275,-0.312151,-0.231419,0.335046,0.386072,0.555168,1.38915,0.761601,0.128618,1.88861,1.77059
