uploads/wind/20200723/wind_field_04.json
{"header": {"parameterUnit": "m.s-1", "parameterNumber": 2, "dx": 0.051, "dy": 0.036, "parameterNumberName": "eastward_wind", "la1": 45.3082, "parameterCategory": 2,"nx": 177, "ny": 123, "refTime": "2018-09-30 00:00:00", "lo1":1.38177}, "data":
[rows 84 to 111 of 123, columns 64 to 127 of 177]
2.99996,1.06089,0.0864083,-0.863195,-1.10872,-1.85057,-3.11454,-2.8822,-2.36403,-1.74859,-2.01458,-2.33681,-2.26082,-1.99578,0.180153,2.21706,3.12358,1.85878,1.25563,0.432269,-0.171427,0.0922823,1.2441,1.28298,-1.5161,-3.98324,-2.29969,-0.900357,-0.49657,-2.36797,-4.08491,-3.42151,-1.32011,-2.83328,-4.03542,-3.31242,-1.45637,0.0984184,-0.500354,-0.63127,1.7573,1.68005,-1.96099,-2.09212,0.635371,1.13501,2.95389,3.77759,-2.30515,-3.73672,2.6512,0.84919,-4.35274,-2.61565,1.90384,4.49341,1.70441,-4.06242,-2.14166,2.49548,1.57321,0.876366,2.92037,3.82933
1.46652,0.52757,-0.232872,-0.41475,-0.362382,-1.31004,-1.41971,-1.72314,-2.25925,-2.99641,-3.05449,-3.1154,-1.76478,-1.11923,0.0145702,1.06581,-0.402236,-1.00956,0.45464,-0.480869,-1.14962,0.00800819,1.15788,2.58202,1.46536,-1.63397,-2.18438,-0.710454,-0.323962,-2.15086,-3.49773,-3.63614,-2.82796,-2.27724,-2.3122,-2.39685,-1.6945,-2.34965,-2.82621,-1.33453,2.9498,4.64812,-0.472581,-4.44513,-1.00933,2.63077,5.55728,3.29102,-3.23813,-1.56589,0.337974,-2.79359,-3.83306,-1.79348,1.80241,4.65325,5.19452,-0.0249845,-4.09817,-1.77844,1.7224,3.98239,4.56107,2.87792
1.47164,0.660167,-0.0793562,-0.299793,-0.870928,-1.41442,-1.4089,-1.51367,-1.92776,-2.64825,-2.91402,-2.61994,0.710715,1.99325,0.0521029,-1.96148,-2.68504,-2.21778,-0.804089,-1.39274,-2.28014,-0.401733,2.3402,4.2746,3.6713,0.109451,-1.86434,-0.558841,-0.05194,-0.10754,-0.92545,-2.91583,-4.36892,-3.87612,-2.31159,-0.370316,-1.00195,-3.77163,-4.03451,0.0253856,4.42022,5.35402,-0.228406,-4.56065,-2.12198,2.30843,4.99147,-0.10689,-4.6013,-1.22329,-0.620324,-3.54664,-4.00592,-1.36372,2.96142,5.61518,5.88141,1.08851,-3.63773,-1.18054,4.00882,4.80087,3.19418,1.46259
0.246276,0.275076,-0.184979,-0.861085,-1.10283,-1.88805,-1.97763,-2.02919,-1.97681,-2.87138,-3.73479,-2.8321,1.98234,3.54508,-1.06399,-3.77878,-2.7455,-2.10032,-0.810216,-0.667156,-0.971655,0.385727,2.41565,3.97161,3.43343,-0.395457,-2.95957,-1.70767,-0.758915,0.89264,1.46592,-1.28363,-3.62082,-4.90512,-4.25832,-1.95472,-0.0955861,-3.08948,-4.34435,1.30536,4.83253,2.38003,-1.47152,-3.23559,-1.06041,3.46242,4.6141,-1.20084,-5.80896,-2.54728,-0.963055,-1.66473,-1.33219,-0.145372,3.19391,5.77977,4.42327,-1.32399,-3.09491,0.761472,3.53954,2.851,2.29046,1.92796
0.048961,-0.196788,-0.481473,-0.540071,-1.5576,-3.25245,-2.9815,-1.44873,-1.82722,-3.52443,-4.21984,-1.41752,2.79243,2.60347,-2.19061,-3.70932,-2.06062,-1.12816,-0.217718,0.546108,1.34726,2.34345,2.69128,2.52804,1.12341,-0.875254,-3.21478,-2.79781,-1.3036,0.776435,1.75345,0.0197832,-2.179,-4.30412,-6.19849,-4.53056,-0.264682,-0.381627,-3.49011,0.754426,2.56155,-1.17452,-1.45375,-1.3074,0.78946,4.3819,3.30264,-3.22768,-5.13614,-3.61789,-0.478608,1.7395,3.09321,1.14829,1.40729,4.76781,1.44407,-4.41753,-3.02917,-0.245845,2.01362,3.39836,4.46555,4.5594
-0.328043,-1.06918,-0.857115,-1.32284,-2.82373,-3.48161,-3.22969,-1.43106,-0.867481,-2.44678,-2.19293,-0.182397,0.780358,-0.303762,-2.64994,-2.82376,-1.08949,-0.227273,-0.366689,-1.83963,-0.9625,2.60705,4.1547,1.8486,-1.06984,-2.15972,-2.431,-2.76914,-1.75645,0.722294,1.22133,-0.026535,-0.804994,-2.82301,-5.3899,-5.99747,-1.39949,1.26814,-2.23637,-2.24774,-1.4953,-1.57079,1.45789,3.99084,2.16555,0.00391375,-0.647358,-3.38691,-3.55104,-0.0238592,3.00094,3.59808,3.56047,1.56865,0.760376,2.26879,-0.586269,-3.36478,-3.39734,-2.07859,1.42407,5.24916,5.33191,4.95944
-0.354993,-1.59706,-1.5352,-2.38861,-3.22152,-3.26586,-2.80695,-2.04654,-1.45671,-1.62923,-1.69213,-2.16391,-3.01105,-1.7749,-1.64869,-2.96206,-2.36174,0.254496,1.18509,-0.735117,-1.20198,3.05005,4.27321,0.977866,-1.75224,-3.29218,-3.35916,-3.26472,-2.49261,0.836116,1.6518,0.325401,-0.0399472,-2.26657,-5.07466,-5.73203,-1.44781,0.86387,-2.86512,-3.2315,-1.81493,0.545015,4.62398,4.17332,-1.95203,-1.91145,-0.567168,-0.914194,-0.667246,1.22674,3.93222,4.85273,3.84308,1.46379,0.934878,1.105,-2.76593,-1.8512,-0.447751,-1.77935,0.780956,3.40142,2.67826,3.0075
-2.3702,-2.75577,-1.85512,-2.64854,-3.3341,-3.11456,-1.62047,-1.43554,-1.71779,-1.33999,-0.827354,-1.90274,-2.6436,-1.31685,-0.96192,-3.47007,-3.54116,-0.224029,2.28221,1.50953,0.868224,3.01423,3.78039,0.477548,-1.56983,-2.61284,-3.24955,-3.7249,-3.50527,-0.213883,1.38732,1.43325,0.637354,-3.99639,-5.86104,-4.63359,-0.596062,0.00655547,-4.22044,-4.62376,-1.8843,1.82188,4.56349,0.114995,-3.97878,0.957437,4.18073,2.96784,1.54304,1.76251,3.04762,4.62613,3.30705,1.22715,1.31072,-0.412062,-2.72632,0.193379,1.37009,-0.342495,0.468503,1.93221,1.27018,0.858262
-0.629265,-1.43088,-1.47776,-2.39354,-3.33308,-3.29004,-1.76092,-1.80958,-2.4555,-0.918049,0.968372,0.531376,-2.07011,-2.59861,-1.73845,-2.46496,-2.95331,-0.398408,1.95037,2.79522,3.0942,3.20149,2.43248,0.38882,-1.7999,-2.788,-3.20728,-3.51314,-3.16226,-3.15374,-1.52632,1.73824,1.88471,-4.63954,-6.40076,-4.11694,-0.670462,0.569225,-2.39977,-4.60671,-3.89226,-0.294792,0.721605,-2.60511,-1.21268,3.74844,4.8192,4.11468,4.00675,3.59934,3.15509,4.01443,3.31398,2.93121,2.71723,0.0163717,-1.26147,0.781693,1.21186,0.121228,0.172347,0.483742,0.323134,0.605985
0.232372,-1.71171,-2.57954,-2.22217,-3.16784,-3.50187,-2.26045,-2.02706,-2.79955,-1.6725,-0.278095,-1.61688,-3.60963,-1.87697,-0.289277,-0.812773,-2.59356,-2.3149,-0.260038,2.52597,3.0614,1.09397,1.72722,1.23351,-0.999615,-3.4989,-3.94263,-3.57602,-2.49961,-3.04286,-3.02416,0.0246964,-2.09963,-5.82292,-4.23673,-3.37585,-1.03014,1.07335,-1.0157,-3.95395,-4.47297,-3.18341,-1.92913,-0.487398,1.63943,3.17317,0.753023,0.91822,3.10102,4.28288,4.70707,5.00895,5.35865,4.52332,3.62966,1.78574,0.705607,0.775536,0.319294,0.0487292,0.254502,-0.181455,-0.295317,0.292205
-0.276723,-1.57548,-2.27531,-2.2133,-2.48871,-3.16007,-3.1462,-2.54629,-0.91243,0.143505,-1.59854,-3.80985,-3.53949,-0.695598,0.159526,-0.842063,-1.94335,-2.63099,-1.3159,2.34272,2.22827,-1.18165,-0.601133,1.83479,0.32517,-3.11111,-4.86608,-4.10796,-1.00295,-1.05214,-2.01708,-2.69417,-5.90198,-4.97619,-1.51194,-1.85617,-2.31711,-0.0311562,-0.395603,-2.64736,-4.4594,-4.1967,-3.10041,-1.40416,-0.143924,-0.52742,-0.850799,1.00768,4.05512,5.18349,5.74784,5.15302,4.58806,4.33584,3.62424,2.52318,2.09081,1.35709,0.961737,0.720606,0.591006,-0.156051,-0.383168,0.0975538
-0.441209,-1.99957,-2.55019,-2.2637,-1.28229,-1.74149,-2.47785,-3.2153,-1.31594,0.571163,-1.07813,-1.99608,-1.33355,-0.991361,-1.05983,0.11896,-0.284228,-1.09096,0.932682,3.0253,0.890574,-3.66618,-3.12964,1.14645,1.69124,-0.504388,-3.8872,-3.59524,0.165463,0.622104,-1.71232,-3.42834,-5.1305,-4.65887,-3.73677,-3.62014,-3.27384,-2.5076,-0.34852,1.1941,-1.99803,-4.89361,-4.54774,-4.68219,-1.7849,0.398626,1.56601,1.83273,4.23402,5.67462,6.17053,4.82678,3.71509,3.56223,3.14912,1.79362,1.91101,1.74656,2.5568,1.8796,1.4504,0.503842,-0.570364,-1.56247
-0.826075,-3.13354,-3.30916,-1.81455,-2.05969,-1.35788,-2.33094,-2.55203,-2.13798,-1.70213,-1.86493,-0.393103,1.22205,0.216042,-2.01195,-1.15878,-2.54489,-1.90698,2.0516,3.47845,1.09684,-2.95964,-3.94499,-0.258132,1.80806,2.28004,-0.463984,-2.57527,-1.36585,-0.856998,-0.0068663,-0.520039,-3.19974,-5.36088,-4.89399,-4.19689,-4.09109,-4.05211,-0.219101,4.27498,0.423108,-4.78203,-4.0918,-0.387628,2.1548,3.19918,2.00802,2.00554,3.15284,4.91112,5.53738,4.98922,4.38411,3.86118,3.45894,2.80713,2.65151,2.516,2.36593,2.02912,1.97595,1.76467,0.000185533,-2.48574
0.0196802,-2.03193,-2.38811,-1.81406,-1.87328,-1.82324,-1.38482,-1.09459,-2.24206,-2.73792,-1.64577,-0.0467125,1.23521,0.972828,-1.12266,-1.01388,-1.79066,-2.13516,0.883802,3.68404,1.07971,-1.41158,-3.47014,-3.59254,0.132433,4.43246,3.03156,-1.19888,-3.50509,-2.47308,1.91938,3.14615,-2.05748,-5.00775,-2.66828,-1.55814,-3.19156,-3.94388,-1.42409,3.93391,0.953381,-5.66727,-4.03973,1.0507,2.75947,3.25163,3.69805,3.17947,3.21616,4.58161,4.4089,4.22752,5.22002,4.76354,3.84236,2.58503,2.29645,2.3523,2.19779,1.60075,1.33412,2.72103,1.59857,-2.15691
0.410363,-0.913559,-1.79725,-1.53836,-1.89846,-2.15312,-1.94546,-1.21824,-1.76783,-1.94618,-1.18541,-1.11917,-2.37147,-0.726382,1.18481,1.17068,-0.868303,-2.69342,-0.107597,2.41598,0.663634,-1.07687,-2.61427,-3.77526,-0.866119,3.85844,3.34506,-0.208683,-2.97378,-2.63607,-0.749432,-0.34975,-1.70889,-1.98313,-0.933089,-3.35007,-5.64552,-5.56089,-2.34668,0.880077,-0.367123,-5.35943,-4.30035,-1.02267,-0.476076,0.850514,2.85523,3.11401,3.70232,5.29214,4.54548,4.01709,4.85762,5.0869,4.16778,3.10001,1.65205,1.94223,1.92853,1.13146,1.10595,2.2927,2.12512,-1.04899
0.417659,-1.23818,-1.83623,-1.75275,-2.13812,-2.6269,-2.35441,-1.06625,-0.84625,-3.25476,-1.35106,-0.617034,-3.68996,-0.869541,2.88563,0.587679,-2.48044,-3.26552,-0.220035,1.46654,-1.13925,-1.52632,-1.03037,-1.72676,-0.773725,1.06523,1.72716,0.817275,-1.68544,-3.21711,-3.04119,-2.04189,-1.25336,-0.826822,1.05809,-0.304799,-6.05808,-5.56201,-2.87214,-3.94658,-4.52861,-3.89393,-4.32083,-2.4666,-0.736282,1.26987,3.93892,4.39089,4.92309,5.84146,4.81273,4.18551,4.43656,4.43825,4.46642,3.25274,1.59669,1.32013,1.59234,1.27005,1.52986,2.10337,1.61249,-0.550543
0.309605,-2.4206,-2.89024,-2.31469,-2.42549,-3.03925,-2.32982,-1.62188,-2.85423,-3.45765,0.896463,1.69492,-3.20513,-0.131722,2.14016,-1.79289,-3.55534,-2.78169,0.118706,0.398051,-3.14495,-2.6404,-1.78468,-2.01891,-0.061999,1.14807,2.53312,2.76725,-1.66436,-4.66277,-4.62538,-2.42411,-1.74841,-0.500139,2.57556,3.15735,-2.65873,-4.41421,-2.60761,-4.96316,-4.95242,-2.18867,-4.34306,-4.06493,1.08663,4.19099,2.95132,2.67776,4.99995,6.20389,5.83692,5.53385,4.23328,3.59283,3.76061,3.31289,1.78723,1.14084,1.08796,1.11997,1.66061,1.71054,0.697672,0.0330373
1.21801,-1.39816,-3.46384,-2.68963,-2.4025,-2.84455,-2.56167,-2.43128,-3.10304,-1.92365,0.978819,-0.23015,-2.03655,1.56394,0.982127,-3.62224,-3.80618,-3.13851,-1.72164,-0.997715,-4.15137,-3.84809,-4.02826,-3.31048,1.1073,4.04307,4.62693,3.40162,-1.12814,-4.55442,-5.95788,-4.69625,-3.70885,-1.05116,2.55927,4.1616,1.73436,-0.393111,-2.71961,-5.06624,-3.76027,-3.31066,-5.05537,-2.9887,2.03065,2.78622,0.0642544,3.23046,6.23237,6.17009,6.18698,4.79285,3.63386,2.26884,2.03463,2.40029,1.82726,1.12607,0.665263,0.978833,1.6337,1.56518,0.527453,0.901178
0.733359,-1.1193,-3.09459,-2.82511,-0.747282,-1.15574,-1.7607,-1.59056,-1.82984,-0.7202,0.213735,-2.30116,-1.12132,1.97506,-0.231844,-3.55452,-3.78066,-3.55688,-1.86654,-1.03629,-3.77718,-4.02456,-1.0244,-0.142197,1.10429,3.28896,3.35562,-0.650177,-2.40643,-1.73895,-3.33638,-5.0097,-4.69422,-3.14149,0.568379,3.81781,5.17811,1.13438,-3.04824,-4.43338,-3.83337,-3.81428,-4.00113,-2.71211,0.133362,-0.319075,0.504953,4.65181,6.21544,6.54428,5.41645,4.60746,4.10775,2.55397,1.16778,0.91911,1.36145,0.90622,0.958437,0.960509,1.47856,1.55898,1.38288,1.82678
0.232205,-0.7194,-2.25323,-1.74448,-0.173027,-1.40901,-2.08579,-1.66392,-2.29706,-2.04105,-0.49491,-1.99074,-0.766112,1.10869,-2.48566,-2.43683,-0.543641,-1.73395,0.189772,1.16627,-1.87418,-3.94697,1.13272,3.92985,2.10942,2.87825,0.876938,-3.99651,-3.40285,-0.383628,-0.0788243,-3.17376,-3.92586,-2.22582,0.68136,5.14592,5.43212,0.242386,-3.25157,-0.601351,-1.07966,-3.2514,-2.50288,-1.95365,0.157099,1.30007,2.81989,4.94751,5.82019,6.34211,6.264,5.37643,3.75483,2.79971,1.21932,1.22112,1.67015,1.33332,1.05244,1.15444,0.52221,0.286242,1.68668,2.88353
1.81783,1.33074,-0.363562,-1.35748,-1.50268,-3.23532,-3.51937,-2.07395,-1.90567,-2.18567,-0.217867,0.534195,0.43132,-1.32924,-5.19898,-3.11433,1.61119,2.5839,2.96762,2.66244,-1.57128,-4.39809,0.191021,4.17458,3.37722,1.83387,-3.81801,-5.95729,-5.27998,-1.21207,-0.49175,-2.02459,-1.8697,1.24127,3.91524,5.06733,2.17357,-3.16491,-3.77132,1.9596,3.18645,-2.1849,-3.28905,-0.478704,2.09371,3.44,4.11254,3.94998,4.3467,5.03514,5.90331,4.24814,2.86385,0.94559,0.673266,1.05085,1.82951,1.37394,1.23607,0.73479,-0.0704586,-0.526123,1.01393,3.02421
2.80363,0.962375,-0.183905,-1.88375,-3.07941,-3.4209,-3.86509,-2.29333,-1.05137,-1.33429,-0.283992,0.557088,-0.469897,-2.736,-5.59295,-3.84584,2.03825,5.23118,3.91311,1.99064,-2.29674,-3.83591,-0.281667,2.90221,1.06437,-2.71118,-4.95315,-5.06796,-4.02113,-4.19427,-4.07906,-3.96631,-0.545602,3.79487,5.33151,5.17357,-0.087196,-4.92276,-2.55509,0.329379,0.977273,-0.441556,-0.316356,-0.684601,0.0895674,4.43675,6.17591,5.35927,4.00221,4.55629,4.55487,3.75848,2.53304,1.43151,1.40113,1.55015,1.62725,1.56441,1.19288,0.500528,-0.160745,-0.178394,1.41121,2.64792
1.55569,0.867088,0.0824819,-1.29514,-2.27827,-2.77854,-3.46807,-3.56963,-2.52484,-1.34064,-0.755445,-0.830046,-1.72684,-2.58576,-4.25963,-2.57806,3.06401,6.08397,3.68244,-0.0406395,-3.28493,-2.86037,-0.341865,-0.56691,-3.65983,-5.43819,-4.06787,-2.39218,-1.95896,-2.24478,-2.76023,-3.44588,0.121422,4.80746,6.0706,2.91421,-1.55279,-4.19064,-3.24654,-1.98342,-1.88842,-1.24476,1.29296,1.10389,0.20059,3.58666,6.22916,6.20853,5.19598,4.79312,3.9305,3.69086,2.91697,1.70941,1.9489,1.80543,1.78097,1.60207,1.11479,0.187838,-0.233524,0.0807266,1.28738,1.97257
1.2629,2.69377,1.75403,-0.323147,-1.01963,-1.98819,-2.61708,-3.24732,-3.83338,-3.51891,-2.56238,-1.91404,-1.99989,-2.77091,-4.08992,-2.13335,3.12508,6.00078,3.36574,-1.29137,-2.8068,-0.285083,-1.7218,-5.1509,-5.67363,-4.73228,-4.18951,-3.03428,-1.55379,1.33523,2.09182,0.675684,1.68804,5.29714,5.48019,1.62079,0.639454,0.572725,-2.97809,-3.02575,-3.47545,-1.58226,1.16852,3.64038,3.23441,4.09891,4.84063,5.07169,5.53896,5.07371,3.72875,3.52269,2.34175,1.55255,1.74042,1.80696,1.76488,1.36419,0.68837,0.0444863,0.00405215,0.582004,1.1723,1.16982
2.77367,3.26995,1.36661,-0.112096,-0.453676,-1.41768,-1.8468,-2.47866,-4.06551,-4.47141,-3.45166,-3.15504,-1.01233,-0.235862,-3.54093,-2.65039,2.18879,5.43837,3.97439,-2.81728,-3.26945,0.522521,-3.02995,-4.8442,-3.90008,-4.0158,-4.45153,-3.07782,-0.751464,2.46727,3.1232,0.492846,1.13305,4.5099,4.73014,2.94172,4.04362,3.89982,-1.23023,-3.70678,-2.06945,-1.10618,0.769152,2.18176,4.21956,4.56212,4.85,4.46236,5.43305,5.64246,4.44315,3.64637,2.23504,1.93446,2.04541,1.7639,1.51135,0.754854,0.201222,-0.163023,-0.00562794,0.652881,1.40986,2.03614
3.42118,2.84058,0.474688,0.314542,-0.0616971,-1.13805,-1.97921,-2.52233,-3.98638,-3.83463,-1.99855,-2.60812,-1.77351,0.778294,-3.00182,-3.33416,2.64922,4.83163,3.56287,-2.44525,-3.95647,-2.17986,-4.2449,-4.12412,-1.60626,-3.90759,-4.58886,-0.151781,1.51558,-0.911066,-2.2001,-4.34684,-2.34566,1.20313,5.07066,5.44724,3.7781,1.15617,-1.764,-1.30384,0.989114,0.212518,-2.40796,-1.06315,2.59544,5.17884,5.89022,5.14232,4.54754,4.00814,3.77475,3.74864,2.90604,0.999618,0.703732,1.22573,0.933915,0.0582048,-0.440808,-0.896642,-0.407126,0.460261,1.82095,2.48935
1.53367,0.444055,1.29472,1.31854,0.0946141,-0.608546,-2.06449,-2.87026,-3.63833,-3.47883,-1.15751,-1.83896,-2.2456,-0.103782,-2.78863,-3.55553,2.10532,5.16673,3.62989,-1.11845,-4.6596,-4.65293,-5.02235,-4.08413,-3.35638,-3.28506,-1.95112,0.312535,-1.99475,-4.42982,-3.01751,-1.77796,0.259812,3.5267,5.29212,3.99762,-0.740328,-1.63358,-2.27378,-2.19503,2.10109,-0.316996,-3.64633,-1.88559,1.5217,4.71738,7.38944,6.18001,3.00692,1.80462,3.5879,4.39183,3.70114,2.28912,1.0514,0.145115,-0.55647,-1.37437,-1.45842,-0.723656,-0.190172,0.483441,1.06544,2.0221
-2.01942,0.127747,1.63369,0.88228,-1.53066,-1.25706,-0.858077,-2.0352,-3.36658,-3.49254,-0.604092,0.0169243,-1.77137,-1.83651,-3.45587,-4.00282,0.172185,4.22403,4.31523,-1.34368,-4.26316,-3.76419,-4.80866,-4.77301,-1.91927,0.301423,1.08327,-0.154597,-4.43832,-4.66195,-2.1539,0.29876,2.25517,4.09471,4.572,2.20009,0.878573,2.34764,0.0877381,-1.86225,1.94313,0.698359,-3.25167,-2.8467,0.0146364,5.34051,7.29948,5.01075,1.48412,2.85786,5.53668,5.44408,3.64794,2.17258,2.09654,0.891695,-1.12931,-1.92336,-1.29767,-0.0319687,0.725922,0.508302,0.686693,1.23365
