uploads/wind/20200723/wind_field_06.json
{"header": {"parameterUnit": "m.s-1", "parameterNumber": 2, "dx": 0.051, "dy": 0.036, "parameterNumberName": "eastward_wind", "la1": 45.3082, "parameterCategory": 2,"nx": 177, "ny": 123, "refTime": "2018-09-30 00:00:00", "lo1":1.38177}, "data":
[rows 28 to 55 of 123, columns 0 to 62 of 177]
-1.11837,-1.12677,1.00081,-0.030767,-0.340145,-0.895274,-1.33605,-1.27621,-1.12088,-1.66848,-0.188226,0.832609,0.245356,-0.107112,0.0956509,0.19197,-0.00385795,0.699854,1.2601,1.81354,2.51817,1.93512,1.82634,1.29006,-0.316862,-0.389323,0.923046,1.11442,0.457908,0.179385,0.218271,0.303663,-0.0690678,-0.585802,-0.769793,-0.507671,-0.294835,-0.256292,-0.433538,-0.772155,-1.1565,-1.43021,-1.50174,-1.41455,-1.29744,-1.23184,-1.23635,-1.26801,-1.23554,-1.10269,-0.884298,-0.610323,-0.33428,-0.11314,0.0231394,0.0475048,-0.0544675,-0.20928,-0.278973,-0.197667,0.0024895,0.253954,0.491355
0.838226,0.777757,0.934599,0.398677,-0.320609,-1.10762,-1.56182,-1.33012,-0.730343,-1.45926,-1.208,0.119962,-0.107749,-0.112004,0.436732,0.402761,0.739988,0.986512,1.09469,1.78029,1.83917,1.31565,1.55167,1.37528,-0.0053954,0.108795,1.29029,0.946584,-0.286908,-0.0628866,0.823089,0.582304,0.589656,0.441215,0.360796,0.253755,0.181516,-0.045157,-0.35396,-0.684614,-0.994678,-1.23447,-1.36896,-1.41632,-1.4302,-1.40395,-1.32403,-1.17393,-0.94053,-0.68047,-0.436257,-0.219343,-0.0515049,0.0577946,0.0870017,0.0032137,-0.156558,-0.274296,-0.216024,0.0172846,0.291439,0.493667,0.600896
0.343665,0.530171,0.903901,0.796364,-0.262116,-1.23912,-1.18044,-0.715766,-0.839152,-1.2343,-1.26998,-0.0530038,0.0953187,0.179315,0.963866,0.65579,0.356606,0.65353,1.27234,1.48187,1.13011,0.763252,0.465841,0.0709662,-0.300725,-0.316433,0.197623,0.21743,-0.0249132,0.048672,-0.100385,-0.501242,-0.528182,-0.900356,-0.729357,-0.221669,0.226106,0.395582,0.0656597,-0.315598,-0.590612,-0.72621,-0.828306,-0.905286,-0.996754,-1.09383,-1.11721,-0.978811,-0.700673,-0.402636,-0.166981,-0.0321026,0.0212278,0.0304685,-0.0159146,-0.128637,-0.236628,-0.215774,-0.0161351,0.264164,0.483828,0.580571,0.563033
0.016849,0.455257,0.962635,1.03971,0.613984,-0.381657,-0.728658,-0.605082,-0.727025,-1.08405,-0.812152,0.414181,-0.0631026,-0.137594,0.163954,-0.43211,-0.153518,1.2568,1.75414,1.04196,0.321308,0.444687,0.319498,0.31839,0.438308,-0.513775,-0.649378,-0.232112,-0.118152,0.0131912,-0.480121,-0.603739,-1.2505,-1.69373,-1.71311,-1.29586,-0.746619,-0.012128,0.377336,0.301807,0.0386273,-0.151858,-0.286078,-0.438513,-0.595149,-0.712065,-0.768853,-0.730734,-0.584169,-0.383953,-0.194154,-0.061815,0.00472595,0.0170763,-0.0355854,-0.122156,-0.147739,-0.0215174,0.230204,0.472585,0.595931,0.585128,0.484789
-0.258364,0.426337,0.910126,1.2371,1.30537,0.597157,-0.28425,-0.412709,-0.384611,-0.814059,-0.198328,0.889912,0.114147,-0.262788,-0.218234,0.0027648,0.952228,1.44021,0.991526,0.68943,0.525512,0.450785,0.484182,0.687429,1.16667,0.742867,-0.190133,-0.0689139,-0.0836358,0.0370588,-0.127788,-1.12254,-1.53397,-1.70951,-1.41315,-1.22921,-0.878076,-0.359089,0.253482,0.62138,0.726764,0.476538,0.150671,-0.262569,-0.589082,-0.769577,-0.803639,-0.733541,-0.601231,-0.453798,-0.282451,-0.0948854,0.0590829,0.130311,0.107164,0.0661398,0.106399,0.289297,0.535143,0.687541,0.683178,0.541412,0.350561
-0.772627,0.0334426,1.37856,1.62057,1.68061,1.24286,0.166289,-0.156621,-0.265844,-0.488751,0.436989,0.772938,-0.502878,-0.977979,-0.153721,1.67484,2.18232,0.669116,-0.0357676,0.984135,1.46903,0.721731,0.0847146,0.327779,1.03256,1.2763,1.12393,0.656664,0.272144,0.381985,-0.288584,-1.65552,-2.19671,-1.78186,-1.5743,-1.26724,-0.774701,-0.313888,0.173532,0.480913,0.571003,0.376322,-0.182349,-0.731957,-0.94996,-0.975423,-0.888834,-0.696747,-0.497518,-0.351423,-0.166666,0.0780686,0.295865,0.404232,0.398967,0.345522,0.398579,0.60831,0.886833,0.936248,0.665564,0.356519,0.140664
-0.24663,0.520717,1.50884,1.81119,1.85874,1.37151,0.249113,-0.448359,-0.495287,-0.28206,1.14445,1.12896,-1.18939,-2.0324,0.289326,2.72175,2.25264,0.210048,-0.316173,1.06431,1.39896,0.558298,0.0948923,0.151305,0.81725,1.47344,1.51856,0.986891,0.615431,0.575955,-0.595365,-2.25431,-2.79481,-2.36577,-2.02027,-1.48867,-0.935975,-0.382276,-0.0704468,0.164215,0.330287,0.0518099,-0.571306,-0.982993,-1.04847,-0.910952,-0.666377,-0.383592,-0.159126,0.00651055,0.204638,0.433541,0.601205,0.654773,0.618779,0.542194,0.617753,0.838509,0.978262,0.858243,0.517657,0.24898,0.122578
0.00530586,0.855075,1.64923,2.14952,1.8818,0.931441,-0.470555,-0.803763,-0.470852,0.450484,2.24452,1.72408,-0.538185,-1.31798,0.520858,2.28057,2.0108,0.424215,0.0905542,0.885593,0.686371,0.0293534,0.0738391,0.266527,0.839924,1.68844,1.79347,1.26436,0.589117,0.682791,-0.763099,-2.85643,-3.15802,-2.84055,-2.50848,-1.73683,-1.03661,-0.505992,-0.0470914,0.383576,0.640767,0.342461,-0.169506,-0.477977,-0.550254,-0.488381,-0.282798,-0.000354186,0.255524,0.479532,0.687219,0.819012,0.81537,0.698956,0.586289,0.577863,0.745656,0.905412,0.774655,0.546882,0.440748,0.364838,0.272007
-0.763335,0.236452,1.97331,2.14768,1.63645,0.546166,-0.958858,-0.861798,0.0903442,1.44563,2.22199,0.62261,-0.388606,-0.341159,0.712526,2.18078,1.81383,0.516845,0.320277,0.642757,0.0325058,-0.458398,-0.0986856,0.443288,0.683238,1.09758,1.40472,1.45856,1.02321,0.0500846,-2.22605,-3.10647,-2.92158,-3.10716,-2.62748,-2.14341,-1.15639,-0.253518,0.476382,0.955491,1.19362,1.08516,0.461381,0.0707479,-0.0471431,-0.042311,0.127411,0.432377,0.751231,0.985253,1.08836,1.03345,0.861138,0.658312,0.554224,0.622329,0.764355,0.757265,0.532304,0.38776,0.462818,0.494216,0.384527
-1.2391,-0.0438456,1.85875,1.83892,1.27216,0.497465,-0.67685,-0.938311,-0.926535,0.472601,1.26966,-0.399809,-0.543812,0.625431,1.25831,1.84895,1.6712,1.00462,0.498752,0.0935191,-0.261351,-0.00292968,0.770494,0.933403,1.01775,1.09226,1.4081,0.874796,0.362584,0.244579,-0.209876,-2.17917,-3.37122,-2.01564,-2.17122,-2.26455,-1.49772,-0.244092,0.685065,1.37704,1.69153,1.69349,1.18909,0.511035,0.296584,0.397176,0.680337,1.04114,1.30129,1.34417,1.21358,1.03247,0.885828,0.768628,0.709284,0.730378,0.679479,0.47306,0.299377,0.329818,0.469195,0.516452,0.433462
-1.71334,-0.524733,1.36799,1.40788,0.615391,-1.04464,-2.08234,-1.67847,-1.6022,0.0398985,1.30903,-0.966,-1.40896,1.27873,2.56692,2.36782,2.00187,1.4637,0.569174,0.383919,0.645116,1.20696,1.41633,0.894321,0.665532,0.740788,0.401711,0.0326347,0.679558,0.906206,-1.01787,-3.89472,-3.03363,-1.40474,-1.24821,-2.05316,-1.59825,-0.306345,0.562098,1.39336,1.98437,2.10919,1.71768,0.99825,0.75886,1.01134,1.41131,1.70613,1.68933,1.40989,1.10681,0.947941,0.927494,0.932635,0.880056,0.745925,0.48407,0.171529,0.0532895,0.181761,0.377,0.491751,0.492404
-2.65184,-1.34342,0.58375,0.604133,-0.179544,-2.27161,-3.33625,-2.80872,-1.98222,-0.240159,0.876903,-0.732878,-0.982496,1.70345,2.8252,2.50426,2.30907,2.1738,1.5693,1.35573,1.58968,1.41407,1.23904,1.19,0.9636,1.12832,0.331447,-0.200251,-0.21358,-2.02891,-3.22794,-2.88456,-3.58761,-1.96885,-1.41597,-1.06337,-0.716859,-0.161474,0.603895,1.49652,2.11437,2.4243,2.27387,1.68106,1.35229,1.61345,1.93981,1.95972,1.66414,1.27297,1.00353,0.936592,0.999108,1.00088,0.810011,0.522844,0.250816,0.0180311,-0.0775691,0.021601,0.230208,0.425314,0.482259
-2.61045,-1.52188,-0.395736,-0.0174498,-0.276122,-0.499583,-1.50028,-3.0273,-3.49109,-2.34022,-0.503591,-0.46192,-0.214461,1.8168,2.5527,2.51794,2.59628,3.7624,2.85316,1.39984,0.14513,-0.134357,0.587416,1.11273,0.279407,-0.292937,-0.20054,0.345446,0.789037,-0.515577,-1.77313,-2.99622,-3.11236,-2.69306,-0.786452,0.317391,0.231843,0.0636645,0.771697,1.75156,2.16013,2.48097,2.76765,2.54928,2.06858,1.92686,1.95837,1.76064,1.39101,1.076,0.934281,0.959008,0.980593,0.789994,0.456372,0.232419,0.152576,0.0560893,-0.0423495,-0.0172645,0.131706,0.279801,0.284848
-4.084,-2.85034,-0.521241,-0.16012,0.589173,0.692851,0.429163,-0.82803,-3.09494,-3.94482,-2.50864,-1.54842,0.0285856,1.96108,2.58185,2.69913,3.37495,3.50068,2.40452,0.467184,-0.912377,-1.60176,-0.930763,0.892832,1.34379,0.522379,-0.376975,-0.0884005,1.36179,1.49023,0.0423675,-1.21273,-2.07759,-1.73967,-0.105974,0.749851,0.554187,-0.0460957,0.39038,1.52012,2.03503,2.28974,2.83309,3.08811,2.69584,2.13066,1.75397,1.4356,1.10343,0.875172,0.814878,0.801022,0.622202,0.309459,0.126806,0.154588,0.206587,0.133296,0.0210076,0.0100571,0.0564347,0.0626236,0.0231186
-6.19361,-4.40684,-0.231474,-0.523913,0.657652,1.659,1.57266,0.190136,-1.2765,-2.87072,-2.8613,-1.51415,-0.162671,1.41007,2.63169,2.62663,2.81418,2.92494,3.1872,1.72502,-0.00509333,-0.908047,-1.21174,-0.478298,-0.249325,-1.00069,-1.65118,-0.185637,3.29195,3.7647,1.85246,0.941979,0.994109,1.273,0.899579,0.88742,1.35243,1.50915,1.10213,0.963626,1.44452,1.99228,2.55449,3.02925,2.95629,2.35978,1.66909,1.18805,0.883127,0.702677,0.58042,0.351071,0.0303133,-0.112643,0.00512363,0.164286,0.202218,0.124066,0.042775,0.0130913,-0.0329457,-0.067362,-0.0247515
-4.86176,-4.55132,-0.457145,-0.223338,0.750148,1.46184,1.50186,0.6973,-0.579899,-1.36079,-1.43078,-0.763052,-0.0724601,0.587438,1.40024,0.854208,-0.365889,1.32641,4.27722,4.16299,1.77127,-0.291854,-1.01488,-0.694845,-1.08413,-2.56036,-3.33288,0.112927,4.06742,4.21266,1.96609,1.36108,1.67379,2.16983,2.26308,2.05607,1.74272,1.95566,2.5499,2.35509,1.69349,1.74035,2.22466,2.64519,2.68694,2.29819,1.6501,1.06791,0.709247,0.441868,0.132667,-0.210341,-0.377869,-0.255746,-0.0360454,0.0790393,0.072763,0.0445151,0.0459998,0.0338947,0.018667,0.0839942,0.23985
-6.60426,-5.75542,-0.703727,-0.446893,0.484804,0.796251,0.89365,1.34569,1.82359,2.1071,2.15012,1.78162,1.34649,1.03342,1.04541,-0.0946277,-1.64944,-0.391051,2.91893,3.96806,2.16684,-0.0959319,-0.88875,-0.0314255,-0.133494,-1.66878,-1.92977,-0.0739088,1.81772,1.69794,0.859001,1.14982,1.70534,1.72707,2.06597,2.69986,2.92784,2.50972,2.22045,2.45253,2.30233,1.88189,1.98229,2.17105,2.10736,1.86879,1.47536,0.936653,0.401034,-0.0594445,-0.406693,-0.55718,-0.464805,-0.230873,-0.0549331,-0.0179759,-0.0284552,0.0272334,0.133121,0.215499,0.310596,0.483011,0.676096
-3.97806,-3.15559,-1.58732,-0.875201,0.102764,-0.121737,0.417685,2.21366,3.1161,3.81565,2.98505,3.37394,4.17213,2.44301,1.4518,0.172494,-1.69753,-0.830772,1.77474,2.89892,1.88402,0.523674,0.186131,0.436247,0.377067,-0.573066,-1.20319,-1.14858,-1.20602,-1.02486,0.224724,0.656598,0.733845,1.53901,2.57781,3.2596,3.59359,3.00086,1.93503,1.83352,2.13626,2.01446,1.84545,1.62967,1.31035,1.14569,0.955482,0.511961,-0.0959969,-0.568518,-0.725538,-0.624949,-0.38041,-0.129027,0.00187304,0.0239018,0.0631091,0.192609,0.359358,0.516503,0.692713,0.896869,1.03128
-2.58129,-2.09043,-1.39337,-1.00958,-0.155636,-0.541583,-0.399086,1.47,3.14481,4.44113,2.39604,1.77562,3.23729,2.7175,2.00483,1.48795,0.175223,-0.490523,0.259361,0.672069,0.326477,0.309225,0.417738,0.83677,0.424667,-0.401821,-2.15555,-2.38387,-1.20987,-0.315516,-0.560588,-0.358389,0.863907,1.88462,2.97699,4.02546,3.88665,2.31799,1.05604,1.27583,1.85327,1.93261,1.63788,0.983519,0.447768,0.37932,0.181327,-0.287707,-0.680663,-0.825947,-0.735363,-0.512032,-0.243574,-0.00787063,0.153404,0.285081,0.425567,0.560794,0.674588,0.805048,0.986096,1.15212,1.20443
-1.39899,-1.83738,-0.829703,-0.902957,-0.0955187,-0.392244,-0.611947,0.440859,2.36704,5.03932,2.63718,-1.75942,-0.234843,3.04701,3.45178,2.26673,1.90314,0.667611,-1.52711,-1.71796,-0.771466,-0.575782,-0.167828,0.392898,-0.158779,-0.790401,-1.42884,-1.13813,-0.318521,-1.83196,-1.62468,-0.0240472,1.55442,2.71268,3.54231,3.93288,3.38912,1.62111,0.473851,1.06837,1.66205,1.55219,1.08785,0.227959,-0.318096,-0.329674,-0.478473,-0.902265,-1.14822,-1.04448,-0.734117,-0.364233,-0.0387388,0.221124,0.470046,0.722774,0.89683,0.941471,0.921377,0.966395,1.11547,1.21637,1.14177
1.9263,1.25531,-0.640811,-0.0306863,0.50248,0.281128,-0.456152,-0.754865,0.555433,3.79753,2.80947,-2.31837,-0.913935,2.41058,3.30814,2.90262,2.50419,2.34111,0.413647,-0.894328,-1.16996,-1.32033,-0.956154,-0.300898,-0.341089,-0.544002,-1.02057,-0.382653,-1.13305,-2.48622,-1.62913,0.284434,1.53889,2.70953,3.34175,3.40974,2.27252,0.677543,0.418779,1.30033,1.65407,0.856352,-0.0478868,-0.7325,-1.08351,-1.03668,-0.964432,-1.06711,-1.13462,-0.972197,-0.667548,-0.344049,0.0458354,0.496409,0.889839,1.13504,1.18428,1.08407,0.976811,0.982596,1.04877,0.994355,0.823066
2.24925,1.73924,0.268859,1.05817,1.30549,0.158052,-0.310075,-0.53102,-0.0470892,1.808,0.997161,-1.15965,-0.226614,1.3849,3.08671,3.59369,5.38999,4.98428,4.35618,3.22468,0.555958,-0.975489,-0.935286,-0.601452,-0.237367,-0.38921,-0.701894,-0.238127,-0.680658,-1.71029,-0.805908,-0.0470326,0.963653,2.26108,3.25977,3.00898,1.47244,0.261608,0.363551,0.985739,0.664678,-0.604222,-1.26287,-1.56242,-1.71181,-1.53635,-1.20401,-0.992766,-0.826221,-0.498807,-0.141481,0.0268868,0.176284,0.547912,0.973788,1.17603,1.13481,1.00537,0.920292,0.874488,0.770927,0.602445,0.511692
1.56126,1.24636,0.535625,0.237079,0.614066,0.775467,0.137305,0.523404,2.17148,2.85214,0.696822,-1.26158,-0.672587,0.939033,3.49577,5.62249,6.6786,6.55172,5.75439,5.8132,4.14712,1.72828,-0.226418,-1.44305,-0.57342,-0.0355154,-0.303544,-0.491856,-0.48609,-0.707174,-0.492593,0.0769235,0.891725,2.04192,3.00894,2.47903,0.757147,0.0252472,0.308713,-0.009871,-1.03002,-1.72428,-1.90152,-1.92314,-1.90647,-1.59421,-1.13787,-0.796113,-0.458717,0.00599092,0.409894,0.559163,0.535233,0.595048,0.786295,0.93649,0.954689,0.890825,0.783904,0.623298,0.454929,0.384595,0.477958
-1.58704,-1.76853,0.684329,0.232315,0.801455,1.8396,1.97221,2.48891,3.64736,3.92383,1.71764,-0.138066,-0.766374,0.102738,3.84721,6.06426,6.90072,7.13123,6.72233,6.23078,4.38915,1.77429,-0.754173,-1.62945,-0.183806,-0.0604557,-0.167093,-0.273811,-0.0719891,0.0494823,0.00709501,0.563997,1.25466,1.97743,2.48826,1.53254,-0.127598,-0.321544,0.337394,-0.0958112,-1.28936,-1.91357,-2.00858,-1.83481,-1.66336,-1.28061,-0.872971,-0.557691,-0.167819,0.279476,0.603328,0.746168,0.765513,0.773286,0.82705,0.88334,0.88293,0.785283,0.598936,0.429379,0.375308,0.439207,0.59141
-0.93064,-1.27841,0.55267,0.0390059,0.535678,2.17594,3.01542,3.57126,4.07418,4.91508,4.38416,2.09019,-0.277444,-0.199049,2.91839,6.13442,6.44005,6.59236,6.76066,6.11881,4.18343,1.50527,-0.837821,-1.60574,1.07696,1.23339,-0.429738,-0.646242,-0.475903,0.200171,0.453328,1.13092,1.76206,2.17463,2.03332,0.708929,-0.66706,-0.585308,0.273261,0.214214,-0.723352,-1.57216,-1.67267,-1.46562,-1.1724,-0.818428,-0.552156,-0.34813,-0.0491258,0.257771,0.472718,0.645565,0.797351,0.890536,0.940105,0.969897,0.933484,0.77429,0.580143,0.511839,0.576179,0.695826,0.83982
-0.571976,-0.908227,0.400546,0.0949335,0.713681,2.48624,3.34168,3.60588,4.24927,4.45703,5.50443,3.97678,0.0806627,-0.803272,2.79134,6.02828,6.34823,7.28138,7.73299,7.55172,5.53638,4.02462,2.77156,0.888128,0.489274,2.1488,2.05223,1.03251,0.202876,0.105818,0.680799,1.44114,1.97961,2.26014,1.78322,0.43492,-0.674192,-0.599136,0.157568,0.351374,-0.304566,-0.894183,-1.19251,-1.02651,-0.68127,-0.456367,-0.397764,-0.334631,-0.159382,0.0635839,0.227054,0.35029,0.479563,0.598121,0.738487,0.947082,1.07547,0.983213,0.845309,0.832676,0.934528,1.06056,1.17828
-1.52054,-1.77471,0.489422,-0.128259,0.707746,2.50679,3.01305,3.38608,4.35016,5.08182,5.42357,3.81168,-0.625163,-1.49472,2.12041,4.4907,5.63461,7.30419,8.37745,7.76988,5.38059,3.44469,3.85656,2.17134,-0.564095,0.975399,3.96507,4.01685,1.93761,1.02405,0.990918,1.7104,2.12833,2.32574,1.82479,0.593707,-0.389229,-0.538954,-0.0810782,0.10396,-0.363206,-0.707791,-0.765875,-0.691764,-0.435186,-0.391068,-0.554253,-0.616778,-0.454006,-0.251377,-0.0733724,0.0749105,0.226721,0.434338,0.743179,1.1529,1.39773,1.33797,1.21611,1.17954,1.21061,1.25639,1.27528
1.03807,0.654226,0.200805,0.0447141,0.769512,2.45258,2.99611,3.2202,3.86088,5.11595,5.35232,3.21439,-0.294724,-0.811615,1.62618,3.70191,4.81424,6.6968,7.62346,6.85043,4.14131,2.17725,3.60241,2.26044,-1.15184,-0.499602,3.50396,4.98253,3.92372,1.81676,1.31117,1.90157,2.30081,2.49254,2.00868,0.818927,-0.159389,-0.593804,-0.450983,-0.137656,-0.477675,-0.776143,-0.643779,-0.529043,-0.410562,-0.406308,-0.635139,-0.88815,-0.85358,-0.601779,-0.339075,-0.0784352,0.206312,0.556828,1.01912,1.43285,1.55941,1.51214,1.34603,1.15303,1.01243,0.987677,1.04456
