uploads/wind/20200723/wind_field_11.json
{"header": {"parameterUnit": "m.s-1", "parameterNumber": 2, "dx": 0.051, "dy": 0.036, "parameterNumberName": "eastward_wind", "la1": 45.3082, "parameterCategory": 2,"nx": 177, "ny": 123, "refTime": "2018-09-30 00:00:00", "lo1":1.38177}, "data":
[rows 87 to 115 of 123, columns 0 to 63 of 177]
2.75765,2.63663,2.45458,2.92118,2.50051,2.10223,2.79893,2.99937,2.92319,2.51714,2.74902,2.59345,1.88964,1.65627,1.97369,2.72733,2.75998,2.20451,1.559,1.51045,2.08917,2.41182,2.9035,2.58572,2.05956,1.77554,2.19616,3.28328,4.11996,3.83926,1.35946,-0.296483,-0.354547,0.23363,0.977174,2.42958,3.84419,3.7897,3.65296,3.68551,4.4916,4.66872,3.18627,1.37638,0.774773,1.38796,2.12153,1.25851,-0.351726,0.108566,0.490718,1.19421,1.73444,1.93,2.57791,2.98406,3.44011,3.57606,2.7664,2.96286,2.92045,3.08588,2.87084,1.89982
2.9664,2.90108,2.95028,3.38886,3.44918,3.25509,3.80352,4.43731,4.40396,3.51722,3.175,2.79893,1.88628,1.89109,2.61371,3.45158,2.45362,1.55005,1.22412,1.65685,2.043,2.321,1.99622,1.86235,1.1119,1.07221,1.84016,2.8973,3.91154,4.53427,3.26289,0.681335,-0.312146,0.498673,1.53625,2.52432,3.59588,4.24725,3.96016,4.10292,4.37322,4.78303,3.79532,2.44439,1.94892,2.28513,2.54146,3.72223,3.37981,1.9312,0.279451,0.375435,1.20072,1.83271,2.14509,2.39737,2.97984,3.26303,2.85565,2.34786,2.43012,2.36138,2.5841,0.929773
3.29784,3.29796,3.18227,4.03404,3.52353,3.76481,3.65481,4.01332,3.35293,3.23223,2.77577,2.81017,2.24734,2.10702,2.4578,3.20889,2.47219,1.04927,0.399562,0.882698,1.09434,0.65096,0.609511,0.519547,-0.0845609,-0.562508,0.136034,1.86484,3.7099,5.70801,5.70551,2.68514,-0.0703091,0.868672,2.06922,2.81111,3.33435,4.1525,4.40283,4.73249,4.68615,4.38717,3.57196,3.02261,2.93989,2.97151,3.31174,4.68464,4.71815,2.28707,-0.372273,-0.0887898,1.03181,1.7504,2.1006,1.56425,2.69858,2.89807,2.04446,1.59108,2.95189,2.35755,1.83974,0.405468
3.6094,3.64318,3.50026,4.31735,3.98386,3.17811,3.18001,3.02932,2.76641,2.19362,2.5375,2.2887,2.45771,2.26369,1.62094,1.99084,1.72382,1.51737,0.704364,-0.258703,-0.496121,-0.131874,-0.55563,-1.51684,-1.61677,-1.89257,-1.39348,0.346406,2.97551,5.7505,7.46959,5.27901,1.70922,1.36479,2.45507,3.33965,3.67959,4.56969,5.35474,5.89429,4.85027,4.40496,3.41648,3.35888,3.39781,3.51418,3.80355,4.65989,3.96456,1.32011,-0.40331,0.404893,1.02271,1.18111,1.66825,1.36483,1.99705,2.7557,1.77505,1.61444,2.4577,1.62251,0.859317,1.02023
3.95962,3.92654,3.66889,4.2531,4.23412,3.8012,2.97827,2.37151,2.18414,2.09442,2.44467,2.59773,2.76058,2.13911,1.4711,0.918777,0.780874,1.00251,1.19991,-0.173156,-1.1029,-1.79057,-2.44891,-3.03858,-3.25659,-3.04979,-2.52065,-0.523227,2.13447,4.987,6.91338,5.75339,4.36687,3.03614,3.20281,3.40414,3.84542,4.87802,5.63944,5.57368,5.21237,3.93789,3.75545,2.81219,3.59771,4.10546,4.39199,4.77163,3.88791,1.99981,0.740894,1.1154,0.960088,0.799076,1.46185,1.6271,2.2105,2.58158,1.4154,1.25651,2.0091,1.26713,0.895976,1.77177
3.91733,3.92672,3.67512,3.99675,4.16518,3.94595,2.97345,2.43972,2.45267,2.67163,2.33082,3.66772,3.43227,2.95274,1.8559,0.775346,0.535202,0.573186,0.381343,-1.36575,-2.37325,-2.1328,-2.5286,-3.0718,-3.03746,-3.86336,-3.29429,-1.24546,1.44441,4.64089,5.51352,5.40297,4.86838,4.72442,4.22287,4.04043,4.172,4.82114,5.52568,5.23259,5.12576,4.2092,2.94587,2.22129,3.83388,5.32862,5.80359,5.8452,4.36891,2.84257,1.12799,0.49802,0.238912,0.49295,1.35659,0.842875,2.24604,2.60986,2.23007,1.30468,1.8592,1.48428,1.2127,2.0171
3.90436,3.82063,3.55056,3.79303,4.29821,4.64827,3.96316,3.17442,3.27108,3.44469,3.36028,4.00821,3.94734,3.40402,2.40485,1.18548,0.0636971,0.142656,-0.33239,-2.13379,-3.02435,-2.32273,-1.84019,-1.91363,-2.94501,-3.12632,-3.51738,-1.28515,1.35244,3.56226,3.94233,4.79861,5.18186,6.26281,5.66964,5.23703,4.37329,4.99147,5.25127,4.83485,5.02448,3.65381,2.83192,3.02014,5.7861,7.00254,7.3526,6.76761,4.40931,2.22315,0.539189,0.574026,0.314048,0.600366,1.6509,1.21447,2.19648,2.55163,2.27255,1.675,1.92025,1.91883,1.14982,2.13448
3.64193,3.58779,3.56871,3.61133,3.28362,4.01983,4.43346,4.36142,3.37577,3.45526,3.14782,3.82642,3.62433,3.2219,2.87033,1.76372,0.290553,-0.546417,-1.95781,-3.72002,-4.4597,-3.87241,-3.41676,-3.04548,-2.65326,-2.57613,-2.10015,-2.06381,-1.5287,0.89851,3.00273,4.93221,5.52651,6.10561,5.44388,4.28784,4.81399,4.96215,5.15906,5.71344,5.23619,4.6905,4.16043,5.02479,5.62718,6.11174,7.53295,7.3247,4.60768,1.64192,0.621487,1.31613,0.656626,0.12861,1.31615,1.69318,2.52832,1.65594,2.15904,2.3903,2.26945,2.06262,1.39883,1.98414
3.29638,3.38807,3.38313,3.99498,4.13665,4.19555,4.96501,4.74458,4.19094,2.98577,3.11057,2.87622,3.50479,2.90564,2.93845,1.92479,1.59684,-0.0128532,-1.97474,-3.19034,-3.61282,-3.25438,-3.8683,-3.62208,-3.53086,-3.08656,-2.94188,-2.92284,-1.67242,0.217085,3.14011,4.84182,5.45383,4.73693,4.77264,4.52497,5.40468,5.37252,5.68768,6.75039,6.47559,5.37436,4.95401,6.02899,5.98745,6.73492,6.8377,7.15292,3.22147,0.623796,0.366104,0.799625,-0.368645,-0.56982,0.368422,1.55125,2.28028,1.03794,1.58088,2.78942,2.61213,1.57044,0.988304,1.78793
2.98969,3.37029,3.35133,3.71315,4.67576,5.01277,5.09531,5.50202,4.99953,4.11175,2.85535,3.24275,3.67969,3.77535,2.50394,2.25063,1.10944,-1.29035,-2.60338,-3.15327,-3.84641,-3.75709,-3.66586,-3.62147,-3.48646,-3.05823,-2.72637,-2.01738,-0.939571,0.765665,2.50322,4.30153,4.95784,5.20293,4.35969,5.23617,5.93032,5.93693,5.98082,6.87769,6.57601,5.7234,5.7383,6.3848,6.55633,6.42699,6.66111,5.99713,3.68965,1.66291,0.357996,-1.02787,-1.39419,-1.01085,-0.19929,1.17234,1.96391,1.76277,2.0128,2.71201,2.95994,1.28849,0.621584,1.50308
3.15822,3.43279,3.60628,4.05128,4.4489,4.84961,5.28519,5.52692,5.48586,4.41758,3.48394,3.24885,3.96082,3.0456,1.74072,0.917386,-0.528198,-2.12284,-2.77622,-3.00255,-3.42695,-3.68342,-3.73419,-3.39245,-2.98597,-2.32317,-1.83122,-1.78301,-1.01446,0.261014,1.3409,2.40869,4.30555,5.13943,6.23516,6.07506,6.25578,5.70987,6.07762,6.31349,6.23403,6.14407,7.2118,7.47229,7.66597,7.4394,6.90695,7.1434,5.49141,2.27914,0.317832,-0.594281,-0.754374,-0.485171,-0.0417114,0.91618,1.22683,1.80203,2.85815,2.27946,3.21024,1.3231,0.493695,0.966419
3.21083,3.59869,3.47151,4.46041,4.35471,4.29994,4.31748,5.40086,5.19048,4.71912,3.44213,2.31043,2.1909,1.4203,0.31419,-1.38152,-2.42266,-3.54341,-3.77414,-3.45139,-3.05709,-3.26101,-3.19613,-2.82493,-2.40243,-2.23474,-2.5576,-2.23699,-1.15378,-0.277143,0.0863429,1.83414,3.64535,6.43682,4.73965,5.42901,4.62666,6.4246,5.49269,6.91834,7.0565,7.08221,7.64224,7.66299,7.78497,7.48524,7.14606,6.67884,5.005,2.43673,1.04921,0.703845,-0.103411,-0.369384,-0.0811233,0.898888,0.793745,1.61503,2.80071,2.43829,2.76757,1.58271,0.132502,1.13214
3.88176,3.16345,3.52736,3.62613,3.52306,3.78474,4.67948,4.70934,4.70473,3.42694,2.4067,1.42395,0.460674,0.245151,-0.74735,-3.37035,-4.63097,-4.36703,-4.20563,-3.17219,-3.27325,-2.29764,-2.73574,-1.86646,-2.28628,-3.60077,-3.38685,-2.47198,-1.2473,-0.553985,0.141709,1.57617,4.26659,6.48669,4.94792,3.27201,3.80943,4.77538,6.62758,6.8314,7.97156,7.41737,7.32983,7.36068,7.58801,7.66959,6.95659,6.58624,4.82823,2.74997,1.94364,1.11838,0.104421,-0.217795,0.110364,0.481567,0.918765,1.74586,2.73981,2.81763,3.29357,2.09215,0.729343,1.16728
3.86098,3.11705,3.52642,3.29602,3.56349,3.30517,3.60116,3.62092,3.19421,1.31505,0.329181,-0.398399,-1.30002,-2.47953,-4.13912,-4.56379,-4.6436,-3.83694,-4.00854,-3.61236,-3.18443,-2.82157,-1.82404,-1.4689,-1.7948,-1.88538,-2.72465,-2.90818,-2.40511,-1.10251,0.346711,2.5575,4.90158,5.88454,4.44894,3.657,4.35222,5.59764,6.37405,6.95,7.21758,6.89198,7.04598,6.81924,6.71334,6.70112,6.72185,5.76776,4.79112,3.33111,2.38386,2.11282,0.943684,-0.116965,0.117038,0.0721085,0.447939,1.51262,2.48776,3.37912,3.95313,3.21089,1.69337,0.805559
3.12183,3.03937,3.01379,2.91591,3.07389,2.71504,2.24136,1.22268,0.489732,-1.41688,-2.07745,-2.89981,-3.48345,-3.87644,-3.71983,-3.82569,-3.51429,-3.48999,-3.61135,-3.08235,-3.17278,-2.83093,-2.14068,-1.13092,-0.920517,-0.874656,-1.13814,-2.19783,-2.29885,-1.38902,1.29065,3.92604,5.25579,4.60377,4.45389,4.33876,5.20291,4.85519,5.22631,4.79893,5.53198,6.03783,6.8136,6.59555,6.12493,6.06347,4.74234,2.44732,3.35558,5.34708,5.29201,4.69212,0.984325,-1.58905,-1.38942,-1.37255,-0.438614,0.54864,1.75879,3.50258,3.73538,3.83891,2.37041,0.341203
2.81359,2.51586,2.1702,2.10146,1.70574,0.668885,-0.637543,-1.76292,-2.67418,-2.60642,-3.46448,-4.3867,-4.32705,-3.56968,-3.00461,-2.6552,-2.62373,-3.1415,-3.43931,-2.67661,-3.07553,-3.23231,-2.46609,-1.52476,-0.31157,-0.636651,-1.08052,-1.08304,-1.73922,-0.348791,2.88011,4.44631,4.05929,4.13887,4.66224,5.32915,5.10633,3.47224,1.31883,1.2673,3.14533,6.19401,7.14553,6.73516,5.43745,3.20232,0.939042,0.871421,2.40272,6.01024,7.28848,5.683,0.604458,-4.14056,-3.0498,-1.85865,-0.673202,0.109432,1.4891,2.98582,4.0044,3.80092,2.04023,-0.456111
2.59973,2.00038,1.38267,0.819436,-0.332883,-1.55115,-2.59283,-3.27018,-3.62595,-3.52964,-3.25924,-3.90654,-3.73884,-3.00409,-2.72995,-2.02611,-2.81987,-3.72925,-3.37189,-2.61069,-2.96239,-2.86439,-2.45794,-1.26355,-0.260224,-0.814542,-0.611781,-0.510021,-0.20291,1.70885,3.38565,3.40456,3.07998,3.52761,5.34574,6.24665,4.35899,1.39088,1.11778,1.79817,2.04489,4.44594,6.88244,6.44243,2.34152,-0.0317733,3.00312,3.26521,2.55641,4.31808,6.47218,4.68153,-1.24758,-3.57548,-2.29498,-1.26194,-0.598081,0.0449653,1.3776,2.63201,3.45413,2.79623,-0.0060208,-0.917114
1.94352,1.20182,0.43477,-0.344055,-1.59595,-2.5305,-3.12294,-3.26277,-3.49659,-3.90891,-4.50567,-3.91417,-3.32728,-2.77486,-2.88497,-1.81714,-2.63735,-3.53871,-3.25644,-2.09615,-2.18918,-2.55723,-2.13132,-0.938163,-0.124476,-0.625195,-0.189129,0.0706182,1.04734,2.61065,2.93524,2.74077,3.53886,4.25504,4.39403,3.7256,3.19217,3.56508,3.1346,2.43634,2.69464,3.28436,5.32625,4.15369,1.84795,1.61982,4.49713,3.66362,2.15116,3.91768,3.42524,1.0339,0.393152,1.33823,1.85193,1.49558,0.443554,0.0972115,1.29738,2.608,2.60648,0.9259,-0.24031,-0.587435
0.910071,0.202705,-0.296956,-1.20717,-2.15567,-2.5849,-2.62259,-2.87434,-2.73338,-3.4512,-3.64403,-3.56249,-3.69402,-3.50909,-3.03246,-1.85873,-2.56867,-2.80631,-2.79756,-1.53509,-1.62931,-2.25347,-2.20347,-0.871012,0.103935,-0.575117,-0.180392,1.52413,2.33853,2.44185,2.45724,2.09078,1.17244,1.60457,3.03948,3.86899,3.4901,3.02989,3.77931,3.17799,2.75557,1.93473,1.83619,2.19076,2.81864,4.15926,5.19162,4.53531,3.24335,3.31707,1.82172,1.09984,1.61479,3.7874,4.75152,4.57646,2.95343,0.991313,1.16646,1.49935,0.705911,-0.198673,-0.165919,-0.265954
0.477543,-0.140376,-0.800596,-1.38403,-2.21553,-2.25015,-2.31785,-2.63278,-2.70673,-2.62941,-3.19426,-3.10411,-3.43301,-3.22341,-2.9543,-2.05917,-1.5968,-1.72149,-1.867,-1.65278,-1.48824,-2.35765,-2.7812,-0.764746,0.374305,-0.0653531,-0.257149,1.16916,3.13173,2.69054,0.4351,-1.19618,-1.08876,0.995942,2.47297,2.98974,2.9153,2.98092,4.11821,4.09828,3.99166,2.09236,0.836117,1.99711,3.15932,4.72118,4.85334,3.93703,2.54081,2.4127,1.74191,1.64515,2.9694,5.20868,5.68853,4.2198,3.47391,1.62918,1.47762,0.911546,0.110256,-0.0342445,-0.154098,-0.321921
0.545191,-0.015716,-1.03422,-1.34683,-1.76347,-1.86347,-1.92205,-2.08108,-2.11269,-2.36535,-3.29953,-2.95093,-2.7267,-2.61427,-2.64948,-1.56193,-1.01868,-0.813933,-0.738018,-1.3969,-1.58047,-2.81915,-2.55488,-0.868679,0.090634,0.601018,0.561478,0.560494,0.511748,-1.37868,-2.09192,-1.12604,-0.863931,0.23862,1.9527,3.48709,3.42264,3.58504,3.72946,4.73427,3.85481,2.32295,1.36501,1.41222,2.4955,4.09962,3.8514,3.22837,1.85485,1.7299,2.04047,1.82715,2.14982,5.65376,9.02351,6.34433,5.51083,4.13667,2.68049,1.34564,0.18988,0.49223,0.270631,0.183654
-0.0269002,-0.45933,-0.887864,-1.51123,-0.942138,-0.871492,-1.68309,-1.48056,-1.38385,-2.45228,-3.15478,-2.38609,-2.17147,-2.37945,-2.04108,-1.43244,-0.935855,-0.43771,-0.343218,-1.07504,-1.22392,-2.20743,-2.01915,-0.89711,-0.401176,0.675454,1.23176,0.378026,-1.34469,-2.69515,-2.28313,-1.62291,-1.53409,0.261652,2.74549,3.57915,3.13507,3.34873,3.97029,4.38485,2.77668,1.43914,1.22062,1.40586,2.58937,2.94531,2.55105,2.95279,2.32633,2.13526,2.04853,2.54057,2.34663,5.61445,9.68544,10.1256,8.24328,6.81659,4.65702,1.6018,0.716432,0.812837,0.836187,1.04918
-0.0766754,-0.369984,-0.986787,-1.57269,-0.747194,-0.65582,-1.71365,-0.80315,-1.92383,-3.1526,-2.84878,-1.53495,-1.92041,-1.82618,-1.61168,-1.15078,-0.779293,-0.479152,-0.61524,-1.37271,-0.661708,-1.1214,-1.4663,-0.93816,-0.0189301,0.488629,1.3269,0.733521,-1.0996,-1.61275,-1.54227,-1.14277,-0.760465,0.759931,2.49077,3.34916,3.14669,3.9319,4.18014,3.51893,1.77664,1.60534,1.7652,1.63009,1.83996,1.34098,1.54092,2.46594,2.32854,2.13491,2.1215,2.54735,3.8103,5.59948,9.6008,11.0847,8.63655,7.97826,7.963,4.99786,2.54106,1.69801,1.50097,1.98473
-0.00978586,-0.294614,-0.679302,-1.5637,-0.505699,-0.757308,-1.48961,-0.898912,-2.13131,-2.7327,-1.61795,-1.04289,-1.37534,-1.73961,-1.63627,-1.28365,-0.711888,-0.731485,-1.19916,-1.02123,-0.61692,-0.856632,-0.922387,-0.890244,0.0926702,0.745094,1.48862,1.48744,1.06467,0.683267,-0.287171,-0.569954,0.068027,1.09983,1.80758,2.93788,3.18725,4.14113,3.63555,2.39407,1.15626,1.41312,2.0214,1.85213,1.40539,0.457025,1.16286,2.01038,2.27101,2.07215,2.28935,2.54664,4.23215,6.22621,8.46729,10.4534,8.06382,8.00124,8.86095,6.62653,2.5058,1.35917,2.45417,2.77329
-0.19046,-0.409255,-0.46763,-1.20979,-0.499238,-0.897724,-1.55356,-1.06227,-2.29991,-1.91149,-0.900084,-0.390393,-1.16524,-1.66935,-1.75077,-1.38471,-0.97387,-1.02733,-1.23873,-0.785354,-0.337319,-0.420273,-0.38278,-0.791059,0.137037,1.10213,1.18697,1.21101,1.18846,0.675814,0.800248,0.684995,0.13348,0.909748,1.57323,2.39559,3.03539,3.71182,2.92183,0.908227,0.517975,1.13721,1.83167,1.97888,1.12222,0.609415,1.04673,1.51545,1.70034,1.67956,2.70459,2.67547,4.4214,5.29803,8.64603,9.3923,9.04193,7.742,7.87786,5.56899,1.06054,0.741337,2.54361,2.34589
0.321091,-0.0387245,-0.260886,-0.947537,-0.565044,-0.698554,-1.46821,-0.82011,-1.72497,-1.18257,-0.503,-0.135593,-1.24295,-1.50828,-1.78142,-1.44364,-1.20653,-1.05869,-1.03602,-0.360321,0.0291003,0.122508,0.633131,0.228848,0.702231,1.93194,1.60304,0.688517,0.598005,-0.0562334,-0.0146446,-0.128396,0.246289,0.61459,0.67816,2.6827,3.33419,2.9254,1.97608,0.476647,0.10543,0.941217,1.26024,1.2824,0.685463,1.09363,1.50651,1.38426,0.915471,1.36044,3.36631,3.9261,4.01318,5.59092,7.85688,9.82174,9.92474,7.07933,6.61489,5.01004,1.67386,0.931972,1.7673,1.70107
0.841083,0.545241,0.0740604,-0.4587,-0.630746,-0.867575,-0.994657,-0.697624,-1.22061,-0.74504,-0.32725,-0.199717,-1.06537,-1.76894,-1.25907,-1.40737,-1.16346,-1.09848,-0.545349,-0.215774,0.180658,0.569368,0.967884,1.15875,1.03346,1.77399,2.70057,2.68384,1.14704,-0.610909,-1.31777,-1.48104,-1.34602,-1.53565,-1.91153,1.07074,2.3559,1.1022,0.698516,0.348535,0.283416,0.526487,-0.0966487,-0.179412,0.412003,1.09548,1.08522,0.407237,-0.0893367,2.05484,4.08714,5.90891,5.26435,5.7136,7.25219,9.55765,10.7123,9.11111,6.87501,5.57901,3.0222,0.962305,0.97816,0.951427
1.62693,1.06172,0.416863,-0.00948377,-0.366064,-1.02781,-1.01446,-0.490992,-0.940997,-0.494147,0.0308368,-0.129778,-0.5999,-1.66486,-1.39906,-1.48731,-1.30275,-1.07487,-0.207496,-0.0233036,0.563681,1.04559,1.40433,1.85863,1.83531,1.19624,3.20155,2.46773,0.298115,-0.467705,-1.59793,-1.93225,-1.87103,-1.91864,-1.08146,-0.0682028,0.357098,-0.15073,-0.37363,0.06116,0.0330738,-0.794987,-1.77925,-1.10811,-0.0399506,0.175805,-0.44256,-0.507119,-0.0247643,1.27878,4.27871,6.55449,6.92471,6.89876,7.47603,8.4671,8.71555,8.96558,8.51776,5.98421,4.19887,0.334453,-0.148519,0.557755
1.85694,1.41152,0.576081,0.408169,-0.371816,-0.809455,-0.917236,-0.259729,-0.312148,-0.500914,0.269261,0.0718383,-0.803101,-1.48522,-1.51002,-1.14783,-1.11783,-0.636111,0.0343066,0.260782,1.19518,2.02622,1.76542,1.59117,2.24447,1.93457,1.63505,0.998997,-0.261333,-0.458705,-0.680707,-0.950062,-1.51411,-2.05489,-1.46183,-0.881744,-1.02171,-1.28843,-1.20637,-0.435529,-1.21883,-2.51472,-2.63396,-1.97076,-1.1081,-1.38278,-1.87923,-1.23787,0.0233064,0.601735,4.57039,6.97783,9.14673,9.84965,10.4199,7.20441,7.13548,7.41472,6.95006,6.18639,4.25911,0.368543,-0.165751,0.0802094
