uploads/wind/20200723/wind_field_10.json
{"header": {"parameterUnit": "m.s-1", "parameterNumber": 2, "dx": 0.051, "dy": 0.036, "parameterNumberName": "eastward_wind", "la1": 45.3082, "parameterCategory": 2,"nx": 177, "ny": 123, "refTime": "2018-09-30 00:00:00", "lo1":1.38177}, "data":
[rows 56 to 83 of 123, columns 64 to 127 of 177]
0.0616696,0.244649,0.408595,0.502999,0.526024,0.513331,0.493034,0.509533,0.685342,1.12438,1.73203,2.30102,2.72376,3.03226,3.29849,3.54536,3.71273,3.82718,3.90299,4.20747,4.75519,5.3933,5.77773,5.82819,6.09908,5.6075,5.05149,5.6296,5.20179,6.09087,5.43069,4.28187,5.20132,6.16756,6.26358,5.94377,6.13764,6.54696,6.64956,6.95325,6.89761,6.05378,6.07276,6.08907,5.15218,4.36103,4.36581,4.47402,4.16569,3.66397,3.70769,4.71519,4.90998,3.97781,3.23595,3.07936,3.17322,3.28617,3.15081,3.4073,4.42105,4.35016,3.54712,3.42887
0.386322,0.506214,0.598176,0.644937,0.640084,0.606472,0.591619,0.673546,0.962608,1.47382,2.05112,2.51572,2.83881,3.14303,3.49567,3.817,4.02698,4.16073,4.29496,4.64063,5.11087,5.34724,5.81194,6.5948,7.15384,7.12634,6.57474,5.84124,6.19283,6.60254,5.85005,4.6341,3.33367,2.92937,3.71093,4.90839,5.8569,6.24308,6.62049,6.76929,6.71266,6.28185,5.0101,4.57588,5.03915,4.67265,3.99357,4.0419,3.97482,3.84427,4.57584,4.70254,3.7456,3.23075,2.95868,3.37266,4.79352,5.06527,4.02683,3.34758,3.47126,3.65106,3.54396,3.47009
0.723697,0.772388,0.814346,0.828106,0.812252,0.812783,0.861863,1.02337,1.36824,1.85055,2.29998,2.60581,2.87407,3.28074,3.7859,4.20572,4.46677,4.57741,4.74487,4.95272,5.41671,5.18431,6.06716,5.31485,4.54891,4.40727,5.08015,5.61064,6.95907,4.76108,6.2262,5.78306,5.01966,4.68793,4.20824,4.0738,4.75959,5.35133,5.92453,6.21256,5.97472,5.66153,5.14403,5.23822,4.91688,4.42666,5.18473,4.96308,3.83817,3.5355,3.73134,3.73873,3.55293,3.26511,2.93009,2.94045,3.41391,3.58882,3.55811,3.43836,3.90582,4.96791,4.55849,3.57822
1.02647,1.06152,1.06957,1.04461,1.03736,1.09788,1.23891,1.46465,1.79678,2.16308,2.4185,2.59024,2.94082,3.59968,4.31029,4.77637,4.9923,5.04523,5.09802,4.95359,5.20186,5.09966,6.24235,5.23785,5.2956,4.48115,4.18485,4.54441,4.75686,4.32627,3.37103,3.904,5.27293,3.25241,3.48948,4.02293,5.14522,5.45532,5.32156,5.01595,4.83091,4.30781,3.34433,3.33892,3.35021,3.49822,4.65498,4.96139,4.12604,3.52934,3.36482,3.314,3.08273,2.74212,2.6341,2.66937,3.54304,5.08548,5.03935,4.69014,5.04218,5.06966,5.20678,4.38855
1.32041,1.35306,1.31319,1.24506,1.25109,1.37964,1.60763,1.87235,2.1473,2.3429,2.4101,2.57983,3.18505,4.04916,4.8094,5.21421,5.31762,5.27624,5.63196,5.37116,5.97938,4.81226,5.03629,4.80695,4.69167,3.98884,3.59484,3.74993,3.6858,2.92569,1.95767,2.42038,3.46703,3.76443,3.8849,3.07932,4.49216,5.51123,5.6656,5.66523,5.00722,4.0757,3.61696,3.08657,2.53937,2.28088,2.46611,2.87142,3.08852,3.15095,3.2898,3.48961,3.56601,3.29766,3.55875,4.36551,4.51266,4.80905,4.83182,3.81211,2.98681,2.91432,3.18984,2.96713
1.55141,1.59585,1.5079,1.3966,1.40338,1.57167,1.85265,2.16079,2.40534,2.44166,2.46504,2.70774,3.37094,4.46363,5.37178,6.05644,5.54821,5.86625,4.53393,4.7196,4.28835,4.19849,4.28619,4.38339,3.50468,0.801799,0.0622058,1.62296,1.94764,1.54442,1.13016,1.83484,2.8864,2.36579,2.19772,2.55653,3.36384,3.66089,3.9675,3.35384,2.95955,2.66117,2.76039,2.74204,2.48898,2.22957,2.18661,2.36627,2.62358,2.83015,3.04684,3.28482,3.45933,3.4932,3.6449,3.83722,3.83106,3.86538,3.47812,2.45869,1.70137,1.63977,1.87493,2.02193
1.61517,1.77577,1.75629,1.63687,1.63623,1.81984,2.08766,2.3252,2.40267,2.38368,2.53652,2.9383,2.79741,4.4137,3.96722,4.08569,3.01354,3.26595,3.22753,3.32922,3.02808,3.20308,3.54787,4.15731,1.88826,-0.722426,-0.750468,-0.657432,0.855404,1.22634,1.22753,1.93577,2.34817,1.47758,-0.123307,0.423853,0.357103,1.2045,0.302957,-1.65688,-1.02199,0.0323818,0.867068,1.22339,1.54326,1.91507,2.24513,2.44948,2.56363,2.63356,2.70912,2.80858,2.91198,2.98238,2.97413,2.90528,2.91245,2.96818,2.9103,2.66862,2.23355,1.86961,1.82059,1.94761
1.78895,1.96044,1.91747,1.92718,2.05613,2.28621,2.47071,2.57227,2.5842,2.63945,3.00963,3.24901,2.94472,3.97505,3.96891,3.62973,2.8473,2.7256,3.08821,3.50146,2.96472,2.79167,3.07704,2.88601,0.473591,-0.431974,-0.27846,-1.20356,0.349081,1.40131,1.90281,1.57758,1.94423,1.34841,0.299937,-0.713562,-1.47467,-1.78033,-2.51319,-2.89325,-1.68575,-1.29905,-0.621153,0.0128681,0.536798,0.988222,1.28704,1.54961,1.77423,1.94248,2.04589,2.11851,2.18442,2.2108,2.16596,2.12676,2.17081,2.23319,2.22504,2.11524,1.92654,1.75038,1.67738,1.71954
1.97481,2.17257,2.37574,2.25931,2.28057,2.55174,2.80708,2.65033,2.41196,2.38405,2.94948,3.19475,2.88862,4.25295,4.02303,3.88316,3.13463,2.71656,3.74283,3.38684,2.43124,0.879315,1.31289,0.783408,0.00229467,-0.316799,0.450917,0.540282,-0.215466,1.13922,1.24996,1.17644,0.787176,0.896575,1.57499,-0.647441,-2.54247,-3.89446,-3.66505,-2.91238,-1.93237,-1.93605,-1.59355,-1.05064,-0.66167,-0.403702,-0.129517,0.228869,0.412065,0.552361,0.552104,0.566944,0.586307,0.584222,0.58488,0.625451,0.692291,0.760948,0.826341,0.88846,0.965671,1.05306,1.14289,1.26255
2.38761,2.67527,2.46261,2.65395,2.86533,3.02477,2.75808,2.53375,2.90469,3.41314,4.32416,4.80425,3.78929,4.20689,3.6692,3.93955,3.30788,2.20023,2.33979,2.51631,1.59168,1.41522,0.919275,0.321705,0.545208,0.726402,0.899125,1.0692,0.685572,1.03812,1.02745,1.03777,0.706664,0.510026,0.851501,0.31514,-1.49662,-2.99163,-2.82723,-3.23987,-1.88393,-2.13943,-1.92955,-1.39389,-1.28728,-1.08673,-0.909748,-0.82089,-0.847346,-0.917791,-1.02221,-1.02921,-1.03775,-1.02966,-1.01623,-0.978756,-0.879454,-0.705761,-0.478076,-0.224813,0.0391255,0.294636,0.524305,0.73718
2.4608,2.54883,3.6436,1.8863,2.58121,2.53345,3.47415,2.93462,2.282,1.68868,2.20446,2.94159,2.90749,3.46902,3.13912,3.81002,2.64463,1.49914,0.951465,1.53519,2.61833,2.55201,2.23962,1.40075,1.15395,1.50999,1.15307,1.12118,1.23139,1.28327,1.44675,1.06185,0.162897,0.0985076,-0.28063,1.26564,0.987252,-1.53395,-2.50391,-3.23513,-1.5448,-1.99971,-2.26743,-1.73715,-1.75179,-1.56293,-1.33621,-1.21806,-1.27292,-1.31549,-1.38309,-1.42047,-1.44219,-1.44757,-1.46375,-1.49027,-1.46204,-1.33885,-1.16279,-0.993979,-0.839903,-0.618722,-0.309417,0.0547943
2.40551,4.0849,2.97952,0.851457,1.44682,3.14918,3.21018,2.40668,0.965695,0.465713,1.751,3.06222,3.2466,2.89611,2.57527,2.18664,1.56401,1.76063,1.54136,1.70138,2.37551,3.18118,3.09206,2.5196,1.70295,1.87444,1.55894,1.40258,1.47916,1.43143,1.98352,0.866877,0.604855,0.377018,-0.550706,0.815654,1.49372,0.0782745,-3.11289,-3.25703,-3.67316,-2.78822,-2.90627,-2.25115,-1.6519,-1.60588,-1.60264,-1.51619,-1.70739,-1.70936,-1.77194,-1.80444,-1.78913,-1.7694,-1.75336,-1.7907,-1.82968,-1.85151,-1.83349,-1.7601,-1.64499,-1.4689,-1.18085,-0.781771
2.13746,3.13543,2.46296,0.972709,1.21702,3.18712,1.64756,-1.72074,-2.0078,-0.318474,2.7644,3.95032,3.59573,2.75679,2.5355,2.03428,2.19269,2.38113,2.20208,2.15095,2.86219,2.99351,2.88872,2.21244,2.16151,1.81955,2.0639,1.76065,1.87668,1.97213,1.90168,0.616301,-0.0580217,-0.589341,-0.791823,0.0850225,0.544797,-0.873475,-3.77592,-3.11153,-2.49678,-2.35852,-2.78915,-3.7443,-1.86087,-1.79193,-2.08246,-1.85003,-1.95879,-1.87281,-1.85463,-1.88854,-1.92608,-2.01787,-2.02335,-2.00862,-2.07614,-2.29651,-2.46097,-2.38237,-2.16318,-1.92712,-1.59968,-1.25539
2.07406,2.63541,2.74124,2.09312,1.34013,2.4093,0.554609,-2.56915,-1.79337,-0.100453,2.91246,3.85888,2.97547,2.34219,2.45876,2.6683,2.79675,2.77415,2.63494,2.80945,3.42468,3.31375,3.61488,2.53846,2.236,2.27311,2.49696,2.00307,2.23779,1.42937,0.215818,0.0245835,0.235461,-0.408628,-0.610642,-0.783952,-0.895332,-0.702446,-2.82125,-1.70375,-0.837592,-0.939163,-2.67938,-3.22149,-3.67178,-1.85219,-2.11187,-1.85383,-1.61486,-1.61546,-1.49567,-1.72577,-1.91179,-2.19052,-2.3094,-2.43733,-2.58887,-2.71191,-2.65727,-2.44212,-2.2385,-2.04787,-1.74445,-1.46337
2.11773,2.46837,2.55215,1.74797,2.53848,1.68442,-1.60135,-0.382865,1.7957,1.63012,2.67212,3.04192,2.66264,2.00404,2.74759,2.67596,2.94833,2.91183,2.52185,2.06432,1.92961,2.9123,3.32603,3.28075,2.29714,1.89585,2.01156,1.9523,1.00784,-0.260964,-0.22338,-0.400692,-0.395063,-0.735453,-1.08976,-1.56733,-0.921589,-0.184602,-0.783403,-0.135845,-0.00130857,0.204744,-1.71717,-3.18169,-3.45401,-1.47703,-1.54131,-1.67209,-1.62663,-2.05913,-1.90302,-1.91283,-1.92591,-2.24556,-2.47801,-2.56991,-2.52102,-2.48664,-2.43309,-2.33206,-2.24193,-2.11484,-1.87397,-1.6072
1.68276,2.18511,2.22454,2.41594,2.16661,2.48327,1.65321,1.91086,1.83607,1.85006,2.09246,2.85018,2.7369,2.88693,3.12216,2.70068,2.84371,2.44351,1.97757,0.89613,1.42172,2.11974,2.76716,2.36086,1.56526,1.47715,2.13765,1.5771,0.56562,-0.95492,-0.661961,0.0486148,-0.331552,-0.919171,-0.766788,-0.755744,-0.819353,-0.374746,0.31664,0.203409,0.69796,0.49349,-1.94494,-2.7094,-2.93127,-1.01935,-3.67007,-2.47509,-1.8692,-2.12664,-1.90829,-2.10198,-2.13969,-2.35971,-2.36512,-2.29579,-2.17788,-2.12203,-2.13716,-2.1682,-2.17364,-2.18203,-2.12897,-1.89494
1.12145,1.67059,2.33759,2.3669,2.13884,2.77534,2.33988,2.16331,1.72944,2.55396,2.51853,3.22,2.72909,2.91228,2.62199,2.32306,2.05822,2.35462,2.27022,2.141,2.17546,2.49324,2.78812,2.26049,1.92211,1.96351,2.1737,1.15744,0.603114,0.0164048,0.00385374,0.866508,0.146028,-0.203132,-0.0541662,-0.711822,-1.0098,-0.618961,0.464967,-0.0923713,-0.186962,-1.31001,-2.33317,-2.09321,-2.16332,-1.42852,-2.76508,-3.17938,-3.62423,-1.76475,-1.74437,-2.14859,-1.99839,-2.26993,-2.30945,-2.47965,-2.34352,-2.1605,-2.19933,-2.45195,-2.58731,-2.57527,-2.38154,-2.12048
1.32153,2.01814,1.88308,2.06928,2.51825,2.70997,3.00685,2.03226,2.45802,2.4623,2.97075,2.71157,3.28206,3.29243,2.38817,2.02046,1.95226,2.20037,2.45223,3.01684,2.84255,3.47894,3.3053,3.47338,3.27049,2.61602,1.39216,0.301363,0.943676,1.50314,1.35602,1.64631,1.2338,0.484431,0.150416,-0.598396,-0.927611,-1.34416,-0.707039,-1.07043,-0.498452,-1.15466,-2.21688,-1.70746,-1.05861,-1.4065,-3.14755,-3.69678,-1.61955,-1.20218,-1.81921,-1.83836,-1.84871,-1.93349,-2.14362,-2.44175,-2.51046,-2.45541,-2.4271,-2.53582,-2.55707,-2.57881,-2.75267,-2.83557
1.34469,1.81476,1.60759,2.28907,2.51798,2.75258,2.62804,2.52847,2.33496,2.48419,2.19929,2.74111,3.14672,2.94246,2.56014,2.25438,2.52578,2.86088,2.73484,2.95437,3.07594,2.97085,3.33831,3.38455,3.45506,2.2038,1.46519,0.861354,1.10789,1.59239,1.7203,2.25475,1.72507,1.37359,0.890185,0.329957,-0.275648,-0.69452,-1.38321,-1.43702,-0.467761,-0.0728624,-1.00429,-1.09765,-2.01819,-2.11579,-2.82162,-3.14057,-3.13907,-0.756748,-1.00278,-1.81656,-1.81529,-1.80623,-1.70248,-1.89905,-2.09479,-2.15765,-2.20634,-2.33683,-2.42729,-2.44522,-2.49556,-2.55082
1.22029,1.70235,1.90797,2.58578,2.63358,2.50118,2.04238,2.14467,2.04988,1.86844,2.53101,3.21406,2.83094,2.84047,2.73009,2.80343,3.08094,2.95695,2.8159,2.92868,2.83227,2.73804,2.97031,3.42878,3.02283,2.57968,1.69827,1.27576,1.31499,1.45648,1.90922,2.35953,2.49017,2.25963,1.41155,0.904006,0.68174,0.168998,-0.861472,-1.24617,-0.560248,0.439152,0.816634,-0.341829,-2.0846,-2.06293,-1.86005,-2.07274,-2.23879,-2.478,-4.06927,-3.17868,-2.89459,-2.08595,-0.987822,-0.665743,-1.20599,-1.84857,-2.12345,-2.10139,-2.05698,-2.16917,-2.27374,-2.31284
1.73333,2.129,2.33922,2.66744,2.17433,1.95336,1.37049,1.11847,1.5009,2.90142,3.61467,4.18394,4.01504,3.70965,3.42776,3.53569,2.98333,2.98702,3.36338,2.98939,2.44152,2.38848,2.78066,3.32463,3.23955,3.05798,2.12084,1.47037,1.61256,1.84057,2.85852,3.07113,2.85416,2.12534,1.54912,0.741163,1.44478,1.7135,1.03482,-0.045901,0.0918745,0.515746,1.13598,-0.540966,-1.96583,-1.19765,-0.569681,-1.50012,-1.42129,-1.47526,-2.15958,-2.25009,-2.91459,-3.96239,-1.73239,-0.185365,-0.184278,-1.3632,-2.0144,-2.30856,-2.41617,-2.26784,-2.1011,-2.33818
2.19172,2.19345,2.42277,2.18404,1.84436,1.55677,0.961848,1.08519,2.95731,3.20888,4.02243,3.43356,3.86417,3.65558,3.94347,3.88602,3.73706,3.40275,3.71381,2.99551,2.50903,1.82322,2.1653,2.97514,3.24643,3.34624,2.69554,2.45289,2.35782,2.6167,2.81787,3.72297,3.45185,1.78661,0.509257,0.63603,1.13586,1.9557,1.25379,0.579948,0.807654,0.823727,0.742942,-1.03366,-1.85792,-0.618092,0.00941291,-0.388397,-1.0638,-0.767397,-0.423228,-0.725666,-1.46412,-2.61239,-3.67141,-1.53876,-1.0076,-2.17861,-3.76617,-4.33508,-4.08207,-3.65363,-2.61622,-2.20176
2.12674,2.40434,2.5845,1.89886,1.75905,1.54416,1.57849,2.13787,3.13872,2.64042,2.34415,2.18028,2.24684,2.66645,3.01166,2.31533,1.98066,2.00157,2.53428,2.5166,1.90584,1.59418,1.59349,2.67072,3.0771,2.971,3.02702,2.95635,2.52011,2.27984,2.98536,3.77205,3.48218,0.69607,-0.196748,0.576425,0.725318,0.902679,1.24907,1.3518,0.929069,0.205405,-0.153526,-0.53774,-0.80966,0.0407178,0.357949,-0.661132,-2.02792,-1.1964,0.388099,-0.221825,0.347058,-0.067158,-2.24847,-2.42589,-2.01555,-2.63109,-3.23018,-4.82361,-3.98496,-4.14902,-4.06862,-3.05282
2.04348,2.39587,2.29447,2.31104,1.60859,1.3913,1.68701,2.59354,3.66435,3.09218,3.03552,2.92673,2.8196,3.08951,2.60389,2.12153,2.02888,1.77599,1.26284,1.10353,0.462214,0.254628,0.947829,2.07042,2.78036,3.21903,2.76065,2.16305,1.96251,1.91506,2.65649,3.49184,3.50883,0.355092,-0.718806,-0.483763,0.98004,2.03173,-0.841562,-1.04531,-1.20216,-1.53871,-1.80825,-1.36386,-1.45275,-1.86799,-2.29572,-2.88499,-3.04715,-1.31474,0.513817,0.503984,1.10569,1.98875,0.105245,-1.81222,-1.60916,-1.12435,-1.35335,-2.76667,-3.68841,-3.24423,-4.6641,-4.10671
2.03764,2.47167,2.24532,1.94275,1.17343,1.50549,2.06935,3.01203,3.67223,3.8999,3.81474,3.89329,3.50057,3.33048,2.72994,3.20018,3.69354,3.4649,2.67715,1.88469,0.511175,-0.481165,0.130271,1.5537,2.53242,2.62387,2.61053,2.26352,1.86704,2.30551,2.73136,3.45391,1.19683,-1.35141,0.10241,-1.27212,1.03089,2.86814,-1.56595,-1.70245,-1.14516,-1.88232,-2.52799,-2.46373,-2.67409,-2.81334,-2.78972,-2.80676,-2.39272,-0.879166,0.581539,1.11245,1.21071,1.96579,0.155613,-2.4132,-1.73319,0.144206,1.13499,-0.527042,-2.36034,-2.17392,-2.47216,-3.99428
1.87534,1.84139,1.63671,1.55277,2.11541,1.77839,2.45506,2.87543,3.61464,3.98647,4.18286,4.10046,3.74866,3.20209,2.74586,3.04282,3.42348,3.3538,2.88113,2.18405,1.41343,1.06642,0.659247,1.39679,2.57854,2.61497,2.30689,1.90074,2.17676,2.72052,3.19485,2.73897,0.886122,0.428513,1.77092,-0.097171,0.783905,0.664008,-2.34164,-1.39513,-0.466235,-1.20769,-1.89484,-2.51215,-2.50562,-1.54302,-1.5104,-1.83148,-1.769,-0.819567,1.16028,1.61078,1.19769,-0.102813,-1.8789,-2.63682,-0.922511,0.341413,1.66013,2.79574,0.310337,-1.62203,-1.85322,-3.40522
1.43288,1.33425,0.989065,1.71494,2.15555,2.41047,2.46528,3.31675,3.38406,3.48787,2.72161,2.48279,2.73596,3.15379,3.2392,3.69622,2.863,2.86282,2.54043,2.09952,1.65895,1.75403,1.24806,1.56266,2.44391,2.66384,2.49873,1.98438,0.629666,1.60624,3.09491,2.97342,1.62575,0.870891,1.66433,0.668472,0.450282,-1.17419,-3.9789,-2.26427,0.00303722,0.14045,-1.50279,-1.39004,-0.67958,-0.664466,-1.22825,-1.98356,-1.35097,0.154653,1.51202,1.91449,1.9023,0.198042,-1.62186,-0.938084,-0.215121,-0.281584,0.319901,2.89912,2.50944,-0.652839,-1.3461,-2.54539
0.868036,1.00475,1.09618,2.08294,2.25665,3.03794,3.03732,2.94062,3.28634,2.88916,2.13996,2.06486,2.00002,2.55704,3.41069,3.99331,3.3078,1.95759,1.79359,2.34372,1.8181,1.87229,1.09279,0.703313,1.40662,1.70406,0.739165,0.133569,-0.3698,0.822469,2.7444,3.28201,2.35621,1.27582,1.56878,1.06671,0.541912,-1.58448,-3.57173,-2.06117,-1.19193,-0.39831,-0.138482,-0.447995,-0.272313,-0.327098,-0.814159,-1.74642,-0.254325,0.864001,0.32455,0.23235,2.34359,2.18714,-1.05535,-0.602048,1.19242,0.892537,0.0257376,1.50536,1.5137,-0.107266,-1.06205,-2.04997
