uploads/wind/20200723/wind_field_13.json
{"header": {"parameterUnit": "m.s-1", "parameterNumber": 2, "dx": 0.051, "dy": 0.036, "parameterNumberName": "eastward_wind", "la1": 45.3082, "parameterCategory": 2,"nx": 177, "ny": 123, "refTime": "2018-09-30 00:00:00", "lo1":1.38177}, "data":
[rows 58 to 86 of 123, columns 65 to 129 of 177]
0.937747,0.836886,1.28743,2.02324,2.58636,2.80655,2.84133,2.91189,3.09125,3.35483,3.5633,3.67309,3.68042,3.78926,4.09406,4.4074,4.91638,5.45878,5.52317,5.43869,5.17887,6.94758,6.61993,5.40431,5.50131,6.6735,7.05925,8.878,6.4365,8.37111,8.05583,7.80081,7.67754,7.00645,6.26651,6.52554,7.33846,7.49203,7.48333,7.59462,7.75001,7.58373,6.85526,5.34105,4.40592,4.75029,4.1098,3.00733,2.86271,3.43026,3.85256,3.57882,3.16886,2.97576,2.96368,3.51607,3.77326,3.86347,4.62107,4.25306,3.70511,4.47285,4.65539,3.91796,3.28075
1.10652,1.06283,1.47416,2.17789,2.79237,3.18492,3.43777,3.58488,3.56505,3.4085,3.22843,3.15719,3.29766,3.68633,4.19708,4.71418,5.17986,5.89292,5.79327,5.61817,5.688,7.41887,6.43764,6.94088,6.49017,6.18397,6.06058,6.02686,5.93324,5.03842,5.3866,7.36884,6.05033,8.20688,8.25853,8.18057,8.07786,7.67903,7.29903,7.03415,6.90017,6.73253,6.24184,5.64883,5.01711,4.78118,3.85869,2.7796,2.68161,2.8525,3.16218,3.34736,3.29576,3.16122,3.17133,3.17051,3.50943,4.53985,4.86708,4.2039,3.67974,3.59287,3.62628,3.43292,3.09844
1.44603,1.58058,1.99734,2.6031,3.2112,3.621,3.63461,3.31334,2.90556,2.66516,2.61415,2.85582,3.31347,3.96195,4.31268,4.88871,5.72389,6.49937,6.27029,7.00719,5.32866,5.65141,5.69196,6.20064,5.999,5.5406,5.11871,5.2079,5.11532,4.1407,3.75592,4.48914,4.9928,6.08191,6.04676,7.86422,7.99383,8.01184,8.01213,7.81538,7.43716,6.87983,6.27017,5.17007,4.37046,4.68123,4.51882,3.99334,3.20024,2.49341,2.55003,2.77574,2.95286,3.16582,3.19436,3.47315,4.6182,4.85717,4.57881,4.88409,4.77912,4.83632,4.33329,3.22799,2.85108
1.93635,2.29875,2.75987,3.22779,3.49476,3.31381,2.78235,2.39726,2.38602,2.56734,2.81623,2.99721,3.92867,5.10023,6.14409,6.18395,7.27206,5.61029,5.64211,4.77163,4.47359,4.72445,5.52758,6.24302,5.79053,4.74691,4.21227,3.85459,4.27056,3.77766,3.1847,4.06475,4.21581,4.51469,4.55861,5.66205,5.68863,6.32176,6.41764,7.25328,7.20248,6.61259,5.45259,5.15252,5.13723,4.16648,2.99306,2.53112,2.44209,2.41875,2.45803,2.53997,2.68807,2.8055,3.42003,4.53667,4.67519,4.1398,4.50907,4.78911,4.15281,3.77198,3.58418,3.20409,3.01354
2.40276,2.74685,3.04272,3.12004,2.85838,2.40478,2.11898,2.18323,2.43647,2.77125,2.83205,2.42473,4.84768,5.01105,5.50503,4.40818,4.53698,4.50809,4.47517,3.83994,3.81521,4.18198,5.3457,6.25264,5.48656,3.5398,2.07647,2.75463,3.33103,3.18304,3.02742,3.875,4.17852,3.80973,4.12953,3.89368,4.26305,4.75975,4.99091,5.64963,6.22851,6.06974,5.4266,4.32864,3.18395,2.44197,2.01701,2.05761,2.26785,2.42096,2.50149,2.57519,2.7546,2.86749,3.09206,3.91202,4.25611,3.86361,3.86408,4.06094,4.15972,4.04033,3.62922,3.33443,3.17628
2.54506,2.7779,2.92185,2.89075,2.65471,2.33827,2.30629,2.58145,2.92899,3.29012,3.12134,2.71513,4.7901,5.19545,5.16741,4.80356,4.63863,4.6955,4.64189,3.90158,3.71675,4.55763,5.20171,5.93385,5.60844,3.55109,0.878426,1.199,2.31631,2.78631,2.89161,3.96427,4.37259,3.34276,2.99826,3.20701,3.44249,3.59852,3.25005,2.5922,3.7434,4.53414,4.60048,3.90895,2.42531,1.62024,1.80644,1.95065,1.91395,1.92078,2.10104,2.39203,2.75902,3.04406,3.2315,3.56566,3.68391,3.46326,3.45276,3.7431,3.97711,3.77758,3.32799,3.03484,2.90638
2.49942,2.66469,2.76699,2.59673,2.28061,2.29885,2.44801,2.64186,2.7842,3.18481,2.40488,1.8232,4.54264,5.2814,5.63162,5.5777,5.00703,5.33517,4.88602,4.8784,3.99681,4.2577,5.47637,5.44077,5.44119,4.60629,1.73913,0.438363,1.51872,2.08434,2.74148,3.85408,4.6001,3.74574,2.11366,2.33443,2.10145,-0.884174,-1.66396,0.292643,2.33906,3.52496,3.74293,2.47898,1.3798,1.3907,1.37199,1.15608,1.07205,1.24931,1.63409,2.10819,2.57583,2.94836,3.18434,3.31586,3.34695,3.29082,3.21473,3.17414,3.15676,3.06843,2.89178,2.70841,2.61184
2.72673,2.74968,3.01334,2.85987,2.39545,2.01575,2.36937,3.02645,3.75621,4.45141,4.02362,3.22875,4.72372,4.70676,5.44629,5.32162,5.01085,4.99374,5.02014,4.11195,4.32211,3.94219,4.20095,3.81886,3.58369,4.05938,3.17677,0.7983,0.805538,1.49118,2.34964,3.83463,4.6351,3.13859,0.777592,0.537211,0.465636,-0.262304,-0.859015,-1.09461,0.238889,1.29711,1.02636,0.456604,0.395927,0.436266,0.323657,0.420958,0.748267,1.21604,1.69491,2.10898,2.44316,2.70377,2.89367,3.00962,3.06967,3.08457,3.05232,2.97371,2.85091,2.71654,2.59759,2.48925,2.42745
2.20612,4.24748,2.93607,2.69655,2.18048,4.25401,4.18067,4.10532,4.4085,3.96866,3.54667,2.56929,3.43776,3.69825,5.1545,4.86453,4.59018,4.32077,4.08673,4.47329,4.55147,4.74904,4.06874,3.68937,3.84743,3.91692,2.08725,0.537588,0.521606,1.1723,2.13412,2.47116,2.96131,1.48387,-0.903489,-1.22057,-1.58941,-1.81501,-3.02218,-3.07213,-2.77764,-2.09646,-1.59489,-1.08213,-0.782127,-0.536124,-0.117901,0.42002,0.992833,1.45671,1.80153,2.04552,2.23516,2.3879,2.49342,2.55792,2.59286,2.60966,2.61355,2.58261,2.5075,2.42261,2.35526,2.31421,2.30651
4.10963,4.2967,1.75149,1.77592,3.87223,4.44148,4.25963,4.0036,3.65641,3.64923,3.00317,2.42849,3.0222,3.68232,4.27473,4.33664,4.08978,3.62186,3.97184,4.27154,5.03204,4.96154,5.23086,4.18347,4.01857,3.77924,1.4221,-0.0240812,0.881711,1.77517,2.20922,2.25065,2.49946,0.832124,-0.832667,-1.02022,-2.06726,-3.53453,-3.30066,-4.09313,-3.37322,-3.29085,-2.05639,-1.54528,-1.2238,-0.733501,-0.112198,0.463017,0.85418,1.13809,1.36424,1.53635,1.65162,1.72428,1.76795,1.7758,1.75971,1.74426,1.74456,1.76839,1.798,1.83183,1.87828,1.93987,2.01644
3.49395,4.26149,3.46999,2.83251,3.53882,3.98029,3.43732,4.84654,4.57835,5.19784,4.30225,3.93477,3.80832,4.44498,4.29942,4.49114,4.74134,4.92649,4.51274,5.06914,4.50016,4.87918,4.36488,5.16902,3.83779,3.63776,1.34431,-0.240523,0.590642,1.68495,1.88792,1.6535,1.59232,-0.34719,-1.027,-2.37993,-3.90715,-4.5927,-3.92716,-3.3781,-2.27149,-1.01497,-1.06231,-0.973187,-0.93504,-0.871117,-0.477133,-0.17103,0.260464,0.56398,0.767322,0.925914,1.01844,1.06906,1.10194,1.10845,1.0681,1.00954,0.992148,1.02912,1.09622,1.18382,1.29643,1.42195,1.55912
3.51832,4.25013,4.2203,3.08909,3.12854,3.70963,2.5096,3.83473,4.37232,5.46888,4.77067,4.56035,4.45491,4.78758,5.12946,5.18013,5.06541,4.90703,5.14023,5.68369,4.92805,5.67799,4.47162,4.70399,3.59149,3.3805,1.30911,-0.869072,-0.0702485,1.91485,1.63663,-0.326019,-0.807781,-2.64524,-3.437,-4.88171,-4.23826,-4.19485,-3.18482,-2.31893,-1.45086,-0.80534,-0.744062,-1.22173,-1.14553,-1.41851,-0.843815,-0.263452,-0.033911,0.167594,0.402519,0.516729,0.719821,0.835444,0.91614,0.914132,0.833262,0.694099,0.541253,0.435429,0.414603,0.478266,0.61099,0.806729,1.04407
3.89615,4.11412,4.66047,4.26958,3.07934,0.709239,0.802472,3.50744,4.08995,4.54259,4.58174,4.7212,4.10483,5.09292,4.83918,5.52515,5.74262,5.36528,5.07978,4.69442,5.00778,4.54898,3.92615,3.3563,2.54523,3.18403,2.24197,-0.697222,-0.0418538,1.53765,0.749358,-1.67868,-1.14838,-2.17872,-3.08155,-3.82921,-3.43775,-2.63539,-1.77075,-1.10133,-0.494993,-0.961126,-1.6235,-2.56163,-2.05787,-1.16935,-0.484561,-0.670458,-0.375817,-0.0520308,0.0759353,0.292327,0.494975,0.643042,0.73306,0.813637,0.77162,0.604647,0.369849,0.187262,0.0600409,0.00693872,0.0532919,0.227663,0.51971
3.74175,4.22616,4.95691,4.72839,4.52325,2.39048,2.212,3.0394,4.04296,4.00908,4.63273,4.32068,4.45587,4.73936,4.59423,5.3097,4.98449,5.25419,3.94649,4.07378,3.82838,4.36622,3.81184,3.50722,1.6537,2.54195,2.46208,0.907738,0.503905,0.210052,-0.200077,-0.593523,-0.316462,-1.30478,-1.78923,-2.72158,-1.9982,-1.35313,-1.00446,-0.148279,-0.0251724,-1.63412,-2.63637,-3.022,-0.452332,-0.955051,-1.29552,-0.0377455,-0.228991,-0.362008,0.00555528,0.113539,0.276782,0.438331,0.529987,0.67343,0.694835,0.558121,0.266968,-0.0793812,-0.344509,-0.458704,-0.421626,-0.250208,0.000261636
4.1016,4.36718,4.61169,4.28016,4.62179,3.43213,2.92307,2.43658,3.93582,3.71548,4.81395,4.01156,4.38788,4.22654,4.51355,4.46479,4.75447,4.9549,4.51363,3.90031,3.75529,4.02338,3.69442,3.16567,2.53219,3.40933,3.21008,1.72678,0.653554,0.557356,0.40493,0.131412,-0.175536,-0.805726,-1.09946,-1.76162,-1.22876,-0.713585,-0.67138,0.029112,-0.864659,-2.11511,-2.50859,-2.7492,-0.325531,-0.950033,-1.06817,-0.68208,-0.972513,-0.644544,-0.605679,-0.303171,-0.128519,-0.00842168,0.0573176,0.249716,0.200594,0.0510413,-0.28788,-0.548385,-0.699899,-0.70346,-0.621763,-0.504898,-0.412248
4.34771,4.29725,4.18805,4.2752,4.24618,4.53745,3.22196,3.39194,3.34676,4.2996,4.25095,5.01729,5.2419,4.57147,4.50555,4.20418,4.45703,4.87409,5.52468,4.83486,5.50707,4.89916,5.06563,4.77018,4.44687,3.64759,3.29547,2.46493,1.5867,1.61216,1.15499,0.50782,-0.271098,-0.214863,-0.355993,-1.13152,-1.06817,-0.729473,-0.995922,-0.78352,-1.93201,-2.17398,-1.93039,-1.64932,-0.52646,-1.70216,-2.52585,-1.50536,-1.19045,-1.24835,-0.965892,-0.547141,-0.524889,-0.356765,-0.272867,-0.112475,-0.206539,-0.271814,-0.398843,-0.506151,-0.626374,-0.678959,-0.655575,-0.593583,-0.559585
4.42185,4.378,4.19282,4.06227,4.05978,4.26491,4.48933,3.61155,3.63304,3.74302,4.50473,4.83975,5.15401,5.33852,5.47103,5.48958,6.17015,5.76616,5.7371,5.54725,5.2933,5.68979,5.06614,5.18627,4.41011,4.94526,4.39338,3.96408,2.25868,2.15887,1.76344,0.906939,0.23121,0.411534,0.649635,-0.148899,-0.202047,-0.94298,-1.30304,-0.668877,-0.655737,-1.12507,-1.11022,-1.43321,-1.11608,-2.10995,-2.41316,-2.35329,-0.864536,-1.01926,-1.31374,-0.952981,-0.608539,-0.327853,-0.24177,-0.151598,-0.175919,-0.212205,-0.266109,-0.348538,-0.492119,-0.621564,-0.683098,-0.69111,-0.670587
4.2476,4.15973,4.14203,4.03382,3.95958,3.92461,4.15194,4.11772,3.73442,4.05393,4.47377,4.17236,4.51355,4.73336,4.94943,5.33511,5.29079,5.48947,5.53373,5.48,5.35383,5.39875,5.3173,4.53424,4.77278,4.98594,4.66666,4.49956,3.79518,3.15153,2.64009,1.86515,1.2508,1.1274,1.43697,1.20772,1.11792,-0.0875832,-0.913759,-0.00195578,0.814349,1.01829,0.5191,-1.05644,-1.30645,-1.3173,-1.43095,-1.49418,-1.2556,-2.32301,-1.82961,-1.17127,-0.3972,0.140911,-0.0358442,-0.207849,-0.410744,-0.58078,-0.541475,-0.588209,-0.695937,-0.785519,-0.873269,-0.972789,-1.02519
3.69021,3.81097,4.16767,3.54125,3.64718,3.41349,4.00321,3.54735,4.51466,4.53265,4.8993,4.74171,4.73723,4.79383,5.38233,5.49163,5.91725,6.45706,5.8243,5.51177,5.93294,6.20958,5.64491,4.86893,4.8965,4.91126,4.85112,4.67595,4.06695,4.36962,3.48588,2.53008,1.87963,2.15491,1.54754,2.0738,1.86711,0.811066,0.2065,0.800181,1.4826,2.40263,1.63993,-0.214715,-0.839595,-0.0799535,-0.496277,-0.783652,-0.701564,-1.44007,-1.36742,-0.382791,-0.904707,-0.437888,0.126992,-0.0983323,-0.425839,-0.654564,-0.723536,-0.744047,-0.820531,-0.931946,-1.08324,-1.19029,-1.23258
2.79722,3.30531,3.20824,3.27283,3.31025,3.20488,3.02448,4.09284,3.84285,4.82279,4.03543,4.68911,4.75215,5.39952,5.56462,5.8733,5.6651,6.38736,5.43535,5.54934,5.02201,5.60939,5.52651,4.94924,5.48474,5.46122,5.87556,4.6989,4.41857,4.39811,4.45218,3.03557,2.55302,2.73288,2.18983,2.19646,2.53022,1.78267,1.39904,2.18564,2.24818,2.76285,1.95034,0.274882,0.22486,1.09369,0.655309,-0.696859,-0.688406,-0.385471,0.134774,0.578273,-0.160275,-1.04678,-0.96122,-0.841097,-0.881892,-1.05743,-1.01505,-0.500844,-0.592327,-1.231,-1.33515,-1.25603,-1.11526
2.83412,3.23324,2.68893,3.27308,3.42443,3.52282,3.01296,3.62462,3.5803,3.64764,3.31368,3.54418,4.17336,4.9316,4.73692,5.16756,4.62503,4.76728,4.89857,4.89836,5.14452,4.92477,4.96886,4.73317,4.85155,5.17287,5.18646,4.35993,4.06835,4.42477,4.59098,4.54637,3.34989,3.192,2.36041,2.15973,2.46065,2.61747,2.39861,3.27424,2.97179,2.94807,2.25136,0.759213,1.109,1.34608,-0.53938,-2.15544,-0.893018,0.875244,0.401134,1.04451,1.23324,-0.546638,-0.717599,-0.115569,-0.576001,-0.287313,-0.990265,-0.706901,-0.329894,-0.961934,-1.09187,-1.10478,-1.14976
2.86744,2.98093,3.1999,3.39386,3.51921,3.79642,3.26432,3.77697,3.6283,3.73521,3.75568,4.07041,4.70842,4.75328,4.63465,4.37387,4.49476,4.68265,4.82116,4.4925,4.39717,3.77144,4.65809,4.99147,5.71644,5.34362,4.76469,4.08872,4.06918,4.303,4.59532,4.61344,4.378,2.90185,2.62227,2.48497,2.69611,2.60866,2.91738,3.8752,3.23392,1.51094,0.649395,0.233222,0.00467896,-1.6044,-2.99059,-2.57002,-0.839917,0.683334,0.562137,1.30708,2.46519,0.331299,-1.61797,-1.56422,-0.769987,0.461842,-0.266088,-1.40824,-0.868239,-1.74545,-1.3986,-1.21809,-1.47448
2.65666,3.08757,3.09158,2.72626,3.44818,3.00441,2.98495,3.48115,4.39508,4.38858,4.4955,4.51948,5.27316,5.15923,5.96291,6.21058,6.37704,6.66297,6.51805,6.61384,5.15625,4.81126,4.16235,5.18223,5.64473,5.90202,5.71469,4.76473,4.61203,3.90726,4.61807,4.07927,4.72562,3.49884,2.72088,2.66683,3.33413,2.70517,3.09075,2.08411,-0.41913,-0.981178,-0.983256,-2.316,-3.13921,-3.57922,-2.97635,-2.12946,-0.939743,0.735471,1.2778,1.27857,2.09095,-0.262387,-2.73525,-2.13961,-0.366224,1.75869,1.88282,-0.315605,-0.948782,-0.480528,-1.18162,-1.33304,-1.25808
2.29323,2.82808,2.69267,3.08698,3.15225,3.00381,2.62047,3.94549,4.59,4.75809,4.60278,4.5433,5.24402,5.68968,5.90946,6.08323,5.84572,6.11103,6.53159,6.68709,6.85354,6.47739,5.59543,5.36741,5.07488,5.4038,5.67687,5.90397,5.46641,5.17877,4.03174,3.65596,4.09966,4.95872,3.07681,2.61567,3.3182,3.21909,1.73944,-0.696827,-1.72069,-1.17272,-1.86848,-2.74283,-3.00831,-2.7475,-2.06331,-1.41433,-0.754773,0.995921,1.85015,1.33804,1.28436,-0.631285,-2.16814,-0.957768,-0.028294,1.02767,3.14367,2.87684,0.179635,0.482698,-0.380719,-1.79363,-1.39975
1.29849,1.71698,2.30911,2.50318,2.8187,2.97744,3.51501,3.77272,4.28766,4.07878,4.25776,4.46276,5.43003,6.03153,7.2993,5.94965,6.07764,5.65347,5.93744,6.22958,6.22924,6.16013,6.26915,5.87645,5.96375,5.48861,6.15556,5.39126,5.82979,6.07723,4.89131,4.2002,4.60333,5.27461,4.64102,2.88397,3.15131,1.98635,-1.22168,-1.63115,-0.346785,-0.879482,-1.30483,-1.05059,-1.76514,-1.7799,-1.83403,-0.726998,0.629848,1.13101,1.8054,2.37214,2.16891,0.235431,-0.538957,0.409675,-0.0103039,-0.20206,2.57926,4.15091,1.29768,0.536304,-0.426546,-1.795,-1.59018
-0.321072,0.212953,1.32049,2.01796,2.50441,2.98486,3.46473,3.7432,4.50621,4.70129,4.2899,4.00569,4.90076,6.38085,6.69468,6.12628,5.66565,4.84511,4.97163,5.89464,6.5068,5.63155,5.2094,4.99044,5.44857,5.38521,6.07158,4.37709,4.70843,5.02044,4.68864,4.82159,5.12082,5.16552,5.17902,3.01172,2.54075,1.4096,-0.159377,-0.760608,0.250678,2.04205,0.392227,-0.584008,-0.444999,-0.205857,-1.04957,-0.0996815,1.526,0.945501,0.523176,2.70639,4.24488,2.22031,0.338759,1.39957,1.54879,0.827237,1.9603,3.18985,2.61395,1.68627,-0.13106,-1.31706,-1.27246
-1.29959,-1.21171,0.729373,1.41672,2.11071,2.88941,3.8052,4.38266,4.74807,4.59323,5.02534,4.90076,6.38122,7.43403,7.42352,5.82386,4.70131,4.14414,4.77448,5.65092,6.05027,5.49355,4.5738,4.76339,4.44155,4.91332,4.48707,4.28034,4.02865,4.48333,4.51733,4.20596,4.44122,4.97603,5.09869,2.56596,2.30365,1.4722,1.35733,0.51261,0.451745,3.42104,3.00619,0.10475,0.200703,0.512698,-1.11347,0.405434,2.22348,-0.929532,-1.45412,2.07066,4.47672,3.09044,0.393536,1.0922,3.07679,1.94871,-0.140229,1.51619,3.46697,2.96158,-1.85819,-2.32168,-2.80156
1.05219,-0.341323,-0.0593641,1.07928,2.16088,2.70365,3.23104,4.0063,5.12936,5.07804,5.47818,5.83368,7.29459,7.87346,7.6494,6.61879,5.45637,5.85909,5.56477,6.30443,6.34297,5.83595,5.39327,4.02271,3.8906,3.61187,3.92062,4.38706,4.61234,4.31769,4.3675,4.57497,4.23893,4.52247,4.45102,3.18963,2.60333,1.73231,2.46774,2.4093,0.930923,1.97133,2.73495,1.12969,0.915502,-0.663761,-2.03591,1.19343,1.81981,-0.589624,0.401867,2.36872,4.1382,3.53011,1.86336,0.760098,2.26393,2.92623,0.893176,1.25457,1.60002,-1.42343,-3.27655,-3.12472,-3.47232
1.81709,1.74367,1.83975,2.24523,2.69694,2.73641,3.0513,4.07676,4.75172,4.68674,5.72971,6.81865,6.99344,7.11937,5.81709,6.0945,6.11155,5.70331,5.16916,5.56897,6.02309,5.77231,5.82262,4.12468,3.45157,3.3119,3.47017,3.59292,3.76721,3.49377,3.57579,4.96954,5.42061,4.70016,2.83199,2.99517,4.42877,3.86428,3.71927,2.7576,-0.723944,-0.387832,0.666855,0.910556,2.09777,-1.10139,-1.4375,1.81902,0.99535,-0.427059,1.33303,3.06782,3.97131,4.22887,1.38699,-1.53289,0.0327276,3.40898,2.81263,-0.0511672,-2.20359,-3.42656,-2.44709,-1.98435,-2.4338
