uploads/wind/20200723/wind_field_04.json
{"header": {"parameterUnit": "m.s-1", "parameterNumber": 3, "dx":  0.051, "dy": 0.036, "parameterNumberName": "northward_wind", "la1": 45.3082, "parameterCategory": 2,"nx": 177, "ny": 123, "refTime": "2018-10-03 01:00:00", "lo1":1.38177}, "data":
[rows 0 to 27 of 123, columns 0 to 62 of 177]
-3.31306,-3.90455,-3.89447,-3.79086,-3.85074,-3.95818,-3.80651,-3.69922,-3.57009,-3.46038,-3.40629,-3.25426,-2.76573,-2.23055,-1.67605,-1.16957,-0.885502,-0.858644,-0.830873,-0.933547,-1.05989,-1.20225,-1.37474,-1.54317,-1.82804,-1.85747,-1.60768,-1.1209,-0.820555,-0.288914,0.423502,1.00157,1.50606,2.11715,2.20658,1.89526,0.708162,0.0109028,0.212873,0.830913,1.06719,1.67428,2.365,2.53086,2.28347,1.36007,0.931655,0.985719,1.86197,2.16528,2.08432,1.94295,1.90464,1.7041,1.53355,1.46922,1.52396,1.53614,1.58328,1.54003,1.26617,1.07412,0.895082
-3.39882,-3.98253,-3.89109,-3.76507,-3.81489,-3.93028,-3.8156,-3.75666,-3.6955,-3.65274,-3.71269,-3.7363,-3.2717,-2.81734,-2.30847,-1.84465,-1.55698,-1.4529,-1.28632,-1.32276,-1.30786,-1.30747,-1.34087,-1.34628,-1.47639,-1.46715,-1.31665,-1.031,-0.963393,-0.671528,-0.159443,0.347511,0.582131,1.10351,1.34055,1.35444,0.753062,0.560548,0.850091,1.32585,1.15091,1.57746,1.84426,1.95937,1.8825,1.5916,1.2489,1.58835,2.1256,2.39192,2.10532,1.88991,1.78005,1.60728,1.55269,1.52605,1.69873,1.37994,1.34578,1.28854,1.07846,0.929543,0.794376
-3.39428,-3.57834,-3.47062,-3.68008,-3.50949,-3.56881,-3.50951,-3.50098,-3.41433,-3.32859,-3.23267,-3.24132,-3.14239,-3.03043,-2.8472,-2.6612,-2.46322,-2.24879,-1.98105,-1.78095,-1.57221,-1.40174,-1.29266,-1.19245,-1.11176,-1.02333,-1.05505,-1.03631,-1.01512,-0.961126,-0.855471,-0.50681,-0.315732,0.232856,0.569371,0.711591,0.666757,0.984803,1.07992,1.21335,1.16783,1.46891,1.34202,1.37737,1.40197,1.48541,1.41164,1.81438,1.95948,2.33404,1.87844,1.68763,1.55316,1.43147,1.34876,1.28389,1.36961,1.08779,0.987005,0.892726,0.789666,0.70574,0.646587
-3.26272,-3.46224,-3.23999,-3.49901,-3.24801,-3.67522,-3.27951,-3.66938,-3.32224,-3.52849,-3.06586,-3.17625,-3.39406,-3.13386,-3.00331,-2.86526,-2.70085,-2.51139,-2.27585,-2.01676,-1.73405,-1.48603,-1.30446,-1.19093,-1.07468,-0.945642,-0.948439,-0.899653,-0.897689,-0.984903,-1.15037,-1.11476,-0.98061,-0.248068,0.307051,0.420972,0.605212,1.12441,0.578343,0.654449,0.908821,1.14082,0.994522,1.04815,1.03897,1.12417,1.41846,1.56307,1.66074,1.82941,1.46207,1.35839,1.28144,1.2991,1.21281,1.08367,0.948685,0.72839,0.697898,0.573681,0.531794,0.497321,0.475469
-3.00943,-3.00958,-2.79195,-2.79238,-2.92295,-3.44242,-3.03651,-3.45393,-3.03158,-3.4124,-2.82573,-2.91916,-3.29985,-2.978,-2.91782,-2.83226,-2.72004,-2.59902,-2.4407,-2.217,-1.93719,-1.65338,-1.42792,-1.29173,-1.19761,-1.0977,-0.992588,-0.881966,-0.871652,-1.01249,-1.23471,-1.30815,-1.26557,-0.593469,0.119939,0.143712,0.43138,1.20134,0.465279,0.110935,0.574309,0.6068,0.751105,0.849857,1.05182,0.98958,1.21718,1.59125,1.28138,0.824729,1.06648,0.928002,0.953778,1.122,0.948191,0.795971,0.622119,0.301302,0.378645,0.19325,0.239294,0.264465,0.291799
-2.7016,-2.57132,-2.39515,-2.14582,-2.34832,-2.61783,-2.82751,-2.64649,-2.58924,-2.69857,-2.61609,-2.53619,-2.68407,-2.64501,-2.62705,-2.62613,-2.60853,-2.59239,-2.56416,-2.4474,-2.22378,-1.92338,-1.62249,-1.41661,-1.31549,-1.22062,-1.09596,-1.0615,-1.13501,-1.25657,-1.31489,-1.30891,-1.20857,-0.902317,-0.454464,-0.32082,-0.0585488,0.42171,0.230614,-0.210836,0.172161,0.19094,0.541249,0.569629,0.911384,0.707002,0.747046,1.17789,0.783819,0.479675,0.930634,0.847096,0.743349,0.442522,0.468343,0.283793,0.20352,-0.0242609,0.0422006,-0.0926141,0.0189664,0.0753877,0.178911
-2.33162,-2.29971,-2.14936,-1.83244,-1.778,-2.08317,-2.32007,-2.13159,-2.16953,-2.1138,-2.20131,-2.22662,-2.19225,-2.23934,-2.25248,-2.27005,-2.30594,-2.35468,-2.41624,-2.43674,-2.35728,-2.14451,-1.8381,-1.55133,-1.36367,-1.23181,-1.16278,-1.22209,-1.31749,-1.26471,-1.12116,-1.07541,-1.0895,-0.981907,-0.760454,-0.494287,-0.259798,-0.180816,-0.242694,-0.220985,-0.160046,0.100589,0.600904,0.547488,0.459802,0.276481,0.537952,0.643019,0.755621,0.705911,0.564271,0.843076,0.309054,-0.256635,-0.012617,-0.0997036,-0.0338911,-0.229216,-0.291161,-0.125356,-0.078219,0.0571552,0.212285
-1.92017,-2.09554,-2.03545,-1.7823,-1.61211,-1.80275,-1.78199,-1.78386,-1.75571,-1.67364,-1.62635,-1.67842,-1.73925,-1.77932,-1.84363,-1.88496,-1.92421,-1.97127,-2.02904,-2.10238,-2.1526,-2.11198,-1.94223,-1.66222,-1.35092,-1.11541,-0.98834,-0.965212,-0.946671,-0.79804,-0.670678,-0.743883,-0.861627,-0.752569,-0.44387,-0.190433,-0.0358609,-0.0043239,0.0263926,0.134655,0.12388,0.362349,0.71069,0.603318,0.37697,0.405237,0.672049,0.719891,0.925242,0.601219,0.230681,0.408099,-0.136673,-0.229888,-0.0807296,0.0227997,0.0503001,-0.283506,-0.397829,-0.132369,-0.157639,0.0779155,0.272561
-1.62947,-1.98617,-2.00637,-1.9253,-1.8225,-1.6045,-1.54831,-1.37069,-1.37728,-1.32382,-1.28105,-1.23525,-1.22665,-1.28561,-1.35166,-1.44218,-1.51324,-1.56979,-1.62262,-1.67951,-1.74805,-1.81386,-1.82934,-1.70947,-1.41581,-1.02976,-0.6968,-0.437613,-0.283103,-0.211196,-0.210485,-0.294838,-0.322051,-0.198266,0.0168098,0.152872,0.21267,0.358356,0.491915,0.566438,0.666316,0.739833,0.70202,0.509225,0.526308,0.719438,0.665353,0.688823,0.557986,0.309741,0.204982,0.122472,-0.0116119,0.0800321,0.118175,0.198944,0.126152,-0.0853654,-0.15303,-0.122561,-0.142268,0.0420129,0.24065
-2.80992,-1.95202,-1.92906,-1.923,-1.92208,-1.71346,-1.44783,-1.10194,-1.00843,-1.0787,-1.07292,-1.03256,-0.94808,-0.908275,-0.923513,-0.985393,-1.06165,-1.12838,-1.18967,-1.25395,-1.33029,-1.43313,-1.55005,-1.6019,-1.47943,-1.13207,-0.685969,-0.243958,0.125986,0.319097,0.389872,0.395787,0.407348,0.437306,0.455593,0.468306,0.573935,0.733255,0.79336,0.851606,0.92737,0.866403,0.708788,0.640439,0.749223,0.74196,0.422764,0.437778,0.350966,0.250017,0.286612,0.214497,0.271528,0.275317,0.271113,0.277659,0.246138,0.223182,0.161193,0.0685736,0.0431039,0.0893314,0.194424
-3.20271,-3.38587,-3.17455,-3.0393,-2.68623,-1.75523,-1.18028,-0.774893,-0.581814,-0.676686,-0.814291,-0.796013,-0.796588,-0.785055,-0.733045,-0.693983,-0.683711,-0.702002,-0.745304,-0.826703,-0.93191,-1.05375,-1.18341,-1.29198,-1.3046,-1.12328,-0.762054,-0.296788,0.262254,0.690158,0.845738,0.911327,0.937682,0.971214,0.992134,0.96125,0.993427,1.0553,1.02075,0.993292,0.970997,0.852571,0.811519,0.907222,0.905818,0.686558,0.394038,0.452433,0.496919,0.449968,0.502854,0.484988,0.533106,0.50316,0.497396,0.483275,0.485519,0.483391,0.409968,0.343344,0.319114,0.300079,0.305007
-3.75505,-3.42823,-3.14535,-3.09078,-2.83183,-2.57655,-1.60101,-0.969655,-0.245901,-0.206235,-0.545086,-0.450105,-0.440205,-0.565597,-0.600794,-0.552948,-0.457613,-0.387356,-0.377007,-0.425715,-0.52622,-0.648332,-0.765769,-0.862102,-0.901274,-0.830108,-0.617768,-0.280872,0.214749,0.738291,0.992652,1.09069,1.18963,1.31984,1.42498,1.45932,1.45355,1.3871,1.2582,1.1577,1.10792,1.07149,1.08456,1.07127,0.926041,0.767518,0.718028,0.790867,0.845556,0.861436,0.875173,0.891205,0.911939,0.912039,0.921284,0.89161,0.840627,0.750254,0.635771,0.550621,0.50306,0.483884,0.489127
-4.14555,-3.69508,-3.09244,-2.7988,-2.67488,-1.89178,-1.45207,-1.04599,-0.205504,-0.203219,-0.457545,-0.181362,0.105242,-0.00654891,-0.145965,-0.260612,-0.297481,-0.226888,-0.11527,-0.0575963,-0.0841523,-0.164726,-0.257382,-0.333997,-0.379224,-0.376876,-0.302502,-0.134684,0.178578,0.628324,0.986801,1.12569,1.2566,1.4715,1.65318,1.75424,1.76023,1.64022,1.47507,1.38523,1.38783,1.3777,1.25315,1.07713,0.98142,1.01258,1.09697,1.16414,1.23615,1.28424,1.29116,1.30929,1.31371,1.34156,1.36459,1.34581,1.26914,1.12673,0.952181,0.774755,0.640551,0.591323,0.625553
-3.69015,-3.47562,-3.07301,-2.28792,-1.81346,-1.65724,-1.26789,-1.28438,-1.52521,-1.65023,-1.15829,-0.0775858,0.571306,0.725337,0.58487,0.397683,0.224399,0.115965,0.117398,0.205497,0.289692,0.308636,0.269779,0.217642,0.169477,0.13032,0.106762,0.136808,0.273652,0.559596,0.91519,1.13998,1.29422,1.50978,1.71021,1.81915,1.8142,1.69765,1.58703,1.56963,1.58876,1.50149,1.2772,1.12569,1.16603,1.28368,1.38042,1.45647,1.5416,1.59752,1.61649,1.62285,1.59237,1.58482,1.5854,1.58654,1.55191,1.46806,1.33179,1.14775,0.969665,0.865974,0.873732
-3.77361,-3.69914,-2.00049,-1.59945,-1.49325,-1.24276,-0.763654,-1.10514,-1.58037,-1.8864,-1.48375,-0.30776,0.24363,1.11775,1.15007,1.10462,0.862432,0.655702,0.533012,0.494859,0.526175,0.60173,0.660835,0.672346,0.665775,0.626589,0.555203,0.491644,0.491076,0.627895,0.904943,1.1915,1.40239,1.567,1.69033,1.72213,1.64849,1.55585,1.55793,1.60642,1.59641,1.47329,1.34442,1.34844,1.42876,1.49219,1.55613,1.63983,1.72244,1.76903,1.80733,1.8209,1.78186,1.71877,1.65092,1.59873,1.56538,1.5577,1.56545,1.55128,1.49855,1.42779,1.38537
-3.41535,-3.29029,-2.61805,-1.55179,-1.64684,-0.797653,-0.384486,-0.268215,0.144124,0.146971,-0.654233,-1.57171,-0.987923,0.605792,1.0787,1.21961,1.21192,1.15563,0.982696,0.736531,0.59283,0.593584,0.734783,0.886037,0.93241,0.924514,0.911645,0.890915,0.874612,0.926658,1.08262,1.30287,1.50819,1.62925,1.63986,1.54188,1.40575,1.38167,1.47439,1.52648,1.49671,1.46374,1.54212,1.66734,1.71113,1.69754,1.71508,1.7649,1.80252,1.82716,1.87721,1.90844,1.89707,1.83599,1.73373,1.62847,1.54958,1.53349,1.61626,1.76909,1.90976,1.97151,1.94109
-2.68517,-3.01296,-2.55486,-1.60238,-1.11182,-0.492554,-0.644539,-0.337268,0.370318,0.855158,0.106153,-1.01569,-1.91469,-1.52577,-0.393653,0.746464,1.02754,1.03376,1.07117,1.09498,1.02033,0.962176,0.984861,1.0441,1.08129,1.10649,1.15668,1.22546,1.31257,1.38545,1.44819,1.52468,1.61226,1.66517,1.60124,1.43298,1.32887,1.40479,1.51782,1.53899,1.53251,1.63438,1.82213,1.93789,1.94652,1.93085,1.9255,1.92162,1.89767,1.89041,1.91458,1.9397,1.94823,1.91399,1.84101,1.77319,1.72089,1.69828,1.7355,1.86597,2.04343,2.16421,2.16415
-2.04596,-2.19499,-1.95596,-2.45378,-1.5806,-1.38978,-1.27011,-1.14884,-0.790255,-0.00465363,0.129996,0.413663,0.231311,-1.26029,-1.60781,-0.974475,0.069188,0.414917,0.634192,0.90251,1.1037,1.25031,1.24354,1.20161,1.2123,1.33132,1.4955,1.65271,1.77017,1.84071,1.87619,1.88817,1.87636,1.83636,1.73509,1.59043,1.59327,1.73435,1.82353,1.81813,1.82967,1.95178,2.06138,2.07132,2.06477,2.0785,2.07568,2.05696,2.02029,1.98538,1.97488,1.99308,2.01719,2.0085,1.9812,1.9727,1.99739,2.02732,2.03346,2.04234,2.07429,2.09357,2.05426
-2.59733,-2.60295,-2.83083,-2.89486,-2.97716,-2.83534,-1.88077,-1.68002,-1.53214,-1.02586,0.0934527,0.126939,0.86128,1.32208,0.549033,-1.47145,-2.61207,-2.22151,-0.728298,-0.0166492,0.626544,1.16594,1.50787,1.56705,1.52159,1.48294,1.57249,1.74601,1.89331,1.98302,2.04378,2.08894,2.10591,2.06934,1.98375,1.9442,2.05867,2.19074,2.19995,2.12545,2.08909,2.109,2.08231,2.02207,2.02094,2.04511,2.06309,2.07523,2.06587,2.03384,2.0185,2.05546,2.11407,2.16053,2.18421,2.20155,2.22461,2.25537,2.2742,2.23404,2.13812,2.03641,1.96085
-3.09431,-2.79424,-2.25348,-2.87159,-3.1108,-2.88592,-3.02494,-2.70585,-2.457,-2.43376,-1.12784,-0.235505,-0.345789,1.25599,1.77483,0.87389,-0.552862,-1.91472,-2.4631,-2.5079,-1.53072,0.0735038,0.900282,1.4459,1.18674,0.989549,0.895474,1.08735,1.34642,1.58228,1.75084,1.85645,1.93389,1.96871,2.00162,2.11994,2.28389,2.32989,2.22765,2.09246,2.00452,1.94027,1.87751,1.86504,1.91389,1.96642,2.01247,2.04739,2.05814,2.04216,2.03632,2.08492,2.17889,2.27849,2.34204,2.34746,2.28927,2.20703,2.16076,2.12155,2.06149,2.00035,2.00417
-3.62072,-2.73854,-2.81661,-2.8309,-2.85204,-2.72975,-3.38175,-3.23473,-3.14686,-3.47839,-2.69472,-1.5851,-1.30398,-0.126457,0.781399,1.9282,3.13627,2.69002,0.773412,-0.846228,-0.704549,-1.21452,-0.704975,0.278375,-0.298906,-0.360529,-0.401721,-0.0450509,0.522817,0.999469,1.36465,1.56283,1.63101,1.70306,1.84238,2.02599,2.13511,2.10372,1.98016,1.89221,1.82315,1.74617,1.73936,1.82831,1.95444,2.05654,2.11733,2.13757,2.14307,2.13681,2.11483,2.1215,2.18014,2.25607,2.29156,2.24458,2.10934,1.91182,1.70476,1.56573,1.53943,1.61301,1.77338
-3.58229,-2.90729,-1.88838,-1.77676,-2.35136,-2.2883,-2.27001,-2.61263,-3.32545,-4.02067,-3.47592,-3.26006,-3.36058,-2.70616,-2.10126,-1.09395,2.21034,2.3943,3.17799,3.28773,2.19834,-0.377246,-1.67716,-1.86473,-1.88909,-1.73871,-1.22307,-0.54421,0.167436,0.68746,1.20942,1.5812,1.75421,1.858,2.01164,2.14542,2.16607,2.08801,1.98183,1.94822,1.9132,1.85732,1.89886,2.04086,2.19852,2.31408,2.35887,2.34518,2.32901,2.31179,2.26357,2.20128,2.14577,2.09748,2.02181,1.87983,1.68052,1.43451,1.115,0.818874,0.683969,0.759061,0.948387
-3.20744,-2.0024,-1.97307,-1.63619,-1.21998,-1.03709,-0.716995,-1.22394,-2.73589,-3.54273,-3.72715,-3.77334,-3.74536,-4.039,-4.21155,-4.20011,-3.34426,-2.90897,-0.271108,1.51155,0.465331,-0.56579,-0.886629,-1.67224,-2.81143,-2.64258,-2.18161,-0.378333,0.246121,0.883514,1.2537,1.61367,1.98703,2.31536,2.54796,2.67158,2.64214,2.48079,2.31913,2.22965,2.14981,2.11149,2.20127,2.3586,2.48116,2.53329,2.52066,2.47423,2.41779,2.37749,2.33862,2.25097,2.08772,1.87891,1.65756,1.40746,1.09427,0.753638,0.412116,0.0964586,-0.101786,-0.120455,-0.0220754
-2.16018,-1.89416,-1.45603,-1.16103,-1.80196,-0.747815,-0.0177507,-0.475168,-1.15181,-1.95588,-2.59509,-2.82258,-2.5761,-2.67706,-3.75834,-4.45704,-4.17102,-3.61009,-2.27515,-1.48328,-0.979078,-1.40305,0.400345,1.57203,1.37767,1.33103,1.8625,0.349719,-0.289697,0.0788522,1.0707,1.28982,1.80312,2.35159,2.73316,2.85994,2.80816,2.65821,2.49348,2.31927,2.19029,2.21698,2.36644,2.50357,2.54402,2.49177,2.4135,2.33776,2.26453,2.24212,2.23992,2.1525,1.90972,1.56436,1.20748,0.870197,0.467406,0.0114991,-0.322856,-0.516695,-0.608672,-0.608528,-0.516136
-0.944407,-1.20643,-1.16515,-1.00331,-1.28475,-0.30837,0.129529,-0.0337705,-0.64746,-1.89874,-3.04457,-1.87957,-1.10627,-0.787333,-2.04714,-1.45673,1.21823,1.75634,-0.694639,-2.59863,-2.52499,-1.952,-0.309727,1.27861,2.59306,3.18926,2.45042,-0.514824,-2.04327,-1.18708,0.208188,0.962309,1.26086,1.65967,1.91337,2.08118,2.19406,2.3069,2.3252,2.22984,2.20063,2.29288,2.40408,2.4444,2.38203,2.24704,2.1122,2.01781,1.99949,2.03875,2.02959,1.86007,1.50381,1.05817,0.615124,0.257994,-0.0370476,-0.380201,-0.664921,-0.754963,-0.715015,-0.626725,-0.500375
0.0619536,-0.384084,-0.597745,-0.948033,-1.42756,-0.604148,-0.27018,-0.110155,-1.08183,-2.68858,-2.90508,-1.66469,-0.767147,1.13059,2.02961,2.52919,2.18666,0.783294,-1.76195,-2.54578,-1.54382,-1.28154,-1.22832,-0.497646,0.143827,-0.0654249,-1.02964,-1.93668,-2.07936,-1.95129,-0.351723,0.953752,1.43032,1.06722,0.838575,1.00761,1.38493,1.80986,2.11302,2.31655,2.48828,2.57936,2.57435,2.4645,2.26441,2.03817,1.86804,1.82997,1.9083,1.95806,1.80102,1.43466,0.989524,0.549425,0.16426,-0.100854,-0.165998,-0.206594,-0.378502,-0.493168,-0.442989,-0.324263,-0.205964
0.846305,-0.0822007,-0.575076,-0.879448,-1.6646,-0.676284,-0.145339,0.335205,0.205718,-0.906333,-0.996256,-0.45094,0.432794,1.73689,3.52985,3.22632,-1.42056,-3.93589,-4.16529,-2.91075,-1.64211,-1.18392,-1.57369,-1.34,-0.589929,-0.788729,-1.20435,-0.361083,0.674354,0.449639,1.01358,1.61436,1.54433,1.26237,0.731635,0.557737,0.783864,1.19754,1.71569,2.24915,2.632,2.7762,2.69714,2.44454,2.13213,1.90662,1.84335,1.93595,2.0381,1.93042,1.5267,1.06188,0.705031,0.414408,0.218612,0.124105,0.161012,0.30465,0.300028,0.111076,0.0349446,0.12254,0.253223
0.644652,-0.236178,-0.798973,-1.17108,-2.13563,-0.871357,-1.02434,-0.219876,1.53384,2.47074,2.26286,1.50533,0.872081,0.855471,1.7151,1.80822,-0.0104449,-2.10978,-1.65073,-0.460164,-0.0473927,-1.03182,-1.94484,-0.971992,-0.302579,-0.290811,0.883287,2.57027,2.756,2.52575,2.11046,0.455286,0.955662,1.59431,1.37907,1.02555,0.667779,0.617568,0.99058,1.55047,2.00642,2.21801,2.18382,2.00461,1.85619,1.85844,1.98622,2.12138,2.07301,1.73521,1.25969,0.946625,0.790572,0.69353,0.68101,0.751353,0.799236,0.93791,1.11313,1.00268,0.753023,0.697079,0.809792
