uploads/wind/20200723/wind_field_14.json
{"header": {"parameterUnit": "m.s-1", "parameterNumber": 2, "dx": 0.051, "dy": 0.036, "parameterNumberName": "eastward_wind", "la1": 45.3082, "parameterCategory": 2,"nx": 177, "ny": 123, "refTime": "2018-09-30 00:00:00", "lo1":1.38177}, "data":
[rows 29 to 57 of 123, columns 65 to 129 of 177]
1.57939,1.64539,1.83598,2.01496,2.07338,1.95262,1.60758,1.12832,0.830466,0.860996,0.965094,1.05216,1.16102,1.32085,1.46899,1.54608,1.58125,1.61777,1.66987,1.73534,1.8153,1.9044,1.98341,1.99619,1.89437,1.71531,1.57498,1.5491,1.59714,1.64739,1.6845,1.73629,1.82605,1.95214,2.09553,2.24875,2.42398,2.63044,2.84345,2.99353,3.02206,2.9388,2.81281,2.70683,2.64676,2.63853,2.67314,2.72743,2.7791,2.80771,2.797,2.7533,2.698,2.6516,2.62053,2.55673,2.38778,2.11151,1.81002,1.58853,1.49988,1.50614,1.57583,1.66735,1.71088
1.49098,1.70537,1.96728,2.11995,2.14734,2.06675,1.77268,1.30037,0.929658,0.943675,1.01302,1.06503,1.16552,1.35588,1.55353,1.67534,1.72295,1.73885,1.75307,1.79501,1.86706,1.93716,1.96926,1.95067,1.89476,1.82351,1.75384,1.71411,1.72008,1.75363,1.81014,1.89797,2.00874,2.12434,2.23822,2.36993,2.54336,2.74633,2.92131,2.99643,2.94881,2.82718,2.70452,2.62805,2.60962,2.6334,2.67057,2.70031,2.71371,2.70266,2.67242,2.64858,2.63759,2.64059,2.66928,2.69028,2.65497,2.50242,2.25771,2.00771,1.79851,1.6968,1.68953,1.67347,1.58677
1.45065,1.77753,2.05827,2.18593,2.21835,2.13782,1.83285,1.37271,1.07104,1.06266,1.15997,1.24241,1.34502,1.48874,1.62933,1.72916,1.78289,1.81126,1.83954,1.8886,1.95024,1.98881,1.97918,1.9351,1.88777,1.84873,1.81451,1.79379,1.80244,1.85133,1.93777,2.04645,2.15662,2.25223,2.34728,2.47795,2.65599,2.83764,2.9472,2.94108,2.84205,2.72182,2.63593,2.5942,2.58617,2.60229,2.62746,2.64151,2.62682,2.58422,2.54841,2.54179,2.55751,2.59314,2.64753,2.70335,2.7977,2.80502,2.62529,2.49977,2.25622,1.88837,1.74679,1.69689,1.54411
1.48134,1.79757,2.09597,2.27945,2.31921,2.1974,1.93486,1.57356,1.29153,1.23921,1.33572,1.45496,1.55596,1.64276,1.71397,1.77357,1.84153,1.91838,1.9914,2.05715,2.0952,2.07282,1.99604,1.92333,1.90164,1.90722,1.90105,1.8938,1.91174,1.96406,2.04368,2.13872,2.23756,2.33694,2.44726,2.58392,2.74133,2.87481,2.91755,2.85209,2.74075,2.65427,2.60762,2.58242,2.57422,2.58358,2.59783,2.59727,2.56322,2.50844,2.46841,2.45301,2.47238,2.52197,2.58286,2.66249,2.80242,2.91436,2.84491,2.8675,2.85255,2.32167,1.78727,1.61113,1.459
1.62503,1.86152,2.14983,2.34846,2.35286,2.22624,2.05937,1.80409,1.53864,1.43569,1.4963,1.60261,1.67968,1.72126,1.76473,1.84289,1.9504,2.05225,2.1142,2.15018,2.17128,2.14737,2.07457,1.99605,1.96128,1.96808,1.9724,1.97281,1.99902,2.05152,2.11779,2.20192,2.30877,2.4329,2.56252,2.68993,2.8022,2.86043,2.83357,2.74607,2.66093,2.61339,2.59672,2.60205,2.61698,2.62169,2.60211,2.55254,2.48306,2.42119,2.38371,2.37713,2.40379,2.4466,2.50119,2.59937,2.7031,2.81268,3.24728,3.58512,3.46353,2.93166,2.16812,1.71486,1.48766
1.81765,2.01679,2.23695,2.35159,2.33939,2.31168,2.28295,2.11893,1.83763,1.64586,1.64732,1.74308,1.81189,1.83242,1.86101,1.93401,2.02621,2.09704,2.14581,2.18653,2.21365,2.20114,2.14975,2.10296,2.07307,2.0411,2.00647,1.99943,2.04271,2.11454,2.19362,2.28588,2.39653,2.51973,2.64309,2.75492,2.82685,2.82047,2.74173,2.64636,2.58483,2.56783,2.58763,2.62864,2.66288,2.66307,2.60761,2.49552,2.36883,2.28512,2.26099,2.28164,2.32704,2.37704,2.42063,2.46425,2.55485,2.68964,2.75064,3.15105,3.93379,3.91735,2.93379,2.15272,1.78077
2.04049,2.21084,2.32852,2.35573,2.36246,2.44484,2.51917,2.41249,2.13834,1.91076,1.8798,1.96229,2.01987,2.03019,2.04897,2.09871,2.14501,2.16823,2.20125,2.24879,2.27188,2.2588,2.22823,2.19165,2.14252,2.07671,2.02391,2.02418,2.08324,2.17229,2.2651,2.35978,2.46053,2.57149,2.68769,2.78299,2.81321,2.75546,2.64992,2.55859,2.51568,2.52512,2.57275,2.63244,2.67816,2.68517,2.61981,2.47264,2.29389,2.16807,2.14815,2.20415,2.25381,2.25281,2.23948,2.27808,2.38778,2.53987,2.68482,2.78018,2.81797,2.96374,3.02467,2.66328,2.16307
2.27001,2.38571,2.42049,2.42887,2.48434,2.59563,2.65182,2.53843,2.29788,2.1088,2.09439,2.16406,2.19832,2.20102,2.2087,2.23009,2.24479,2.25516,2.2952,2.35307,2.37979,2.36753,2.32533,2.25815,2.18392,2.1223,2.08844,2.09438,2.14305,2.22305,2.3223,2.43188,2.54566,2.66116,2.76419,2.81978,2.78542,2.66828,2.53957,2.46636,2.46645,2.51954,2.59238,2.6639,2.71997,2.73142,2.66339,2.50045,2.28577,2.12783,2.08329,2.09347,2.11194,2.15213,2.2015,2.22002,2.24041,2.33405,2.50596,2.70474,2.87068,2.94196,2.87272,2.67096,2.39109
2.48447,2.53576,2.53153,2.5495,2.59926,2.6429,2.6062,2.45535,2.25989,2.15578,2.2011,2.29288,2.32783,2.30878,2.29051,2.30921,2.34358,2.36304,2.38977,2.43132,2.4572,2.44156,2.37967,2.29991,2.2398,2.2056,2.18863,2.1933,2.22891,2.29611,2.39303,2.51494,2.65142,2.78335,2.88113,2.90024,2.80826,2.64464,2.50429,2.4539,2.49314,2.58267,2.67906,2.76064,2.81867,2.82506,2.74418,2.56455,2.33391,2.13493,2.02461,2.0246,2.10036,2.16583,2.17218,2.17405,2.25616,2.41382,2.56872,2.68557,2.78386,2.85489,2.86061,2.77127,2.57382
2.64837,2.68811,2.64435,2.56173,2.48876,2.44889,2.40194,2.32095,2.24746,2.25155,2.33483,2.41701,2.42553,2.37013,2.32111,2.32685,2.37869,2.44693,2.50706,2.54299,2.53836,2.47988,2.38954,2.3228,2.30702,2.31554,2.32124,2.33102,2.35973,2.41531,2.50427,2.63057,2.78439,2.92944,3.00668,2.96945,2.83223,2.67495,2.57728,2.55906,2.60439,2.69402,2.79978,2.89503,2.96263,2.97819,2.90057,2.70804,2.44882,2.23166,2.14875,2.19062,2.26288,2.28924,2.2748,2.26956,2.30326,2.36862,2.45498,2.57286,2.72565,2.86907,2.94051,2.89777,2.71003
2.62318,2.60633,2.49928,2.38833,2.3404,2.34609,2.35224,2.34726,2.3733,2.4567,2.55786,2.59977,2.53956,2.42156,2.32953,2.30618,2.35618,2.46216,2.57212,2.63484,2.63408,2.58723,2.53389,2.50086,2.48172,2.46284,2.45093,2.45676,2.47941,2.52258,2.60379,2.74546,2.9421,3.112,3.13898,3.00754,2.84221,2.76346,2.75317,2.74693,2.76243,2.84411,2.97224,3.09247,3.17315,3.1939,3.13046,2.9649,2.73783,2.53971,2.43138,2.39641,2.37965,2.34546,2.303,2.30355,2.37654,2.48321,2.55592,2.57861,2.59143,2.62706,2.67247,2.68243,2.60689
2.47757,2.43499,2.37462,2.33788,2.34448,2.37631,2.40487,2.4502,2.53512,2.64823,2.75298,2.78162,2.6761,2.48454,2.32428,2.25419,2.27387,2.36687,2.47747,2.56651,2.62356,2.65275,2.66675,2.67475,2.67158,2.65735,2.64112,2.62615,2.61154,2.61439,2.67884,2.83487,3.04595,3.19065,3.16557,3.02907,2.94566,2.97165,2.99756,2.95445,2.93783,3.0349,3.19531,3.33145,3.40358,3.40573,3.33802,3.20344,3.01861,2.83159,2.69609,2.609,2.5329,2.45517,2.40615,2.42567,2.50963,2.57793,2.54642,2.44248,2.38553,2.4497,2.58811,2.69356,2.68637
2.37249,2.38499,2.40697,2.4168,2.41619,2.42172,2.46713,2.56769,2.67728,2.7667,2.84353,2.86187,2.74829,2.52844,2.31988,2.20941,2.20476,2.27275,2.36626,2.45637,2.52426,2.57302,2.60843,2.62871,2.63271,2.6304,2.64051,2.66533,2.69736,2.75215,2.86188,3.02201,3.15365,3.17521,3.11395,3.08904,3.16914,3.27199,3.27578,3.19707,3.16394,3.2419,3.36607,3.45664,3.49649,3.47708,3.37609,3.21235,3.06504,2.99934,2.98427,2.92561,2.767,2.55929,2.42309,2.42134,2.49874,2.55424,2.53768,2.48835,2.48955,2.56522,2.66567,2.73006,2.71942
2.34574,2.41962,2.45743,2.45753,2.43352,2.45655,2.54878,2.63912,2.67815,2.71526,2.77079,2.76958,2.65965,2.51509,2.40652,2.36182,2.38178,2.42833,2.47078,2.5022,2.52741,2.55457,2.58224,2.60469,2.62023,2.63392,2.6585,2.70201,2.772,2.87512,3.01841,3.16303,3.24239,3.24678,3.23694,3.30092,3.41497,3.49533,3.51528,3.5008,3.50564,3.52867,3.53651,3.54131,3.5514,3.53532,3.46712,3.36866,3.29395,3.29831,3.31792,3.19776,2.92028,2.62191,2.43839,2.40849,2.45874,2.46096,2.3732,2.27533,2.26283,2.35842,2.51141,2.63831,2.66903
2.30228,2.40988,2.43321,2.44459,2.48468,2.56582,2.62532,2.60534,2.57704,2.60649,2.65148,2.64614,2.59639,2.5497,2.53203,2.53407,2.55304,2.57329,2.58932,2.59225,2.577,2.57515,2.63438,2.74076,2.83451,2.87876,2.88084,2.88359,2.93014,3.02821,3.14005,3.2575,3.36047,3.42603,3.55638,3.78087,3.76689,3.89052,4.37286,4.38526,3.98971,3.75774,3.62942,3.72565,4.07948,4.20482,4.05704,4.21688,4.62984,4.35104,3.73308,3.43035,3.13102,2.85438,2.74829,2.76668,2.75907,2.6174,2.36828,2.16422,2.12735,2.23435,2.38019,2.48378,2.52711
2.21095,2.33355,2.39252,2.47488,2.59013,2.66152,2.63539,2.5817,2.57931,2.60734,2.61753,2.60058,2.58208,2.57901,2.58414,2.58076,2.56472,2.55007,2.57104,2.61201,2.6232,2.61282,2.65252,2.77285,2.93282,3.06488,3.12809,3.13168,3.10655,3.11085,3.16204,3.3249,3.52894,3.7362,3.9988,4.19312,4.30118,4.46092,4.68891,4.4382,3.96889,3.76319,3.68341,3.98969,4.27615,4.21087,4.43009,4.65857,4.73838,4.94936,4.36417,3.3926,3.03906,2.97952,3.02832,3.13121,3.09671,2.82936,2.51106,2.33405,2.30901,2.3519,2.40044,2.45295,2.51232
2.0705,2.25599,2.37212,2.48608,2.63109,2.66799,2.58986,2.55193,2.5897,2.61519,2.60032,2.5955,2.63042,2.66466,2.64505,2.57692,2.50834,2.4693,2.47038,2.50969,2.59013,2.71619,2.86681,3.00978,3.11107,3.17534,3.2131,3.2042,3.16007,3.14035,3.18296,3.40208,3.63584,4.30762,5.25326,5.11486,4.9381,5.35142,5.20862,4.60869,4.07836,3.79541,3.75475,4.02508,4.77462,5.37059,5.30928,5.11904,4.90344,4.53705,4.01109,3.43163,3.11426,3.08041,3.22262,3.33853,3.23121,2.98156,2.77067,2.64064,2.53265,2.44234,2.43465,2.52215,2.63379
2.00479,2.20888,2.33057,2.49308,2.60112,2.52823,2.4699,2.55198,2.62282,2.59847,2.5923,2.67091,2.75521,2.74726,2.64817,2.52654,2.43571,2.36704,2.32758,2.37499,2.53988,2.78277,3.02423,3.19599,3.25574,3.25441,3.23768,3.21894,3.23151,3.15923,3.17513,3.58257,4.20427,4.75585,5.21409,5.30331,5.35894,5.71216,5.38057,4.8962,4.7809,4.21706,3.90986,4.32914,4.83718,5.38781,5.72565,5.68643,5.21768,4.48663,3.90369,3.43875,3.19887,3.2281,3.36109,3.44715,3.3348,3.11628,2.94651,2.78963,2.6439,2.56327,2.55221,2.59766,2.66005
2.03045,2.18744,2.35681,2.47565,2.43023,2.39543,2.49703,2.54561,2.47705,2.49379,2.66067,2.80903,2.81725,2.7237,2.60649,2.48567,2.36921,2.29716,2.32119,2.45581,2.63186,2.81252,3.01246,3.19579,3.35496,3.44004,3.46091,3.37291,3.41727,3.4841,3.50109,4.06037,4.44402,4.96819,5.82444,5.74852,5.59924,5.47252,5.20492,5.7186,5.27773,4.5921,5.54232,5.69996,5.47645,6.17395,6.06553,5.53856,5.24377,4.47948,3.91796,4.38086,4.37657,3.71059,3.67835,3.71228,3.57344,3.57792,3.41234,3.02151,2.76718,2.65923,2.60915,2.69803,2.89775
2.06408,2.20578,2.34674,2.37025,2.35946,2.39843,2.37502,2.28406,2.34771,2.61003,2.8131,2.82372,2.75705,2.69823,2.59849,2.4303,2.27991,2.2622,2.38342,2.56483,2.72669,2.85658,3.05265,3.19683,3.40511,3.85697,3.9555,3.88977,4.12249,4.83385,5.50402,5.29159,5.21584,5.62873,5.94508,6.5962,6.80003,6.21764,6.1395,6.13495,5.77953,5.56016,5.98719,6.28959,6.22722,6.33955,6.52962,5.99803,5.41527,5.45987,4.77629,3.80768,4.0974,4.96408,4.72256,4.03274,3.83148,3.70359,3.46073,3.23212,3.00683,2.73946,2.53368,2.364,2.42415
1.98967,2.10522,2.2252,2.30985,2.33257,2.26337,2.17316,2.24022,2.47851,2.64573,2.66569,2.68093,2.72965,2.70852,2.55373,2.34504,2.22674,2.27388,2.43564,2.62355,2.81883,2.91749,3.23065,3.3529,3.74656,4.94574,5.13589,4.54204,5.01894,5.69776,5.76838,6.00089,6.13153,5.98003,6.35734,6.72453,6.50082,6.48,5.85306,5.26213,5.03522,4.89372,5.29553,5.63975,5.92185,6.05343,6.12057,5.56929,5.25472,5.78718,5.44449,5.37421,5.00498,4.42391,5.26515,5.22816,4.26467,3.78169,3.41777,3.05552,2.9474,2.71917,3.04392,4.31785,4.50396
1.81533,1.97737,2.09431,2.16642,2.17991,2.20036,2.28677,2.3687,2.3524,2.35779,2.50991,2.69231,2.75232,2.66156,2.49633,2.35005,2.29487,2.37106,2.50166,2.74544,2.9327,3.13493,3.64256,3.98226,4.5179,5.36251,5.5208,5.14838,5.25516,6.12869,6.70191,6.53071,6.68691,7.10169,7.18913,7.04879,6.46929,6.03632,5.98964,5.81942,5.76401,6.16276,5.9543,5.93408,6.66944,6.83527,6.73143,6.4259,6.21025,5.32831,4.58058,4.76253,4.95352,5.61555,5.42644,4.44512,3.94534,3.62264,3.43102,3.21383,2.97943,2.77014,2.50159,2.82651,3.41544
1.65597,1.79962,1.9062,2.02793,2.16711,2.32252,2.41624,2.32069,2.17378,2.24624,2.46575,2.62882,2.66358,2.60966,2.53907,2.47373,2.45252,2.5161,2.64439,2.91892,3.1099,3.70954,4.52061,4.96144,5.6919,5.7537,5.69656,6.04265,6.02977,6.34959,6.59274,6.7371,7.17509,7.40337,7.36467,7.26539,6.86552,6.17786,5.83612,5.82657,6.10727,6.22703,6.15084,6.22159,6.55787,6.82772,6.86147,6.60576,5.70805,5.41707,5.92406,5.92941,5.96742,5.63706,5.05402,4.87322,4.10927,3.50428,3.34794,3.23294,2.88517,3.16601,4.47414,4.51445,3.72587
1.50846,1.63805,1.85977,2.04883,2.18614,2.3132,2.34448,2.24188,2.14903,2.17103,2.32804,2.52682,2.64304,2.67114,2.66576,2.64981,2.67978,2.73006,2.9076,3.09955,3.67653,4.43767,5.22406,5.8939,6.19821,6.51487,6.67323,6.69666,6.61284,6.63532,6.45219,6.77356,7.34606,7.60324,7.35687,6.62805,6.61717,6.6025,6.58983,6.11314,5.70363,6.32531,6.12914,5.8342,6.58259,6.63023,6.28916,6.69143,6.49635,6.13536,6.64087,6.13328,5.50796,5.38847,4.75131,5.10467,5.06311,4.5139,5.1423,4.98477,3.70672,2.96836,3.2432,3.86554,3.68073
1.5516,1.72649,1.86708,1.92764,2.03469,2.13937,2.16758,2.13893,2.06201,2.0897,2.3045,2.54296,2.69323,2.75699,2.80116,2.85568,2.97811,3.07253,3.32826,3.70816,4.3275,4.93278,5.61572,6.43549,6.78449,6.93065,6.79831,6.66103,6.3992,6.50949,6.98164,7.28471,7.62661,7.87254,7.7707,7.55156,7.1242,6.41438,6.57245,7.07508,6.68003,6.28866,6.49559,6.55234,6.8356,6.98191,7.15097,7.38096,7.01923,7.06935,6.99935,6.35602,5.27976,5.20228,5.13453,4.20082,4.40228,5.32084,5.15077,4.46802,3.96742,3.36298,3.00153,3.10159,3.8937
1.73485,1.78367,1.73436,1.76337,1.81536,1.80816,1.85504,1.93629,1.97795,2.11534,2.34567,2.55548,2.6945,2.83216,2.98744,3.20858,3.40851,3.6608,3.92396,4.38686,5.03807,5.77964,6.41492,6.61457,6.67071,6.58889,6.50318,6.37731,6.68785,7.26238,7.35875,7.58837,7.92324,8.02401,7.83684,7.20856,6.41754,6.48558,6.82559,6.96719,7.04747,6.64645,6.84316,7.13179,7.06896,6.82824,7.02192,6.96087,7.12565,6.91873,6.80161,6.47181,5.58112,4.46146,4.1974,5.13907,5.0735,4.86523,5.47356,4.98388,4.2474,3.71285,3.15206,2.8856,3.32756
1.74154,1.69263,1.633,1.55656,1.40115,1.36314,1.58768,1.83217,2.00349,2.19681,2.3955,2.58416,2.81183,3.09895,3.44351,3.76126,3.97981,4.22807,4.65062,4.93827,5.5498,6.2484,6.40099,6.41728,6.58303,6.86707,6.92537,6.9309,6.78355,7.45861,8.25108,8.58388,8.87025,8.84675,8.2569,7.43296,6.78802,6.58774,6.74447,6.97842,7.1886,7.13623,7.07391,6.92645,6.57367,6.74362,6.89227,6.87567,6.85118,6.57176,5.80594,5.80794,5.82176,5.59689,5.57753,5.02556,4.95349,5.3705,5.61577,5.39842,4.79966,5.06875,4.79543,3.919,4.47534
1.57381,1.58,1.51612,1.23818,0.998015,1.13412,1.50874,1.80144,2.04898,2.31587,2.59609,2.88675,3.24927,3.64686,3.99272,4.23719,4.40405,4.48906,4.76086,5.14346,5.82034,6.23132,6.2653,6.6526,7.05033,7.28748,7.2391,6.50569,7.4012,6.36284,5.48959,6.41714,7.63665,8.28173,8.01834,7.43487,7.18883,7.2122,7.33145,7.40166,7.40103,7.15158,6.59625,6.79359,6.97456,6.58144,6.70905,6.97075,6.33875,5.6809,6.00491,5.57507,4.70288,5.32537,5.66788,4.99186,5.30461,5.76533,5.3776,5.4642,5.00186,4.2334,4.39938,5.03359,4.94938
1.39254,1.3814,1.24936,1.04922,1.02436,1.23181,1.50832,1.84977,2.29242,2.71591,3.09191,3.47804,3.8843,4.16773,4.22911,4.15349,4.05775,4.1741,4.36012,4.90692,5.48145,5.91801,7.02135,8.07893,8.38506,8.55283,8.25226,7.95475,7.93699,8.11688,8.24941,7.86082,6.96882,6.08878,5.94692,6.24104,6.55364,7.21729,7.66128,7.71144,7.52142,7.32902,7.16315,6.94199,6.44071,6.50795,6.68958,6.10588,6.30965,6.47962,5.56684,4.98158,5.43833,5.16348,4.65965,5.22056,4.95307,4.65306,5.39992,5.49179,4.84282,4.57774,5.09441,4.99743,4.66722
