uploads/wind/20200723/wind_field_10.json
{"header": {"parameterUnit": "m.s-1", "parameterNumber": 2, "dx": 0.051, "dy": 0.036, "parameterNumberName": "eastward_wind", "la1": 45.3082, "parameterCategory": 2,"nx": 177, "ny": 123, "refTime": "2018-09-30 00:00:00", "lo1":1.38177}, "data":
[rows 84 to 111 of 123, columns 0 to 63 of 177]
-3.38811,-3.52112,-3.71036,-3.95317,-3.60164,-3.36879,-3.04876,-3.18309,-2.85019,-2.48001,-2.36352,-1.89149,-1.2135,-0.45112,-0.724581,-1.08779,-0.801827,-0.0589172,0.528442,1.44529,2.04191,1.78992,1.57703,2.07235,1.92147,2.1368,2.63111,2.84787,2.42816,1.64149,2.49121,2.25204,1.79975,1.73408,1.37499,-0.00667556,-0.00642155,0.953479,2.25648,3.90299,4.27671,2.55687,-0.0825402,0.103686,2.00749,1.63268,0.245218,-0.249496,-0.149794,0.886378,0.659241,1.72069,1.81542,1.37779,1.08097,0.834818,1.27418,0.769734,0.80669,0.440301,1.76437,1.84816,2.06982,1.43439
-3.2464,-3.22666,-3.3972,-3.76695,-3.48572,-3.05276,-2.54183,-2.36423,-1.83603,-1.37255,-1.014,-1.08203,-1.63103,-2.37692,-2.61778,-2.32054,-1.73091,-0.582736,0.486843,1.3535,1.97365,1.6581,1.27289,1.92311,2.9573,3.58887,3.63608,3.79916,2.86992,1.682,1.69042,1.50654,1.03563,1.88042,2.27783,1.20615,0.364082,0.906914,1.84966,3.97443,5.16344,3.09036,0.0655706,-0.309538,1.55518,1.86402,0.425327,0.10811,0.169022,1.01477,1.05673,1.73712,1.97234,1.6948,1.68629,1.53372,1.54149,1.16557,1.38379,0.856733,2.49929,2.22778,1.29502,0.530507
-2.77508,-2.99917,-3.01337,-3.48075,-3.14788,-2.30357,-1.81522,-1.35377,-0.506549,-0.184599,-0.575264,-2.20054,-2.93509,-3.14098,-3.03551,-3.49255,-2.79055,-1.78465,-0.156193,0.898962,1.80268,1.28958,1.13438,1.90778,3.46752,4.22339,4.09079,4.35475,4.09328,2.45574,1.94316,1.21087,0.996518,1.84138,2.35211,2.27069,1.81514,1.5414,2.19834,3.73172,5.9236,5.38309,2.4259,0.888521,1.30478,1.59933,0.485798,-0.455691,-0.269893,1.02729,1.11658,1.60826,1.57712,1.74653,1.92285,2.05145,2.00828,1.44141,1.71188,1.17783,2.19597,1.82748,0.500487,0.0527176
-1.70726,-2.02412,-2.41558,-2.52828,-2.26995,-1.36001,-1.24172,-0.930168,-0.624201,-1.03285,-2.51545,-3.78672,-3.43269,-3.03775,-3.57523,-3.75063,-3.31966,-2.16999,-0.875631,0.584806,1.42306,0.961125,0.770951,1.58954,3.09213,3.62859,4.60499,5.20334,5.69891,4.69454,2.55901,1.75853,1.09497,2.08734,2.66233,3.0838,3.31125,2.84015,3.08046,3.97667,6.01704,6.66326,4.26364,2.18928,1.57916,2.06837,0.661344,-0.846624,-0.29045,0.899323,0.984468,1.21072,0.890106,1.67564,2.12939,1.95787,1.83193,1.15202,1.21645,1.224,1.73013,0.791834,-1.18662,-1.03715
-1.22533,-1.48162,-1.51779,-1.57462,-1.55832,-1.96578,-2.41934,-2.45571,-2.04519,-2.34353,-3.21424,-4.14996,-3.64852,-4.05397,-3.85554,-4.2999,-3.89811,-2.99595,-1.73776,0.114851,1.03641,1.11332,0.884785,1.63473,2.45415,3.23361,4.41668,5.64972,6.46301,5.47306,3.74832,2.28182,2.10424,2.74661,2.88351,2.74368,3.25006,3.89426,4.08249,4.87724,6.21678,7.20581,5.72969,3.99015,2.94324,3.18831,0.763264,-1.13482,-0.255143,0.933904,0.678872,0.864051,0.504063,1.52825,1.77124,1.68058,1.78916,0.915628,0.791549,1.18201,0.388211,-1.22139,-1.85212,-1.24155
0.387565,0.0179625,-0.648744,-1.19488,-1.39969,-2.7741,-2.82674,-2.98972,-2.97121,-3.48271,-3.65659,-4.31725,-4.26665,-4.15726,-3.8165,-3.90381,-3.69805,-3.57431,-2.75404,-0.441869,0.970658,1.58214,1.29047,1.43938,2.19655,2.99628,4.5134,6.13438,7.22624,6.3473,4.54139,3.28284,2.55457,2.84518,2.26552,2.3238,3.3938,4.85096,5.21914,5.87596,6.80931,7.33443,6.30792,5.13031,4.27146,4.39441,2.59398,0.00991151,-0.102001,-0.0762951,-0.412767,0.64539,0.691937,1.5039,1.651,1.79718,1.81142,0.865461,0.245667,0.5009,-0.257335,-1.53257,-0.985,-0.78153
1.2576,0.870626,0.0731273,-0.862482,-1.80525,-2.37053,-2.76247,-3.34898,-4.0268,-4.09369,-4.27752,-4.13573,-4.38778,-4.43164,-4.10457,-3.96569,-3.81577,-4.35968,-3.53124,-0.92538,1.30312,2.40792,2.03131,1.62238,1.92264,3.13563,4.44202,6.14968,6.73763,6.46055,5.58978,4.27058,2.91247,2.59945,2.65773,3.91653,5.06594,6.08272,6.60177,7.66631,7.3371,7.36945,5.82684,5.03782,4.55486,4.5425,3.33249,1.12106,-0.358259,-0.813442,-0.439204,0.823457,0.652967,1.33649,1.48037,1.45921,2.24786,0.671346,-0.501578,-0.482554,-0.064066,-0.82917,-0.17379,-0.128825
2.1683,1.70041,0.605771,-0.630875,-1.8229,-2.37249,-2.44515,-3.08051,-3.9169,-3.64333,-4.11335,-4.07594,-4.85314,-4.60751,-4.89637,-4.27698,-4.1097,-4.62261,-3.76539,-1.04839,1.55441,3.46472,2.48294,1.74618,2.24041,3.15369,4.77646,5.66093,6.54233,6.51389,6.10637,4.38805,4.0915,4.22377,4.73048,4.73167,5.21698,5.99621,7.09075,7.62838,7.5324,6.07789,5.94576,4.20226,5.3812,5.19234,3.35685,0.372147,-1.08638,-0.719314,0.0608455,0.868295,0.447273,0.876117,0.624445,1.10968,1.94222,-0.542055,-0.420612,0.0840291,0.529322,-0.169678,-0.374011,0.601582
2.30797,1.91348,1.0483,-0.234273,-1.12233,-1.45711,-0.986,-1.70579,-2.65523,-3.33933,-4.20225,-4.98437,-5.36818,-5.34607,-5.36239,-4.3048,-4.26467,-3.85272,-4.15373,-1.05269,2.39021,4.24049,2.87983,1.1704,2.05946,3.99052,5.11173,5.96698,6.63641,6.49122,5.06847,4.15118,4.54576,5.60573,5.73337,5.81802,5.63916,5.71888,6.31968,6.73293,7.43513,6.53886,4.99453,3.93625,5.59211,6.13773,3.01934,-0.356617,-1.16043,-0.642815,-0.216371,-0.0251841,-0.22662,0.460709,0.248485,0.517345,1.07787,-0.575695,0.51598,0.297064,-0.00575963,-0.48639,-0.374954,0.871723
2.15835,1.98784,1.612,1.39765,0.829978,-0.0316974,-0.636497,-1.32751,-2.90073,-4.03474,-4.62799,-5.21448,-4.87844,-5.15757,-4.93989,-5.25175,-4.57023,-4.52579,-2.88091,-0.0781307,2.8795,3.84305,1.98597,0.796774,2.1239,4.05316,5.79936,6.67173,6.71573,6.26337,4.24081,4.27153,4.79908,6.73713,7.34412,7.47942,6.27671,6.46158,6.43209,6.80042,7.41793,5.64275,4.77903,3.58075,5.77544,6.94798,4.53801,0.70641,-1.00731,-0.89628,-0.774291,-0.879686,-0.19251,0.0487971,-0.118169,0.810969,0.487039,-0.374635,0.603209,-0.0270333,-0.339148,-0.538283,-0.0569807,0.591627
2.31458,2.19627,1.9494,1.60477,1.28947,0.194695,-0.796584,-1.99543,-2.34089,-3.55496,-4.19359,-4.7414,-4.38231,-4.50537,-5.41412,-5.02906,-5.23084,-4.28473,-1.8409,2.07533,3.39729,2.88026,1.79163,1.27108,1.94945,4.04953,6.27769,7.33962,7.15988,5.22012,4.84532,4.92578,5.45425,7.2219,7.83956,6.85229,6.94834,6.25311,6.49699,7.00652,6.41235,6.05987,4.56168,4.94684,5.9312,6.85847,6.30885,3.28673,-0.548165,-1.27075,-0.363033,-0.838932,-0.882893,-0.930148,-0.0625678,0.687487,0.282087,0.142776,1.03936,0.454162,-0.14484,-0.264823,-0.102623,0.179673
1.88175,2.04459,1.91657,1.66626,1.06043,0.267113,-1.19841,-1.74448,-2.48023,-1.87624,-3.35665,-3.57263,-4.4764,-4.3683,-5.54237,-5.13609,-4.66185,-2.92383,-1.10492,0.743981,1.76488,1.33676,1.47649,2.08031,2.96415,4.17199,5.84158,6.76273,6.37473,6.40987,6.5126,6.54203,6.97427,6.88027,8.03636,7.3221,7.3807,6.5832,6.82554,7.25397,6.70531,5.85152,5.28804,6.09826,5.76085,6.44242,6.3045,4.40683,-1.41751,-1.60624,-0.828732,-2.15925,-2.26206,-1.24587,0.0380678,0.902624,0.456412,0.409689,1.34122,1.38573,0.29697,-0.635305,-0.461394,0.221449
1.54859,1.9671,1.7486,1.45484,1.02335,0.130182,-1.37346,-2.30283,-2.31987,-2.10863,-2.45195,-3.95383,-4.05519,-4.65832,-4.35119,-4.60641,-4.35865,-2.36566,-0.587284,-0.872105,0.0651496,1.30949,2.26073,2.73695,3.57671,4.43642,5.56838,6.95207,7.52614,7.73902,7.48464,8.31777,8.1224,8.79517,8.18714,8.60927,7.80311,7.46775,7.06605,6.78147,6.17927,5.65102,5.67644,5.93545,5.34939,4.93627,4.16826,0.774055,-2.4445,-2.40235,-2.60528,-2.81725,-1.53095,-0.995982,-0.43443,0.152165,0.362555,1.28884,1.70617,1.55693,0.505738,-1.01122,-0.445995,-0.0144643
1.30895,1.59746,1.35593,1.42515,1.05608,-0.149544,-1.67172,-2.7421,-3.23446,-3.36223,-3.62963,-4.16609,-4.86991,-5.06496,-5.02619,-4.71518,-4.38885,-2.41614,-1.12444,-0.579224,0.191493,1.82293,3.60383,4.28165,4.00028,4.38349,6.0581,6.98719,6.71972,6.35267,6.24838,6.30331,7.9551,8.87175,11.1424,10.5077,8.83153,6.88447,7.06208,6.62031,6.03474,5.39707,5.80544,5.73702,5.3326,4.67457,3.90907,1.9866,-1.26387,-2.47478,-2.2914,-1.60221,-1.08179,-1.04792,-0.733934,-0.22803,0.174279,1.13746,1.6305,1.31481,0.739866,-1.16824,-0.308051,0.0906428
0.95375,1.17384,0.864955,0.743911,0.0924839,-1.12341,-2.64608,-3.74217,-4.17883,-4.51704,-4.25658,-4.3959,-4.64694,-4.76995,-5.05719,-5.02864,-3.84253,-2.38353,-0.822299,-0.142605,0.285798,1.87008,4.73906,5.68109,4.45546,4.35011,5.52548,6.49516,5.99046,5.95605,5.66124,7.20388,7.02156,10.4267,8.25973,10.2945,7.4946,8.90424,6.72428,7.13366,6.18921,5.80994,5.42609,5.42821,5.90522,5.73118,5.42981,4.48979,1.09823,-1.49467,-1.0371,-0.634363,-0.671268,-0.962099,-0.690804,-0.092941,0.680181,0.957381,0.765452,0.801102,0.267771,-1.14188,-0.45858,-0.0420107
0.33718,0.213617,-0.0808497,-0.254418,-1.32355,-2.70953,-4.13229,-4.52935,-4.97439,-4.44154,-4.38248,-5.05859,-5.06279,-4.97517,-4.47932,-4.59478,-3.08856,-1.91656,-0.903022,-0.493462,-0.256657,1.51376,4.33542,5.04034,4.79043,3.78713,3.92521,5.61181,5.89236,6.52874,5.97463,7.59325,8.02709,8.86133,7.65922,6.86017,7.20321,7.30153,8.05642,6.13055,6.80695,6.27793,5.97968,5.84165,6.11945,6.15323,5.12412,3.95326,2.02587,0.163208,-0.642558,-1.04785,-0.909104,-0.646102,-0.418529,-0.163205,0.347028,0.525378,1.11324,0.797319,0.181949,-0.832305,-0.623324,-0.333643
-0.45637,-0.526593,-0.831237,-1.50697,-2.83382,-3.23328,-4.11612,-4.64154,-5.25549,-4.77614,-4.36011,-4.49344,-4.69138,-4.74493,-4.60746,-3.53861,-2.66551,-1.9125,-1.64849,-0.552147,0.801421,2.77053,4.51627,5.72637,5.79868,4.97687,4.79047,4.87888,6.03219,6.31022,7.01019,6.99478,7.7036,7.78056,6.86982,6.44176,6.43301,6.81602,6.07961,5.86261,6.37771,6.22425,6.09478,5.70864,5.83609,5.64762,5.05669,3.95029,1.81751,1.16512,0.937554,-0.753489,-0.552898,0.00075706,-0.0614311,-0.524115,-0.460727,0.200758,1.01046,1.03422,0.588709,-0.0250567,-0.269749,-0.484282
-0.678091,-0.904365,-1.22331,-1.86238,-2.87779,-3.46693,-4.02825,-3.96432,-4.32673,-4.98292,-4.64142,-4.58001,-3.97032,-4.22502,-3.62053,-3.33285,-2.38808,-2.25434,-1.54968,0.542199,2.71406,3.98875,4.91661,4.99732,4.48345,4.52369,4.6307,4.83852,5.79936,5.65288,7.13907,6.46805,7.32241,6.69022,7.15442,6.17922,5.88164,3.79284,4.12179,4.99896,5.89159,5.66283,6.0127,5.70853,5.27934,4.88557,4.76719,3.4938,1.26839,1.76755,1.3684,-0.108159,-0.530713,-1.11745,-1.08769,-1.44616,-1.01997,-0.276419,1.00699,1.66575,0.963537,0.674411,-0.00763848,-0.883236
-0.98537,-1.11705,-1.31799,-1.68027,-2.508,-3.36889,-3.93494,-4.3722,-4.47628,-4.34554,-4.57014,-4.07265,-3.80318,-3.36108,-3.28268,-3.2694,-2.48346,-1.55991,-0.701333,1.28737,3.29149,4.21184,4.291,4.2671,4.47445,4.78057,5.18605,4.70752,5.00202,5.94606,5.90542,6.5172,6.11532,6.71512,7.1029,6.65052,4.53297,3.04886,3.12733,4.25777,4.73779,5.91104,5.67673,5.81332,4.70277,3.95034,3.21781,2.11417,1.18344,2.27509,0.971819,-1.23141,-2.10058,-2.7269,-2.27625,-1.95529,-0.958526,-0.14482,0.668549,1.41489,1.50968,0.915399,-0.172795,-1.06251
-1.11206,-1.19816,-1.43026,-1.53599,-2.43485,-3.14039,-3.83624,-4.48896,-4.76142,-4.45675,-3.79369,-3.47067,-3.05872,-2.76047,-2.34945,-2.74363,-2.05466,-0.587266,0.441604,2.16792,3.57305,4.16073,3.6296,4.31526,4.46629,5.7603,4.79112,5.27725,4.90015,5.56093,6.05844,5.67326,5.57132,6.21177,7.04238,6.86339,4.99867,2.83769,2.79993,3.54444,4.3678,5.1824,5.86842,5.55568,4.27405,2.33238,1.21216,0.568794,1.09767,2.5595,0.729997,-1.62109,-2.35043,-2.81637,-2.10674,-1.43362,-1.01064,-0.512858,0.573248,1.46242,1.51354,-0.116725,-1.52861,-1.38591
-1.231,-1.33725,-1.39813,-1.50354,-2.15646,-2.6602,-3.353,-3.88352,-4.08093,-4.00355,-3.57519,-2.86974,-3.04927,-2.18724,-1.80384,-1.74631,-0.978303,0.36027,0.749086,2.24517,3.80905,4.83621,4.1101,4.02998,4.53369,5.40784,5.05322,5.07128,4.94418,5.70081,5.60166,5.04442,5.48893,6.17662,6.7751,6.45859,3.94724,2.7867,2.94556,3.31153,4.57031,4.80163,6.06595,5.80304,4.38479,1.29469,0.602346,0.32613,1.77785,2.41821,1.11393,-1.09372,-2.33364,-2.08088,-1.8648,-1.11642,-0.722183,-0.381304,0.532727,0.897588,0.184942,-1.168,-1.7326,-1.76724
-1.27129,-1.34472,-1.34429,-1.73685,-2.02382,-2.31163,-2.55975,-2.97629,-2.73947,-2.85462,-2.68034,-2.77793,-2.77872,-2.18308,-1.7901,-1.04557,0.163443,1.21863,1.40463,2.22129,3.49705,3.73059,3.26273,3.44149,4.38939,5.11072,4.99059,4.54996,4.95869,5.21291,4.80083,5.02716,5.30662,5.84658,6.40275,6.21613,4.72927,3.64913,3.32329,3.5681,5.06466,5.54727,5.94506,6.14576,3.92837,0.240501,0.324765,1.09897,2.68984,2.14928,1.50233,0.426554,-0.154365,0.402744,-0.659447,-0.155872,-0.449643,-1.18128,-0.669877,-0.835777,-1.17914,-1.44914,-1.65698,-1.51111
-1.41841,-1.41193,-1.17747,-1.60946,-1.83576,-1.85192,-1.95345,-2.17117,-2.13972,-1.66362,-2.22766,-2.39812,-2.4312,-1.8898,-1.42101,-0.528812,0.625957,1.64959,1.56778,2.19441,2.8885,3.16003,2.87895,3.84043,4.25772,5.31457,4.51348,5.16189,4.40487,5.18932,4.79386,4.74982,4.1734,4.70057,4.58746,4.64123,4.85804,4.83003,3.84184,4.05716,5.15747,6.17043,6.27911,5.57891,1.83308,-0.139587,1.4055,2.22038,1.93072,2.23513,1.39635,0.528718,0.859949,1.76886,0.107273,-1.54656,-1.30388,-1.30119,-1.5008,-2.2556,-2.13718,-1.86142,-1.52839,-1.06689
-0.554117,-0.71892,-0.954877,-1.27768,-1.32618,-1.28118,-1.40776,-1.47372,-1.60879,-1.35249,-2.14177,-2.30211,-1.83722,-1.24687,-1.11427,-0.218388,0.822188,1.66293,1.77128,1.8598,2.19581,2.46381,2.25639,2.31304,3.38239,3.35134,4.57445,4.42474,4.51844,4.3249,4.07425,3.83959,3.05251,1.89297,1.98231,2.90172,3.84242,5.74032,4.94988,5.07703,4.92254,5.85328,6.43825,4.13271,0.418724,0.809509,2.58843,2.29323,2.45765,2.38696,1.28437,1.06589,1.40329,2.08953,-0.0847683,-3.537,-2.54008,-1.10433,-1.68179,-3.10383,-2.47085,-2.01654,-1.54842,-0.847838
-0.297036,-0.48608,-0.456173,-0.953694,-0.619928,-0.422438,-1.01667,-1.1055,-1.3152,-1.66641,-2.35192,-2.01094,-0.880599,-0.776038,-0.879172,-0.333137,0.818322,1.52291,1.98776,2.08129,2.24019,1.61553,0.381366,-0.206838,0.596841,2.86649,3.68774,3.72068,3.70329,3.61897,3.08332,1.11821,-0.661764,-1.29942,-0.22272,1.44909,3.35221,4.6594,5.29049,5.33286,5.35669,5.78652,5.40716,3.50519,2.17808,3.14856,3.35159,2.59416,2.60982,2.4741,1.35414,1.54092,1.73674,1.39942,-1.66541,-3.06864,-2.75321,-2.92649,-3.50308,-3.14295,-2.06498,-1.60056,-0.845842,-0.158387
0.261684,0.0893453,-0.0526947,-0.386666,-0.0833663,0.080324,-0.750588,-0.97572,-1.49087,-2.14807,-2.41185,-1.11169,-0.158946,-0.264993,-0.577854,-0.146415,0.872368,1.52777,1.92339,2.05672,2.097,1.53283,0.111304,-0.870068,0.090245,2.26282,3.60733,3.01787,3.11655,2.32385,-0.431749,-1.88527,-2.16944,-2.21141,-1.53192,0.903364,2.12901,1.92282,3.13419,5.11723,5.9997,5.52296,2.89857,1.67152,3.7437,5.5092,4.78326,3.58565,3.07765,2.41916,2.18832,1.69172,2.20734,0.64141,-2.5509,-1.99173,-1.9397,-2.37409,-1.67246,-1.31652,-1.26478,-1.03514,-0.0279682,0.762539
0.802418,0.512038,0.486294,0.0571108,0.329795,0.312879,-0.432352,-0.832443,-1.30285,-1.94535,-1.5893,-0.385443,0.218956,-0.312362,-0.466213,-0.0778629,1.12384,1.47613,1.69529,2.007,1.94024,1.37231,1.58319,0.5678,0.619832,0.634938,1.27431,2.42763,3.39113,1.2264,-0.953435,-0.0272057,-0.444649,-1.62041,-1.51761,-0.644186,0.064302,0.648106,2.99574,5.59327,7.13325,6.39658,5.48061,3.6311,6.06429,6.8591,6.18858,3.88507,2.65968,1.44034,1.97167,1.2882,2.03881,0.981389,-0.788285,-1.00004,-2.08003,-1.88243,-0.78586,-1.18577,-1.49399,-0.989996,0.39289,0.107587
1.00438,0.998957,0.978821,0.655882,0.732231,0.638998,-0.150974,-0.310568,-0.843445,-1.18953,-0.790488,0.106879,0.249985,-0.405124,-0.87437,-0.42375,0.674463,1.24376,1.3878,1.98452,1.97354,1.55021,1.4156,0.982289,1.36433,2.2365,2.51252,1.73018,-0.38624,-1.69272,0.0600647,1.26882,1.27701,-0.322391,-1.46301,-2.10818,-1.26348,0.439247,4.44704,6.73343,8.15717,7.21873,7.95693,6.89548,7.65406,8.99338,8.02756,5.05307,1.54279,1.232,1.89332,1.52118,1.96614,1.70471,1.01888,0.934783,-0.0756256,-0.786933,0.0689587,-1.74616,-2.33768,-0.744829,-0.383983,-1.19905
