uploads/wind/20200723/wind_field_01.json
{"header": {"parameterUnit": "m.s-1", "parameterNumber": 3, "dx":  0.051, "dy": 0.036, "parameterNumberName": "northward_wind", "la1": 45.3082, "parameterCategory": 2,"nx": 177, "ny": 123, "refTime": "2018-10-03 01:00:00", "lo1":1.38177}, "data":
[rows 87 to 115 of 123, columns 64 to 127 of 177]
-0.515254,-0.466561,-0.503775,-0.318037,-0.00712028,-0.694194,-1.33582,-1.71157,-2.44809,-3.23204,-3.49827,-2.80255,-2.65718,-0.936123,-0.57568,-2.94152,-2.8742,-1.82221,-0.543635,0.311831,2.47417,3.61591,3.21926,1.37737,-0.61583,-1.83411,-2.08607,-2.85305,-3.87287,-4.25016,-2.70718,0.345899,2.43228,2.59697,-0.0590699,-4.02552,-5.17733,-1.92314,2.06646,2.89545,1.62363,-1.95088,-5.36859,-5.12831,-4.09822,-3.18869,-2.77166,-4.07869,-3.20518,-3.84283,-5.27328,-4.22478,-0.609245,1.2922,1.31564,-0.540789,-2.5914,-5.74585,-5.24186,-4.22458,-4.11988,-6.04213,-5.87195,-4.07601
-0.0638047,-0.737211,-0.498912,-0.947277,-0.978138,0.962643,1.49449,0.729804,1.17123,1.12372,1.46358,2.61729,3.79325,2.64152,-0.701882,-0.438318,1.04757,2.36867,3.02698,3.1448,1.97116,1.48372,2.38264,2.67812,0.997322,-3.08082,-2.22778,-2.50005,-3.53662,-3.64365,-4.00808,-3.72553,-1.62359,1.16757,1.33943,-1.22235,-4.33602,-3.70966,1.42847,1.18617,-2.89396,-5.69983,-5.46017,-2.75711,2.52117,1.71088,-2.55436,-4.54001,-3.73517,-2.45985,0.512442,1.75416,3.93302,5.8766,5.15363,3.0528,1.15706,-0.835456,-0.435005,-3.655,-4.76603,-4.53028,-3.70221,-3.11035
-0.907688,-0.773909,-0.95299,-2.57022,-1.96432,-0.217636,1.52328,1.95105,1.64596,2.9621,4.70246,5.64422,4.35024,0.58876,-0.140893,1.97537,3.15309,2.86616,3.04765,1.40109,-2.73193,-3.99757,-2.63297,-0.244331,-0.325323,-2.77746,-2.9283,-2.96336,-4.32881,-5.22011,-5.09945,-5.57011,-5.15728,-3.37239,-1.34619,-1.27668,-3.6027,-3.8381,-2.46435,-3.88841,-5.22645,-4.45516,-2.56151,0.857116,3.50465,-1.66819,-5.48817,-4.71659,-3.44085,-1.25726,3.76755,5.66909,5.71583,6.08075,6.16843,5.66372,4.95429,3.67456,3.67723,0.823562,1.44528,1.88526,1.53171,-0.935573
-0.981672,-0.803227,-1.31363,-2.5096,-0.975053,-0.187495,0.73155,0.880868,-0.204829,-0.907992,1.06472,3.14273,2.02758,0.0495844,1.843,2.72437,1.28346,-0.475351,0.217831,0.305505,-0.690941,-0.639917,-1.6389,-1.85228,-0.0400442,1.15169,-0.186615,-1.54599,-2.39327,-3.88272,-4.28425,-3.45785,-3.42123,-3.21213,-3.60207,-4.04695,-4.19732,-3.95173,-3.97511,-4.11576,-4.22829,-3.46202,-0.0267529,1.26358,-3.21966,-5.10897,-4.21357,-1.7663,0.148286,0.261161,0.971648,2.28784,4.38046,5.43128,5.52386,5.40299,4.12209,4.16975,5.29027,5.50345,5.3347,4.67588,4.53091,3.26926
-0.0990866,-0.526952,-1.27493,-1.07359,-0.158806,0.755376,0.357489,0.74438,-0.888636,-3.08714,-3.31363,-0.580915,3.26111,3.66644,2.59608,1.31792,0.234057,-0.912943,-0.215317,-0.0572309,2.05701,3.20855,1.15355,-1.2835,0.509846,2.44202,2.88908,2.50773,1.39996,-0.885105,-3.49591,-3.62475,-2.01243,-1.45481,-2.59587,-2.91245,-3.65255,-3.79692,-1.66311,-0.709623,-1.48465,-2.8192,-1.70804,-3.73971,-4.06256,-1.0932,1.77797,4.42,5.06142,5.65766,5.69013,4.55716,4.23517,5.02211,6.48289,5.80054,5.00773,5.53453,5.16847,5.96502,6.20973,4.90166,4.26098,4.36065
0.820059,-0.360708,-1.55944,-1.31937,-0.673854,-0.054037,-1.01044,-0.441798,0.420928,0.341891,-1.06266,-0.955088,2.29796,2.76779,2.23434,2.46054,2.93217,2.89918,1.27498,0.325725,1.90733,1.18863,-0.526875,-1.04491,0.861233,1.64476,1.92645,2.00207,2.02353,1.93875,-0.576605,-1.30867,-0.286668,-0.813089,-0.000177806,0.920441,-0.132765,-0.501149,2.41171,1.86362,-0.3095,-3.44976,-5.24244,-5.14424,-0.708187,2.92218,3.06605,0.728562,-0.411571,2.00739,3.29557,2.40727,2.17257,3.2124,4.46962,5.30927,6.89633,6.79595,5.92618,5.06204,5.16759,4.83713,4.08966,4.05747
0.782145,-0.197379,-1.33709,-1.47663,-1.00534,0.298949,-0.773329,-1.94071,-1.16457,0.385208,2.68212,0.921241,-1.16107,-1.00944,0.255307,1.31956,2.34246,2.99339,2.03532,0.765754,0.495978,-1.74961,-2.95068,-2.04909,0.988625,0.704369,-1.98,-2.72864,-1.26118,2.26834,3.58356,3.55255,0.275751,-1.43926,1.9671,3.97769,4.57358,4.18514,4.41703,3.93057,2.65386,-0.156257,-2.99241,-3.59579,-1.17431,-0.615961,-4.04876,-4.88268,-3.99107,-3.46255,-2.94603,-2.05974,-0.772014,1.46334,3.27031,3.98426,5.0218,4.89575,4.86387,4.16423,3.79028,3.80006,4.11506,4.2736
0.0949975,0.236743,-0.583011,-1.00998,-1.13828,0.508507,0.708002,-1.25846,-3.08027,-2.91725,0.694549,0.47543,0.0674748,0.768236,-1.43678,-2.79577,-1.8194,-0.161607,0.192687,1.28525,-0.16961,-2.46558,-4.29383,-4.48382,-2.75685,-1.40515,-1.31081,-1.28304,-0.181974,2.40452,3.65287,3.57978,0.468967,0.361856,2.88189,1.81376,1.63195,0.353611,-0.464449,2.0554,3.84239,3.49084,0.521265,-3.56647,-4.64194,-3.91774,-3.5178,-0.945905,0.105007,0.516975,1.52218,2.66727,3.13371,2.98974,2.98403,3.12061,2.88343,2.63429,3.38332,3.37993,3.21438,3.44242,3.59491,2.93901
-0.299243,0.122837,-0.0386041,-0.408416,-1.12231,-0.0513851,0.939025,0.298282,-0.595343,-2.42219,-2.46246,-3.34038,-1.98568,0.758962,0.936491,-0.191795,-1.23538,-2.03595,-2.41607,0.578576,0.2114,-1.93541,-3.42901,-4.5509,-5.48925,-3.34072,0.30312,2.33754,3.34407,2.39924,1.45384,0.894959,2.75514,3.12933,1.24994,-3.11762,-4.789,-4.72911,-4.38583,-3.86102,-1.47128,0.373963,-1.66086,-5.49487,-6.18572,0.800372,4.77391,5.10483,4.75331,4.72579,4.721,4.28512,3.56401,2.26018,0.939584,1.51161,1.84783,1.96924,2.37344,2.95725,3.07448,3.00558,3.01056,1.34445
0.705571,0.608011,0.520385,0.687563,0.436954,0.194967,1.77729,2.92134,2.85805,0.23419,-2.03465,-2.87107,-3.00308,-1.12311,1.41591,0.652566,-0.979504,-1.31156,-2.30289,-1.06884,-0.78799,-0.651568,-0.0328183,-2.31753,-4.81864,-5.11795,-2.53514,1.24286,1.65881,-2.18573,-2.85596,-0.0227731,2.27552,1.18797,-2.31873,-3.41507,-2.24074,-1.75846,-1.01241,-1.92246,-2.11581,-0.810769,-0.0199604,1.98991,2.05644,3.86571,5.79002,6.2635,5.92218,4.80371,2.10206,-0.860289,-2.08788,-1.91691,-0.656027,1.42942,1.90495,2.31223,2.52142,2.4402,1.5897,1.19935,1.94107,1.27093
1.89356,2.24838,2.55678,3.33219,4.53085,3.56854,3.51434,4.7857,4.50429,3.3362,2.77974,2.94935,0.825477,-2.58093,-2.41771,-2.16873,-0.562607,1.50427,1.34402,-0.312629,-3.12421,-0.760763,1.11961,0.620559,-1.67791,-2.42472,-2.71085,-1.7854,-0.990663,-0.723796,-0.837887,-0.111926,1.02423,1.19659,2.4819,3.9349,4.21584,3.78254,3.23692,1.08015,-1.76932,0.190578,1.08828,3.36753,2.45521,-2.21868,-2.94649,-2.78925,-2.71328,-2.11869,-3.11505,-4.20478,-3.49652,-2.42723,-1.43006,1.14114,2.43659,2.62702,2.3796,2.7832,2.24872,1.53146,1.72456,2.1889
1.18378,3.03682,3.40367,3.73203,4.2356,3.88954,1.75846,1.51127,3.46729,3.78078,3.98817,4.54763,2.46807,-1.8388,-0.837489,2.42838,2.68686,0.850732,0.279853,-1.42992,-3.31621,-3.05003,-1.34542,0.984628,1.67538,-1.08915,-2.97051,-1.83606,-0.351329,1.47471,-0.0877578,-3.88646,-4.07529,-2.48937,0.89454,3.84906,3.36049,2.86088,3.2891,0.00431955,-4.22284,-1.85168,-1.64521,-2.54902,-4.77192,-3.91423,-3.49952,-3.74973,-2.84671,-1.08938,-0.81513,-0.1969,0.266117,-0.0803883,-0.578136,0.802963,2.28342,2.61708,1.97516,2.37339,2.73241,2.8927,2.8394,2.6647
0.481912,2.85705,3.40471,2.89769,1.82912,1.76421,1.47079,1.37333,2.25411,1.79319,1.63018,1.90086,2.20554,2.13197,3.75839,4.09957,1.70663,-0.414424,-0.211067,-2.33711,-3.4048,-4.17464,-4.1082,-3.88108,-3.99157,-4.82802,-4.7871,-3.55461,-3.87696,-4.30917,-5.38532,-6.26551,-6.18666,-5.59589,-5.41506,-3.04226,0.848526,0.602132,1.70116,0.296815,-2.89608,-1.58287,0.960119,-0.913654,-3.81143,-1.79634,0.270229,-0.684805,-0.811886,-1.5658,-0.919237,1.59265,2.30892,1.5393,0.755519,0.962274,1.76683,2.26007,1.68101,1.55176,2.01707,2.45927,2.49838,2.27479
-0.0266464,1.43271,2.52936,1.71815,1.0605,0.703898,1.68164,2.10248,0.504596,0.912439,2.05236,2.16708,2.75825,4.46504,4.69412,1.20818,-0.948085,0.771231,1.94298,-0.208558,-2.64666,-3.76721,-4.39493,-4.29909,-4.52937,-4.28633,-2.9076,-2.42299,-2.96655,-2.66565,-3.86611,-4.20932,-4.60765,-5.22518,-4.81948,-3.40687,-0.612931,3.65266,4.97794,3.06312,2.12432,1.75399,1.58261,-0.215054,-1.60791,-2.75067,-3.00404,-4.58408,-4.41872,-4.44097,-3.02946,-0.389974,1.92173,2.81691,2.47188,1.70042,1.57378,1.98389,2.13452,1.88464,1.97384,2.27018,2.30954,2.93285
2.57692,2.51127,2.83094,1.08133,-0.440096,-0.180849,-0.0176201,-0.131463,0.486061,3.38751,4.82666,3.28386,2.34269,4.41339,3.49986,1.14831,0.479566,1.47292,1.12513,-0.675606,0.22923,-0.70724,-1.09728,2.25521,3.59792,1.98035,2.12033,1.44683,-0.394353,0.246457,2.32629,0.883203,-1.78141,-2.92663,-4.67939,-4.75083,-3.89796,2.28175,5.07633,4.64934,4.87183,4.19163,1.48919,1.78066,3.75276,0.790044,-2.64856,-2.87991,-1.32286,1.25689,2.54293,2.37466,2.6714,3.40089,3.41723,2.81196,2.17475,2.93408,2.87946,2.67508,2.2367,2.29784,2.7945,3.84037
3.46704,2.13588,2.41901,2.43996,-0.134762,0.690908,0.296801,0.498499,2.1183,3.4705,3.82776,2.8511,2.0307,2.47661,0.389239,-0.889654,-0.766814,-1.85687,-2.04456,-0.724932,1.75663,1.40833,1.44406,4.83562,5.71344,4.74299,3.67527,-0.126719,-4.64883,-4.66501,-0.737352,0.268068,-1.28842,-1.83272,-4.79742,-5.13417,-3.82394,-1.23051,-1.6977,0.70957,3.91384,2.96753,2.33086,3.13822,4.60044,2.17921,1.30548,1.73033,1.81282,2.47258,3.14888,2.6273,1.3601,1.49394,1.93,2.41269,2.8078,3.27681,3.10234,3.01602,2.40262,0.880917,1.533,2.94354
0.373829,0.744333,1.45413,2.73807,2.28013,1.75967,0.0962729,-0.464555,0.25284,-0.0376721,-0.880832,0.744064,3.2768,2.51725,-2.20521,-4.81536,-4.86695,-3.17709,0.216043,2.90629,4.30702,3.05003,3.3113,2.45887,3.53658,4.49819,1.24358,-3.00649,-4.61959,-5.9536,-6.1609,-5.02215,-3.68095,-3.51229,-2.7633,-0.914533,1.75655,-1.98644,-3.38545,-4.72581,-0.498972,2.95607,3.33371,3.46441,3.67538,3.42314,2.58947,1.53625,-0.968443,-2.5749,-1.6014,0.429666,0.811193,0.341402,0.54337,1.41117,2.13275,2.67011,2.62072,2.49883,1.48466,0.240286,0.236667,1.28056
-0.846307,0.586447,2.20247,3.25657,2.81736,1.55054,-1.15998,-2.59781,-2.19067,-1.76221,-2.4087,-1.24572,2.11629,1.80105,-1.07526,-2.617,-2.93905,0.801787,3.41157,5.42232,5.23011,3.58677,3.70563,2.50872,4.0188,3.79054,0.514239,-0.576766,0.18975,-2.02609,-5.51814,-5.43395,-3.213,-0.614658,1.19865,3.17424,2.18301,-2.10591,-1.80052,-3.9187,-3.81413,0.640376,3.27924,5.08357,5.34714,5.23491,5.06903,4.7072,3.72126,2.80856,1.96424,1.81715,1.41195,-0.0785216,0.734846,1.58221,0.915649,0.725561,1.02923,1.12636,1.51996,0.891661,0.536343,1.02409
1.86384,0.349693,1.84228,3.07343,3.14515,1.78474,0.441272,-2.10078,-3.42716,-3.04741,-2.75045,-3.02141,-2.84598,-2.74846,-0.314141,1.65617,2.73154,3.56862,3.71439,2.72289,3.05542,4.22698,5.8612,5.43713,3.79851,-1.46191,-3.02702,-0.886356,2.97013,1.95511,0.63751,-0.608493,-0.975808,1.2983,3.02544,1.83826,-0.229572,0.171691,0.274052,-0.462656,-4.01046,-5.08683,-4.24124,-1.94825,2.19724,3.18802,4.10682,5.68257,5.74278,4.8201,2.47621,0.4582,-0.638076,-1.15489,-0.615587,-0.709454,-1.05924,-0.511371,0.511655,1.22914,1.65364,2.37897,1.97042,1.76426
0.199073,-0.944316,0.146352,2.27585,3.71447,3.15168,3.18649,1.3695,-1.32799,-3.50074,-4.22896,-4.27871,-4.35048,-3.37153,-0.76391,2.73097,3.58722,2.88618,1.35222,-0.019015,1.2649,4.36328,5.69024,3.42833,-1.61109,-2.60176,-2.34135,-2.95888,-3.41444,-3.60608,-2.9046,-2.33494,-4.22273,-2.33782,-0.191723,-1.30594,-3.46786,2.74156,4.21098,3.16037,0.0292198,-1.31124,-3.06792,-4.64047,-2.73525,0.0192373,-0.557639,-2.37876,-3.39829,-2.38299,-1.91609,-1.9007,-2.36617,-2.10799,-1.44488,-1.12698,-0.883919,-0.568016,0.528192,2.14136,2.38553,2.78317,2.10111,1.76382
-2.10433,-0.367882,1.16235,2.64831,4.19882,4.01075,4.08352,3.12077,2.41201,-0.780443,-3.07521,-3.43305,-2.59912,0.697391,2.18687,3.09231,2.21957,0.393384,-1.42729,-1.86334,-2.33239,0.285439,2.20171,1.38066,0.964662,2.21765,0.433513,-3.64333,-4.96025,-5.57047,-5.14196,-4.18552,-3.51144,-2.63847,-2.59379,-3.51045,-2.80271,1.17125,4.46636,4.71346,3.43241,3.30401,1.6929,1.42259,0.881468,1.4441,-0.376867,-2.2824,-3.73212,-2.31758,-1.07442,-0.328345,-0.346763,-0.52354,-0.0535215,0.874772,0.524664,0.339719,1.05445,2.30728,2.5387,2.56207,2.10664,2.33993
2.17385,2.72824,2.95446,3.56532,4.35621,4.61485,4.29761,2.99857,3.33778,3.07119,1.95662,1.21398,0.250068,1.77405,3.97767,4.27292,3.44519,1.82327,0.194834,-0.961754,-2.73391,-3.80409,-2.89215,-1.93852,-0.791024,0.711233,-2.42395,-3.22804,1.04488,4.5487,4.17713,3.24869,1.48002,-1.43099,-3.67707,-2.19479,2.09886,-0.526096,-2.29333,1.32666,3.47765,5.35037,5.45576,5.74411,5.30335,5.11452,5.14801,4.67113,4.01343,2.48839,0.801147,0.184957,0.619123,0.93241,0.684572,0.850506,0.508257,1.02403,1.96738,2.23539,2.40198,2.59916,2.24884,1.59369
4.23765,5.08212,4.31833,4.27336,5.1694,4.74393,4.62678,3.0337,3.35226,5.29574,6.06053,6.01102,4.75118,4.58127,4.35202,4.7565,4.49014,3.4746,2.74806,2.41429,2.16571,-1.60864,-3.45356,-2.45432,-3.30046,-2.34624,-0.504189,1.79079,4.32747,3.85785,0.392092,0.736136,0.06646,-4.373,-3.73561,0.435101,2.03573,-1.67611,-1.80286,-2.06666,0.195271,3.07022,4.66874,5.38841,4.41577,2.54874,1.93763,3.94837,4.73983,1.97396,-1.95368,-2.70556,-1.49407,-0.342385,-0.28613,-0.632205,0.172409,1.13823,1.18027,0.850511,1.1486,0.79474,0.206479,-0.267144
7.56161,7.29981,5.466,4.11572,4.80247,4.80752,4.73544,2.99694,2.62784,3.89792,5.09059,5.96739,6.85548,5.50666,4.25819,4.4243,3.23302,1.52899,1.74553,3.18323,3.2521,2.55263,1.42469,1.9155,1.25695,2.00835,5.0105,6.16298,3.93026,-1.02133,-3.33086,-3.07359,-2.20519,-2.33599,0.560641,1.03455,-1.02886,0.0255717,1.64222,-0.0906852,-2.40102,-1.81621,-0.878386,2.17314,1.4612,-1.21612,-0.557914,-0.57906,-2.78471,-4.76707,-4.03312,-2.43481,-1.63464,-2.54426,-1.79724,-1.76404,0.0343557,0.900264,0.539321,-0.44562,-0.451582,-0.870361,-0.973685,-0.83529
6.29909,4.7397,3.49401,2.27202,3.21685,4.1593,2.59178,0.88917,0.981448,2.54723,3.266,2.50374,5.28085,5.641,4.23343,4.43171,3.95762,1.77461,1.50485,3.78956,5.40987,6.26528,5.42194,2.85795,2.42042,4.73128,6.54104,5.70792,4.20629,4.19156,3.55887,1.07448,2.30761,4.26251,1.92309,-3.30266,-2.86544,-0.0394667,1.19917,3.57672,3.26315,3.16275,3.40202,2.87957,2.26923,2.06019,2.00795,-2.10018,-5.30882,-3.78226,-0.993268,0.467577,0.249532,-1.60007,-1.36619,-0.20485,0.361502,0.100314,-0.386962,-1.32405,-1.01461,-0.381813,-0.552911,-1.02641
0.473939,-0.938667,-0.220501,0.714142,2.28289,2.57048,-0.346183,-0.725474,-0.385789,1.8867,3.11679,1.31174,1.9906,3.93625,4.21301,4.85377,5.93409,5.21484,3.02153,3.54636,5.54942,5.51701,4.7184,4.31633,4.13308,4.03233,2.10903,-2.49393,-0.429923,3.81581,3.08594,2.99473,3.45612,3.12712,-0.410406,-2.00797,-0.94725,-1.46736,-0.589727,3.95907,1.85395,-1.2755,1.04427,2.92995,0.608751,-0.684397,-2.34515,-3.348,-1.80737,-0.0578879,0.885105,1.0399,0.762947,0.270298,-0.311117,-0.556232,-0.552638,-0.962251,-1.10562,-1.55446,-1.81023,-0.735369,-0.321762,-1.53945
-0.80731,-1.03266,-0.136784,1.18452,1.9884,2.1765,-0.174185,-0.163772,-2.50173,-1.34147,-0.371652,-0.0447408,-0.0490748,2.40597,3.63841,4.62786,5.3078,4.77171,2.63855,1.38568,0.123481,0.753915,1.56125,3.29672,4.37839,1.37043,-1.73115,-3.31883,-3.94852,-2.12512,-0.292985,1.0256,0.507431,1.72725,2.86918,2.99521,1.04172,-1.1366,-2.63808,-3.49986,-4.8584,-4.37791,-2.57221,2.31227,4.09932,3.08149,3.10669,3.87381,4.37094,3.87611,3.03922,1.89426,0.230849,-0.0160399,-0.758585,-0.925958,-1.22195,-1.46557,-1.23835,-0.758735,-1.08122,-1.8202,-1.94532,-3.03273
1.18619,0.526911,0.768919,2.56359,3.41047,2.83649,0.746152,1.6074,-0.881108,-1.90308,-2.49941,-2.40585,0.732473,3.58355,4.8094,5.02814,4.59514,3.80228,2.46154,1.3126,-1.18379,-0.0661544,1.578,1.90754,0.428645,-2.24455,-0.000753898,1.74744,0.911217,0.653308,3.34507,4.56905,4.4201,4.71906,5.50726,5.4968,3.46395,1.59999,-1.18606,-4.28135,-2.68501,0.252725,-0.413184,0.714973,5.1619,6.55632,5.37175,4.66033,4.1506,2.2528,0.162564,-0.107004,-1.18414,-2.00094,-1.54372,-1.2218,-1.07099,-1.08924,-1.03908,-0.157227,0.561082,-0.367414,-1.43707,-1.45469
0.634994,1.24906,1.44661,2.20006,4.44943,3.38374,1.97574,3.06743,1.57862,1.48582,-1.08219,-2.56251,0.303874,3.81363,6.2511,7.03158,5.69058,4.62937,3.99138,2.74206,0.562054,0.733496,2.95317,3.65588,2.42562,0.170679,-0.569712,3.5535,4.49463,4.27299,5.66466,6.98093,6.8948,5.77569,5.96196,6.93815,6.16932,4.60723,3.54992,2.62912,2.3894,3.68066,3.13578,1.20608,-0.645907,-3.07141,-4.78257,-4.98825,-5.03553,-5.05656,-5.21216,-4.50742,-2.26773,-2.67705,-2.22783,-1.8593,-1.76096,-0.61854,-0.459731,-0.116269,0.931396,0.883132,1.63417,2.18013
