uploads/wind/20200723/wind_field_18.json
{"header": {"parameterUnit": "m.s-1", "parameterNumber": 2, "dx": 0.051, "dy": 0.036, "parameterNumberName": "eastward_wind", "la1": 45.3082, "parameterCategory": 2,"nx": 177, "ny": 123, "refTime": "2018-09-30 00:00:00", "lo1":1.38177}, "data":
[rows 0 to 28 of 123, columns 0 to 65 of 177]
-2.10298,-2.08318,-2.04411,-1.93107,-1.74701,-1.52998,-1.32923,-1.12575,-0.946558,-0.826407,-0.766449,-0.711838,-0.602785,-0.43159,-0.283336,-0.243616,-0.299291,-0.406959,-0.527881,-0.655901,-0.808516,-1.00151,-1.22542,-1.43943,-1.60468,-1.71825,-1.79141,-1.83356,-1.86095,-1.88335,-1.88805,-1.88761,-1.902,-1.94276,-2.01427,-2.1057,-2.20408,-2.3089,-2.39622,-2.43158,-2.43351,-2.42575,-2.3945,-2.33707,-2.27648,-2.22696,-2.18984,-2.15057,-2.09349,-2.01994,-1.92892,-1.82166,-1.69847,-1.5616,-1.4146,-1.25948,-1.10695,-0.966989,-0.842534,-0.731954,-0.63316,-0.547403,-0.476838,-0.423,-0.385866,-0.35734
-2.27579,-2.38223,-2.33663,-2.13265,-1.86985,-1.65416,-1.4197,-1.19347,-0.984721,-0.778418,-0.644606,-0.552812,-0.416204,-0.246331,-0.108374,-0.0671955,-0.124955,-0.242701,-0.362705,-0.484492,-0.637104,-0.84248,-1.08468,-1.31091,-1.49034,-1.63068,-1.73048,-1.80067,-1.85081,-1.88106,-1.8859,-1.87937,-1.88092,-1.90863,-1.9733,-2.05932,-2.15409,-2.26082,-2.35485,-2.39364,-2.39739,-2.38687,-2.35009,-2.296,-2.23935,-2.18965,-2.15053,-2.10597,-2.04331,-1.96352,-1.86724,-1.75267,-1.62611,-1.48842,-1.32576,-1.14614,-0.975914,-0.821493,-0.681502,-0.558533,-0.451774,-0.367346,-0.299746,-0.243781,-0.204432,-0.172999
-2.37331,-2.39851,-2.17722,-2.06588,-1.8977,-1.70317,-1.49011,-1.2296,-0.970014,-0.763903,-0.631257,-0.501565,-0.352001,-0.224465,-0.115512,-0.0740778,-0.133806,-0.225284,-0.288859,-0.368559,-0.496359,-0.682982,-0.914932,-1.1472,-1.34822,-1.51486,-1.64434,-1.74216,-1.80811,-1.84519,-1.85271,-1.84383,-1.83826,-1.86095,-1.92196,-2.00495,-2.1049,-2.22045,-2.31695,-2.35814,-2.36573,-2.35743,-2.32089,-2.26402,-2.20197,-2.14408,-2.09091,-2.02999,-1.95419,-1.86816,-1.77123,-1.65636,-1.52547,-1.37846,-1.20647,-1.0188,-0.840182,-0.679785,-0.53276,-0.405934,-0.301737,-0.22267,-0.164979,-0.11591,-0.0776533,-0.0428087
-2.55341,-2.58741,-2.13182,-2.06913,-1.92507,-1.73091,-1.53762,-1.35001,-1.14675,-0.921976,-0.709487,-0.529221,-0.394099,-0.283587,-0.184373,-0.15414,-0.272372,-0.406445,-0.346101,-0.277152,-0.339304,-0.485786,-0.699092,-0.932238,-1.15355,-1.35737,-1.52508,-1.65133,-1.73481,-1.77583,-1.77944,-1.76546,-1.75601,-1.77908,-1.84689,-1.94021,-2.05352,-2.1819,-2.28635,-2.33543,-2.34722,-2.34171,-2.30213,-2.23348,-2.15561,-2.07243,-1.98649,-1.89717,-1.80281,-1.70707,-1.60915,-1.49932,-1.37185,-1.22422,-1.05483,-0.872103,-0.693679,-0.535632,-0.399445,-0.28921,-0.205305,-0.14358,-0.103381,-0.0739046,-0.0448405,-0.00471801
-2.28295,-2.30266,-2.08212,-2.0786,-1.99284,-1.76667,-1.56883,-1.43308,-1.29934,-1.06572,-0.791644,-0.623337,-0.644878,-0.662426,-0.44793,-0.24715,-0.257279,-0.249717,-0.157773,-0.181795,-0.25151,-0.385243,-0.567344,-0.761704,-0.962064,-1.17234,-1.36939,-1.51908,-1.61847,-1.6705,-1.67946,-1.67321,-1.6765,-1.7117,-1.78365,-1.8849,-2.01577,-2.14649,-2.24453,-2.30303,-2.32114,-2.3056,-2.2598,-2.18869,-2.09657,-1.99141,-1.88505,-1.77989,-1.67581,-1.57205,-1.4728,-1.36723,-1.2396,-1.09104,-0.921377,-0.74626,-0.584022,-0.433017,-0.295307,-0.186835,-0.108655,-0.0540516,-0.0173663,0.0131326,0.0513449,0.103353
-1.70768,-1.71176,-1.99013,-1.91424,-1.80225,-1.61017,-1.3393,-1.01343,-0.788957,-0.69808,-0.531737,-0.336527,-0.437994,-0.561289,-0.330562,-0.113528,-0.275858,-0.34715,-0.161534,-0.178239,-0.252105,-0.323151,-0.426743,-0.528933,-0.679528,-0.883156,-1.11212,-1.31105,-1.45108,-1.52702,-1.5582,-1.57243,-1.59825,-1.64861,-1.72766,-1.84061,-1.97416,-2.09651,-2.18753,-2.2472,-2.26982,-2.25639,-2.21708,-2.15188,-2.05733,-1.93763,-1.80465,-1.67648,-1.5527,-1.43346,-1.31779,-1.20442,-1.08934,-0.953703,-0.791552,-0.622277,-0.458259,-0.302263,-0.163087,-0.0498689,0.0294404,0.0754102,0.100313,0.119413,0.148686,0.200321
-1.27013,-1.09322,-1.77645,-1.79064,-1.58039,-1.35793,-1.18889,-0.958393,-0.66818,-0.601295,-0.643779,-0.499265,-0.326761,-0.387544,-0.413378,-0.346329,-0.399563,-0.433527,-0.293729,-0.223427,-0.256671,-0.24439,-0.267947,-0.30089,-0.394374,-0.557612,-0.782195,-1.01795,-1.21866,-1.34739,-1.4221,-1.46896,-1.50736,-1.5636,-1.6526,-1.77481,-1.91656,-2.04878,-2.14791,-2.2025,-2.2109,-2.18211,-2.13405,-2.06853,-1.97797,-1.85955,-1.72316,-1.58569,-1.44781,-1.31487,-1.18538,-1.05865,-0.940763,-0.816346,-0.669459,-0.506306,-0.34109,-0.177212,-0.0225222,0.105735,0.19948,0.253082,0.273413,0.284661,0.304836,0.349926
-1.93816,-1.99636,-1.83952,-1.72924,-1.51688,-1.14026,-0.875351,-0.794842,-0.75805,-0.79201,-0.750104,-0.628222,-0.554283,-0.677719,-0.742251,-0.635402,-0.517936,-0.41501,-0.306415,-0.238056,-0.211335,-0.161227,-0.148091,-0.15311,-0.219603,-0.331073,-0.498646,-0.718962,-0.951717,-1.13477,-1.25521,-1.3272,-1.37904,-1.43953,-1.53346,-1.67182,-1.83699,-1.99818,-2.12162,-2.18118,-2.17536,-2.12078,-2.03954,-1.95056,-1.85677,-1.745,-1.61939,-1.4918,-1.3603,-1.22443,-1.09158,-0.957918,-0.826095,-0.701539,-0.567337,-0.415428,-0.244039,-0.0675799,0.0996228,0.250504,0.364677,0.432893,0.467984,0.489924,0.516634,0.563624
-1.72016,-1.85422,-1.62195,-1.62747,-1.34631,-0.892633,-0.721176,-0.71687,-0.651186,-0.59491,-0.690944,-0.841747,-0.902169,-0.963218,-0.924856,-0.788566,-0.675897,-0.569949,-0.42908,-0.291059,-0.162054,-0.0548539,-0.033136,-0.0699201,-0.150401,-0.249834,-0.371547,-0.530905,-0.730729,-0.922071,-1.06846,-1.16865,-1.24177,-1.32122,-1.43018,-1.57971,-1.7563,-1.92659,-2.05962,-2.12879,-2.12825,-2.07175,-1.97718,-1.86267,-1.74825,-1.63311,-1.51327,-1.39576,-1.27417,-1.14609,-1.01254,-0.873326,-0.735934,-0.606473,-0.472922,-0.326987,-0.162476,0.0175241,0.193136,0.345704,0.456796,0.53316,0.595504,0.653287,0.716877,0.789556
-1.03861,-0.854378,-1.22458,-1.53225,-0.833205,-0.154676,-0.195777,-0.0552988,-0.187592,-0.609358,-0.858333,-0.902027,-1.0466,-1.09977,-1.03143,-0.934923,-0.823173,-0.687945,-0.494971,-0.296748,-0.118211,0.00584042,0.0158081,-0.044385,-0.136591,-0.219406,-0.290367,-0.380046,-0.519841,-0.705071,-0.888519,-1.04368,-1.17216,-1.27982,-1.39836,-1.53922,-1.68706,-1.82794,-1.93772,-2.00359,-2.02201,-1.98751,-1.90543,-1.78947,-1.65756,-1.53178,-1.41532,-1.2953,-1.17133,-1.04185,-0.905815,-0.766291,-0.625062,-0.488492,-0.356531,-0.220185,-0.0676977,0.0999264,0.2664,0.403075,0.500648,0.575691,0.648017,0.730186,0.829011,0.935983
0.0790946,-0.317664,-0.981981,-0.91037,-0.684107,0.0199449,0.587725,0.472598,-0.0311271,-0.244756,-0.479079,-0.95732,-1.13102,-1.07794,-1.09377,-1.05184,-0.93185,-0.713135,-0.443629,-0.204651,-0.0528562,-0.00120758,-0.0246482,-0.0716673,-0.117766,-0.138478,-0.147543,-0.190937,-0.30602,-0.490963,-0.716087,-0.938909,-1.1271,-1.27619,-1.39691,-1.50858,-1.61072,-1.70524,-1.78582,-1.84131,-1.86941,-1.85732,-1.79638,-1.68872,-1.55136,-1.41171,-1.28229,-1.15796,-1.03136,-0.888963,-0.739058,-0.596037,-0.463312,-0.340333,-0.219464,-0.0956952,0.0473589,0.206503,0.358514,0.482723,0.567992,0.631817,0.699996,0.787083,0.895584,1.01123
0.43684,-0.0425373,-0.539908,-0.281302,-0.366353,-0.0289264,0.790056,0.583728,0.199712,-0.319867,-0.734692,-0.978689,-0.938135,-1.10053,-1.15779,-1.09658,-0.91135,-0.652258,-0.387791,-0.161729,-0.0308578,0.00909032,0.00718791,0.00307194,0.0141508,0.0414424,0.0567439,0.0209362,-0.100978,-0.303833,-0.558614,-0.809249,-1.01771,-1.18381,-1.31101,-1.41065,-1.49067,-1.5621,-1.62455,-1.67043,-1.69353,-1.68975,-1.644,-1.54893,-1.41197,-1.25537,-1.10863,-0.970544,-0.826331,-0.673493,-0.523869,-0.385649,-0.266344,-0.167955,-0.0737038,0.0277154,0.152211,0.30064,0.447626,0.559199,0.632972,0.701466,0.78489,0.88432,0.988293,1.09226
1.29868,0.474828,-0.548368,-0.393942,-0.175715,0.217027,0.507145,0.249418,0.31448,-0.895868,-0.931315,-0.65174,-1.03586,-1.19611,-1.23142,-1.05883,-0.767282,-0.501747,-0.311517,-0.162239,-0.0494821,0.032155,0.102158,0.163646,0.224609,0.280698,0.301555,0.252382,0.108797,-0.116084,-0.367128,-0.604888,-0.809577,-0.971625,-1.11312,-1.23303,-1.32169,-1.39491,-1.45752,-1.49959,-1.51445,-1.50246,-1.45553,-1.36528,-1.22568,-1.04756,-0.870541,-0.723662,-0.593341,-0.451777,-0.310108,-0.18572,-0.0829703,-0.00375445,0.0669796,0.14146,0.238507,0.367271,0.50015,0.602214,0.676599,0.754573,0.859722,0.988314,1.11031,1.2017
0.714657,0.260749,-0.209336,-0.515816,0.0436965,0.469675,0.154465,-0.213471,-0.259731,-0.959323,-1.10165,-0.423398,-1.0465,-1.29963,-1.1937,-0.983257,-0.628549,-0.313928,-0.110324,0.052279,0.205467,0.307703,0.37577,0.423874,0.460613,0.475592,0.459059,0.400369,0.278828,0.0910962,-0.129172,-0.342203,-0.530251,-0.689897,-0.82336,-0.947709,-1.07005,-1.17498,-1.24715,-1.28288,-1.2881,-1.25723,-1.18307,-1.07507,-0.941838,-0.786228,-0.634144,-0.500265,-0.381976,-0.26512,-0.146314,-0.0384133,0.0538692,0.127743,0.188174,0.246317,0.326253,0.427985,0.524066,0.609753,0.694066,0.785745,0.909043,1.06751,1.21562,1.30706
0.737739,0.602801,0.158176,-0.103214,0.446857,0.42195,-0.338546,-0.783507,-0.474831,-1.1464,-1.49576,-1.54874,-1.28575,-0.904737,-0.676229,-0.656952,-0.490118,-0.256657,0.00497165,0.328135,0.741446,1.08174,1.18525,1.09107,0.921739,0.763462,0.640112,0.535376,0.427646,0.297448,0.139266,-0.0390881,-0.223843,-0.401445,-0.559659,-0.705163,-0.845206,-0.960012,-1.02916,-1.04931,-1.01758,-0.934555,-0.81722,-0.698614,-0.596945,-0.51049,-0.441123,-0.37252,-0.275272,-0.141884,-0.00121148,0.120891,0.217983,0.288072,0.331533,0.367479,0.426578,0.498408,0.554674,0.60525,0.685085,0.803012,0.944878,1.10877,1.27689,1.37967
4.38591,4.40858,0.266804,0.525618,0.593884,0.21824,-1.21661,-1.04091,-0.947387,-1.73868,-2.04652,-2.65513,-1.40633,-0.367548,0.0643373,0.185244,-0.0591839,-0.235867,0.0297028,0.353315,0.732964,1.13325,1.42549,1.53098,1.46636,1.32603,1.18805,1.0447,0.864764,0.664539,0.455742,0.237762,0.0225638,-0.173622,-0.336732,-0.470554,-0.592106,-0.698709,-0.769906,-0.787971,-0.739239,-0.642747,-0.543927,-0.469206,-0.421699,-0.377162,-0.315756,-0.246301,-0.157352,-0.0128385,0.164485,0.323234,0.440212,0.504685,0.526558,0.538143,0.561192,0.579401,0.588609,0.609234,0.676016,0.806009,0.975353,1.15615,1.31712,1.41501
3.34947,3.36439,0.585119,0.664762,0.378077,-0.501761,-1.93915,-1.27764,-1.54195,-2.00352,-2.17459,-2.55876,-1.81398,-0.867249,-0.825685,-0.222268,0.150338,0.465279,0.813535,0.988047,1.09853,1.02028,0.897437,1.0138,1.23411,1.37391,1.49611,1.56767,1.45973,1.16003,0.78803,0.463183,0.22366,0.056738,-0.059952,-0.152982,-0.237878,-0.304672,-0.346469,-0.361123,-0.349085,-0.332496,-0.342974,-0.378344,-0.401909,-0.377362,-0.278451,-0.11893,0.0409187,0.19503,0.360757,0.519602,0.636145,0.690305,0.698085,0.69323,0.692913,0.678587,0.661018,0.669971,0.722027,0.83683,1.01677,1.20873,1.36715,1.47327
2.82113,2.86217,0.885368,0.32001,-0.175816,-1.262,-2.2234,-1.44397,-1.96199,-2.18481,-2.05712,-1.94197,-1.28294,-0.859279,-1.05947,-1.0935,0.0302123,0.821315,1.26597,1.47042,1.5821,1.29569,0.639818,0.423456,0.638868,0.862645,1.15606,1.39567,1.44897,1.27937,0.948826,0.615794,0.38312,0.230344,0.123109,0.0614496,0.0391943,0.0426695,0.0540321,0.0585238,0.0454235,0.00559257,-0.0589394,-0.138307,-0.202321,-0.202898,-0.119955,0.0354027,0.200228,0.350516,0.507963,0.650283,0.749446,0.797606,0.813905,0.815731,0.806971,0.791325,0.777329,0.782194,0.81877,0.905614,1.05054,1.2298,1.40511,1.54688
4.17921,3.38075,0.0358631,0.0992696,-0.653061,-1.72574,-2.14592,-1.5621,-2.17047,-2.08809,-1.83046,-1.30771,-0.298596,-0.903911,-1.36218,-1.02198,-0.354048,0.205602,0.596403,1.3983,1.72239,1.58315,0.618279,0.0312658,0.0940621,0.360997,0.79109,1.064,1.15005,1.06247,0.865457,0.655478,0.4614,0.294564,0.199463,0.183282,0.21709,0.259572,0.273563,0.277377,0.252255,0.184145,0.132157,0.137433,0.193129,0.270061,0.334545,0.383244,0.41442,0.452727,0.547945,0.68252,0.792735,0.856178,0.900423,0.933567,0.944053,0.935909,0.923028,0.91289,0.911853,0.94114,1.03145,1.19876,1.40396,1.58582
2.63136,1.94903,-0.194101,-0.0716768,-0.943513,-1.84893,-1.93565,-1.66926,-1.95683,-1.71943,-1.43107,-0.756492,0.229888,-0.412501,-0.64203,-0.618504,-0.588302,0.161889,0.408553,0.963962,1.05806,0.533563,0.0408681,-0.385882,-0.312699,0.0741906,0.544782,0.800686,0.95329,0.957477,0.857304,0.732555,0.575857,0.409019,0.299994,0.290063,0.339455,0.385632,0.393199,0.336713,0.252068,0.205413,0.222428,0.323421,0.496548,0.685254,0.825469,0.863583,0.805793,0.725391,0.695184,0.733835,0.806765,0.880412,0.953004,1.02757,1.0846,1.10191,1.08433,1.04863,0.992511,0.937063,0.952389,1.10315,1.35252,1.58203
3.44508,2.29693,-0.41772,-0.151075,-0.976758,-1.73493,-1.23881,-1.40175,-1.92867,-1.4375,-0.862731,-0.513985,0.603022,0.17181,0.0706211,0.353502,-0.289738,-0.226269,-0.162921,0.95316,1.0513,0.650351,-0.519999,-0.932023,-0.51357,0.0922414,0.515613,0.809529,1.0108,1.06458,0.978874,0.78704,0.619455,0.493484,0.407737,0.362568,0.378553,0.424793,0.438845,0.402302,0.312838,0.262895,0.321978,0.4843,0.690911,0.902247,1.08361,1.17999,1.18039,1.12097,1.03556,0.9608,0.926395,0.936564,0.98239,1.05012,1.12914,1.20181,1.23004,1.19332,1.09256,0.944938,0.862801,0.991369,1.2967,1.57534
2.16428,1.50555,-0.44455,-0.115871,-0.947579,-1.4204,-0.798983,-1.25873,-1.98655,-1.16244,-0.853815,-0.825319,0.601407,0.581852,0.878812,1.27715,0.787264,0.520345,0.336835,0.743191,0.278953,-0.379667,-1.08325,-1.53355,-0.52656,0.0185551,0.541977,1.16172,1.43916,1.37401,1.24404,0.883158,0.533659,0.37987,0.393279,0.430439,0.409876,0.395485,0.430679,0.468339,0.456172,0.426921,0.470228,0.642172,0.879163,1.08994,1.24204,1.32965,1.36918,1.37352,1.33136,1.24717,1.15496,1.08936,1.06141,1.06925,1.12199,1.21189,1.29252,1.30749,1.19681,0.964394,0.806769,0.933556,1.27664,1.58017
0.877284,0.438982,-0.416073,-0.0811076,-1.12903,-1.50505,-0.802202,-1.29994,-1.90948,-1.14752,-0.809841,-0.592896,0.401892,0.882556,1.01278,1.23946,1.50999,1.93669,1.49849,0.234592,-0.903854,-1.21052,-1.55751,-1.83112,-0.891349,-0.0321154,0.674396,1.1341,1.85265,1.63574,1.3108,0.941014,0.561648,0.410882,0.385263,0.385001,0.367516,0.353505,0.411356,0.503393,0.608464,0.678896,0.701986,0.794593,1.00772,1.23509,1.39562,1.47861,1.50209,1.49477,1.46517,1.41935,1.35788,1.28631,1.21679,1.16073,1.1422,1.19472,1.29833,1.36112,1.26963,1.00428,0.801436,0.922647,1.2811,1.58864
0.250309,0.0315958,-0.406742,0.157307,-1.00231,-1.52959,-0.717652,-1.4738,-1.49945,-1.00176,-0.401509,-0.0686813,0.319011,0.282683,0.409207,1.44389,2.73826,2.74908,0.963236,-1.09543,-1.32263,-0.572641,-0.764038,-1.52669,-1.5288,-0.662109,0.137988,0.604059,1.38726,1.95232,1.39584,0.991736,0.80492,0.512279,0.270962,0.212699,0.281827,0.382697,0.470191,0.539039,0.668495,0.838067,0.963954,1.05635,1.19587,1.36836,1.51604,1.61115,1.63809,1.61017,1.56092,1.5187,1.47617,1.42028,1.35475,1.28177,1.22419,1.21931,1.27437,1.36401,1.35612,1.13426,0.883461,0.942236,1.27893,1.55483
1.52258,1.31828,-0.619322,-0.160017,-1.17233,-1.63582,-0.871697,-1.49468,-1.41644,-0.543579,-0.0316467,0.467539,0.784106,0.127402,-0.691823,1.20849,2.77952,0.908571,-1.10186,-1.53549,-0.946912,0.260133,-0.186597,-1.20591,-1.30317,-0.879681,-0.765849,-0.285507,0.498537,0.687972,1.09893,1.16176,0.949587,0.605846,0.18538,0.0347789,0.155505,0.364658,0.522862,0.593468,0.676525,0.866528,1.10429,1.29025,1.43645,1.56175,1.65177,1.71016,1.73049,1.71211,1.66788,1.62437,1.5783,1.52378,1.46124,1.39608,1.33376,1.28035,1.27192,1.34585,1.41623,1.29755,1.05683,1.02274,1.24347,1.44785
-0.036878,-0.0759311,-0.629414,-0.125706,-1.16428,-1.34003,-0.933461,-1.29157,-0.750809,-0.255754,0.532483,0.942033,1.24291,1.06403,-0.119643,0.577892,0.890482,-0.34284,-0.725073,-0.611532,-0.6087,0.115842,-0.285462,-0.535216,-0.514181,-1.12517,-1.45828,-0.764031,0.261293,0.8003,0.48227,1.16468,1.66255,1.03595,0.294819,-0.0160027,0.0573157,0.28394,0.520786,0.670506,0.759279,0.905817,1.14646,1.3847,1.56629,1.70221,1.7791,1.79239,1.76965,1.74177,1.7104,1.68812,1.67185,1.64818,1.60926,1.55222,1.47762,1.39034,1.33614,1.38121,1.47562,1.43133,1.22972,1.12476,1.21414,1.32555
0.986474,0.70835,-0.965696,-0.307558,-1.14977,-1.30665,-0.84624,-0.932131,-0.000912844,0.306542,1.15636,1.47552,1.51776,1.92985,0.592173,-0.84811,-1.62535,-1.05168,0.106532,0.366923,-0.373176,0.167084,-0.178397,-0.125065,-0.242082,-0.890156,-0.49961,-0.425268,0.458408,0.582742,0.578707,0.897922,0.795318,1.00075,0.465914,0.104564,0.0875075,0.237878,0.482582,0.690205,0.81604,0.952587,1.14539,1.35654,1.54158,1.69135,1.79853,1.83634,1.80825,1.75702,1.71204,1.69779,1.71258,1.74824,1.77783,1.7596,1.67945,1.55795,1.46463,1.48071,1.56144,1.54696,1.38798,1.23826,1.21202,1.24974
-1.48728,-1.15783,-0.878058,-0.334707,-0.968878,-0.752209,-0.377597,-0.477958,0.750774,1.27893,1.5196,1.42913,1.69487,2.34209,1.26589,-1.17857,-2.25539,-0.446508,1.31798,0.53306,-0.430642,-0.301833,-0.553749,0.240197,0.321747,-1.0695,-0.0880722,0.212793,0.800251,0.340334,0.480462,0.339731,0.272821,0.944536,0.538658,0.172269,0.132331,0.250515,0.462366,0.672249,0.825905,0.949149,1.08004,1.23452,1.40225,1.57854,1.73848,1.8301,1.83259,1.79128,1.75768,1.74985,1.7768,1.82893,1.89025,1.91485,1.86163,1.74519,1.62606,1.59444,1.64018,1.65122,1.55408,1.40286,1.30229,1.27933
-2.10357,-1.75837,-0.847564,-0.282114,-0.668944,-0.232292,0.217946,-0.371276,1.26223,1.92691,1.51744,0.964539,1.99132,2.762,1.19747,-0.679086,-0.807925,-0.415366,-0.0328829,-0.641913,-1.03449,-0.778816,-0.459836,0.217052,0.20248,-0.556625,-0.244296,0.216181,0.8379,0.906376,0.602405,-0.147814,-0.192172,0.604239,0.284545,0.075782,0.161609,0.31865,0.493269,0.678073,0.849272,0.945391,1.01754,1.10364,1.21541,1.37524,1.56332,1.71832,1.80188,1.82505,1.82274,1.82876,1.85382,1.89483,1.94225,1.97877,1.9746,1.90994,1.82709,1.77346,1.77417,1.78698,1.72727,1.59252,1.45755,1.3938
