uploads/wind/20200723/wind_field_09.json
{"header": {"parameterUnit": "m.s-1", "parameterNumber": 2, "dx": 0.051, "dy": 0.036, "parameterNumberName": "eastward_wind", "la1": 45.3082, "parameterCategory": 2,"nx": 177, "ny": 123, "refTime": "2018-09-30 00:00:00", "lo1":1.38177}, "data":
[rows 56 to 83 of 123, columns 64 to 127 of 177]
-1.17495,-1.09901,-0.928337,-0.644967,-0.300091,0.0950059,0.465861,0.725465,0.89246,1.10897,1.47182,1.97411,2.51667,2.96648,3.28068,3.51198,3.68657,3.82086,3.91766,4.04719,4.20955,4.39952,4.41743,4.63046,5.43568,5.53476,5.15526,5.52834,5.22178,6.06633,5.25372,3.89835,3.58675,3.67726,4.1809,5.09999,6.09274,6.72031,6.88046,7.13184,7.0317,6.55062,6.71763,6.69075,6.96802,7.14853,6.454,5.92672,6.48613,6.25441,5.5395,5.93248,5.84818,5.52573,4.97034,3.99982,3.49431,3.20502,2.78832,2.97198,4.19988,4.55175,3.98581,3.69874
-1.29328,-1.16127,-0.918514,-0.595135,-0.177177,0.314942,0.72235,0.948344,1.09714,1.34381,1.76216,2.29653,2.80155,3.17478,3.42966,3.64313,3.83425,4.03061,4.19998,4.39134,4.57772,4.48746,4.73646,5.24148,5.60981,5.74779,5.76511,5.89012,6.01828,6.06218,5.38081,4.31113,3.26999,2.54659,2.61327,3.54179,4.5849,5.37736,6.31093,6.75983,6.9517,6.72474,6.18743,6.24371,6.19841,5.60207,5.45949,6.10213,6.15337,6.23223,6.29945,5.58805,4.49604,3.35407,2.79331,3.35727,4.79705,4.97495,3.8379,3.26018,3.55874,3.87083,3.72391,3.514
-1.19932,-1.05106,-0.854653,-0.530722,-0.0220245,0.528982,0.898191,1.08409,1.26186,1.58262,2.05201,2.5597,2.98334,3.29809,3.55942,3.82397,4.07276,4.33991,4.54877,4.76735,4.94149,4.33252,5.49867,5.00369,4.14817,4.29975,4.42628,4.46545,5.98961,4.34274,5.14195,4.93533,4.88244,3.84848,3.28571,4.3987,5.22243,5.29062,5.57497,6.04205,5.87262,5.68701,5.89366,6.19522,6.45971,6.26223,6.04153,6.11216,5.99821,5.86207,5.09477,3.66614,2.83147,2.68264,3.02306,3.51108,4.03479,4.20436,3.81693,3.90788,4.27486,3.76606,3.17974,3.09729
-1.01615,-0.914778,-0.749036,-0.362315,0.19959,0.698333,1.00182,1.20987,1.46803,1.81757,2.23329,2.65328,3.04084,3.42394,3.8042,4.13593,4.4028,4.66921,4.93934,4.98468,4.83195,4.40705,5.61183,5.00636,4.93764,4.63638,4.48375,4.43534,4.21466,3.70725,2.3345,2.61348,4.39668,3.13525,3.97245,5.02336,5.67222,5.64559,5.63486,5.48511,5.66589,5.33794,4.1363,3.8335,4.00163,4.2286,4.6138,5.0865,5.14282,4.27683,3.3866,3.11581,3.12745,3.2653,3.5595,4.0333,4.47344,4.65645,4.21569,3.23485,2.58605,2.571,2.79926,2.87743
-0.784921,-0.755449,-0.574149,-0.137095,0.400402,0.822898,1.11777,1.38295,1.67567,1.9401,2.26694,2.64216,3.08958,3.66283,4.16128,4.44472,4.57153,4.88113,5.05678,4.39599,4.84107,4.24518,4.59921,4.65713,4.60359,3.96679,3.3995,3.16429,2.89015,2.46828,1.88792,2.20394,2.88608,3.0103,3.59378,3.29892,4.77148,5.73346,6.13676,6.52593,6.43076,5.55647,3.65477,2.20929,2.27904,2.72598,3.23756,3.59334,3.65583,3.59692,3.59431,3.57394,3.47039,3.44925,3.56611,3.92201,4.52382,4.1654,2.58155,1.50823,1.63178,2.23784,2.72132,2.83881
-0.541525,-0.523371,-0.323467,0.0967171,0.57002,0.964888,1.27764,1.55531,1.82078,1.97331,2.28522,2.6156,3.04553,3.72307,4.06701,4.16618,3.74707,4.07016,3.22435,3.31322,3.43035,3.56427,3.8175,4.26277,3.86324,1.41383,0.0745631,0.873298,1.16056,1.09792,1.39037,2.04457,2.41277,1.66718,1.35798,1.62333,2.30194,2.91364,3.17238,2.45436,1.89278,1.10842,1.00035,1.4335,1.90424,2.28001,2.64081,2.98699,3.21562,3.30896,3.28161,3.10196,2.87774,2.81164,2.90656,3.099,3.08781,2.53469,1.85649,1.63819,1.94261,2.45862,2.84688,2.98999
-0.329985,-0.250042,0.00642849,0.400281,0.804876,1.17382,1.45392,1.7217,1.96303,2.09393,2.39987,2.72301,2.38768,2.69177,2.11537,2.81355,2.53745,2.7564,2.62388,3.09157,3.37042,3.45229,3.40377,3.84895,2.562,-0.408219,-1.21662,-0.950684,0.208477,1.21706,1.74497,2.39126,2.55221,2.0492,-0.0547514,-0.985815,-0.807754,-0.369989,-1.56612,-2.13222,-0.843253,-0.256221,0.386701,1.05571,1.62398,2.04039,2.31457,2.49426,2.61376,2.65248,2.59587,2.49816,2.44566,2.43068,2.41186,2.39271,2.44588,2.5946,2.60624,2.42712,2.37713,2.57328,2.82015,2.96223
-0.067547,-0.0493424,0.238661,0.709217,1.09291,1.46797,1.72074,2.01383,2.27503,2.38739,2.68931,2.86416,2.29238,2.39732,2.56545,2.85014,2.64042,2.54491,2.72885,3.27795,2.8391,2.40463,2.52524,2.33994,0.988487,0.188543,0.197283,-0.635472,0.247408,1.72742,2.57425,2.31857,2.50911,2.22612,1.30252,-0.579915,-1.78848,-1.54904,-2.00737,-2.67798,-0.910631,-0.329117,-0.219878,0.279427,0.60674,0.880128,1.05336,1.27628,1.45031,1.53398,1.52586,1.47965,1.45134,1.45566,1.50848,1.6082,1.70919,1.78037,1.81752,1.8462,1.93698,2.13125,2.35741,2.48896
0.453858,0.498687,0.5755,0.783588,1.33207,1.82552,2.11043,2.24757,2.39299,2.48623,2.84693,3.04268,2.53111,3.11529,2.98838,3.06152,2.66769,1.84309,2.47844,2.64104,2.05612,1.17369,1.5584,1.46321,0.96419,0.891917,1.39165,1.47344,0.995503,1.70309,1.83786,1.97086,1.77328,1.96545,1.90773,0.887459,-0.624638,-2.96839,-2.94585,-2.64393,-1.28176,-1.05778,-1.30141,-0.942747,-0.394325,-0.129854,-0.147388,-0.043819,-0.120311,-0.182623,-0.330048,-0.41567,-0.444588,-0.4368,-0.366854,-0.239483,-0.0894672,0.0711197,0.242863,0.497739,0.878961,1.31305,1.6978,1.94478
1.24281,0.656892,0.525007,1.27161,1.8163,2.20323,2.21713,2.33403,2.52374,2.5033,3.01176,3.06412,2.36892,3.3125,3.0531,3.04914,2.35097,1.25225,1.29578,1.83708,1.82847,2.37977,2.42055,2.45619,2.34508,2.5665,2.44686,2.21247,1.84951,1.90967,1.93407,1.62244,1.26012,1.40584,1.40173,1.81445,0.355532,-1.72186,-2.06855,-3.07734,-1.35103,-1.38287,-1.93136,-1.29998,-0.62611,-0.519728,-0.727188,-0.94501,-1.26853,-1.51707,-1.79136,-1.95076,-2.07317,-2.08566,-1.9906,-1.82168,-1.59448,-1.34305,-1.10453,-0.808617,-0.366172,0.177697,0.734094,1.18372
1.09499,1.58285,1.78884,0.607828,1.82805,2.18072,2.57226,1.45776,1.33787,1.03144,1.23399,1.86398,2.14723,2.48658,2.29172,2.77129,1.50618,1.00786,1.2344,1.39219,2.40475,3.04577,3.4689,3.13273,2.85501,2.84659,2.59742,2.44924,2.66548,2.6044,2.40748,1.66023,0.940766,0.839427,0.63707,1.43195,1.33233,-0.0602705,-1.21111,-2.72995,-1.30349,-1.52706,-2.50717,-2.07106,-1.30815,-1.15757,-1.26781,-1.32247,-1.53355,-1.80684,-2.1051,-2.30266,-2.39864,-2.34512,-2.19173,-2.01196,-1.83387,-1.6704,-1.50922,-1.32786,-1.1135,-0.812526,-0.383373,0.124012
1.49742,3.12268,1.51343,0.036692,1.23645,2.59953,1.84202,0.762374,0.385439,0.825377,1.5606,2.15208,2.12817,2.02861,2.22506,2.00557,1.71077,1.90417,1.88969,2.16731,2.48355,3.21907,3.47178,3.73424,3.10257,3.29319,3.14443,3.02597,2.97958,3.08013,2.83611,1.58945,1.26445,0.345136,-0.181867,0.782871,1.14293,0.536086,-1.30993,-2.2307,-3.11873,-2.35046,-3.27422,-2.913,-1.69742,-1.34646,-1.45662,-1.21491,-1.22555,-1.59957,-2.00879,-2.265,-2.32029,-2.28341,-2.1523,-1.97914,-1.81407,-1.68737,-1.56079,-1.42833,-1.40918,-1.40142,-1.2202,-0.882293
1.72523,2.2521,1.50708,0.939968,1.1977,2.24373,0.498,-1.01967,-0.257032,0.747782,2.11682,2.00254,1.85701,1.55554,2.2336,2.27922,2.64442,2.77935,2.7161,2.52098,3.01421,2.91531,3.21754,3.05339,3.43444,3.06404,3.31182,3.17205,3.09261,2.70986,1.98504,1.23526,0.650144,-0.241616,-0.19701,0.26928,0.564216,-0.0289924,-1.63144,-1.49233,-1.30191,-1.32063,-2.43256,-3.96904,-2.17919,-1.43088,-1.4706,-1.11985,-1.04957,-1.58297,-1.99627,-2.38651,-2.52372,-2.53315,-2.45573,-2.39923,-2.27165,-1.95165,-1.69456,-1.73025,-1.79884,-1.80705,-1.67314,-1.42052
1.66379,1.39328,1.94176,1.67204,1.80097,2.4708,0.163209,-1.41399,0.0283511,1.03956,1.771,1.61149,1.47991,1.46991,2.18778,2.72871,3.37173,3.52797,3.18021,2.96391,3.16384,3.11933,3.6497,3.26207,3.3667,3.22199,3.11266,3.42248,3.28099,0.953179,-0.159475,0.333669,0.197971,-0.100499,-0.520628,-0.613155,-0.0968124,-0.0750828,-1.26182,-0.139256,-0.031603,-0.0646783,-2.00034,-3.16672,-3.88735,-1.65466,-1.66083,-1.35312,-1.14908,-1.66366,-1.81454,-2.06892,-2.22498,-2.48887,-2.88739,-3.55698,-4.35174,-4.07263,-2.89277,-2.59461,-2.47309,-2.2003,-2.04733,-1.67178
1.10042,1.18749,1.45851,1.34322,2.53793,1.39612,-0.828081,0.523154,1.5842,1.07535,1.72748,1.62171,1.65907,1.7388,2.78059,2.74735,3.27716,3.3056,2.4857,1.72308,1.69305,2.62635,2.86044,3.09854,2.4465,2.51917,2.88256,3.48193,1.44767,-0.809297,-0.239804,0.220909,-0.293197,-0.665266,-1.2097,-1.0964,-0.237209,0.0631826,-0.117738,0.0216707,-0.0739018,-0.184815,-1.87085,-3.25628,-3.62232,-1.7476,-1.81205,-1.13193,-0.512531,-1.20589,-1.78385,-2.43445,-2.58361,-2.64982,-2.80521,-3.39849,-4.36063,-4.39354,-3.464,-3.04016,-2.79417,-2.59658,-2.59873,-2.3396
0.535613,1.23814,1.64092,1.73584,1.91515,2.31834,1.65619,1.70533,1.72382,1.78518,1.70507,1.78072,1.82599,2.57483,2.97338,2.62661,2.91139,2.62108,2.24914,1.37627,1.94065,2.27632,2.79255,2.78153,2.50364,2.71014,3.607,2.84983,1.23714,-0.630861,-0.162912,0.590415,-0.213107,-0.717467,-0.618239,-0.450719,-0.427598,0.00526119,0.273222,-0.41133,-0.125871,-0.639583,-2.2708,-2.99545,-2.90756,-0.90008,-3.37478,-1.83259,-0.764385,-1.31328,-1.80757,-2.54787,-2.69862,-2.74237,-2.88053,-3.01957,-3.03224,-3.16448,-3.13124,-2.85756,-2.81859,-2.92795,-3.30468,-3.79236
0.428994,1.40384,1.6285,1.75258,2.11895,2.63408,2.06532,2.24139,1.95035,2.40429,1.70938,1.98871,2.08365,2.65108,2.58874,2.44819,2.21675,2.55978,2.63451,2.50891,2.38004,2.55241,2.84659,2.7243,2.98258,3.3007,3.41629,2.11132,1.36212,0.927232,0.909048,1.47829,0.784548,-0.120871,-0.16312,-0.473232,-0.64699,-0.533724,-0.290838,-1.03258,-1.16943,-2.00416,-2.36671,-2.33076,-2.19934,-1.45698,-2.57932,-2.78948,-2.98886,-1.26709,-1.32639,-2.20864,-2.3333,-2.54003,-2.65214,-2.87369,-3.24211,-4.41683,-4.65288,-3.28085,-2.79672,-3.47178,-4.24336,-4.03248
1.2375,1.48352,0.9926,1.80698,2.4329,2.70672,2.49218,1.83318,2.26148,1.9402,1.88132,1.92531,2.71639,3.00011,2.5262,2.40401,2.38633,2.57247,2.8707,3.38143,3.01489,3.37361,3.06467,3.47183,3.60104,3.63708,2.78535,2.16522,2.10242,2.03444,2.1717,2.30437,1.84797,0.540841,0.1423,-0.336678,-0.614953,-1.14859,-1.27612,-1.6928,-1.21922,-1.62467,-2.28904,-2.02131,-1.60921,-1.71568,-2.73204,-3.15729,-1.01537,-0.347901,-1.22186,-1.70381,-2.02491,-2.27454,-2.31812,-2.90031,-4.14458,-4.32267,-3.43473,-3.48381,-4.13037,-4.06311,-3.31261,-3.1716
0.662969,0.869216,1.20133,2.10209,2.54809,2.70413,2.11869,2.29342,2.17309,1.8853,1.72753,2.21107,2.52716,2.78572,2.91396,2.98301,3.08982,3.40857,3.35666,3.40639,3.05854,2.64199,2.86844,2.84516,3.23212,3.04907,2.95571,2.44328,2.48419,2.39531,2.54394,2.73332,2.35188,1.61714,0.681352,0.111547,-0.61606,-0.907585,-1.44041,-1.50142,-1.05236,-0.645957,-1.34348,-1.48262,-2.00531,-1.84779,-2.41214,-2.8179,-2.8009,-0.158102,0.131682,-1.16399,-1.70459,-1.78934,-1.95442,-2.35943,-2.82271,-3.05048,-3.27917,-3.6105,-4.28919,-4.67694,-3.99067,-3.44089
0.610414,1.00032,1.35324,2.23023,2.6013,2.04791,1.68644,1.83168,2.05705,2.07349,2.4284,2.61324,2.39182,2.81037,3.19639,3.39896,3.42866,3.26984,3.43541,3.403,3.12856,2.60367,2.40951,2.67525,2.97524,3.26542,3.11856,2.626,2.88761,2.80924,2.72683,3.25909,2.14254,1.15397,0.573802,0.403637,0.515427,-0.0762878,-1.04148,-1.33465,-0.884033,-0.297857,0.243475,-0.527026,-1.65333,-1.6569,-1.43774,-1.80183,-2.2201,-2.61621,-3.38342,-1.92671,-1.91775,-1.65117,-1.13173,-1.68632,-2.32882,-2.82201,-3.5158,-4.08825,-4.33273,-4.1998,-4.13382,-3.75326
0.472347,0.850749,1.69892,2.14898,1.55336,1.62181,1.48006,1.89471,2.42714,3.28791,3.05584,2.94633,2.95275,3.38985,3.63628,3.8094,3.29653,3.39632,3.92297,3.53822,2.87641,2.67537,2.62823,2.64971,2.8969,3.18055,3.23038,3.38456,3.1734,2.56142,3.24279,3.4594,1.78324,-0.311797,0.170063,0.276296,1.26153,1.70004,0.422292,-0.733363,-0.39361,0.189035,0.667051,-0.983559,-1.91494,-0.960377,-0.227151,-0.449288,-0.666921,-1.15048,-1.97279,-2.26941,-2.78838,-3.55994,-1.33334,-0.623323,-1.54285,-2.74994,-3.38011,-3.87165,-4.46423,-4.60477,-4.18168,-3.77952
0.475571,0.741121,1.48218,1.60272,1.47016,1.6042,1.66399,2.21658,3.47348,2.52413,2.1881,1.66518,2.51681,3.36253,4.07944,3.98999,3.62654,3.33703,3.89081,3.55333,2.98068,1.76049,1.96683,2.40438,2.91176,3.4694,3.76643,3.9078,2.87543,2.50927,2.68968,3.49717,1.89788,-0.912722,-0.161649,0.230649,-0.327116,0.166391,-0.773477,-0.586386,-0.0814208,-0.0162705,-0.355399,-1.49209,-1.81973,-0.44073,0.226976,0.304248,0.196707,-0.110496,-0.0250295,-0.326355,-1.20693,-2.50846,-3.22258,-1.78809,-3.10836,-4.70484,-4.93217,-5.20268,-4.95314,-4.53606,-4.73824,-4.67477
0.814083,0.992873,1.23735,1.06182,0.992204,1.2487,1.7377,2.31801,2.63118,1.74201,1.53409,1.56429,1.8527,2.86333,2.88521,1.91194,1.59992,2.01167,2.53772,2.89999,2.3993,1.53486,1.53421,2.471,2.7623,3.08437,3.28921,3.22855,2.79359,2.29175,2.78707,3.5911,2.39001,-0.195662,-0.151183,0.570313,-0.280474,-0.670867,-1.03893,-0.591681,-0.593746,-0.919339,-0.716692,-0.776218,-0.730338,-0.126029,0.368498,0.107511,-0.949388,-0.804065,0.876708,0.659768,1.25347,0.979804,-1.44549,-1.93184,-2.08428,-3.24821,-3.79373,-5.73831,-4.98186,-5.23124,-5.37821,-5.19344
1.36818,1.02779,0.925699,0.700529,0.668386,1.05172,1.59473,2.1175,2.72175,2.76137,3.01797,2.94592,2.90163,3.23041,3.05116,2.7576,2.26367,2.34208,2.23594,2.24381,2.04443,1.30945,1.36558,2.54255,3.04739,3.49704,3.31988,3.00018,2.53836,2.39013,3.20602,3.64801,2.09285,-0.768108,-0.656237,0.351169,0.869561,-0.27838,-2.86044,-2.75839,-2.25924,-1.83414,-1.33674,-0.671352,-1.50037,-2.36928,-1.92635,-2.21303,-2.63697,-0.862629,1.21435,1.33672,1.76988,2.76371,1.26378,-1.05572,-1.15157,-0.777754,-1.24061,-2.63017,-3.78212,-3.6946,-5.66196,-5.44772
1.05293,0.747825,0.310418,0.477344,0.694479,1.34341,1.82582,2.42865,3.11664,3.83169,3.97915,3.99096,3.65319,3.82231,3.44376,3.87529,4.09739,3.93427,3.61698,3.4556,3.06203,1.61279,1.53027,2.34446,3.31376,3.44183,3.53057,3.40336,2.74272,2.71761,3.14668,2.71697,0.0779334,-0.692871,0.527109,-0.0656074,1.33469,0.416132,-2.84241,-2.96736,-1.91219,-1.91247,-1.74475,-1.23312,-2.01554,-2.89248,-3.02434,-2.91735,-2.50007,-0.556169,1.27795,1.82318,1.85116,2.3035,0.726458,-1.77028,-1.33335,0.405492,1.73337,0.542006,-1.75158,-2.28041,-2.81622,-4.63358
0.322215,-0.0312088,-0.136626,1.04917,1.3455,1.33123,2.03454,2.62306,3.3754,4.03189,4.42755,4.14483,3.71398,3.26217,2.98996,3.42863,3.6386,3.43781,3.40552,3.23541,2.6456,2.25333,1.6967,1.88411,2.69924,2.92646,3.19163,2.82915,2.65524,2.76767,3.15047,2.0568,-0.230958,0.491808,1.81124,-0.00993651,0.0114719,-0.981756,-3.06391,-2.55334,-0.844324,-0.589602,-1.10851,-1.6241,-1.92309,-1.41871,-1.61535,-2.07355,-1.86896,-0.499266,1.30565,1.88518,1.73577,0.859381,-0.846271,-1.51879,-0.419169,0.0201534,1.2439,2.55855,0.362287,-1.59286,-1.86576,-3.46355
0.20674,0.152827,0.422733,1.10935,1.30308,1.84661,1.8512,2.8502,3.27665,3.24447,2.3473,2.08162,2.29081,2.9196,3.28557,4.20893,3.52471,3.17623,2.53818,2.19785,1.61258,1.72106,1.22657,1.29897,2.24476,3.09276,2.77409,2.2102,1.00991,1.76205,2.99973,2.67981,1.0898,0.826578,1.70683,0.880686,-0.194078,-2.01804,-3.71675,-3.2024,-0.483177,1.04649,-0.489727,-0.72328,-0.21432,0.0643067,-0.319846,-1.56874,-1.38634,0.104333,1.40818,2.06244,1.94008,0.267968,-0.998789,0.0977658,0.136837,-0.792627,-0.0224763,2.20616,1.41107,-1.23834,-1.29741,-2.44654
-0.335045,0.184261,0.628827,1.12699,1.28143,2.23394,2.44829,2.8405,3.27927,2.92452,2.38901,2.46869,2.20504,2.45,3.4066,3.5478,1.39963,0.0406049,1.07898,1.61442,0.960399,0.997281,0.0918028,0.167962,1.34816,2.33212,2.05879,2.06467,1.5559,1.86932,2.53049,3.11294,1.72697,0.734454,1.43901,1.3083,-0.00562824,-1.67148,-2.32955,-1.81568,-1.59357,-0.640202,0.609636,0.775405,0.786718,0.564097,0.0425075,-0.952879,-0.560751,0.687489,0.37299,0.618491,2.67647,1.29173,-1.43596,-0.298873,1.52335,1.03159,-0.596179,0.16857,-0.021677,-0.828109,-1.26226,-2.11334
