uploads/wind/20200723/wind_field_14.json
{"header": {"parameterUnit": "m.s-1", "parameterNumber": 2, "dx": 0.051, "dy": 0.036, "parameterNumberName": "eastward_wind", "la1": 45.3082, "parameterCategory": 2,"nx": 177, "ny": 123, "refTime": "2018-09-30 00:00:00", "lo1":1.38177}, "data":
[rows 0 to 28 of 123, columns 65 to 129 of 177]
-1.47163,-1.38423,-1.30015,-1.21931,-1.13997,-1.0633,-0.986286,-0.905297,-0.8203,-0.728899,-0.629292,-0.52141,-0.408492,-0.294131,-0.178316,-0.062149,0.0536394,0.166403,0.282379,0.406622,0.535354,0.655478,0.755547,0.824324,0.861212,0.850788,0.778304,0.694512,0.636847,0.604856,0.586983,0.588696,0.615713,0.650349,0.67335,0.690971,0.707057,0.685901,0.605005,0.525116,0.482544,0.495064,0.503519,0.434639,0.295909,0.15414,0.0879489,0.075746,0.0834561,0.0951701,0.102712,0.137456,0.220969,0.351085,0.444677,0.420949,0.279419,0.0964725,-0.0415707,-0.135514,-0.212037,-0.301947,-0.389118,-0.505691,-0.676233
-1.414,-1.31648,-1.21792,-1.11851,-1.02216,-0.932993,-0.845574,-0.75597,-0.661136,-0.560086,-0.462023,-0.364213,-0.259055,-0.145427,-0.0242728,0.0976712,0.215301,0.331235,0.455732,0.595154,0.742545,0.873452,0.967358,1.01823,1.03091,0.994106,0.891132,0.782839,0.715211,0.687099,0.693733,0.719166,0.766394,0.807121,0.815462,0.813613,0.808061,0.764148,0.659557,0.552193,0.490163,0.473322,0.401104,0.226694,0.087982,0.0475986,0.0307356,0.0123536,-0.00739038,-0.0161089,0.0156055,0.0790843,0.155976,0.279798,0.411412,0.444096,0.345627,0.204008,0.0733722,-0.048854,-0.193326,-0.394049,-0.547928,-0.65081,-0.737865
-1.31248,-1.20536,-1.09076,-0.976249,-0.865948,-0.76278,-0.664943,-0.567303,-0.465858,-0.365392,-0.275646,-0.19482,-0.108481,-0.00131401,0.126997,0.257086,0.378187,0.498668,0.631194,0.7818,0.945017,1.08952,1.17603,1.20396,1.18463,1.1194,0.994829,0.864317,0.798508,0.791577,0.81694,0.857229,0.914669,0.964251,0.97347,0.951007,0.90858,0.829333,0.68639,0.545713,0.465695,0.443343,0.418032,0.330857,0.206152,0.0931546,0.0204683,-0.0204746,-0.135852,-0.224118,-0.107832,0.027697,0.0539577,0.134999,0.333865,0.432748,0.368531,0.302303,0.241706,0.130318,-0.00440443,-0.161596,-0.326449,-0.420692,-0.485491
-1.18402,-1.06476,-0.926049,-0.783144,-0.650386,-0.530267,-0.419318,-0.319261,-0.222534,-0.129408,-0.0588276,-0.0122338,0.04356,0.135649,0.271033,0.417725,0.54913,0.671132,0.805097,0.966291,1.14382,1.30237,1.37859,1.38099,1.32492,1.21921,1.07692,0.949206,0.899499,0.912697,0.965675,1.03462,1.10509,1.15683,1.15888,1.11606,1.02395,0.875346,0.674494,0.498224,0.41216,0.403135,0.401208,0.332307,0.21253,0.0951479,0.0193824,-0.0137014,-0.0321973,-0.0345628,-0.0120364,0.00405074,0.0989154,0.2325,0.381462,0.505077,0.540001,0.487942,0.415952,0.25876,0.0313465,-0.227762,-0.547293,-0.585156,-0.436732
-1.02466,-0.89,-0.73936,-0.589385,-0.448857,-0.321722,-0.215184,-0.12707,-0.0430721,0.0399767,0.106515,0.15103,0.202183,0.287417,0.41901,0.568627,0.704251,0.833251,0.975088,1.13613,1.29942,1.44689,1.53731,1.53322,1.43419,1.28462,1.15537,1.06717,1.01959,1.02852,1.08658,1.16625,1.24189,1.28341,1.27674,1.22973,1.11492,0.893656,0.625473,0.439393,0.403567,0.435144,0.416083,0.323186,0.198429,0.0910744,0.0154847,-0.0326012,-0.045429,-0.00207785,0.0464113,0.00830106,0.187271,0.281975,0.331071,0.523897,0.59538,0.597664,0.602116,0.401885,0.114584,-0.0725805,-0.265783,-0.210343,-0.120723
-0.896789,-0.745693,-0.573273,-0.399854,-0.243327,-0.102686,0.0198503,0.119881,0.196344,0.24969,0.279745,0.288845,0.300603,0.349961,0.456874,0.602974,0.764377,0.931683,1.10647,1.28915,1.46343,1.6099,1.69788,1.69117,1.57901,1.40413,1.24904,1.1646,1.13633,1.14858,1.20338,1.27194,1.30429,1.27205,1.20319,1.11986,0.993356,0.827582,0.680179,0.594066,0.552851,0.511194,0.44729,0.360492,0.257764,0.162092,0.0747099,0.00440835,-0.0408182,-0.0608083,0.000492347,-0.0323895,0.0939112,0.334474,0.364006,0.573377,0.616722,0.659284,0.772654,0.531313,0.282467,0.018943,-0.211906,-0.239697,-0.113653
-0.774021,-0.628063,-0.455736,-0.271332,-0.0931362,0.0698626,0.204468,0.306462,0.385359,0.436422,0.448577,0.429128,0.408308,0.427168,0.50207,0.622727,0.786433,0.983405,1.19601,1.4138,1.60863,1.75273,1.82601,1.81243,1.71134,1.5458,1.38681,1.29996,1.29318,1.3395,1.39324,1.40487,1.34145,1.22313,1.11888,1.04733,0.964378,0.864853,0.7891,0.748233,0.7158,0.656118,0.567841,0.468396,0.362418,0.260284,0.158309,0.062658,0.031132,-0.0205846,-0.00529975,0.0454686,0.140447,0.342181,0.445676,0.585145,0.531962,0.583287,0.834129,0.693251,0.417732,0.102284,-0.179242,-0.179207,-0.0667555
-0.594709,-0.483785,-0.347987,-0.194072,-0.0315563,0.133,0.291007,0.41499,0.490242,0.528395,0.53444,0.522357,0.517691,0.546031,0.621996,0.73399,0.8797,1.07204,1.29682,1.51581,1.69441,1.82297,1.89252,1.88802,1.80241,1.64931,1.49207,1.40897,1.41371,1.45523,1.47171,1.41738,1.29751,1.17718,1.11227,1.07936,1.02824,0.9656,0.928312,0.903196,0.85466,0.773602,0.678701,0.581633,0.476597,0.362159,0.238589,0.114725,0.0326907,-0.0059526,0.00777338,0.0870757,0.139246,0.310457,0.469357,0.573121,0.53116,0.526624,0.806766,0.857747,0.602969,0.204193,-0.127668,-0.212017,-0.114436
-0.389047,-0.295991,-0.199291,-0.0900151,0.0242177,0.139945,0.269169,0.399046,0.502808,0.564873,0.593229,0.610747,0.631555,0.667311,0.743302,0.861165,1.01171,1.19579,1.39332,1.57038,1.70891,1.81446,1.89551,1.92557,1.86218,1.71452,1.55654,1.45906,1.43694,1.44621,1.43172,1.37347,1.29269,1.23397,1.21271,1.20103,1.16492,1.11242,1.06528,1.02249,0.962034,0.875739,0.781498,0.684961,0.586616,0.468689,0.323259,0.187766,0.104234,0.069535,0.0724697,0.172265,0.215048,0.316921,0.444386,0.491499,0.510544,0.479355,0.753248,0.949107,0.744704,0.332086,-0.0749058,-0.234026,-0.204245
-0.177153,-0.104089,-0.0298029,0.0475084,0.116372,0.176641,0.240213,0.314582,0.403406,0.501316,0.594338,0.668263,0.718928,0.76328,0.840913,0.97654,1.14286,1.30661,1.44344,1.5472,1.64634,1.76643,1.89209,1.95691,1.90284,1.74525,1.57311,1.45781,1.40738,1.39542,1.38629,1.36142,1.32296,1.29271,1.29272,1.30774,1.29151,1.23318,1.16348,1.10565,1.04273,0.962207,0.882315,0.802111,0.705487,0.576483,0.414771,0.266984,0.170437,0.163063,0.168194,0.235734,0.258848,0.313445,0.383181,0.372075,0.502084,0.489694,0.614789,0.896448,0.880465,0.572844,0.0948041,-0.22384,-0.228785
0.0374293,0.0932459,0.138097,0.178632,0.205816,0.216907,0.223829,0.237985,0.282607,0.376151,0.499922,0.621162,0.713777,0.790728,0.905915,1.07859,1.25579,1.38231,1.45605,1.51368,1.61124,1.76555,1.92132,1.98577,1.90679,1.72304,1.54122,1.43563,1.40017,1.40066,1.40646,1.39674,1.36398,1.33296,1.33649,1.3701,1.38715,1.34038,1.2438,1.15895,1.1024,1.05471,1.00895,0.953755,0.86403,0.718215,0.535135,0.383672,0.29496,0.273972,0.270463,0.294401,0.277307,0.306934,0.30729,0.275425,0.501991,0.494623,0.517834,0.787176,0.902746,0.791637,0.327339,-0.0945392,-0.136605
0.177553,0.23842,0.296081,0.326238,0.312692,0.262207,0.199774,0.162169,0.186598,0.274646,0.395699,0.517715,0.630981,0.766993,0.949417,1.15481,1.32074,1.40856,1.45474,1.52369,1.65569,1.82996,1.9709,1.9886,1.85214,1.64148,1.47888,1.41744,1.42615,1.4529,1.46293,1.44911,1.41936,1.3892,1.38406,1.40271,1.42204,1.4128,1.353,1.26566,1.19335,1.15704,1.14517,1.12882,1.0576,0.905023,0.71272,0.549175,0.449827,0.411913,0.38217,0.342539,0.26161,0.239112,0.216442,0.218219,0.493187,0.483678,0.450676,0.66488,0.842681,0.919034,0.558855,0.118755,0.0975577
0.260336,0.303723,0.367351,0.413727,0.412682,0.353863,0.25378,0.163178,0.14222,0.208716,0.327281,0.455531,0.59345,0.768608,0.981166,1.19644,1.34994,1.42232,1.4758,1.57522,1.72914,1.89222,1.9897,1.93734,1.73932,1.5263,1.4171,1.41663,1.46023,1.49725,1.51252,1.51276,1.49483,1.45699,1.41844,1.39998,1.40928,1.43201,1.4383,1.40164,1.33638,1.29176,1.28323,1.28508,1.24192,1.11184,0.92881,0.767184,0.659366,0.594004,0.522917,0.408249,0.250823,0.138121,0.138553,0.209461,0.453446,0.487663,0.400598,0.546589,0.790665,0.94315,0.71072,0.391489,0.331373
0.355277,0.393808,0.43724,0.459812,0.457813,0.422465,0.357458,0.292819,0.244353,0.240505,0.304517,0.435278,0.619037,0.83109,1.03625,1.20419,1.32576,1.41675,1.51675,1.64451,1.78255,1.89651,1.91807,1.79793,1.59396,1.43694,1.39518,1.43251,1.48254,1.518,1.54304,1.55735,1.54565,1.5018,1.44718,1.40911,1.40029,1.43023,1.47256,1.48884,1.48051,1.46188,1.44804,1.43437,1.39193,1.2889,1.13568,0.985369,0.875241,0.799218,0.708399,0.532285,0.286223,0.0747598,0.0747079,0.193914,0.391097,0.509103,0.408043,0.481148,0.77744,0.944894,0.79701,0.610524,0.510936
0.439657,0.498972,0.539572,0.544595,0.51685,0.467264,0.422837,0.400988,0.393268,0.393975,0.414976,0.492936,0.656538,0.873338,1.06307,1.18698,1.27891,1.39732,1.55518,1.70559,1.80545,1.83487,1.77034,1.6288,1.48866,1.42009,1.42645,1.45977,1.48717,1.51078,1.54063,1.5642,1.55468,1.51438,1.46835,1.43238,1.42301,1.4443,1.48333,1.52735,1.57193,1.60605,1.6166,1.59493,1.53891,1.44372,1.30569,1.16132,1.05263,0.976114,0.890483,0.703548,0.406864,0.112553,0.0241972,0.146712,0.338949,0.55314,0.455619,0.478666,0.837182,0.987367,0.88664,0.749588,0.629936
0.5527,0.6186,0.647884,0.631976,0.571368,0.492577,0.44232,0.442154,0.474928,0.524007,0.589205,0.672965,0.78928,0.933159,1.06546,1.16657,1.26667,1.40124,1.55895,1.69249,1.75727,1.73801,1.65241,1.54562,1.46521,1.43613,1.4456,1.45698,1.46145,1.47479,1.50501,1.53261,1.53329,1.51095,1.48157,1.452,1.4378,1.45753,1.50651,1.57119,1.63775,1.68979,1.71758,1.71443,1.6691,1.5799,1.44756,1.30079,1.1849,1.10651,1.03234,0.871005,0.578493,0.255199,0.0740025,0.132476,0.30505,0.61883,0.571513,0.524225,0.923458,1.09905,1.01476,0.863545,0.71792
0.699999,0.759457,0.768734,0.71876,0.621972,0.507933,0.43688,0.448801,0.519081,0.613198,0.718962,0.835718,0.955109,1.05304,1.12701,1.20476,1.31171,1.43575,1.54306,1.61226,1.63976,1.63026,1.58918,1.53071,1.4826,1.45569,1.43204,1.40243,1.37977,1.38486,1.42366,1.47037,1.50075,1.50373,1.48434,1.45628,1.44518,1.47394,1.53982,1.63205,1.7109,1.75695,1.77865,1.77812,1.74812,1.67635,1.56129,1.42235,1.30022,1.21112,1.14085,1.01375,0.781733,0.474794,0.246595,0.225253,0.304946,0.679771,0.756067,0.642887,1.00772,1.22126,1.14684,0.987172,0.806996
0.845082,0.879984,0.858798,0.768551,0.648483,0.542454,0.475473,0.480374,0.563835,0.689953,0.814765,0.918524,1.01457,1.11094,1.20182,1.29011,1.38037,1.46332,1.51823,1.54098,1.55223,1.55241,1.52973,1.50655,1.4977,1.47405,1.41297,1.32958,1.26568,1.26659,1.32888,1.40561,1.46137,1.47763,1.4625,1.44332,1.44468,1.49559,1.59734,1.71536,1.80837,1.85754,1.87045,1.85766,1.82188,1.75832,1.65998,1.53818,1.42522,1.33451,1.271,1.17085,0.996925,0.734686,0.492525,0.407899,0.377109,0.71377,0.937702,0.859029,1.10102,1.28319,1.26571,1.13775,0.926189
0.98169,0.980111,0.904204,0.767844,0.629436,0.545904,0.528117,0.563802,0.654345,0.786021,0.909289,0.983321,1.03726,1.1269,1.25523,1.37137,1.43333,1.4571,1.47109,1.48598,1.50035,1.50178,1.49161,1.4877,1.48307,1.44791,1.36953,1.26703,1.19552,1.20623,1.28825,1.37935,1.42531,1.42258,1.40007,1.39086,1.42078,1.50875,1.64871,1.8018,1.92584,1.99796,2.01828,1.99614,1.95154,1.89109,1.80423,1.69399,1.58513,1.49986,1.44802,1.36808,1.22621,0.998333,0.751947,0.625488,0.537138,0.751258,1.04827,1.10136,1.23567,1.3405,1.3636,1.30097,1.08978
1.05905,1.03873,0.926672,0.767654,0.628598,0.552996,0.55696,0.635056,0.76542,0.908606,1.01838,1.07366,1.09492,1.14717,1.27445,1.41878,1.48978,1.48946,1.47108,1.46563,1.46742,1.46725,1.46214,1.45027,1.4289,1.38697,1.32031,1.24563,1.2084,1.23847,1.3191,1.39519,1.40697,1.3608,1.31141,1.30384,1.36895,1.51063,1.70032,1.89626,2.05291,2.13974,2.16111,2.14375,2.11081,2.0706,2.008,1.90955,1.80131,1.71055,1.6567,1.58797,1.46003,1.25501,1.01763,0.846424,0.742081,0.83681,1.09685,1.28812,1.4025,1.45115,1.45486,1.44003,1.27993
1.06393,1.01674,0.907904,0.778807,0.66979,0.613301,0.62575,0.717357,0.869664,1.02923,1.13567,1.18316,1.19964,1.20746,1.24977,1.34443,1.44515,1.49375,1.48462,1.4522,1.42242,1.40004,1.37199,1.34099,1.32379,1.31851,1.30754,1.28378,1.27095,1.2984,1.35997,1.40957,1.39407,1.31701,1.24446,1.24745,1.35654,1.55089,1.78559,2.01104,2.17712,2.25602,2.26178,2.23435,2.21616,2.21558,2.1982,2.13569,2.0413,1.94479,1.87173,1.79981,1.68118,1.4934,1.26315,1.06162,0.930397,0.953347,1.13681,1.39027,1.56345,1.59762,1.58591,1.57347,1.44275
1.00719,0.958774,0.869973,0.776745,0.711247,0.691968,0.731873,0.838961,0.98903,1.13635,1.24046,1.29201,1.30709,1.29351,1.25352,1.22848,1.26532,1.34426,1.40301,1.40347,1.35791,1.29784,1.23836,1.19569,1.19433,1.23945,1.29656,1.32066,1.31193,1.31977,1.35928,1.38412,1.3569,1.29012,1.25414,1.31376,1.47117,1.68731,1.92037,2.12632,2.26422,2.31742,2.30324,2.27488,2.27729,2.30877,2.33281,2.30943,2.23422,2.14447,2.06485,1.98604,1.87228,1.70275,1.48034,1.25218,1.07611,1.04571,1.16934,1.42791,1.68906,1.76702,1.74343,1.69452,1.54683
0.898505,0.871818,0.819659,0.764305,0.739167,0.766287,0.842063,0.953319,1.08232,1.20173,1.29053,1.34521,1.36594,1.33693,1.2499,1.14942,1.10839,1.15844,1.25602,1.31844,1.29877,1.22177,1.14292,1.09479,1.10129,1.16867,1.24993,1.28663,1.28694,1.29493,1.32048,1.33505,1.3174,1.3019,1.35526,1.50198,1.6993,1.89682,2.06787,2.20236,2.2937,2.33477,2.33255,2.31711,2.32397,2.36349,2.40862,2.4096,2.35143,2.27426,2.2069,2.13361,2.02697,1.87641,1.66806,1.41653,1.18514,1.09245,1.16704,1.40433,1.73368,1.90339,1.89451,1.81301,1.63774
0.806454,0.784795,0.757663,0.746014,0.779107,0.858433,0.95856,1.05143,1.12536,1.18182,1.23043,1.28374,1.32642,1.31193,1.22408,1.11748,1.05814,1.07504,1.15304,1.23329,1.24896,1.19087,1.11993,1.07453,1.07567,1.13571,1.20552,1.24721,1.26348,1.27865,1.30489,1.3254,1.34376,1.39943,1.52928,1.72002,1.90807,2.04265,2.12961,2.20043,2.27668,2.35297,2.40966,2.43506,2.43573,2.4325,2.43352,2.42509,2.39374,2.34794,2.3036,2.25258,2.16982,2.03804,1.8383,1.56813,1.27401,1.10111,1.10565,1.32227,1.68555,1.95728,2.04951,1.95757,1.75637
0.844584,0.81519,0.794603,0.823386,0.914482,1.02372,1.10307,1.13789,1.12932,1.09757,1.08801,1.13568,1.21549,1.25073,1.21031,1.14946,1.1239,1.12583,1.14641,1.18052,1.19523,1.16856,1.11889,1.07862,1.08553,1.15096,1.23523,1.29636,1.32285,1.33956,1.37268,1.41926,1.47543,1.56137,1.69131,1.84071,1.96058,2.02899,2.0759,2.15029,2.27257,2.42134,2.55507,2.6339,2.63538,2.57194,2.48555,2.4185,2.39168,2.39431,2.39827,2.38337,2.33476,2.22134,2.00817,1.70403,1.36045,1.10344,1.04165,1.23988,1.58027,1.93208,2.16361,2.10111,1.88289
1.04199,1.00617,0.990151,1.04931,1.18256,1.29239,1.29573,1.21427,1.10928,1.01286,0.96766,1.01287,1.1104,1.17587,1.18645,1.19382,1.2209,1.23485,1.22174,1.20158,1.17783,1.14424,1.11175,1.10291,1.14111,1.23029,1.33607,1.41441,1.45024,1.47361,1.51858,1.57506,1.62327,1.67114,1.73361,1.80943,1.88498,1.95903,2.05403,2.19608,2.3859,2.58926,2.75402,2.83774,2.81857,2.7129,2.57926,2.47505,2.43457,2.46188,2.51796,2.5448,2.51256,2.40264,2.17696,1.83523,1.45166,1.13589,1.03683,1.18987,1.46966,1.83941,2.14639,2.18341,2.00102
1.44579,1.31023,1.28721,1.36181,1.48652,1.53549,1.41277,1.20773,1.04906,0.959787,0.9472,1.00674,1.07776,1.11312,1.1377,1.19075,1.25788,1.30627,1.30982,1.28449,1.25657,1.23901,1.23614,1.2491,1.28911,1.36613,1.45947,1.5333,1.57209,1.59468,1.62318,1.64635,1.6518,1.65426,1.6799,1.74842,1.85919,2.0072,2.19218,2.40744,2.63033,2.82178,2.93727,2.95049,2.87436,2.75783,2.65426,2.58599,2.558,2.58266,2.65,2.69931,2.66537,2.52972,2.30138,1.97902,1.59138,1.24397,1.08364,1.16835,1.40228,1.68406,1.957,2.11539,2.05698
1.90179,1.76245,1.66749,1.67394,1.71674,1.62574,1.35119,1.07835,0.953588,0.945725,1.00954,1.09541,1.13964,1.14472,1.1619,1.21101,1.28215,1.36438,1.4273,1.45456,1.46862,1.49653,1.53055,1.53869,1.52168,1.52278,1.55736,1.59348,1.60725,1.60272,1.59257,1.58261,1.58342,1.61628,1.69523,1.82412,1.99851,2.21055,2.44816,2.68493,2.87577,2.98116,2.98963,2.91829,2.81147,2.72048,2.67295,2.67028,2.69595,2.73255,2.77186,2.78816,2.73843,2.59992,2.39534,2.13868,1.8101,1.45174,1.20546,1.17475,1.31394,1.53145,1.78961,2.00092,2.02734
1.8098,1.76762,1.78649,1.86091,1.91833,1.78785,1.40612,0.967234,0.821654,0.883624,0.9852,1.07636,1.15838,1.24307,1.31011,1.33961,1.37552,1.45545,1.55224,1.62749,1.69193,1.77131,1.84942,1.86077,1.77532,1.65099,1.57031,1.5543,1.56453,1.56414,1.55605,1.57148,1.63408,1.74552,1.89033,2.05824,2.24948,2.46575,2.69635,2.89642,3.00766,3.01029,2.9317,2.82093,2.71848,2.65693,2.65715,2.70902,2.78002,2.83168,2.83963,2.80392,2.73399,2.63441,2.5088,2.34022,2.08658,1.75267,1.4431,1.2896,1.30308,1.42346,1.61471,1.80506,1.89287
