uploads/wind/20200723/wind_field_10.json
{"header": {"parameterUnit": "m.s-1", "parameterNumber": 3, "dx":  0.051, "dy": 0.036, "parameterNumberName": "northward_wind", "la1": 45.3082, "parameterCategory": 2,"nx": 177, "ny": 123, "refTime": "2018-10-03 01:00:00", "lo1":1.38177}, "data":
[rows 0 to 28 of 123, columns 64 to 127 of 177]
-0.659976,-0.825125,-0.933681,-1.01159,-1.03252,-1.09073,-1.19559,-1.24093,-1.22842,-1.17941,-1.09286,-1.13045,-1.02636,-0.87298,-0.911224,-0.990328,-1.04221,-1.07112,-1.13339,-1.21521,-1.32332,-1.44199,-1.58795,-1.7692,-1.93169,-2.03131,-2.17154,-2.30414,-2.4225,-2.52163,-2.61804,-2.71835,-2.8234,-2.9122,-3.13362,-3.15831,-3.21446,-3.29124,-3.37986,-3.24461,-3.24083,-3.22797,-3.51732,-3.46597,-4.22148,-4.44944,-4.09761,-3.73412,-4.11268,-3.85428,-3.95245,-4.11788,-4.38576,-5.00055,-5.47251,-5.60183,-5.46479,-5.30748,-4.87617,-4.72284,-4.75316,-5.17269,-6.29226,-6.60717
-0.642842,-0.810849,-0.937951,-1.03284,-1.06979,-1.12425,-1.24603,-1.32499,-1.35402,-1.33401,-1.25621,-1.29727,-1.17386,-0.978892,-0.964017,-0.999811,-1.0281,-1.05666,-1.11134,-1.17912,-1.27879,-1.37669,-1.4901,-1.63618,-1.77627,-1.86427,-1.99763,-2.1326,-2.26234,-2.38082,-2.49461,-2.61334,-2.73581,-2.8382,-3.06155,-3.09039,-3.15002,-3.22855,-3.31984,-3.19333,-3.19831,-3.20011,-3.49599,-3.47558,-4.46718,-4.74076,-4.12854,-3.74975,-4.4156,-3.91764,-4.07525,-4.28975,-4.4324,-4.83516,-5.33822,-5.51482,-5.84727,-5.531,-5.25046,-5.13793,-5.1217,-5.43003,-6.11725,-6.24581
-0.639493,-0.733521,-0.861581,-0.972767,-1.06903,-1.12928,-1.20837,-1.28878,-1.38409,-1.44515,-1.44911,-1.43232,-1.37244,-1.27911,-1.16076,-1.07466,-1.04899,-1.07423,-1.10976,-1.17199,-1.2647,-1.35117,-1.42838,-1.5009,-1.59789,-1.71355,-1.84707,-1.99471,-2.15163,-2.30952,-2.43902,-2.54842,-2.63454,-2.71154,-2.77444,-2.83714,-2.90066,-2.96104,-3.02936,-3.10158,-3.17299,-3.24742,-3.31556,-3.39999,-3.68839,-3.78369,-3.58399,-3.62278,-3.96168,-3.7631,-3.88157,-4.52436,-4.16321,-4.34154,-5.05111,-4.67079,-5.59639,-5.00452,-5.44732,-4.84939,-4.78104,-5.32862,-5.45809,-4.92081
-0.67794,-0.796589,-0.930263,-1.0424,-1.13213,-1.21257,-1.30585,-1.40792,-1.52071,-1.60868,-1.64256,-1.62968,-1.5655,-1.46849,-1.35332,-1.25054,-1.19587,-1.18863,-1.2059,-1.25684,-1.32324,-1.39736,-1.45666,-1.50329,-1.56307,-1.64513,-1.76937,-1.91889,-2.07504,-2.2255,-2.3602,-2.46475,-2.55464,-2.62612,-2.70163,-2.76323,-2.83873,-2.91475,-2.99703,-3.07489,-3.13554,-3.18272,-3.24218,-3.30716,-3.39447,-3.48088,-3.56735,-3.63208,-3.71291,-3.74906,-3.82879,-5.00435,-4.02937,-4.7999,-5.53323,-4.28305,-5.06208,-4.66859,-5.63347,-4.68031,-4.97469,-5.668,-5.74501,-5.05894
-0.751461,-0.883044,-1.02155,-1.15696,-1.26847,-1.37278,-1.48142,-1.59386,-1.69754,-1.78072,-1.82645,-1.82195,-1.78646,-1.73477,-1.67356,-1.60333,-1.5524,-1.53761,-1.54162,-1.54758,-1.54896,-1.55651,-1.5625,-1.57635,-1.60856,-1.6664,-1.75992,-1.87693,-2.00558,-2.12986,-2.24949,-2.34469,-2.43885,-2.51428,-2.58898,-2.65366,-2.7344,-2.83444,-2.94439,-3.04036,-3.09776,-3.12867,-3.16518,-3.23323,-3.36175,-3.49459,-3.57825,-3.62693,-3.68141,-3.714,-3.7576,-4.34912,-3.89886,-5.13406,-5.06773,-4.05214,-4.46577,-4.3722,-5.06748,-4.25281,-4.95762,-5.13295,-5.02177,-5.24506
-0.811138,-0.9587,-1.11202,-1.2554,-1.3753,-1.4784,-1.5812,-1.67245,-1.73785,-1.78221,-1.80998,-1.81835,-1.82566,-1.84267,-1.86562,-1.87757,-1.87403,-1.86587,-1.85212,-1.82548,-1.79308,-1.7571,-1.73153,-1.73386,-1.75088,-1.77922,-1.80962,-1.85877,-1.93417,-2.0264,-2.12817,-2.233,-2.34313,-2.44354,-2.5228,-2.58423,-2.6425,-2.7202,-2.80794,-2.89149,-2.96914,-3.0277,-3.08647,-3.17385,-3.27064,-3.36343,-3.42781,-3.4615,-3.50358,-3.56044,-3.62046,-3.58986,-3.7466,-4.28486,-4.41802,-4.02372,-4.57811,-4.38535,-4.83384,-4.02218,-4.70967,-4.67971,-4.55068,-4.58886
-0.890162,-1.03346,-1.16276,-1.26352,-1.34987,-1.43119,-1.50393,-1.56741,-1.6119,-1.63329,-1.64458,-1.65136,-1.66812,-1.71858,-1.80443,-1.89168,-1.94918,-1.97222,-1.97239,-1.96076,-1.94029,-1.91644,-1.89521,-1.8839,-1.87319,-1.86377,-1.86016,-1.87245,-1.90796,-1.9793,-2.08548,-2.21348,-2.34137,-2.45763,-2.54371,-2.60115,-2.6383,-2.66818,-2.69666,-2.72853,-2.78389,-2.84192,-2.91696,-3.01756,-3.08934,-3.13266,-3.16711,-3.21356,-3.27865,-3.34574,-3.42347,-3.515,-3.57192,-3.56545,-3.85254,-3.8299,-4.88264,-4.57055,-4.79126,-4.01548,-4.77713,-4.78447,-4.81408,-4.00933
-1.01821,-1.07923,-1.13162,-1.17766,-1.22222,-1.27615,-1.33117,-1.3843,-1.43691,-1.47777,-1.50046,-1.51537,-1.53286,-1.58393,-1.6794,-1.80055,-1.90825,-1.98282,-2.01584,-2.02404,-2.02074,-2.01347,-2.00738,-1.98221,-1.94549,-1.92108,-1.91321,-1.91095,-1.9332,-1.99083,-2.09235,-2.22861,-2.3638,-2.47965,-2.56881,-2.63184,-2.6647,-2.67164,-2.6669,-2.65322,-2.64841,-2.65516,-2.70299,-2.7877,-2.87601,-2.94323,-2.99456,-3.05285,-3.11507,-3.20135,-3.29163,-3.37828,-3.46448,-3.55299,-3.51872,-3.68436,-4.30354,-4.60186,-4.41231,-4.06433,-4.72054,-4.93027,-4.81846,-4.35629
-1.10793,-1.07929,-1.06541,-1.07384,-1.09763,-1.1293,-1.17629,-1.23067,-1.28565,-1.34323,-1.39851,-1.44711,-1.49002,-1.53896,-1.60887,-1.70524,-1.80762,-1.88936,-1.92518,-1.92641,-1.92238,-1.92547,-1.93454,-1.93182,-1.92414,-1.93087,-1.93699,-1.94141,-1.96664,-2.02187,-2.11091,-2.23137,-2.35897,-2.47484,-2.56524,-2.63021,-2.66297,-2.66981,-2.65416,-2.62637,-2.59792,-2.58045,-2.60355,-2.66234,-2.75078,-2.85163,-2.93901,-3.02346,-3.09946,-3.1748,-3.25004,-3.32204,-3.39574,-3.46547,-3.59087,-3.59414,-3.59068,-4.1019,-3.87657,-4.02891,-4.43613,-4.38809,-4.49521,-4.47874
-1.01438,-0.981546,-0.972203,-0.993463,-1.03342,-1.08065,-1.13453,-1.18475,-1.23341,-1.28516,-1.35331,-1.42856,-1.50479,-1.56767,-1.62309,-1.67593,-1.725,-1.75749,-1.75737,-1.72646,-1.6864,-1.66244,-1.66559,-1.70141,-1.75571,-1.81057,-1.86641,-1.92028,-1.96549,-2.02771,-2.10396,-2.19448,-2.3029,-2.41403,-2.50286,-2.56656,-2.60201,-2.6205,-2.61683,-2.59877,-2.57227,-2.55957,-2.56949,-2.60738,-2.6779,-2.78279,-2.90718,-3.02785,-3.13264,-3.21855,-3.28371,-3.32836,-3.37916,-3.43625,-3.48712,-3.54266,-3.59106,-3.60992,-3.59776,-3.70031,-4.25129,-3.86612,-4.32915,-4.35962
-0.73228,-0.794062,-0.861941,-0.935411,-1.00791,-1.08259,-1.15195,-1.20206,-1.24324,-1.29662,-1.37525,-1.47351,-1.56826,-1.64004,-1.68154,-1.69975,-1.69897,-1.6817,-1.64973,-1.60195,-1.54311,-1.49492,-1.48297,-1.52127,-1.58949,-1.65918,-1.74284,-1.84189,-1.92658,-1.99849,-2.06369,-2.12597,-2.19184,-2.27273,-2.34779,-2.3985,-2.4251,-2.44067,-2.45331,-2.46593,-2.47929,-2.50161,-2.53194,-2.58838,-2.6696,-2.77223,-2.90782,-3.05285,-3.18391,-3.28395,-3.3463,-3.37836,-3.41106,-3.44765,-3.48524,-3.52163,-3.51044,-3.52138,-3.60987,-3.42281,-3.86179,-4.03571,-3.84049,-4.19065
-0.436779,-0.553997,-0.6866,-0.812836,-0.919825,-1.0093,-1.09317,-1.17444,-1.23892,-1.31026,-1.40477,-1.52383,-1.62592,-1.68288,-1.69582,-1.68588,-1.66937,-1.64895,-1.62885,-1.60928,-1.58991,-1.57084,-1.56029,-1.57256,-1.60972,-1.65396,-1.69526,-1.75951,-1.85574,-1.93796,-2.00003,-2.03938,-2.06218,-2.08246,-2.10878,-2.12813,-2.13095,-2.12685,-2.13728,-2.18041,-2.26155,-2.35895,-2.45873,-2.5689,-2.69404,-2.81962,-2.94451,-3.07265,-3.18961,-3.28181,-3.34868,-3.39153,-3.42099,-3.44612,-3.44274,-3.45943,-3.42269,-3.42047,-3.37456,-3.35395,-3.32523,-3.78376,-3.27465,-3.513
-0.429108,-0.448942,-0.529979,-0.644271,-0.757175,-0.853376,-0.946893,-1.06044,-1.17852,-1.282,-1.3661,-1.44977,-1.52627,-1.57046,-1.58643,-1.57684,-1.56413,-1.55952,-1.57079,-1.59896,-1.63897,-1.67041,-1.68324,-1.68577,-1.68792,-1.69921,-1.70808,-1.71978,-1.76701,-1.8306,-1.87601,-1.89675,-1.90583,-1.90025,-1.88493,-1.87193,-1.8492,-1.82778,-1.83335,-1.89707,-2.02508,-2.19004,-2.36531,-2.52948,-2.68779,-2.83864,-2.96032,-3.05872,-3.13804,-3.20069,-3.25467,-3.30145,-3.34021,-3.35964,-3.34718,-3.3237,-3.2768,-3.2183,-3.16937,-3.15276,-3.02309,-3.15672,-3.17695,-2.98388
-0.744076,-0.64258,-0.612331,-0.627965,-0.672425,-0.735409,-0.814652,-0.919811,-1.05024,-1.16412,-1.22475,-1.2458,-1.27288,-1.31548,-1.35774,-1.37959,-1.37657,-1.368,-1.38256,-1.42953,-1.49422,-1.55153,-1.58722,-1.60068,-1.60062,-1.60021,-1.61121,-1.61624,-1.61563,-1.62776,-1.6438,-1.67441,-1.71398,-1.75298,-1.77274,-1.7874,-1.80303,-1.81921,-1.85469,-1.92844,-2.0495,-2.21203,-2.38665,-2.53422,-2.65635,-2.77608,-2.88167,-2.96229,-3.02684,-3.07475,-3.10651,-3.1327,-3.16424,-3.18418,-3.18676,-3.16281,-3.12855,-3.04932,-2.97424,-2.9131,-2.91451,-2.81552,-2.93591,-3.00109
-0.97817,-0.845772,-0.765269,-0.706481,-0.672252,-0.675737,-0.720982,-0.795502,-0.889448,-0.97383,-1.00826,-0.993381,-0.980035,-0.999786,-1.03083,-1.05901,-1.0685,-1.07093,-1.0875,-1.13049,-1.19148,-1.25588,-1.30723,-1.34357,-1.36797,-1.37866,-1.38392,-1.37612,-1.34306,-1.32539,-1.36282,-1.45066,-1.55679,-1.6572,-1.75111,-1.84812,-1.96669,-2.0926,-2.20845,-2.30641,-2.39465,-2.48155,-2.56544,-2.62831,-2.6634,-2.68491,-2.71904,-2.76959,-2.8363,-2.8906,-2.92046,-2.93364,-2.94801,-2.98279,-3.00619,-3.01623,-3.01219,-2.94458,-2.86337,-2.82309,-2.77877,-2.7746,-2.80289,-2.93575
-0.986468,-0.851202,-0.74763,-0.66524,-0.601153,-0.562964,-0.569923,-0.621597,-0.684949,-0.733056,-0.752017,-0.738071,-0.699597,-0.656765,-0.621034,-0.608815,-0.625943,-0.667556,-0.720495,-0.780034,-0.847863,-0.92704,-1.00393,-1.06507,-1.10287,-1.11524,-1.09879,-1.0656,-1.03662,-1.06355,-1.17124,-1.31275,-1.45164,-1.57644,-1.71009,-1.86704,-2.05083,-2.24742,-2.42279,-2.55158,-2.62706,-2.65805,-2.66639,-2.66542,-2.64273,-2.60002,-2.5628,-2.56071,-2.58667,-2.63109,-2.67408,-2.71239,-2.74387,-2.80444,-2.85139,-2.89908,-2.92051,-2.88492,-2.82171,-2.77402,-2.74393,-2.71713,-2.68629,-2.75822
-0.971332,-0.829952,-0.685367,-0.566531,-0.463186,-0.382756,-0.343133,-0.353888,-0.392087,-0.426099,-0.457701,-0.469682,-0.435253,-0.359069,-0.274676,-0.21761,-0.213502,-0.264204,-0.343528,-0.426997,-0.515417,-0.610764,-0.704822,-0.780614,-0.820768,-0.834153,-0.826975,-0.827833,-0.882538,-0.99559,-1.12824,-1.23955,-1.33032,-1.43641,-1.57339,-1.7401,-1.92415,-2.11199,-2.28511,-2.42263,-2.51152,-2.55538,-2.56285,-2.55138,-2.52377,-2.48131,-2.43473,-2.40542,-2.39375,-2.40653,-2.44838,-2.5137,-2.58653,-2.67696,-2.75664,-2.82904,-2.86972,-2.85886,-2.98439,-2.72005,-2.71826,-2.70961,-2.59411,-2.56462
-0.901624,-0.803522,-0.670274,-0.521332,-0.371783,-0.233634,-0.126119,-0.0612698,-0.0421466,-0.0580431,-0.102757,-0.150341,-0.162709,-0.132524,-0.0725988,-0.00790431,0.0257047,0.0162439,-0.0455735,-0.136812,-0.233537,-0.323796,-0.405136,-0.475944,-0.541797,-0.617281,-0.70648,-0.823208,-0.970934,-1.09624,-1.16367,-1.18937,-1.2238,-1.30081,-1.42155,-1.56458,-1.7195,-1.88671,-2.04882,-2.18843,-2.29622,-2.3617,-2.38233,-2.3731,-2.35384,-2.3384,-2.33032,-2.3284,-2.32817,-2.32832,-2.35089,-2.40498,-2.49316,-2.59669,-2.70667,-2.79066,-2.84822,-2.84461,-3.16865,-3.10824,-2.63529,-2.62649,-2.59206,-2.44002
-0.670081,-0.644168,-0.565038,-0.433222,-0.270185,-0.0993757,0.0625614,0.200448,0.2985,0.337351,0.317697,0.251767,0.181268,0.126826,0.106532,0.115577,0.133088,0.13748,0.10082,0.0322253,-0.0458564,-0.122051,-0.197653,-0.293972,-0.427236,-0.59617,-0.790798,-0.989787,-1.14118,-1.19945,-1.20219,-1.20148,-1.23257,-1.29037,-1.36694,-1.45495,-1.55708,-1.69305,-1.84476,-1.98065,-2.09727,-2.17667,-2.21256,-2.21385,-2.2081,-2.21919,-2.25213,-2.28617,-2.30375,-2.31074,-2.32282,-2.35586,-2.42458,-2.51238,-2.62698,-2.7233,-2.79965,-2.82205,-3.09221,-3.53844,-2.56886,-2.50247,-2.60979,-2.4872
-0.352384,-0.356496,-0.282591,-0.167563,-0.0238862,0.140614,0.309644,0.461964,0.597715,0.694852,0.740236,0.727633,0.639218,0.515759,0.390589,0.283138,0.194423,0.11823,0.0717251,0.0495731,0.0218702,-0.0489847,-0.181004,-0.363834,-0.558521,-0.751485,-0.936234,-1.0798,-1.15259,-1.17938,-1.20706,-1.25508,-1.30166,-1.33142,-1.34744,-1.37221,-1.42017,-1.50612,-1.62768,-1.75435,-1.86713,-1.95952,-2.03027,-2.07695,-2.10069,-2.11556,-2.14198,-2.17376,-2.19831,-2.21283,-2.23352,-2.26716,-2.32025,-2.39505,-2.49849,-2.61806,-2.72821,-3.12902,-3.14119,-3.23212,-2.89883,-2.65808,-2.67864,-3.03518
-0.0465699,-0.0365427,0.0346968,0.126482,0.222198,0.369915,0.537062,0.695189,0.824322,0.929137,1.0103,1.06443,1.05846,0.951589,0.752794,0.500351,0.238993,0.0383253,-0.0412414,-0.0363768,-0.0404622,-0.137003,-0.336832,-0.558257,-0.736564,-0.862305,-0.935258,-0.965139,-0.991287,-1.0466,-1.12418,-1.20027,-1.24085,-1.24599,-1.24203,-1.25187,-1.27875,-1.31014,-1.367,-1.45377,-1.54701,-1.64097,-1.74018,-1.83229,-1.90044,-1.93521,-1.94728,-1.96177,-1.98936,-2.02317,-2.06816,-2.1267,-2.19433,-2.29272,-2.40474,-2.55169,-2.70845,-3.47644,-3.50937,-3.14787,-3.4788,-3.30301,-2.7903,-3.58483
0.295828,0.306991,0.314447,0.314976,0.366449,0.370517,0.475885,0.689904,0.838138,0.93324,0.991689,1.03196,1.09066,1.10021,0.96567,0.68603,0.350634,0.096044,-0.0329648,-0.11123,-0.217379,-0.37629,-0.547449,-0.683282,-0.767262,-0.793439,-0.783268,-0.77829,-0.807069,-0.864834,-0.92672,-0.981535,-1.02274,-1.05842,-1.09169,-1.12167,-1.12647,-1.09184,-1.0583,-1.07917,-1.14894,-1.24441,-1.35276,-1.4616,-1.56113,-1.63617,-1.67897,-1.71274,-1.76303,-1.83407,-1.91278,-2.00521,-2.10846,-2.24057,-2.38074,-2.5377,-2.71473,-3.16865,-3.49609,-3.6403,-3.65039,-3.98177,-3.1774,-3.54989
0.782468,0.758368,0.681521,0.587614,0.494177,0.373298,0.304585,0.311447,0.428843,0.639012,0.731041,0.773399,0.783926,0.786515,0.755833,0.65699,0.500087,0.309225,0.0940037,-0.170906,-0.447413,-0.652257,-0.749325,-0.7743,-0.765359,-0.733074,-0.701685,-0.693888,-0.704605,-0.722928,-0.748784,-0.785142,-0.833769,-0.881751,-0.907002,-0.897052,-0.854205,-0.796711,-0.759079,-0.766945,-0.816052,-0.905155,-1.01026,-1.11637,-1.21232,-1.30696,-1.39308,-1.47911,-1.57703,-1.6883,-1.80251,-1.91596,-2.0398,-2.17284,-2.32144,-2.46689,-2.62075,-2.7162,-3.47459,-3.49072,-4.05409,-3.97705,-4.05762,-3.59763
1.37089,1.26425,1.07283,0.877595,0.699865,0.511492,0.342659,0.210097,0.155317,0.211712,0.349551,0.491139,0.508019,0.425711,0.372056,0.392117,0.416486,0.318442,0.0276247,-0.335427,-0.63881,-0.821366,-0.893716,-0.888165,-0.84204,-0.788782,-0.758781,-0.758391,-0.762699,-0.749068,-0.725385,-0.702315,-0.686535,-0.662925,-0.601185,-0.500307,-0.415114,-0.404316,-0.474492,-0.568054,-0.650699,-0.724547,-0.801427,-0.882885,-0.955852,-1.04332,-1.1535,-1.2844,-1.4242,-1.5615,-1.69139,-1.80347,-1.90451,-1.99939,-2.11445,-2.2336,-2.37047,-2.40163,-3.45996,-3.35179,-3.98855,-3.64926,-4.30257,-4.16555
1.75997,1.52018,1.23178,1.00025,0.817304,0.623685,0.416899,0.240718,0.129209,0.13586,0.261463,0.388781,0.427922,0.36372,0.248265,0.154092,0.0645355,-0.137629,-0.42614,-0.671487,-0.796639,-0.841431,-0.856662,-0.865615,-0.868321,-0.877676,-0.902523,-0.918962,-0.89229,-0.812059,-0.695231,-0.576392,-0.473924,-0.384005,-0.291127,-0.210183,-0.175267,-0.210228,-0.303661,-0.434446,-0.562723,-0.653359,-0.724557,-0.785782,-0.839216,-0.903855,-1.01404,-1.15244,-1.2959,-1.42687,-1.53296,-1.60989,-1.65915,-1.69965,-1.75285,-1.83686,-1.96001,-2.04981,-2.48174,-3.36185,-2.79398,-3.66566,-3.42791,-4.171
1.60493,1.32537,1.11314,0.95577,0.807995,0.633555,0.420485,0.221091,0.0894534,0.0571669,0.107431,0.198568,0.2563,0.229469,0.0810519,-0.16552,-0.479417,-0.795095,-0.992161,-1.04741,-0.99151,-0.884409,-0.800142,-0.804226,-0.890191,-0.983671,-1.00015,-0.929926,-0.813722,-0.680315,-0.540476,-0.409601,-0.311528,-0.261213,-0.274883,-0.331909,-0.38782,-0.406803,-0.402409,-0.424171,-0.484802,-0.560292,-0.63767,-0.710769,-0.782147,-0.847408,-0.930405,-1.03088,-1.13622,-1.23057,-1.28849,-1.31101,-1.30587,-1.29418,-1.29964,-1.35619,-1.4671,-1.66035,-1.68093,-2.41841,-2.02402,-3.44763,-2.67824,-3.04171
1.03743,0.907179,0.890464,0.873977,0.773974,0.591405,0.362635,0.12407,-0.0753182,-0.185034,-0.225152,-0.215509,-0.189357,-0.219638,-0.375045,-0.657914,-0.974742,-1.1997,-1.27518,-1.24665,-1.17584,-1.07698,-0.98254,-0.955806,-0.98839,-0.973492,-0.868019,-0.748685,-0.663605,-0.584668,-0.507951,-0.454209,-0.44665,-0.483289,-0.553759,-0.626016,-0.66173,-0.641946,-0.589505,-0.539053,-0.505119,-0.49395,-0.517641,-0.574668,-0.645046,-0.710826,-0.763663,-0.827159,-0.897119,-0.956498,-0.982118,-0.967014,-0.915787,-0.861653,-0.842312,-0.886387,-1.00196,-1.18416,-1.44055,-1.57298,-1.78044,-2.36351,-2.12025,-2.06215
0.624569,0.654107,0.724772,0.768728,0.70023,0.510093,0.245033,-0.0467459,-0.294443,-0.442049,-0.507446,-0.538746,-0.566925,-0.639891,-0.769598,-0.920872,-1.06548,-1.16878,-1.22122,-1.25521,-1.26903,-1.24112,-1.17104,-1.0618,-0.937705,-0.797387,-0.735511,-0.760853,-0.77021,-0.734087,-0.707855,-0.732854,-0.775814,-0.79235,-0.768031,-0.734447,-0.711487,-0.696322,-0.676719,-0.654218,-0.627522,-0.60141,-0.59037,-0.594205,-0.596823,-0.595699,-0.600934,-0.62945,-0.672844,-0.702164,-0.710955,-0.682302,-0.612017,-0.526928,-0.472821,-0.486623,-0.584984,-0.775089,-1.01534,-1.25938,-1.43887,-1.48172,-1.56139,-1.59654
0.567117,0.586369,0.552989,0.52957,0.473621,0.335314,0.126059,-0.12013,-0.320843,-0.423426,-0.472747,-0.521797,-0.621262,-0.755062,-0.833986,-0.809954,-0.787343,-0.83947,-0.966929,-1.1024,-1.16584,-1.10534,-0.978054,-0.812872,-0.718561,-0.781519,-0.922163,-0.984583,-0.933131,-0.876019,-0.893401,-0.948839,-0.962937,-0.915451,-0.837375,-0.771174,-0.737522,-0.735253,-0.743465,-0.748184,-0.753175,-0.763841,-0.772117,-0.776436,-0.760463,-0.702452,-0.625643,-0.572204,-0.556996,-0.538893,-0.509712,-0.469874,-0.41376,-0.341535,-0.262446,-0.207187,-0.238723,-0.385463,-0.619034,-0.850833,-1.01837,-1.13828,-1.17766,-1.17858
