public/uploads/wind/vent_json/20200607/wind_field_23.json
{"header": {"parameterUnit": "m.s-1", "parameterNumber": 3, "dx":  0.051, "dy": 0.036, "parameterNumberName": "northward_wind", "la1": 45.3082, "parameterCategory": 2,"nx": 177, "ny": 123, "refTime": "2018-10-03 01:00:00", "lo1":1.38177}, "data":
[rows 0 to 27 of 123, columns 63 to 125 of 177]
0.228607,0.106345,0.0552926,0.248435,0.403523,0.671609,0.946946,1.30419,1.73778,1.8514,1.93547,1.96644,1.77661,1.72134,1.66037,1.70071,1.82208,1.8438,1.82007,1.91896,1.93972,1.93176,1.81882,1.83974,1.71263,1.72005,1.8665,2.08868,2.37357,2.57732,2.71718,2.81865,2.7372,2.6641,2.48324,2.28022,2.01386,1.71829,1.46264,1.20476,1.02432,0.868698,0.588763,0.400881,0.19617,0.157858,0.111238,-0.11917,-0.429581,-0.787335,-0.89539,-1.11715,-1.11207,-0.879633,-1.0127,-0.98019,-1.04862,-0.77301,-0.637602,-0.748349,-0.682062,-0.814197,-0.932655
0.25909,0.177529,0.130448,0.240178,0.300686,0.464223,0.607457,0.903802,1.35521,1.44126,1.61205,1.70901,1.61357,1.66457,1.65239,1.7335,1.84148,1.83964,1.80347,1.80785,1.79397,1.75082,1.65413,1.6639,1.60216,1.62941,1.77843,1.96514,2.17989,2.30148,2.26082,2.33907,2.12252,2.06103,1.91453,1.78475,1.62042,1.36887,1.15386,0.938152,0.822283,0.546574,0.119774,-0.179533,-0.45556,-0.504403,-0.436334,-0.690777,-1.04061,-1.2806,-1.35122,-1.72319,-1.55939,-1.34778,-1.66271,-1.75645,-2.12225,-1.83057,-1.55992,-1.83925,-1.79687,-1.7818,-1.6986
0.390017,0.388065,0.395048,0.330151,0.302565,0.309875,0.37854,0.470733,0.674503,0.836874,1.08317,1.24031,1.27475,1.34811,1.4521,1.52097,1.56351,1.58131,1.61295,1.44911,1.36735,1.22127,1.26958,1.23383,1.3678,1.48929,1.63792,1.83572,1.93758,1.85059,1.63471,1.71695,1.4329,1.24765,1.30033,1.19845,1.23223,1.07069,0.881345,0.65887,0.516081,0.21241,-0.174942,-0.451964,-0.658272,-0.825037,-0.787525,-0.951816,-1.40341,-1.35362,-1.41632,-1.88107,-1.65394,-1.59013,-1.95816,-1.94717,-2.44809,-2.20366,-1.89768,-2.24286,-2.21312,-2.04634,-1.90645
0.336084,0.342293,0.329675,0.355164,0.387195,0.33296,0.389687,0.362989,0.395222,0.55827,0.836749,1.0194,1.07529,1.15968,1.23734,1.31867,1.4113,1.39442,1.49629,1.32059,1.19341,0.902451,1.05262,1.14361,1.30521,1.48869,1.59541,1.44515,1.76661,1.49392,0.821447,1.26246,0.875651,0.197669,0.670253,0.445909,0.74289,0.508442,0.238699,0.226074,0.464605,0.503182,0.0383951,-0.416446,-0.519636,-0.817276,-0.822608,-0.728777,-1.35816,-1.34337,-1.14699,-1.9156,-1.68578,-1.18473,-1.93551,-1.71268,-2.35392,-2.05166,-1.44066,-1.95678,-1.66498,-1.40859,-1.67987
0.253315,0.305696,0.334248,0.381594,0.408749,0.319694,0.332958,0.268762,0.222486,0.201562,0.558222,1.14534,1.19574,1.17648,1.1522,1.22722,1.37644,1.43773,1.62343,1.50697,1.29843,0.90556,0.910032,1.17495,1.35125,1.52411,1.64946,1.35494,1.57394,1.33577,0.614438,0.820276,0.638816,0.400833,0.994372,0.833061,0.980984,0.878504,0.805473,0.772964,0.555804,0.171805,-0.197647,-0.544233,-0.555153,-0.680932,-0.506708,-0.378672,-0.654898,-0.826279,-0.246131,-1.40636,-1.31694,-1.14085,-1.54134,-1.29607,-1.37156,-0.88067,-0.411632,-0.892216,-0.786608,-0.519726,-0.228799
0.177363,0.246772,0.280386,0.32348,0.334133,0.283513,0.248029,0.239937,0.225455,0.188181,0.25201,0.87475,0.981633,1.13483,1.30534,1.28166,1.25188,1.28021,1.41307,1.69337,1.96883,1.96969,1.56964,1.3691,1.12157,0.843604,0.838064,1.02516,1.18995,1.18114,1.03991,0.95731,1.13084,1.38459,1.42078,1.52771,1.5529,1.5266,1.24331,0.641523,-0.128577,-0.589738,-0.626096,-0.706577,-0.767528,-0.732512,-0.477196,-0.425957,-0.51123,-0.750367,-0.594928,-1.29423,-1.43959,-1.60565,-1.30942,-0.769962,-0.31545,0.21405,-0.787094,-0.815388,-0.454599,-0.407444,-0.417907
0.0600801,0.100349,0.14995,0.234256,0.248486,0.274302,0.233405,0.231059,0.17441,0.234204,0.17513,0.274106,0.448863,0.836703,1.34677,1.40814,1.24441,1.11075,0.911373,0.995014,1.4702,2.20661,2.44255,2.14237,1.46993,0.734313,0.359194,0.503097,0.757102,0.816704,0.859602,0.970534,1.01853,0.747785,0.342817,0.362123,0.438377,0.303045,-0.0413188,-0.37256,-0.387796,-0.166588,0.0591715,0.254252,0.0761276,-0.075225,-0.232474,-0.664999,-1.10071,-1.35876,-1.44128,-1.41459,-1.31841,-0.997826,-0.884798,-1.41732,-1.43983,-0.433607,-1.05716,-1.2461,-0.982863,-1.16405,-1.48755
-0.188171,-0.110204,0.000951855,0.0481992,0.0792218,0.143452,0.10801,0.101789,0.0365653,0.0417744,0.149532,0.156064,0.357849,0.706075,1.02077,1.10539,1.18817,1.54,1.44831,0.876355,0.608673,1.03863,1.48198,1.81443,1.91966,1.62519,1.14392,0.929502,1.07425,1.14828,1.07545,0.960766,0.639997,0.188311,-0.143664,-0.385315,-0.447354,-0.338945,-0.173657,-0.0394384,-0.0217331,-0.146736,-0.170755,0.161149,-0.267278,-0.483049,-0.838064,-1.28338,-1.37559,-1.48611,-1.41962,-1.39488,-1.22554,-1.06726,-0.955847,-1.82445,-1.98283,-1.02667,-0.984992,-1.84119,-2.15258,-1.6504,-1.06247
-0.488981,-0.303535,-0.235692,-0.140219,-0.0342708,-0.0503368,-0.0587389,-0.000274966,-0.000678489,0.00449563,0.0297589,0.0754363,0.251029,0.678135,0.912856,0.650509,0.58919,0.998115,1.66763,1.47521,1.17678,1.15744,0.860815,0.824019,1.16208,1.48321,1.37323,1.11305,1.19619,1.51375,1.61847,1.48812,1.2763,0.934348,0.600319,0.402684,0.397224,0.658208,0.84707,0.682751,0.2249,-0.225603,-0.472895,-0.55213,-0.789905,-0.878284,-1.12039,-0.966245,-0.595147,-0.630043,-0.797701,-0.834438,-0.960811,-0.898498,-1.22279,-0.953373,-1.51408,-1.6063,-1.91096,-2.13078,-2.33858,-1.97507,-1.51803
-0.693115,-0.587082,-0.469832,-0.30908,-0.283559,-0.248807,-0.174381,-0.169987,-0.101535,-0.0758626,-0.0596729,0.040945,0.0730829,0.304866,1.00538,0.931047,0.830045,0.673049,0.98556,1.15537,1.35328,1.6384,1.66543,1.37352,1.06228,1.20386,1.3992,1.1613,1.06527,1.03518,1.30805,1.45059,1.50949,1.5139,1.37429,1.46918,1.31684,0.963021,0.572477,0.366742,0.2946,0.235575,0.151568,-0.0341105,0.0018025,-0.0292779,-0.0836417,-0.305561,-0.712946,-1.1564,-1.22617,-0.970594,-0.957855,-0.63941,-1.74283,-1.50304,-1.77595,-1.8457,-1.75443,-1.46533,-1.26973,-1.27382,-1.12945
-0.973158,-0.889231,-0.633518,-0.572812,-0.607665,-0.461166,-0.417296,-0.345858,-0.19481,-0.0499181,-0.00802579,0.0484387,0.0584406,0.063462,0.43425,0.617445,0.913031,1.05231,1.08017,1.2172,1.4219,1.42155,1.59856,1.547,1.56046,1.45989,1.69501,1.90085,2.08216,1.46305,1.3014,1.39837,1.35627,1.34577,1.1993,1.28443,0.958699,0.434883,0.0263266,-0.181831,-0.0172299,0.0934096,0.0504088,-0.0319415,-0.0531658,-0.103711,-0.108625,-0.690396,-1.24267,-1.17623,-1.28115,-1.1194,-1.24369,-1.24643,-1.88294,-1.89497,-1.4178,-1.11594,-1.42881,-1.00904,-0.378867,-0.0537733,-0.616935
-1.01923,-0.94245,-0.908031,-0.81696,-0.784975,-0.631326,-0.651241,-0.445582,-0.265045,-0.0383317,0.0631106,0.103119,0.107889,0.237778,0.196868,0.057402,0.129527,0.472673,0.821203,1.17115,1.56874,1.67265,1.51809,1.06002,1.24662,1.07629,1.12241,1.50454,2.17215,2.3031,2.18287,2.111,2.01825,1.96164,1.61812,1.07959,0.565166,0.315816,0.424311,0.31573,0.261268,0.211008,0.100627,-0.11597,-0.190934,-0.354206,-0.521054,-0.752948,-0.770008,-0.312457,-0.931312,-1.16969,-1.29121,-1.29039,-1.0657,-1.45112,-1.43436,-1.10075,-1.47595,-0.787121,-0.408309,-0.205689,-0.444256
-0.814251,-0.810862,-1.00162,-0.885015,-0.843283,-0.652567,-0.681283,-0.54106,-0.353437,-0.204984,-0.0620334,0.134085,0.123975,0.209614,0.577131,0.404343,0.180498,0.204738,0.272317,0.392356,0.852408,1.3735,1.77656,1.6605,1.46725,0.897365,0.751074,0.489958,0.756492,1.45926,1.90352,1.89004,2.03434,2.15268,2.49638,1.83717,1.33859,0.975064,0.822871,0.55762,0.450979,0.347515,0.113929,-0.044664,-0.166708,-0.396877,-0.520747,-0.580793,-0.807374,-1.07184,-1.52649,-1.52666,-1.15296,-0.827661,-0.501814,-1.25719,-1.6538,-1.36822,-1.37144,-0.853696,-0.853765,-0.668233,-0.424099
-0.914817,-0.80537,-0.915376,-0.880992,-0.777188,-0.734314,-0.663258,-0.531012,-0.456379,-0.318684,-0.138439,-0.0119492,0.164895,0.115969,0.433046,0.486482,0.717188,0.855872,0.716137,0.308094,0.431545,0.545853,0.973204,1.71121,2.1148,1.74634,1.76208,1.08619,0.848509,0.755411,0.890266,0.835978,1.28516,1.2523,1.50337,1.37061,1.14511,1.26848,1.36104,0.891037,0.697604,0.32598,0.0227163,-0.061192,-0.15158,-0.275345,-0.212577,-0.363174,-0.482062,-1.01237,-1.05039,-0.954351,-0.898487,-0.994819,-0.936091,-1.4116,-1.6241,-1.27403,-1.3244,-1.02894,-1.24558,-1.30988,-1.15773
-0.900707,-0.903157,-0.927622,-0.822582,-0.815705,-0.758541,-0.538186,-0.459424,-0.436003,-0.265358,-0.118597,-0.0262753,0.119103,0.179572,0.249118,0.283473,0.540114,1.00124,1.1685,0.950391,0.931753,0.811207,0.342522,0.616103,1.28882,1.71281,2.26476,2.20504,2.28193,1.54292,1.01831,0.728162,1.03775,1.08288,0.696113,0.768866,0.362855,0.325499,0.58902,0.734489,0.824864,0.600746,0.447962,0.203694,0.106961,-0.0358364,-0.0574823,-0.1884,-0.311238,-0.699595,-0.953891,-1.04185,-1.28798,-1.38767,-1.38094,-1.45295,-1.33744,-0.939954,-0.68532,-0.456456,-0.29236,-0.534637,-0.733921
-0.851861,-0.989387,-0.645317,-0.724881,-0.852298,-0.563971,-0.52556,-0.505995,-0.285753,-0.239487,-0.175402,0.106618,0.224206,0.320891,0.33878,0.325478,0.298073,0.52212,0.713801,0.874898,1.11933,1.41641,1.08743,0.564877,0.599156,0.728373,1.09662,1.71477,2.28449,2.10243,1.70981,1.31994,1.15705,1.21416,1.0038,0.986982,0.638212,0.211926,0.155037,0.49328,0.760177,0.894029,0.775035,0.602342,0.519265,0.304012,0.0976166,0.0329986,-0.223145,-0.342606,-0.68836,-0.677532,-0.694498,-0.56173,-0.61486,-0.663178,-0.921693,-0.681093,-0.707648,-0.462467,-0.227154,-0.155944,-0.591674
-1.10356,-1.24698,-0.657731,-0.783215,-0.814914,-0.37016,-0.483935,-0.522472,-0.208882,-0.195559,-0.0738487,0.153973,0.302634,0.372463,0.3702,0.405685,0.459463,0.48512,0.410963,0.460617,0.643866,1.15897,1.68699,1.40483,1.4246,0.952721,0.736184,0.629891,0.909017,1.36819,1.73998,1.66859,1.45191,1.2839,1.16618,1.01747,1.02848,0.950698,0.885807,0.990021,1.08394,1.05836,0.992442,0.976994,0.800902,0.551648,0.383156,0.23814,-0.0414274,-0.0926905,-0.437304,-0.419831,-0.538693,-0.467654,-0.418607,-0.155901,-0.838078,-0.654212,-0.876839,-1.07097,-0.963626,-1.13897,-1.02826
-1.66379,-1.49975,-0.97392,-1.08224,-0.91203,-0.447329,-0.32213,-0.400457,-0.171791,-0.137783,0.0153962,0.146219,0.232476,0.311402,0.395686,0.418654,0.491089,0.604998,0.673898,0.719711,0.571836,0.612753,1.22979,1.63736,1.97278,1.77011,1.77605,0.989983,0.437843,0.712517,1.03717,1.4648,1.52032,1.5363,1.64473,1.78224,1.54975,1.28731,0.865785,0.895092,0.76233,0.816438,0.933713,0.933946,0.655488,0.518863,0.321759,0.0703573,-0.121368,-0.320337,-0.568668,-0.66058,-0.917156,-0.740154,-0.677411,-0.547792,-0.60599,-0.408641,0.0424606,-0.526823,-0.17391,-0.343493,-0.443045
-2.13294,-1.73631,-1.56215,-1.32661,-0.920353,-0.767224,-0.260877,-0.209814,0.0124308,-0.0372886,0.0263598,0.117464,0.243553,0.292631,0.377627,0.510646,0.626969,0.687031,0.786864,0.777432,0.772796,0.597451,0.586588,0.983471,1.50371,1.89734,2.37521,1.94669,1.35263,1.40919,0.910367,1.20561,1.06637,1.29798,1.50829,1.94427,1.85846,1.48557,0.855404,0.617818,0.281726,0.45779,0.627521,0.519021,0.394345,0.390785,0.181304,0.00021928,0.0137938,-0.135506,-0.146347,0.0431174,-0.22466,-0.38949,-0.652209,-0.729786,-0.415368,-0.214313,-0.194938,-0.555621,-0.449417,-0.0628443,-0.322227
-2.20342,-2.63046,-2.18049,-1.48878,-1.19059,-0.96363,-0.426771,-0.276991,0.0981997,0.104511,0.155763,0.157154,0.271694,0.321417,0.368289,0.516798,0.668074,0.75184,0.826915,0.817183,0.945223,0.826908,0.661845,0.533098,0.730388,1.26692,1.77085,2.0226,2.05278,1.95405,1.56786,1.37626,1.04265,1.03815,0.806225,0.891361,1.23357,1.18753,1.05192,0.856878,0.699958,0.624307,0.710475,0.555978,0.54852,0.460287,0.304079,0.17645,0.0366061,-0.0886375,-0.123364,-0.0213442,-0.541262,-0.875477,-1.07593,-0.882913,-0.777458,-0.379753,-0.724069,-0.731472,-0.513045,-0.333006,-0.147023
-3.23122,-3.81616,-2.30348,-2.1674,-1.70313,-0.760241,-0.571368,-0.385203,0.124623,0.201126,0.25696,0.282482,0.311825,0.380535,0.472356,0.580611,0.710997,0.733525,0.809555,0.934622,1.02809,0.985968,1.07335,0.820635,0.587668,0.659431,0.551168,1.19887,1.33553,1.35627,1.49412,1.12393,1.13109,1.06145,0.885908,0.861816,0.878559,0.86392,0.933436,0.939723,0.924959,0.726567,0.724068,0.764712,0.647005,0.549129,0.356828,0.34954,0.285035,0.251584,0.0439978,-0.0925932,-0.347009,-0.325836,-0.299929,-0.374787,-0.451368,-0.539866,-0.772854,-0.6744,-0.277221,0.00844469,0.507447
-4.1131,-4.39731,-2.72557,-2.8195,-2.28431,-0.935262,-0.680467,-0.382375,0.117139,0.281204,0.341963,0.410966,0.383995,0.435696,0.583153,0.767956,0.866434,0.754355,0.862391,0.816494,0.853326,0.969854,1.06865,0.979261,0.787418,0.709072,0.320388,0.547126,0.454195,0.762919,0.782435,0.566409,0.726743,0.606552,0.669124,0.701378,0.639453,0.565088,0.588688,0.60363,0.443717,0.451115,0.658163,0.768948,0.755539,0.776757,0.48383,0.460448,0.454011,0.544282,0.543774,0.574156,0.565047,0.202673,-0.139328,-0.609554,-0.638246,-1.14965,-1.03757,-0.442149,-0.198038,-0.0230845,0.0363003
-3.34896,-4.04887,-2.95504,-3.07327,-2.9132,-1.54738,-1.08466,-0.617047,-0.125219,0.239755,0.400726,0.496982,0.523726,0.587602,0.711199,0.821932,0.985181,0.803117,0.90971,0.70904,0.819726,0.834755,0.797182,0.789827,0.767563,1.0129,0.849117,0.712065,0.569627,0.785254,0.599678,0.508234,0.487424,0.414924,0.519662,0.495142,0.488591,0.295254,0.457822,0.446483,0.317539,0.461038,0.629006,0.763008,0.890066,0.779524,0.548837,0.450012,0.302185,0.222452,0.211576,0.162942,0.0816381,-0.151773,-0.467768,-0.720712,-0.483945,-0.870832,-0.324499,0.264328,0.403392,0.498731,0.0764993
-3.41665,-3.29679,-3.2238,-3.62416,-2.80215,-2.12458,-1.73513,-0.915752,-0.13416,0.241175,0.492524,0.636131,0.729798,0.830059,0.854402,0.905235,1.00491,0.956627,0.900919,0.818468,0.855983,0.890957,0.955733,1.00823,1.09505,1.43788,1.50733,1.55032,1.34303,1.47992,1.26392,0.938841,0.507511,0.306183,0.577122,0.722425,0.789182,0.770001,0.942984,0.92787,1.06208,1.13438,0.830847,0.926985,0.924462,0.646629,0.614586,0.491128,0.366272,0.216052,0.0836075,0.0313337,-0.039456,0.154842,-0.228899,-0.328612,-0.458016,-0.658193,-0.458866,-0.362825,0.206067,0.524449,0.423106
-3.73784,-3.68519,-4.1292,-3.42793,-2.15747,-2.53421,-1.99745,-0.915001,-0.117127,0.35736,0.714114,0.904391,0.981395,0.97211,0.968127,1.06831,0.895293,1.00857,0.851786,0.956055,0.788987,0.847299,0.993822,1.13933,1.34033,1.58077,1.88329,1.99347,1.82329,1.74237,1.8636,1.85211,1.3152,0.808834,0.866795,0.773241,0.854945,0.832235,0.836369,0.854786,1.24939,1.47947,1.1935,1.17178,1.07633,0.762454,0.781764,0.502577,0.37733,0.261537,0.234837,0.153741,-0.0750229,-0.198286,-0.553684,-0.735756,-0.918252,-0.999291,-0.865155,-0.890502,-0.299932,-0.140845,0.0963305
-3.49263,-4.45747,-4.66384,-2.82299,-2.58252,-2.41102,-1.62829,-1.06636,-0.519701,0.402123,0.922656,1.16184,1.13408,1.0476,1.09273,1.03572,0.911077,0.930364,0.773547,0.931834,0.738219,0.671809,0.814453,0.809964,0.822197,1.05712,1.35003,1.49686,1.71161,1.31854,1.3096,1.54741,1.53856,1.63369,1.62432,1.2798,0.993811,0.751853,0.63106,0.405462,0.733432,0.959151,0.828709,1.04991,0.894418,0.658534,0.583935,0.366296,0.24358,0.141187,0.113895,0.046214,-0.0534785,-0.234418,-0.161125,-0.640387,-0.618572,-1.01465,-0.399269,-0.775636,-0.797572,-0.586555,-0.239675
-3.61058,-4.6617,-4.9201,-2.93539,-3.19148,-1.97273,-1.67215,-1.59121,-0.809005,0.318201,0.907776,1.1819,1.08804,1.15311,1.0716,0.838522,0.985096,0.964989,0.733334,0.851894,0.76302,0.649939,0.787026,0.665887,0.558847,0.657454,0.820615,0.861171,1.29948,1.29367,1.0529,1.00376,1.00804,1.17149,1.2936,1.16185,0.925162,0.980219,0.829619,0.670837,0.746498,0.673342,0.628461,0.851836,0.662376,0.641315,0.531896,0.534503,0.476638,0.398799,0.299427,0.188654,-0.0173635,-0.32271,-0.649938,-0.833323,-0.450697,-0.557406,-0.074937,-0.754595,-1.2887,-0.868705,-0.594239
-3.69558,-4.44987,-5.11609,-3.52929,-3.00218,-1.70907,-2.04175,-1.54395,-0.634822,0.211168,0.735526,1.04018,1.08056,1.13933,0.879733,0.803851,0.795749,0.876497,0.752717,0.811107,0.78546,0.708628,0.6991,0.663509,0.737467,0.75559,0.786809,0.611342,0.794362,0.960172,1.07273,1.22667,1.08868,0.893479,0.882377,0.750997,0.685132,0.855638,0.716464,0.893801,0.998744,0.891193,1.08761,0.9651,0.773137,0.819782,0.683916,0.75186,0.683164,0.538051,0.3463,0.112275,-0.24684,-0.539338,-0.755709,-0.555151,-0.249848,-0.166975,-0.691123,-0.60228,-0.924935,-1.01765,-1.05796
