public/uploads/wind/vent_json/20200607/wind_field_23.json
{"header": {"parameterUnit": "m.s-1", "parameterNumber": 2, "dx": 0.051, "dy": 0.036, "parameterNumberName": "eastward_wind", "la1": 45.3082, "parameterCategory": 2,"nx": 177, "ny": 123, "refTime": "2018-09-30 00:00:00", "lo1":1.38177}, "data":
[rows 0 to 28 of 123, columns 0 to 64 of 177]
1.65206,1.55281,1.43619,1.4141,1.51037,1.63015,1.70153,1.73196,1.71604,1.67666,1.59401,1.52027,1.52832,1.61717,1.74395,1.86034,1.96628,2.02139,2.02917,2.06937,2.19345,2.54288,3.23651,3.9044,4.2442,4.30451,4.31176,4.47664,4.76879,5.06344,5.23334,5.30878,5.37512,5.51248,5.6721,5.86537,6.08156,6.33787,6.53042,6.5693,6.41532,6.20065,6.04408,5.93149,5.85129,5.77205,5.6572,5.42032,4.80995,3.58412,2.58526,2.52375,3.37597,4.52428,5.31548,5.82798,6.05593,6.0945,5.85,5.63896,5.80088,6.42037,7.03869,7.12344,6.7849
1.69484,1.6973,1.71615,1.75462,1.87819,2.17492,2.39189,2.17346,2.09505,2.40947,2.36201,1.92858,1.71131,1.99406,2.54342,2.67203,2.5349,2.52199,2.30894,2.08191,2.19838,2.57324,3.21337,4.00679,4.58448,4.78016,4.98305,5.15486,5.20747,5.48906,5.62383,5.47762,5.4779,5.6245,5.68496,5.89906,6.19848,6.23858,6.1794,6.18569,6.12082,6.19038,6.31342,6.19764,6.09085,5.94649,5.75961,5.72277,5.45681,4.8218,4.5778,4.76042,5.17052,5.67123,5.79386,5.69487,5.8294,6.26463,6.44057,6.22229,5.86538,5.91131,6.45994,6.98894,7.24795
1.70935,1.93264,2.10429,2.40908,2.7187,2.55801,2.27225,2.12853,2.04638,2.05037,2.2328,2.41844,2.23381,2.05131,2.37721,2.70191,2.53012,2.2818,2.21998,2.19284,2.62371,3.30806,3.60643,3.82505,4.34931,4.86444,4.91863,5.06149,5.39559,5.49437,5.55209,5.4516,5.59072,5.99168,6.11672,6.17895,6.28823,6.47081,6.34006,6.05781,6.00395,5.9126,5.80388,5.74512,5.95984,6.22397,6.0664,5.77246,5.58491,5.04515,4.83034,5.35464,5.91258,6.0596,5.74193,5.50291,5.76615,6.3151,6.56231,6.55806,6.37851,6.04923,6.24817,6.8969,7.28634
1.87912,2.71886,2.86681,2.79762,2.78287,2.64507,2.46633,2.30376,2.48799,2.77186,2.47679,2.44545,2.8372,2.63734,2.26799,2.46119,3.0028,3.1301,2.75406,2.51585,2.58968,2.85188,3.25801,3.66569,3.91652,4.46117,5.29914,5.51375,5.15037,4.90687,4.93046,4.96554,4.95932,5.11898,5.32707,5.42864,5.90414,6.54701,6.22746,6.08244,6.50067,6.49258,6.43,6.4401,6.40768,6.25515,6.45627,6.49441,5.65681,5.37607,5.91574,6.24725,6.44207,6.48702,5.96828,5.76588,6.313,6.67558,6.73792,6.62255,6.10174,5.65163,5.95066,6.76388,7.21996
1.7161,2.78523,3.35356,3.55235,3.29677,2.70736,2.51971,2.42955,2.22191,2.0121,1.73408,1.59386,2.08939,2.49728,2.25765,2.23609,2.50113,2.70933,2.64806,2.61573,2.48627,2.96095,4.38602,4.97969,4.17003,4.27983,5.41392,5.62444,5.719,5.89449,6.22145,5.74578,5.11519,6.13871,6.2289,5.80406,6.55828,6.61333,6.11549,6.76963,6.92061,6.29912,6.56667,7.08689,6.83454,6.19303,6.3986,6.00607,5.25954,6.11522,5.87667,5.34789,6.06603,6.38686,6.40909,6.41933,6.34623,6.35859,6.34219,6.41151,6.55036,6.60528,6.61083,6.62917,6.69043
1.82596,2.8679,3.51389,3.41127,2.78726,2.63995,2.62534,2.63498,2.27044,2.07527,3.03778,3.37388,2.71895,2.1461,1.56802,1.42126,1.72841,1.9015,2.36212,2.85867,3.41055,4.42778,4.77337,4.03434,4.25615,5.24212,5.2443,5.71752,5.7274,5.31765,6.02605,6.05083,5.21462,5.18664,6.35469,6.31767,5.84219,6.57815,6.75058,6.82191,6.63433,6.33872,6.57053,6.5085,6.38686,6.41909,6.46631,6.36125,6.41881,6.37555,5.80247,5.76992,6.33887,6.47348,6.56457,5.94301,5.29461,6.28434,6.26867,5.61787,6.4265,6.76052,6.74896,6.90728,6.73002
1.79269,2.86135,3.47115,3.92534,3.89135,3.28097,3.16422,2.93296,2.86117,3.52478,3.78903,3.18278,3.05201,3.56036,3.31703,3.25386,3.13847,2.32467,2.36299,2.96553,3.1751,3.42653,3.59231,4.0165,5.195,5.39123,4.34563,4.2718,5.70375,5.82161,5.25174,5.918,6.18773,6.43841,5.99603,5.60122,6.50077,6.7307,6.86632,7.29287,6.89902,6.23948,6.46499,5.88699,5.38421,6.2355,6.58813,6.58541,6.4559,6.30291,6.29157,6.30072,6.25543,6.54818,6.10506,5.5036,6.47103,6.31983,5.75241,6.48474,6.7411,6.9579,7.14162,6.49692,6.93397
1.72773,2.41552,2.69153,2.89164,2.95414,3.24415,3.38579,3.74313,4.60677,4.42185,3.39503,2.77622,2.86349,2.99523,2.533,2.27107,2.37424,2.27595,2.1841,2.7223,3.39957,3.67517,3.32544,3.53564,5.15679,5.56613,5.05556,5.80724,5.64218,5.02873,5.74752,6.04538,6.2594,5.89522,5.38626,6.36904,6.32111,5.80205,6.56866,6.4346,5.80056,6.40996,5.97362,5.3879,6.22961,6.43009,6.71369,7.03336,5.8331,5.31566,6.22067,6.46457,6.458,6.47786,6.56528,7.06537,6.48756,5.81112,6.58343,6.42546,5.85189,6.59212,6.77336,7.08868,7.40076
1.20071,1.88223,2.33301,2.37539,2.64041,2.94411,3.62693,4.91292,5.07082,3.82136,3.45248,4.29018,3.97998,2.53531,1.82948,1.7015,2.14931,3.4237,3.76534,3.25624,3.05498,3.74199,5.05123,5.04685,4.00081,4.07724,5.52737,5.78676,5.14417,5.89061,5.81724,5.27625,5.99245,6.2602,6.45725,5.94246,5.48221,6.32502,6.58393,6.66181,7.04351,6.68376,6.17242,6.2692,6.22193,6.53479,6.99289,6.12115,5.7186,6.3358,6.56624,6.489,6.42548,6.40115,6.36396,6.76731,7.25396,6.95798,6.45221,6.92818,7.4224,6.80701,7.1016,7.52432,6.80431
0.494195,0.804038,1.41248,1.95955,2.48754,3.34622,4.62947,4.96048,4.12606,3.8149,3.73335,3.68771,4.0295,3.44759,2.18176,2.13364,3.35645,3.82785,3.82887,4.56071,4.58584,3.84663,4.05297,4.2626,4.35518,5.35949,5.3774,4.82418,4.72731,4.91258,6.02708,6.04255,5.37035,6.19308,6.15292,5.49858,6.22826,6.11761,5.58365,6.16556,6.38741,6.44249,6.67912,6.21083,6.1687,6.70217,6.6391,6.98784,7.27067,6.53846,6.46176,6.43028,6.58189,6.11414,5.62504,6.347,6.60574,7.05134,7.36819,6.71202,7.09539,7.5489,6.79767,7.05406,7.71867
0.553393,0.971488,1.41565,1.37272,2.34175,2.57786,3.10294,2.92424,2.82065,3.51768,4.38369,3.89457,2.7723,2.24498,2.28945,2.41851,2.54074,2.955,3.42421,3.57042,3.70499,3.62206,3.9318,5.28121,5.3747,4.77627,5.54172,5.40929,4.98524,5.85597,6.18042,6.33346,5.92464,5.3375,6.19616,6.04908,5.24528,6.01264,5.82349,5.3275,5.96438,6.22461,6.295,6.41331,6.57639,6.56834,6.7247,6.74458,7.02472,7.13927,6.47429,6.48348,6.44484,6.691,6.88745,6.3512,6.78002,7.04236,6.61337,7.06708,7.66793,6.89065,6.14384,7.08892,7.66225
1.49036,1.82021,1.0828,1.34569,1.91357,3.05736,2.90489,1.85751,1.53114,2.90659,2.89074,2.87445,2.40555,2.44375,2.26603,2.6579,3.99317,4.29745,3.56581,3.59485,3.92667,4.22462,5.23803,5.38799,4.89339,5.53312,5.42885,4.79977,5.69562,5.83216,5.34341,6.0168,6.27911,6.39782,5.81368,4.97035,5.80379,5.69687,4.9213,5.82808,5.85001,5.42006,6.10954,6.61995,6.6485,6.60414,6.72131,6.73643,6.83275,6.84162,6.674,6.51671,6.49439,6.60789,6.83647,7.19355,6.76364,6.44228,6.94712,7.50872,7.32807,6.73978,7.33084,7.72786,6.92959
0.666603,0.7151,1.09256,1.49461,2.02786,2.76909,1.99533,0.424033,0.642747,1.44658,1.76273,2.22144,2.36659,2.42464,2.82451,3.97281,4.46484,3.95088,3.40926,3.35733,3.93603,5.12904,5.35194,4.94245,5.65202,5.57742,4.7989,5.47066,5.58634,5.18821,5.88763,6.11307,6.2397,5.67206,4.86284,5.55394,5.68104,4.4981,4.5126,5.62899,5.99829,6.14678,6.30924,6.4305,6.44198,6.77836,7.05387,6.37694,6.89179,7.15562,6.36217,6.36345,6.43772,6.40375,6.38397,6.65241,6.65392,6.98748,7.34275,6.85059,7.07063,7.65408,7.35697,6.7067,7.29409
0.765079,0.595132,1.05996,1.52108,1.94068,2.42992,1.7104,0.294246,0.734861,1.18891,1.12521,1.01608,1.81023,2.15723,2.3563,3.0369,3.47021,3.52291,3.44588,3.76262,4.9252,5.14186,4.70984,5.47954,5.63438,5.06036,5.58795,5.40268,4.9258,5.62815,5.90592,6.03005,5.43203,4.56773,5.32554,5.87882,4.87041,4.47991,5.55241,5.5278,5.05172,5.9811,5.9814,5.62734,6.3471,6.65905,6.66629,6.6414,6.70502,6.55351,5.91335,5.67087,6.33079,6.1569,5.47029,6.29028,6.2468,5.76816,6.64555,7.46863,7.18033,6.50392,7.07683,7.58287,6.76383
2.39548,2.18556,0.684679,1.80082,1.88383,1.97594,1.6153,0.288981,0.34887,1.36317,0.789801,-0.338727,0.652401,1.94919,2.59562,2.79653,2.8521,3.10779,3.46672,3.74651,3.90896,4.25978,5.09921,5.12409,5.08091,5.78898,5.7615,4.8821,4.62799,5.53338,5.58324,4.73985,4.02124,3.87912,4.88459,4.9698,4.42822,5.19236,4.98721,4.52042,5.46317,6.00648,6.05144,6.195,6.26767,6.44661,6.48835,6.19835,6.3793,6.49911,6.65718,6.93131,6.38908,6.38528,6.69856,6.32702,6.37063,6.99881,7.1717,6.53253,6.1326,7.02485,7.45667,6.63486,7.2089
0.689689,0.186533,1.17599,1.42271,1.78769,1.63831,0.840079,-0.0978891,0.125303,1.48196,1.49663,-0.693988,-0.30527,0.657161,1.95159,2.82678,2.97739,3.046,3.15216,3.11571,3.65092,4.60926,5.01318,4.65562,4.70073,5.86524,5.91167,5.10262,5.57414,5.29143,4.54111,5.0267,4.99182,4.89959,4.9626,4.64433,4.89752,4.81642,4.01569,4.20895,5.28371,5.65625,5.87575,5.62815,5.331,6.16998,5.88271,5.39211,6.16407,5.78342,5.23835,5.90579,5.52672,4.95122,5.78514,5.57648,5.27187,6.04585,6.31818,6.49471,6.63582,6.7442,6.71117,7.10854,7.49266
-0.174925,-0.85607,1.22309,0.976726,1.32918,1.1903,0.513215,0.408342,0.605946,0.879575,0.573871,0.0348419,-1.08112,-0.764112,0.537463,1.62425,2.34501,2.76688,3.019,3.14503,3.10464,3.19348,3.34258,3.84211,5.11215,5.58157,5.41647,5.96234,5.46199,4.43471,4.8242,4.73839,3.46957,3.12746,4.28343,4.4343,3.98613,4.48554,4.8595,4.996,5.1763,5.41107,5.51969,5.75624,5.83882,5.08284,4.92491,5.68229,5.21316,4.65094,5.34292,5.10829,4.54795,5.03994,4.95351,4.67964,5.42714,5.48175,5.186,6.0499,5.98941,5.64648,6.40519,6.77259,6.93844
1.08455,0.694565,0.993842,0.711351,0.869546,1.10554,0.697438,0.641459,0.666239,-0.0868211,-0.352247,-0.423219,-1.6009,-2.0633,-1.04439,0.170461,0.462332,1.00621,1.83471,2.36458,2.61554,2.57747,3.12114,4.50763,5.21676,4.91429,4.94285,5.6785,5.4655,4.86896,4.06599,3.28374,3.8855,4.13801,3.45391,3.02359,2.89056,3.08853,3.18705,3.61114,4.79498,5.09941,4.33817,4.43884,5.27202,5.38075,5.12448,4.27829,3.97215,4.61379,4.47804,4.41927,4.18819,3.72826,4.14616,4.08523,3.77979,4.62284,4.91172,4.70048,5.68668,6.23722,5.94932,6.7112,7.19236
1.66306,1.29574,1.0546,0.419863,0.654613,0.838594,0.579011,0.716383,0.57959,-0.0420245,-0.605197,-0.683766,-0.771496,-2.28767,-2.35227,-1.42745,-0.758189,0.152807,0.347961,0.21609,0.494824,1.36113,2.1189,2.90933,3.56874,4.34871,5.53803,5.41336,3.94268,2.75102,2.00297,1.7805,2.02174,2.34894,2.31952,2.60042,3.70265,4.20502,3.8123,3.68875,4.21803,4.06182,3.82643,4.52058,4.33135,3.73388,3.40414,3.49054,4.12106,3.78823,3.08448,2.86683,2.91224,3.14332,3.02278,3.13448,3.74006,4.00129,3.74611,3.93445,4.85886,4.88518,4.92445,5.97344,6.31212
1.05364,1.207,1.54295,0.502546,0.54058,0.288124,-0.162401,0.417285,0.592236,0.489991,-0.0392193,-0.72944,-0.925276,-1.25185,-1.87742,-2.51612,-2.1027,-0.403652,0.377652,0.29183,0.577039,0.691265,1.40757,2.14352,2.63349,3.38004,4.12405,3.90605,2.8691,2.02713,1.37855,1.62699,2.93306,3.30844,2.8918,2.74033,2.96049,3.20753,3.28915,3.46318,3.23213,2.79656,3.06714,3.60674,3.51719,3.09291,3.00143,3.04574,2.91417,2.78996,2.73054,2.69997,2.76371,3.03336,3.29638,3.14498,3.22942,3.71247,3.74537,3.64107,3.78094,3.94548,4.10412,4.63181,6.02094
-0.379574,-0.0726882,1.95527,0.573426,0.420426,-0.665736,-1.49655,-0.221627,0.445317,0.780451,0.945677,0.149418,-0.390372,-0.946945,-1.5819,-2.08768,-1.88422,-1.17505,-0.612965,0.250266,1.37538,1.69768,1.66849,1.26566,1.62936,2.00318,2.35587,2.03152,1.13044,0.439115,0.574304,1.51104,2.19145,2.14882,2.02616,2.18589,2.38655,2.34927,2.24938,2.08384,2.05507,2.35591,2.58623,2.62035,2.62808,2.68586,2.72231,2.75921,2.76701,2.62855,2.41563,2.33474,2.51837,2.81421,2.90873,3.30652,3.60005,3.49075,3.6404,3.25362,2.80893,3.22776,3.43162,4.00879,5.03292
-3.47885,-2.82132,2.06706,0.723024,0.0104272,-1.5038,-2.34698,-0.787049,-0.775281,0.0559215,1.46372,0.890589,-0.200566,-0.504417,-0.374166,0.0980451,0.179749,-0.587804,-1.08971,-0.249583,1.54761,2.19657,1.26493,0.288481,-0.312632,-0.131613,0.274247,0.178942,0.19592,0.558029,1.12715,1.73786,1.91413,1.75933,1.7609,1.86558,1.75414,1.55883,1.51597,1.65342,1.87004,2.02755,2.127,2.17415,2.2086,2.31012,2.49507,2.71106,2.7151,2.37865,2.15985,2.29084,2.47348,2.68283,2.90763,2.91458,2.91184,3.00848,2.93571,3.16265,3.73107,3.58942,3.42816,4.11405,4.34392
-6.98147,-4.89139,3.48383,0.449233,-0.471804,-1.25043,-2.64822,-1.26976,-2.39163,-0.851722,1.38549,1.25307,-0.636914,-0.916712,0.354212,0.991364,0.979734,1.21891,0.689525,0.706481,1.26457,1.45477,0.121809,-1.00379,-1.04224,-0.326318,0.357508,0.130522,-0.116204,0.151437,0.788086,1.3222,1.3806,1.17459,0.939147,0.712242,0.621795,0.736678,0.957803,1.23104,1.49299,1.68808,1.77749,1.85198,2.04151,2.34682,2.71973,2.93307,2.73862,2.39259,2.30212,2.40554,2.51762,2.67939,2.83242,2.79525,2.74153,2.93295,3.42889,3.58798,3.41771,3.66619,3.48474,3.43469,4.25934
-5.82134,-4.90534,3.21716,0.107927,0.0832086,-0.746997,-2.1604,-2.64835,-2.63009,-1.87061,0.412234,1.276,-0.86613,-2.60156,-0.191075,0.507348,1.64634,3.16838,2.47288,1.30327,0.911875,0.655667,-0.657648,-1.81556,-2.03617,-2.25456,-0.282124,0.967793,0.526508,0.416094,0.600016,0.699892,0.413273,-0.210343,-0.679304,-0.63139,-0.120927,0.422595,0.823179,1.18362,1.39828,1.53866,1.71726,1.98124,2.32375,2.69466,2.93305,2.86281,2.71365,2.63148,2.56135,2.45945,2.44,2.67661,2.95369,2.94364,2.76778,2.89123,2.72708,2.55745,2.97276,2.99562,2.99783,3.38289,3.3919
2.61476,2.27555,2.25969,0.264669,0.200344,-0.23769,-2.37897,-2.89506,-2.83386,-2.7089,-0.788413,1.46288,-0.267127,-3.57552,-1.78155,0.476018,3.38487,3.99084,3.25228,1.5713,1.89943,1.86714,-0.122619,-1.23183,-1.36139,-1.63313,-0.382695,1.01405,1.52912,0.794081,0.568625,-0.149424,-0.7804,-1.20103,-1.28992,-0.932241,-0.18164,0.567693,1.05794,1.24944,1.27696,1.54734,1.9282,2.21633,2.55462,2.84476,2.71776,2.4746,2.68111,2.83851,2.51296,2.19852,2.26657,2.22368,2.32111,2.733,2.89968,3.00123,2.95684,2.96898,3.12759,3.23701,3.53003,3.49074,3.73258
4.45254,3.2174,1.90439,0.69066,0.317521,0.612065,-1.24469,-2.83086,-3.41039,-3.14423,-0.696889,1.7922,0.123394,-2.07232,-0.989358,1.56403,3.40499,3.5441,2.5789,2.64645,3.62282,3.16577,0.607548,-0.74384,-0.161766,-0.412586,-1.32793,-0.71547,1.10445,1.30926,0.0158057,-0.208503,-0.84454,-1.20657,-1.30368,-1.00795,-0.243864,0.619964,1.20002,1.27082,1.27457,1.75882,2.24498,2.49529,2.79253,2.72876,2.18904,2.2535,2.76658,2.60544,2.06635,1.91291,2.01444,2.14346,2.20583,2.12622,2.02018,2.2542,2.95394,2.97285,2.74029,3.09869,3.05643,3.16257,3.93074
6.4507,5.25436,1.4472,1.2356,0.816618,-0.0140047,-1.65054,-2.72151,-3.57733,-3.19309,0.665096,3.69421,1.53846,-0.420236,-0.0701761,0.85776,1.12069,2.16406,2.81734,3.393,3.86119,2.61637,0.586788,-0.153946,0.181487,-0.378384,-2.22058,-0.711458,1.47593,1.73343,0.454172,0.729627,0.15858,-0.690638,-1.04025,-0.824359,-0.269058,0.475414,0.993287,1.13752,1.38476,2.06053,2.66655,2.93994,2.812,2.03818,1.72559,2.39171,2.48593,1.8672,1.61324,1.63049,1.92281,2.35196,2.24721,2.01436,2.09135,2.16374,2.35808,2.72978,2.69114,2.48286,2.72992,2.83952,3.26887
5.04301,4.34885,2.02974,0.761767,0.128686,-0.367345,-0.935799,-2.00418,-2.89832,-2.35668,0.938975,3.28967,1.5392,0.229801,-0.0162472,-0.895051,-1.17049,1.48234,3.68485,3.92728,3.85158,1.91279,0.381742,0.438958,-0.107979,-1.54857,-1.43807,0.203648,1.51128,0.305656,0.565747,0.833867,1.12615,0.193111,-0.444198,-0.306067,-0.134275,0.086669,0.406977,0.891505,1.57712,2.42028,3.19286,3.17454,2.47171,1.76472,1.87656,2.25502,1.82841,1.44059,1.40232,1.44882,1.61984,1.77354,1.81521,1.90242,1.96124,2.23319,2.68116,2.65809,2.66468,3.06855,2.90608,2.84826,3.46447
3.89647,3.69019,1.97314,1.11567,0.0445409,-1.3277,-1.72364,-1.46876,-1.98035,-2.64685,-0.352331,2.56695,2.23528,-0.213998,-0.1268,-0.272438,-1.01308,1.189,3.06622,3.75187,3.88877,2.44781,1.28194,0.762931,-0.859135,-2.09573,-1.38338,1.22496,1.77143,0.696255,0.187253,0.105212,0.914516,0.698198,0.163541,0.0793101,0.114615,0.253038,0.780333,1.42991,2.02045,2.84734,3.41397,3.24182,2.91802,2.40811,1.87183,1.67944,1.58343,1.44762,1.33208,1.47255,1.81614,2.0172,2.06767,1.95109,1.90971,1.94058,2.0454,2.656,2.83234,2.6451,2.95415,2.80178,2.67459
