public/uploads/wind/vent_json/20200607/wind_field_23.json
{"header": {"parameterUnit": "m.s-1", "parameterNumber": 2, "dx": 0.051, "dy": 0.036, "parameterNumberName": "eastward_wind", "la1": 45.3082, "parameterCategory": 2,"nx": 177, "ny": 123, "refTime": "2018-09-30 00:00:00", "lo1":1.38177}, "data":
[rows 0 to 28 of 123, columns 65 to 129 of 177]
6.33297,5.93387,5.69419,5.28182,4.38478,3.00696,1.94693,1.76343,1.80201,1.87669,2.02288,2.1024,2.10477,2.06772,1.94484,1.79015,1.66145,1.56128,1.49536,1.47016,1.47297,1.53148,1.6682,1.88323,2.05749,2.08917,1.98945,1.79672,1.58029,1.36445,1.23142,1.22037,1.31766,1.49688,1.72244,2.00623,2.31506,2.58575,2.8031,2.91923,2.8978,2.76642,2.59939,2.43849,2.28005,2.11924,1.95269,1.78638,1.64038,1.56503,1.54905,1.49854,1.44956,1.51587,1.64966,1.78475,1.90786,1.96317,1.88588,1.66639,1.41731,1.22768,0.975451,0.787037,0.795866
7.28149,6.99483,6.47877,6.08976,5.49864,4.00547,2.74117,2.57484,2.63396,2.99081,3.13047,2.62765,2.63537,2.89936,2.75673,2.83077,2.97965,2.87627,2.52779,1.93308,1.62016,1.90189,2.51157,2.95953,3.10883,2.88423,2.29041,2.01827,2.04276,1.91707,1.76112,1.50516,1.37746,1.57344,2.00905,2.62811,3.10108,3.20539,3.25083,3.59612,3.86815,3.80717,3.67488,3.29892,2.90347,2.95902,2.83218,2.19738,2.00582,2.17095,1.904,1.59236,1.61369,1.97338,2.53916,2.64022,2.47589,2.66043,2.7959,2.56063,2.06368,1.45926,1.10621,1.04379,1.18161
7.18661,6.72866,6.27958,6.271,6.11405,4.8131,3.32443,2.79367,2.59614,2.52554,2.6616,3.13745,3.63687,3.2718,2.57389,2.32662,2.31518,2.64424,2.93286,2.82738,2.72932,2.75879,3.06514,3.43288,3.50304,3.19044,2.45166,1.88902,1.9696,2.39404,2.40233,1.96177,1.97313,2.46471,2.81086,2.98535,3.21041,3.26723,3.05146,3.24649,3.68367,3.78222,3.71267,3.30678,2.73026,2.76947,2.98709,2.53601,2.30806,2.55237,2.27759,1.95215,2.01219,2.41933,2.87823,2.73095,2.45602,2.70187,3.05914,2.90347,2.30174,1.77794,1.508,1.52745,1.628
7.20109,7.21833,6.97251,6.54904,6.39065,5.63452,4.9935,5.04728,4.17192,3.58054,4.33703,5.08483,5.0789,4.25815,3.28968,3.21205,3.94295,4.50089,4.33031,3.54351,3.32752,3.67722,3.64666,3.8023,3.77783,3.34523,3.01212,2.36212,2.15992,2.65811,2.66373,2.65972,2.97991,3.06106,3.03915,2.87294,2.70829,2.7662,2.8186,3.18628,3.99587,4.28857,4.16567,4.13369,3.48695,3.13659,3.44076,3.02505,2.53214,2.65098,2.59999,2.65085,2.90047,3.07076,3.36354,3.27143,3.26449,3.55745,3.20599,3.05571,3.36575,2.92386,2.20593,2.01045,1.90749
6.57692,6.89543,7.09786,6.46026,6.65242,6.90846,5.89764,4.27569,3.16898,2.94142,3.09359,3.21985,3.264,3.17949,2.9974,2.84897,2.95039,3.12838,3.09413,2.93445,2.75179,2.77849,2.82344,2.82227,2.85799,2.69097,2.53265,2.33578,2.1264,2.18498,2.41541,2.73045,2.98957,3.016,2.86535,2.87629,3.0069,3.02394,2.56444,2.64104,3.86066,4.18607,3.55404,3.04196,2.73184,2.54532,2.41541,2.29912,2.79518,3.8723,3.74145,2.54005,1.77453,1.83744,2.3618,2.87419,2.98017,2.659,2.46861,2.65567,3.11953,2.85824,1.62676,1.09396,1.32796
6.73269,6.71293,6.72503,6.68351,6.6586,6.52867,6.5209,6.13947,4.2838,3.50839,4.8704,5.34077,4.43236,3.54871,2.82293,2.37869,2.18923,2.20277,2.94051,3.80827,3.29372,2.45915,2.32614,2.25575,2.06742,1.86386,1.76942,1.75631,1.82496,2.09346,2.48184,2.70524,2.59216,2.41801,2.37055,2.41871,2.38699,2.18772,2.17457,2.44651,2.81706,3.17097,3.37547,3.32119,3.01056,2.62091,2.30628,2.13623,2.04918,1.94167,2.02358,2.15227,2.16361,2.48358,2.88008,2.72496,2.55967,2.67796,2.68664,2.45142,2.0402,1.50628,1.52991,2.34306,2.50296
7.27827,6.66818,6.65684,6.70306,6.69798,6.55935,6.60296,5.98485,5.46621,5.5928,4.55264,3.46608,3.91036,5.39093,5.43685,4.08983,2.89725,2.1303,1.88371,1.92439,2.02026,2.14545,2.43384,2.78441,2.85102,2.4809,1.96706,1.66393,1.71561,2.02017,2.32409,2.40466,2.21748,1.97987,1.87051,1.90453,2.05894,2.35395,2.76437,3.07055,3.38927,3.68799,4.13887,4.68844,4.17733,2.95818,2.35375,2.56408,2.93042,2.97301,3.1591,3.17824,2.67076,2.70989,2.61376,2.64668,3.87552,4.1875,3.09997,2.18054,1.85665,2.07462,2.1363,2.0394,2.39265
6.64279,6.96927,7.34544,6.54666,6.8499,7.14465,6.43312,6.59655,6.76384,6.3979,5.70331,4.08519,2.84257,3.09503,3.38572,3.92668,5.33235,5.18228,3.58767,2.42802,1.72532,1.52163,1.94521,2.69299,3.16266,3.0371,2.58635,2.24201,2.16422,2.31545,2.54298,2.68924,2.69171,2.55938,2.43869,2.48804,2.55585,2.57588,2.59372,2.76698,2.84521,3.31525,4.54536,4.53282,3.37485,2.58793,2.62836,3.54323,3.82346,3.12326,2.67333,2.20024,2.35803,3.85796,4.60358,3.64801,2.92149,3.38918,3.5415,3.05785,2.56949,1.96434,1.76998,1.75838,1.41152
7.0739,7.58165,6.66515,6.94723,7.28411,6.44908,6.7573,6.97781,6.32838,6.42773,5.34464,3.53945,2.97334,2.62023,2.40758,2.25982,3.1749,4.83378,5.27855,5.37814,4.81167,3.24862,2.27437,2.17055,2.40794,2.44291,2.18257,1.95266,2.01792,2.3068,2.70704,2.98071,2.97407,2.98238,2.87943,2.56883,2.40748,2.42703,2.62654,3.1086,3.89454,4.68326,4.90455,4.49606,3.94891,3.57802,3.41172,3.27133,3.06407,3.0201,2.9446,2.92864,2.81513,3.14394,4.06023,3.70738,2.52082,2.6261,3.89375,4.16771,2.93823,2.33191,2.94114,2.96863,2.27629
7.40053,6.79803,7.09361,7.44089,6.61785,6.83517,7.14457,6.35153,6.48145,6.32207,4.99622,3.5234,3.54061,5.41401,6.38796,5.31006,3.33912,2.47422,2.93865,3.40475,4.1143,5.18778,4.93525,3.61445,3.00803,2.7969,2.39008,1.98735,1.87246,2.0903,2.27888,2.46395,2.62675,2.70327,3.05327,2.98304,2.3374,2.00205,2.34795,2.89125,3.79814,4.75353,4.50585,3.89168,3.67476,3.11983,2.46706,2.43331,2.53988,2.63158,2.48778,2.71416,4.06868,4.31413,3.07925,2.36239,2.62355,2.72176,3.01889,4.09337,4.13215,2.98175,2.46029,2.79367,2.50454
6.69903,7.14834,7.56749,6.53428,6.91116,7.34781,6.48493,6.62993,6.93358,6.09846,6.07604,5.54635,3.59211,2.89391,3.17228,2.99323,2.74287,2.59764,2.55769,2.49894,2.59247,3.16734,3.40262,3.06219,2.79821,3.47883,4.28755,3.58916,2.65295,2.59281,2.50547,2.22879,2.15162,2.05914,1.96639,1.93464,2.29153,2.5626,2.95099,4.09595,4.51253,3.93711,3.4646,3.23083,2.89952,2.67318,2.82352,3.35188,3.95265,4.18358,3.75337,3.63036,4.39085,4.40478,3.46333,3.00622,3.10246,3.30748,3.00954,2.84063,3.46985,3.42682,2.58513,1.89009,1.4588
7.27563,7.81724,7.51707,7.54394,7.28188,6.80983,6.7094,6.6787,6.57051,6.57508,6.65169,6.64771,6.56804,6.23884,5.99946,5.19925,3.55012,2.65555,2.30996,2.45106,2.45283,2.91877,4.42766,4.56807,3.28367,2.57546,2.51333,2.68482,2.95267,3.05879,3.05687,2.91967,2.5404,2.03101,1.83197,1.78534,2.1917,3.45063,3.86134,3.61185,4.42637,4.64194,4.24538,4.81771,4.3836,3.58473,3.51738,3.70891,4.46086,4.24951,3.40442,2.78777,2.96118,4.30794,4.42722,3.95128,4.62276,4.11721,2.71691,1.93298,1.99431,3.14238,3.16909,2.18999,1.87128
7.74442,6.9612,7.06067,6.99514,7.25878,7.40882,6.67976,6.90471,7.02826,6.64088,6.82091,5.25192,4.14582,5.70887,6.45543,6.3907,5.60849,4.01572,2.81668,2.12465,2.22109,2.68811,3.03038,3.15182,3.00617,2.69254,2.3559,2.20379,2.24524,2.36913,2.12347,2.34977,3.57159,3.58285,2.69497,2.33786,2.45452,2.68688,3.07956,4.2076,4.38553,4.19923,5.05928,4.80618,3.22929,2.97335,4.30386,4.6773,3.74773,3.47035,3.6743,3.55472,2.85568,2.94683,4.38267,4.65794,3.61866,2.98735,2.83518,2.4549,1.94724,1.62935,1.47906,1.91945,2.53867
7.27996,7.69017,6.70978,7.10498,7.50206,6.51991,6.98457,7.40861,6.7459,6.60834,7.06979,6.54444,5.1393,5.65355,6.27396,6.01293,6.25481,5.97707,5.7887,4.9521,3.09899,2.97038,4.40976,5.16481,5.10667,4.60883,3.69027,2.92672,2.18306,2.30122,3.50183,3.49583,2.75264,2.45085,1.91598,1.78132,2.06237,2.70352,3.96429,4.13851,4.01248,5.00291,4.93756,3.85732,3.45513,3.05083,3.14616,4.2864,4.68734,4.04743,3.49586,3.01259,3.18111,4.40188,4.72905,4.48984,4.22542,3.77192,4.26288,4.31448,3.09911,2.46357,3.03666,2.78185,1.79987
7.67454,6.71499,7.12949,7.51617,6.54546,7.03198,7.55665,6.73303,6.97682,7.36417,6.59951,6.80255,6.02797,4.01629,3.06381,3.73245,5.55383,6.22961,6.49057,6.43367,4.55685,2.77624,2.8509,3.53192,3.57341,4.30095,5.23255,4.15733,2.75959,2.36743,2.62794,2.86033,3.0095,3.91782,3.77647,2.58344,1.93684,2.00238,2.4835,3.65231,4.67825,4.78337,5.19818,5.04551,3.73179,3.0925,2.77284,3.14784,4.63306,5.35501,5.13389,5.09611,5.03033,4.75396,5.09559,4.85508,3.90927,3.40252,3.55825,4.34461,4.00347,2.83893,2.1402,1.59744,1.36545
6.65527,7.12764,7.57535,6.56452,6.99423,7.55155,6.83155,7.10639,7.46648,6.74238,6.84936,6.77345,6.34045,6.67821,6.2337,4.45518,3.98215,5.25147,5.89961,6.07317,5.4787,3.99698,2.95871,2.5494,2.41033,2.47198,2.61556,2.4391,2.42515,2.53614,2.37438,2.26255,2.2501,2.49631,2.94651,3.04877,3.09376,3.02045,3.24649,4.52465,4.8714,4.42833,5.20287,5.05454,4.1026,4.68725,4.61692,4.20027,5.10246,5.19652,4.67226,4.47172,4.68799,4.90407,3.93485,2.98138,2.8521,2.78679,2.33595,2.2709,3.21059,3.3965,2.57245,1.93398,1.61427
6.79436,7.07969,7.4232,6.52727,7.01352,7.52467,6.8336,7.03114,6.66439,5.91192,6.53181,6.75361,6.73262,6.74362,6.65684,6.77695,5.86656,4.52459,3.47214,3.7887,5.24323,5.59701,5.56791,4.9406,3.48072,2.50032,1.97309,1.81421,2.07703,2.50761,2.71006,2.53613,2.39124,2.38788,2.43151,3.14008,3.69689,3.82187,4.55538,4.63837,4.3012,5.13744,5.01327,4.34452,4.83439,4.69406,4.05092,4.36204,5.28607,5.2314,4.21895,3.71687,3.05699,3.16232,4.57027,5.16373,5.1678,4.66406,3.6813,2.94101,2.58989,3.13624,2.9944,2.31342,2.38512
6.42206,6.88668,7.29746,6.38218,6.89323,7.39169,6.89505,6.93033,6.98547,6.95668,6.75701,6.84044,6.41499,5.68379,6.45192,6.30569,5.51031,6.04961,5.79509,4.05625,3.75902,5.204,5.41407,4.98638,5.33402,4.5374,3.04251,2.35501,2.07414,2.06157,2.11808,2.39553,2.59006,3.1121,4.32961,4.36531,3.80377,4.37491,4.29271,3.95154,4.67574,4.9113,3.83793,3.58423,4.61079,5.14729,5.19159,5.19988,5.45856,5.60465,5.63948,5.16711,4.0477,3.12186,2.67464,2.33853,2.85317,4.41648,4.93167,4.66015,3.79244,2.33483,1.74337,1.68496,1.29039
6.89372,7.22728,6.72323,6.76238,6.72277,6.78929,6.74036,7.13158,7.55018,6.87654,6.91296,6.45854,5.64004,6.41329,6.34615,5.67662,6.30725,6.18828,5.00973,4.02456,3.11589,3.06554,3.31926,3.74403,5.18193,5.18359,4.48891,5.07106,5.20149,5.0545,4.29924,2.74698,2.03968,1.78816,2.41524,3.76817,4.19982,3.61618,3.64821,4.66721,4.87624,3.78124,3.55787,4.73017,5.10182,4.14896,3.99822,5.33788,5.53392,5.17564,5.95134,5.7547,4.82223,4.3905,3.75495,3.00074,2.57603,2.4808,2.39369,2.53813,3.08684,3.03386,2.56363,2.12075,1.65892
6.79986,6.36817,6.91947,7.28215,6.71211,6.66258,6.77907,6.77909,6.89834,6.95259,6.75039,6.65681,6.58947,6.56597,6.46317,6.59656,6.23148,5.53829,6.13937,5.92611,4.37936,3.2199,2.66561,2.54088,2.8923,3.6458,4.759,4.97771,4.23979,3.64577,3.65287,4.50261,4.11839,3.0282,3.46153,3.79081,3.20738,3.26155,3.49856,3.99153,5.03929,5.18419,5.24483,4.89736,4.35188,5.39172,5.36282,4.69279,5.55451,5.67056,4.51661,4.4756,5.72572,5.85046,4.415,3.84931,4.77183,4.77404,3.78351,2.74148,2.19946,2.87372,3.12378,2.76319,2.43111
5.38698,6.29075,6.9927,6.46857,6.91956,7.30764,6.62113,6.89414,7.26307,6.82539,6.76864,7.01666,6.2732,5.56457,6.41503,6.48398,5.71572,6.21875,5.98252,5.17326,5.88098,5.57889,3.74772,2.41859,2.53138,4.06775,4.39551,3.91697,4.33459,4.39963,4.50274,4.32051,3.73236,4.22695,4.04792,3.63531,4.21791,4.37559,4.73542,4.50026,4.18881,5.1829,5.18597,4.68934,4.37005,4.47342,4.80089,5.08437,5.80323,6.01371,6.00956,6.0504,6.06298,5.7306,4.77772,3.87545,3.18656,2.8582,2.45138,1.87545,1.65149,1.67908,1.4938,1.6832,2.33172
4.4437,5.46762,5.72556,5.49804,6.41678,6.31538,5.56415,6.39703,6.36868,5.6885,6.48597,6.3448,5.64874,6.45434,6.40115,5.72565,6.35278,5.99451,5.06032,5.58986,5.64133,4.49509,3.36976,2.62184,2.49447,2.57675,3.15319,4.53013,4.74393,3.90254,3.26292,3.27,4.16108,4.25613,3.53267,2.91234,3.07807,4.38158,4.69589,4.39147,5.29983,5.28667,4.54018,5.33516,5.49433,4.13887,3.32447,3.19301,3.43419,3.49607,4.14358,5.76777,5.90577,4.39094,3.95147,5.09174,5.25038,4.12267,3.08312,2.18545,1.59786,1.34635,1.59592,1.71329,1.55797
4.31124,4.43212,5.5392,5.76933,5.60772,6.66368,7.1199,6.46701,6.6529,7.09566,6.12286,5.61102,6.3086,6.74919,6.77228,6.48284,6.44767,6.45598,6.24943,5.87752,5.89941,5.25642,4.31712,5.09574,5.13993,3.85739,3.00295,2.89815,3.06856,3.10446,2.94635,2.81781,2.91732,3.18332,3.19147,3.52074,4.70703,4.7581,4.32586,5.30807,5.43833,4.7515,5.37874,5.3249,4.67462,5.57919,5.5343,4.73854,5.65828,5.57541,5.08986,5.94239,6.39522,6.2049,5.81929,5.70875,4.61255,2.77323,1.98184,1.86045,1.62428,1.95675,2.90379,2.82967,2.04177
3.84821,4.83184,4.73455,4.77504,5.97845,6.12003,5.76428,6.52182,6.97944,6.08855,5.48567,6.41224,6.42495,5.81578,6.42631,6.28455,5.17868,4.05527,3.31094,3.1508,3.28271,3.42573,3.5877,3.85849,4.67545,5.71157,5.66629,5.49474,4.76238,3.2256,2.84948,2.66412,3.01224,4.59816,4.86584,4.35787,4.26525,4.25335,5.13386,5.37064,4.96646,5.69153,5.40206,4.76136,5.47341,6.02602,6.08405,6.01208,6.1671,6.20014,5.53374,5.25109,6.0438,5.64152,4.05862,3.29544,2.7238,2.09176,1.87015,1.55526,1.44374,1.57341,1.75918,2.45594,2.55172
4.57193,4.38626,4.24685,5.15641,5.58636,5.27282,5.29287,6.14562,6.00047,5.34433,6.22625,6.25256,5.76315,6.27899,6.53503,6.39325,6.03954,6.13569,5.15009,2.944,2.04576,2.1381,2.50926,2.70279,2.9717,3.38118,3.48338,3.30945,3.6477,4.93833,5.0538,4.62632,5.18567,5.46096,5.38459,5.12707,5.19684,4.70958,4.21628,5.35331,5.19909,4.63727,5.32721,5.69602,5.79358,5.89877,5.9608,6.03871,6.07576,6.17465,6.28159,6.39206,6.18706,5.61092,5.57585,5.31817,4.81283,4.63702,3.20474,1.77113,1.51722,1.73604,1.58848,1.5364,2.08085
4.13214,4.00721,4.05337,4.17202,4.32069,4.79528,5.92019,5.83308,5.14242,5.91125,6.03922,5.51059,6.27884,6.18574,5.43544,6.05083,5.95969,4.83914,3.86088,2.90848,2.15478,1.79369,1.76201,1.73407,1.75001,1.87678,2.02376,1.99725,1.98318,2.63307,3.25707,3.55401,3.64592,3.55144,3.19192,3.45973,4.77409,5.35096,5.37364,4.8347,4.23392,5.15265,5.14261,4.71307,5.52339,5.99981,6.08926,6.15034,6.29283,6.34099,6.6696,6.15041,5.29655,5.63699,5.46934,5.20419,4.59997,3.40575,2.71329,2.22277,2.03247,1.6565,1.29446,1.34678,1.44232
4.09339,4.50307,4.9396,4.73758,4.47436,5.39448,5.39457,4.8709,5.63427,5.60002,5.09869,5.97615,5.93504,5.26114,6.03503,5.87392,4.98846,5.63589,5.35615,4.45187,5.17653,5.11559,3.63862,2.32451,1.73059,1.39004,1.96229,3.92556,4.58032,3.92349,3.188,3.29256,4.70121,4.66951,3.94369,4.89861,5.11478,4.49654,5.32213,5.20701,4.57505,5.31436,5.85499,5.86711,5.90773,6.07562,6.26033,6.33785,6.38888,6.52209,6.37959,6.27936,5.68963,4.21606,3.50189,2.85602,2.77535,4.13134,4.56019,3.53018,2.44892,1.75932,1.63962,1.79922,1.33707
3.62398,3.63535,3.68023,4.07438,5.01417,4.9928,4.42756,4.60157,5.54189,5.34344,4.71597,5.64844,5.94798,4.71276,4.39625,5.64698,5.68344,4.62193,4.04567,3.60194,3.31512,3.43244,3.1474,3.20724,4.60955,4.86353,3.45954,2.96032,3.02337,3.555,4.93862,5.39287,5.62343,5.10038,4.41926,5.24438,5.64436,5.78807,5.31473,4.70705,5.58057,5.5433,4.86386,5.72126,5.59018,5.05759,5.8415,6.30299,6.35427,6.28035,6.23019,6.25822,6.20047,5.13482,3.44636,2.85718,2.52607,2.69906,3.99831,4.12842,2.71986,2.23303,2.84156,2.38087,1.45401
3.39736,3.72363,3.62679,3.70753,3.67171,3.68262,3.82194,3.95487,3.81151,3.93404,5.15178,5.37777,4.86257,5.59582,5.45777,4.17415,3.40791,3.02215,2.91889,2.88816,2.92005,2.67319,3.01932,4.81969,5.27741,4.64363,5.29977,5.00157,4.15858,5.04825,5.27741,4.7738,5.52352,5.33314,4.49369,5.44033,5.59914,5.11064,5.76027,5.7711,5.86521,5.31628,4.57636,5.37667,5.85593,5.74486,5.85016,6.11765,6.27761,6.23989,6.42458,6.22289,5.22584,5.31749,5.23957,4.52903,5.19568,4.35572,2.89911,3.36833,3.48199,2.82118,2.07877,1.41629,1.38672
