public/uploads/wind/vent_json/20200607/wind_field_23.json
{"header": {"parameterUnit": "m.s-1", "parameterNumber": 3, "dx":  0.051, "dy": 0.036, "parameterNumberName": "northward_wind", "la1": 45.3082, "parameterCategory": 2,"nx": 177, "ny": 123, "refTime": "2018-10-03 01:00:00", "lo1":1.38177}, "data":
[rows 0 to 27 of 123, columns 0 to 62 of 177]
1.24627,1.34341,1.21576,0.999099,0.933106,0.946352,1.02682,1.06988,1.09528,1.12426,1.01994,1.07795,1.18567,1.16873,1.13484,1.05374,0.971234,0.863562,0.712754,0.572784,0.401929,0.159908,-0.0675294,-0.340088,-0.603881,-0.784532,-0.909043,-0.940237,-1.01924,-1.14897,-1.27377,-1.31015,-1.29213,-1.16473,-1.1485,-1.36427,-1.59667,-1.74178,-1.69283,-1.35793,-1.30144,-1.39376,-1.70699,-1.72755,-1.65838,-1.35095,-1.07774,-0.848147,-0.656704,-0.451101,-0.455712,0.100643,0.261672,0.0109183,-0.0373757,-0.0082098,-0.00517838,-0.0211449,0.0187368,0.235811,0.385661,0.590044,0.559531
1.37171,1.51633,1.3962,1.17531,1.11541,1.10808,1.21748,1.24018,1.24516,1.25966,1.13672,1.1733,1.32191,1.35114,1.33078,1.25566,1.12439,0.936085,0.669006,0.504013,0.416529,0.265788,0.128455,-0.0679734,-0.292667,-0.456375,-0.558782,-0.591837,-0.634783,-0.730073,-0.800286,-0.815401,-0.838937,-0.887818,-0.887582,-1.12175,-1.24993,-1.38104,-1.32669,-1.09356,-1.10398,-1.23351,-1.60873,-1.61836,-1.64066,-1.51429,-1.2897,-1.12399,-0.928567,-0.770288,-0.934047,-0.61219,-0.489762,-0.65243,-0.414404,-0.15566,-0.0511323,-0.0274711,0.0644195,0.235317,0.312887,0.510502,0.491176
1.4635,1.50028,1.39102,1.27997,1.26223,1.2289,1.34989,1.38588,1.3963,1.35925,1.28371,1.28871,1.36057,1.41321,1.41249,1.36014,1.16578,0.870751,0.534008,0.361705,0.342543,0.322153,0.284665,0.239357,0.149429,0.0331269,-0.0437925,-0.119218,-0.195942,-0.231908,-0.345338,-0.37283,-0.437277,-0.663502,-0.688074,-0.860867,-0.914608,-1.08224,-1.02248,-0.972403,-1.0934,-1.11371,-1.34698,-1.32045,-1.47871,-1.63746,-1.62428,-1.56804,-1.24386,-1.05096,-1.18237,-1.3973,-1.35762,-1.19552,-0.73393,-0.376877,-0.230879,-0.172139,-0.0402307,0.0717443,0.22539,0.327785,0.36378
1.4656,1.53357,1.33932,1.24607,1.10596,1.08743,1.20558,1.35136,1.43264,1.49442,1.25842,1.25654,1.4273,1.49716,1.54536,1.39252,1.18508,0.862308,0.542618,0.417195,0.46779,0.454362,0.461687,0.354272,0.281559,0.187849,0.124848,0.0816014,-0.00333466,0.00381047,-0.115628,-0.175533,-0.240545,-0.526256,-0.555011,-0.633492,-0.786396,-1.00591,-0.954315,-1.02219,-1.32062,-1.13974,-1.52678,-1.59301,-1.87054,-1.60898,-1.84898,-1.89711,-1.3556,-1.32379,-1.5303,-1.58921,-1.59936,-1.33521,-1.00819,-0.518401,-0.548554,-0.394444,-0.253109,-0.0880872,0.043687,0.196911,0.29308
1.3693,1.37851,1.19638,1.03554,0.810406,0.766814,0.907163,1.10014,1.3029,1.32806,1.23943,1.09962,1.34268,1.42345,1.43503,1.22218,1.05787,0.827207,0.5298,0.407175,0.429653,0.572083,0.588401,0.486876,0.36267,0.338575,0.230416,0.145797,0.0339673,0.00481589,-0.142511,-0.222368,-0.268124,-0.531888,-0.677992,-0.660586,-0.922266,-1.14811,-0.985805,-1.25824,-1.46197,-1.33151,-1.7863,-1.8937,-2.31797,-1.62166,-2.13236,-1.8182,-1.58716,-1.79326,-1.88358,-1.45096,-1.82514,-1.24904,-1.30222,-0.741116,-0.693332,-0.516059,-0.375735,-0.0865349,-0.0417128,0.0761604,0.198167
1.20151,1.16892,1.02465,0.822394,0.569644,0.497775,0.568653,0.824425,1.08246,1.19062,1.38228,1.24746,1.31542,1.39352,1.1248,1.07425,0.941504,0.837872,0.725951,0.666022,0.50953,0.780699,0.747568,0.648898,0.544555,0.472545,0.295571,0.222153,0.109545,0.0255599,-0.141938,-0.291821,-0.366543,-0.559897,-0.768951,-0.748545,-0.966159,-1.18529,-1.11333,-1.41256,-1.53413,-1.51536,-1.9803,-1.83245,-2.1167,-1.92953,-2.15622,-1.77104,-1.87716,-2.05164,-1.78942,-1.46147,-1.84887,-1.47336,-1.59186,-0.971284,-0.814162,-0.742721,-0.390883,-0.140086,-0.0966759,0.00281151,0.0772622
0.990027,1.03655,0.838296,0.798299,0.586339,0.459192,0.450234,0.578434,0.883744,1.22977,1.39109,1.35204,1.2874,1.38636,0.860152,0.975528,0.897723,0.882965,1.04654,1.09667,0.942,1.02167,0.955181,0.807723,0.828325,0.578735,0.298027,0.29694,0.174544,0.0312971,-0.102508,-0.285357,-0.368145,-0.516181,-0.576802,-0.632024,-0.927436,-0.933259,-1.25472,-1.44894,-1.61162,-1.61725,-2.01477,-1.60853,-1.87111,-2.15265,-2.02837,-2.22564,-1.80054,-1.82002,-1.68967,-1.68368,-1.68743,-1.71901,-1.66438,-1.20942,-1.25481,-0.890548,-0.588355,-0.517515,-0.198567,-0.177281,-0.0627592
0.745225,0.85605,0.710424,0.858395,0.897655,0.82362,0.78888,0.736259,0.963016,1.0862,1.19061,1.42797,1.35243,1.24163,0.812258,0.875256,0.777845,0.924786,1.03408,1.13155,1.18444,1.09611,1.1019,0.883517,0.987744,0.706825,0.476301,0.405709,0.148985,-0.00972552,-0.126846,-0.208741,-0.338291,-0.398894,-0.426642,-0.646074,-0.803049,-0.908991,-1.318,-1.54993,-1.63191,-1.91974,-1.79253,-1.73576,-2.18738,-2.23475,-2.37911,-2.49588,-1.65871,-1.76012,-1.90328,-1.84318,-1.68391,-1.63861,-1.49467,-1.53449,-1.55357,-1.05003,-0.972718,-0.892321,-0.514876,-0.435116,-0.275567
0.416288,0.545109,0.542096,0.826617,1.07859,1.42141,1.34942,1.28566,1.11069,0.9915,1.07198,1.53491,1.51547,1.08818,0.881412,0.913545,1.01658,1.19686,1.02516,1.17028,1.16737,0.976715,1.10528,0.853563,0.819036,0.791051,0.742296,0.511101,0.170393,0.0441702,-0.0427993,-0.0832253,-0.264752,-0.302648,-0.454543,-0.574161,-0.685669,-1.09667,-1.21816,-1.72654,-1.86852,-2.25061,-1.91336,-2.23158,-2.19227,-2.45285,-2.57503,-2.45315,-1.9633,-2.06997,-2.09264,-2.01302,-1.82395,-1.72884,-1.23688,-1.55277,-1.46995,-1.35278,-1.26207,-1.0888,-0.996518,-0.738713,-0.508784
-0.0490265,0.0678636,0.174621,0.459951,0.538454,1.26269,1.51889,1.48276,1.14907,1.0219,1.15221,1.44523,1.58247,1.21633,1.08477,1.11573,1.45555,1.47728,1.18436,1.31787,1.05764,0.902738,0.967433,0.981653,0.764516,0.857853,0.828414,0.55304,0.239069,0.154534,0.0638452,-0.0269534,-0.146592,-0.281351,-0.426166,-0.43914,-0.752505,-1.17621,-1.19806,-1.7306,-2.05092,-2.17456,-2.40795,-2.17543,-2.20115,-2.44887,-2.43042,-2.43712,-2.55977,-2.36912,-2.17097,-2.06558,-1.96706,-1.8965,-1.31531,-1.45953,-1.31662,-1.36702,-1.26266,-1.10588,-1.12259,-1.05036,-0.635602
-1.15011,-0.79626,-0.537463,-0.30579,-0.400636,0.138564,0.757825,1.04388,0.842035,0.859769,1.10353,1.19015,1.35736,1.45533,1.64475,1.58318,1.85026,1.68764,1.45571,1.35344,1.16,1.01499,1.0611,1.21041,0.925569,0.950961,0.917372,0.609349,0.459604,0.432267,0.2037,0.118067,-0.0364366,-0.16853,-0.308648,-0.463425,-0.836353,-1.21967,-1.28577,-1.60016,-2.04692,-1.78179,-2.55962,-1.87022,-2.62464,-2.13201,-2.58107,-2.21747,-2.65663,-2.45209,-2.23984,-2.08167,-2.0065,-1.88196,-1.78139,-1.56762,-1.42152,-1.35204,-1.15202,-1.1308,-1.14322,-1.03789,-0.811441
-2.13935,-1.51238,-1.25278,-1.26663,-0.953614,-1.14374,-0.401069,0.515884,1.0592,1.20391,1.02595,0.90577,1.0042,1.40269,1.86323,2.13757,2.39187,2.08561,1.78758,1.67694,1.58864,1.46364,1.54085,1.29867,1.12231,1.26086,1.08438,0.86724,0.887603,0.665753,0.471549,0.352165,0.158219,-0.00233666,-0.278026,-0.619693,-1.02393,-1.2686,-1.17731,-1.76855,-1.85927,-1.79956,-2.3125,-2.20756,-2.59332,-2.30213,-2.86282,-2.07662,-2.71476,-2.5983,-2.40069,-2.28601,-2.00477,-1.82886,-1.68164,-1.61753,-1.37916,-1.29031,-1.21949,-1.11422,-1.07959,-0.856292,-0.939376
-2.82403,-2.26894,-1.63889,-1.62806,-1.0964,-1.33612,-0.927191,-0.311086,1.04845,1.25465,1.13874,1.17695,1.2827,1.57377,1.75107,2.38245,2.51121,2.31006,2.09659,2.14838,2.20903,2.21223,1.7972,1.43737,1.46128,1.39565,1.28633,1.36383,1.22218,0.932636,0.812392,0.602602,0.378017,-0.00952934,-0.394497,-0.899098,-1.15734,-1.18836,-1.29445,-1.89252,-1.51079,-2.15561,-2.02043,-2.30663,-2.37368,-2.5337,-2.94678,-2.13992,-2.88725,-2.90962,-2.41591,-2.38528,-2.15862,-2.02897,-1.2192,-1.5912,-1.12346,-1.07042,-1.19889,-0.936769,-0.970118,-0.875974,-0.952605
-2.11991,-1.70257,-1.92009,-1.69383,-0.847785,-1.64635,-1.0506,-1.34369,-1.04299,-0.130652,1.01751,1.30534,1.52745,1.63167,1.74143,2.31826,2.37347,2.35629,2.41939,2.33499,2.76394,2.47247,1.95899,1.84505,1.57082,1.28047,1.43598,1.54745,1.20159,1.28397,0.972502,0.720131,0.288168,-0.281477,-0.692815,-1.1218,-1.11666,-1.24638,-1.63287,-1.57791,-1.57903,-2.03656,-2.03403,-1.7935,-2.50659,-2.18097,-2.85906,-2.11191,-3.04759,-2.73358,-2.76097,-2.66592,-2.54611,-2.49778,-1.64998,-1.7257,-1.38474,-1.14113,-1.26543,-1.09131,-1.03537,-0.902813,-0.986002
-2.85761,-2.63738,-1.38194,-1.46145,-0.755249,-1.55329,-1.04923,-1.3032,-1.90478,-1.83545,-0.866261,1.13909,1.93788,2.05376,1.97694,2.14667,2.29835,2.40924,2.46969,2.37541,2.61322,2.42067,2.38011,2.0706,1.32163,1.38039,1.3805,1.30412,1.21095,1.38877,0.896364,0.626183,0.01312,-0.478993,-0.927203,-1.04428,-1.17873,-1.49757,-1.60661,-1.18642,-1.93786,-1.7033,-2.23188,-1.79503,-2.39579,-2.22551,-2.83858,-2.07747,-3.22345,-2.60124,-2.88803,-3.25107,-2.6548,-2.54343,-2.59266,-1.96148,-1.58867,-1.57523,-1.4336,-1.34271,-0.908747,-1.04783,-1.00609
-2.88644,-2.79203,-2.29758,-1.60968,-1.70124,-1.3928,-0.850402,-0.562836,-0.0221447,-0.213568,-1.15288,-1.20875,1.00389,1.86673,2.07609,2.19198,2.25569,2.38762,2.29462,2.16097,1.90967,2.32258,2.26626,1.75154,1.34739,1.47027,1.20593,1.13387,1.35897,1.2044,0.807408,0.557431,-0.0491084,-0.4331,-0.891608,-0.886347,-1.20684,-1.60354,-1.351,-1.40939,-1.97651,-1.85652,-2.14981,-2.28179,-2.03751,-2.55229,-2.36722,-2.43133,-3.24511,-2.52167,-2.91575,-3.66095,-2.62996,-2.84262,-3.14417,-2.04318,-1.94501,-2.15018,-1.33901,-1.69698,-1.06532,-1.11639,-0.991719
-2.25824,-3.27361,-2.83746,-2.40133,-2.93813,-2.26873,-1.62642,-1.59308,-0.394267,0.137674,-0.247836,-0.7589,-0.95828,-0.210034,0.652,1.00077,1.4872,1.5641,1.70351,1.76304,1.61056,1.8478,1.74408,1.64863,1.75308,1.5318,1.06809,1.24889,1.23558,0.96706,0.850773,0.481144,-0.0369803,-0.323667,-0.614758,-0.741817,-0.834761,-1.38206,-1.11556,-1.51297,-1.67728,-1.95288,-1.80758,-2.1103,-2.25966,-2.31658,-2.38585,-3.18239,-2.92083,-2.98409,-3.62976,-4.17644,-3.21797,-3.51472,-3.70216,-2.55502,-2.71859,-2.7874,-1.74057,-2.00904,-1.75052,-1.34618,-1.3155
-2.188,-2.85527,-2.60315,-3.11643,-3.34153,-3.12403,-2.72973,-2.24185,-1.95452,-1.61239,-0.555285,0.217638,0.184972,-0.876182,-1.61783,-1.40269,0.0447079,0.28059,0.319428,0.622434,0.816496,1.02064,1.13466,1.90737,1.98287,1.6081,1.31033,1.44119,0.969509,0.845419,0.638131,0.177453,-0.0376961,-0.0807257,-0.238186,-0.349669,-0.712776,-1.04235,-0.939168,-0.78091,-1.54748,-1.75332,-1.52218,-1.92335,-2.58512,-2.34097,-3.25883,-3.03324,-3.17855,-3.9288,-3.52577,-4.00198,-3.41935,-3.1891,-4.0078,-3.38293,-3.54826,-3.8339,-2.89292,-1.96343,-2.58201,-2.11343,-1.48889
-2.83415,-3.46971,-3.24746,-3.15428,-3.30192,-2.97879,-2.74579,-2.29169,-2.08121,-1.78805,-1.48413,-1.05219,-0.00475224,0.650721,0.132563,-1.65037,-2.5005,-2.60741,-1.06526,-0.590062,-0.298875,-0.0392826,0.251871,1.26102,1.65348,1.52099,1.69204,1.38719,0.784674,0.481702,0.136221,0.0378795,0.0949486,0.0835954,-0.172753,-0.26781,-0.910242,-0.951998,-0.783091,-0.898098,-1.78169,-1.79187,-1.29909,-2.56174,-2.64111,-2.70468,-2.97653,-2.32518,-3.55745,-3.34605,-2.76998,-2.97067,-3.00182,-3.11456,-3.96827,-3.55321,-4.23922,-4.77198,-3.91201,-2.41331,-3.74119,-2.85172,-1.81987
-2.7536,-3.40551,-2.55131,-2.62123,-2.73291,-2.25196,-2.50592,-2.66711,-2.47713,-2.21024,-1.86072,-1.78146,-1.5388,0.0734033,0.708911,0.037091,-1.14877,-2.24134,-2.80934,-2.77584,-2.04614,-0.778607,-0.380409,0.152282,0.765957,1.11233,1.33138,0.895833,0.495352,0.310572,0.268948,0.379031,0.324842,0.147493,-0.094986,-0.200725,-0.462135,-0.396277,-0.757714,-1.67084,-1.72003,-1.61347,-1.21347,-2.56158,-2.39332,-2.35592,-2.1069,-2.27025,-2.5734,-2.19117,-2.45057,-2.62596,-3.00172,-3.61148,-3.92168,-3.47092,-4.34216,-4.49542,-4.63614,-3.38285,-4.21368,-3.36455,-2.77828
-2.67812,-3.01914,-2.25016,-2.30161,-1.96713,-1.86822,-1.9994,-2.41464,-2.61422,-2.85165,-2.2549,-1.76083,-1.15238,-0.892981,-0.999609,-0.147311,1.56203,1.07443,-0.792643,-2.36386,-2.27044,-1.70051,-1.23393,-0.450808,-0.214676,0.0461807,0.0711568,-0.0126054,0.0625365,0.418379,0.402164,0.555478,0.503603,0.357697,0.151188,0.0756183,-0.124986,-0.129202,-1.16482,-1.50229,-1.23094,-1.1894,-1.26179,-1.71812,-1.83492,-1.90963,-2.09188,-2.26417,-1.89985,-1.92275,-2.18698,-2.54246,-2.88394,-3.39876,-3.51645,-3.47536,-4.3103,-3.83777,-4.71872,-3.69213,-4.25839,-3.9716,-3.25649
-2.52366,-2.61835,-1.30776,-1.33488,-1.69489,-1.62143,-0.60247,-0.381291,-1.43503,-2.57224,-2.62682,-2.69789,-2.83917,-2.91463,-2.84726,-2.01003,1.22197,2.18603,2.10479,1.98892,1.66618,0.0443535,-1.48416,-1.97804,-1.51646,-1.23456,-0.685089,-0.395231,0.157749,0.629749,0.618144,0.753981,0.817621,0.792534,0.604208,0.369255,-0.0226338,-0.349328,-0.916979,-0.902537,-0.965541,-1.07599,-1.28167,-1.46862,-1.71303,-2.00158,-2.20726,-2.13974,-2.01519,-1.89149,-2.01469,-2.24954,-2.51255,-2.76975,-3.12937,-3.34155,-3.78827,-3.51877,-4.06519,-4.15549,-4.57634,-4.68346,-3.39708
-2.36,-2.02254,-1.49327,-1.32086,-1.14531,-0.593217,0.944122,0.66183,-0.0543128,-0.5028,-1.96671,-2.67264,-2.91296,-3.2313,-3.85905,-4.33696,-3.54711,-2.55906,0.333564,2.82787,2.07732,-0.205566,-1.77009,-2.00938,-2.29752,-2.43501,-2.43164,-1.10031,-0.353768,0.448722,1.0827,1.27108,1.30604,1.25123,0.957644,0.41341,-0.11664,-0.442524,-0.591888,-0.799715,-0.965452,-1.14701,-1.3624,-1.63555,-1.84413,-1.96011,-1.96287,-1.8859,-1.79324,-1.7947,-1.90287,-1.93883,-2.23478,-2.04027,-3.4871,-3.65181,-3.18231,-3.35721,-3.89981,-4.36872,-4.21234,-4.60761,-3.47707
-1.72858,-1.91726,-1.26827,-1.02391,-1.4525,-0.618595,0.992815,1.23711,1.32239,1.70082,0.637419,-0.591225,-0.99692,-1.08173,-2.58171,-3.7173,-3.96486,-2.90269,-1.58362,-1.02455,-0.45614,-0.955474,-0.628362,0.217101,0.944067,-0.313888,-1.3157,-0.814189,-0.312175,0.151161,0.869195,1.35299,1.42162,1.18322,0.718028,0.155445,-0.285919,-0.410289,-0.457138,-0.50431,-0.697611,-1.04992,-1.29101,-1.45787,-1.51143,-1.47243,-1.35449,-1.40199,-1.59266,-1.61054,-1.50906,-1.54089,-1.7924,-1.65916,-3.37655,-4.25862,-3.07263,-4.00628,-4.11202,-3.4435,-4.3323,-3.86978,-3.96977
-1.09682,-1.4634,-1.34473,-1.0312,-1.28003,-0.466421,0.655536,0.659196,0.453497,0.732203,1.3414,0.673802,0.335207,1.23184,0.365073,1.08468,3.05188,3.04167,-0.00930399,-2.03165,-1.80265,-1.22532,-0.220267,0.787802,1.81885,1.66833,1.12241,0.0822375,-0.917785,0.00253842,0.716863,1.0538,1.14873,0.994407,0.726022,0.352804,0.110334,0.0398115,0.115653,0.0574942,-0.37919,-0.903761,-1.01081,-1.0111,-1.0004,-0.924695,-0.888982,-1.27712,-1.44032,-1.34007,-1.23416,-1.58503,-1.46187,-2.12616,-2.69523,-3.92516,-2.77341,-4.08095,-4.48951,-3.64846,-4.45171,-4.23495,-4.70868
-0.519627,-0.840021,-0.800692,-1.1139,-1.76611,-0.558545,0.043134,0.326389,-0.329205,-0.396446,1.34162,2.44627,2.03785,3.31269,4.39282,5.27144,4.23454,0.666762,-2.34363,-2.36126,-1.02529,-0.437598,-0.0123596,0.599944,1.41462,1.15063,0.744688,-0.474003,-0.986505,-0.649427,0.4444,0.597908,0.937312,1.04889,0.986772,0.756375,0.545241,0.405932,0.383097,0.175155,-0.406309,-0.85445,-0.740804,-0.564935,-0.468189,-0.60055,-1.11532,-1.41411,-1.0832,-1.21404,-1.59241,-2.01206,-1.40519,-3.54225,-2.84283,-2.94884,-2.91837,-3.1714,-4.57293,-4.47436,-3.78978,-4.67095,-4.42174
0.157412,-0.301655,-0.636951,-1.35384,-1.36847,-0.732684,-0.409719,0.34852,0.810327,1.14193,2.3472,2.09655,1.10571,2.46748,4.55621,4.70677,1.05807,-2.65417,-2.81727,-1.46015,-0.324615,-0.0822871,0.432731,0.117697,1.15267,0.456823,-0.214409,0.436847,0.381899,-0.232292,-0.168019,-0.0327948,0.519996,0.977643,1.02362,1.05718,0.996574,0.771163,0.497074,-0.0272772,-0.65965,-0.8608,-0.598194,-0.124539,-0.0137293,-0.764626,-1.73007,-1.13356,-1.12678,-1.81549,-2.30433,-2.23032,-1.89569,-4.02956,-2.71365,-2.93149,-3.52494,-3.15552,-4.52174,-4.59686,-3.64534,-4.66801,-4.36396
0.327215,-0.353465,-1.23803,-1.5014,-2.18727,-1.02939,-1.03094,-0.233696,1.69054,2.92181,3.53592,1.46689,0.48381,0.67067,1.44634,2.18682,2.86783,2.0076,2.28683,1.89138,1.4805,0.714657,0.564495,0.521456,1.12458,0.272461,0.11101,1.1091,2.05169,1.54446,1.07863,0.464773,0.640667,0.890914,1.10832,1.13503,0.982798,0.57513,0.0917361,-0.440881,-0.910231,-0.798186,-0.569478,0.314925,-0.513654,-1.40978,-1.95171,-0.396082,-2.55448,-3.10584,-2.93475,-2.35055,-3.00566,-3.14148,-2.87539,-3.32635,-3.4521,-3.42125,-4.51897,-4.93629,-4.21375,-4.91218,-5.14629
