public/uploads/wind/vent_json/20200528/wind_field_02.json
{"header": {"parameterUnit": "m.s-1", "parameterNumber": 3, "dx":  0.051, "dy": 0.036, "parameterNumberName": "northward_wind", "la1": 45.3082, "parameterCategory": 2,"nx": 177, "ny": 123, "refTime": "2018-10-03 01:00:00", "lo1":1.38177}, "data":
[rows 28 to 55 of 123, columns 63 to 125 of 177]
-1.85999,-1.65703,-1.49405,-2.20482,-2.29229,-2.96846,-2.22526,-3.0869,-3.4437,-3.49238,-3.58881,-3.73896,-3.87739,-4.02754,-4.19947,-4.33412,-4.41336,-4.43728,-4.43761,-4.42442,-4.4072,-4.40768,-4.42465,-4.50687,-4.67248,-4.86667,-4.98224,-4.98949,-4.94355,-4.93773,-4.99663,-5.08614,-5.15286,-5.23075,-5.34309,-5.4703,-5.52197,-5.51164,-5.44347,-5.32547,-5.20508,-5.1427,-5.1521,-5.21713,-5.29989,-5.35058,-5.30854,-5.13409,-4.85873,-4.60144,-4.42258,-4.3124,-4.2509,-4.24323,-4.28421,-4.32842,-4.32673,-4.28073,-4.1851,-4.01065,-3.81316,-3.64313,-3.50844
-1.97007,-2.20317,-1.87921,-1.78668,-2.854,-2.89537,-2.55653,-2.87773,-3.4656,-3.59617,-3.71899,-3.85275,-3.97959,-4.13341,-4.27997,-4.40181,-4.48475,-4.51536,-4.49214,-4.45698,-4.43223,-4.41365,-4.40327,-4.44331,-4.56493,-4.73464,-4.88635,-4.98525,-5.06252,-5.14809,-5.20893,-5.23563,-5.22115,-5.23442,-5.30433,-5.39606,-5.44048,-5.4619,-5.44134,-5.36496,-5.26603,-5.19394,-5.19717,-5.27369,-5.3677,-5.37198,-5.20926,-4.89783,-4.55549,-4.28754,-4.13023,-4.0569,-4.0527,-4.12623,-4.2366,-4.30365,-4.27182,-4.14457,-3.95783,-3.73517,-3.58344,-3.51077,-3.4465
-2.0925,-2.55672,-2.82866,-2.4276,-3.05416,-3.11299,-3.07077,-3.48565,-3.74132,-3.8187,-3.94411,-4.05463,-4.16865,-4.27412,-4.36123,-4.44059,-4.51452,-4.56717,-4.57001,-4.56016,-4.53413,-4.48987,-4.44577,-4.41991,-4.44854,-4.55703,-4.73135,-4.94552,-5.16943,-5.33398,-5.38731,-5.34085,-5.27067,-5.22688,-5.26425,-5.33995,-5.37556,-5.40243,-5.40675,-5.36371,-5.2803,-5.20719,-5.19934,-5.25573,-5.30289,-5.22798,-4.98449,-4.63956,-4.32138,-4.08884,-3.93496,-3.85023,-3.83983,-3.93727,-4.07726,-4.14373,-4.0726,-3.8817,-3.6437,-3.44811,-3.40087,-3.44699,-3.45486
-2.78861,-2.56631,-2.91166,-3.0706,-2.67582,-2.95475,-3.02118,-3.60546,-3.87653,-4.07835,-4.23357,-4.31121,-4.35541,-4.38031,-4.40321,-4.44986,-4.52727,-4.6033,-4.66918,-4.69603,-4.69043,-4.64107,-4.56603,-4.48587,-4.44451,-4.49212,-4.65774,-4.92282,-5.19885,-5.36831,-5.40233,-5.33785,-5.27168,-5.24705,-5.29839,-5.37505,-5.38675,-5.36523,-5.32027,-5.2527,-5.16426,-5.09265,-5.06525,-5.06845,-5.02579,-4.87646,-4.6269,-4.33425,-4.08902,-3.90888,-3.74613,-3.6225,-3.59876,-3.70937,-3.85402,-3.90337,-3.79682,-3.5679,-3.3316,-3.21133,-3.24019,-3.32411,-3.32598
-2.80915,-2.997,-2.53524,-2.63508,-2.78863,-2.49265,-2.92432,-3.73013,-4.14189,-4.35751,-4.45498,-4.4601,-4.43262,-4.42491,-4.44192,-4.49844,-4.57715,-4.65453,-4.73472,-4.80267,-4.86418,-4.85268,-4.78433,-4.71057,-4.6513,-4.65162,-4.75859,-4.95799,-5.16576,-5.29317,-5.31825,-5.29151,-5.27108,-5.31143,-5.3817,-5.4373,-5.40342,-5.29102,-5.13633,-4.99012,-4.8813,-4.82318,-4.79624,-4.75391,-4.65274,-4.47358,-4.25142,-4.04055,-3.86846,-3.71427,-3.54543,-3.41201,-3.42666,-3.56879,-3.70477,-3.70801,-3.53985,-3.27444,-3.06264,-2.99225,-2.99225,-2.98139,-2.90374
-1.93258,-2.62524,-2.63769,-2.18702,-2.83291,-3.05453,-3.58004,-4.25827,-4.36072,-4.41087,-4.42476,-4.40823,-4.40937,-4.46445,-4.53429,-4.59023,-4.63185,-4.66664,-4.71949,-4.84845,-4.98931,-5.07081,-5.08917,-5.06181,-4.99481,-4.93944,-4.95314,-5.0373,-5.13707,-5.22029,-5.26104,-5.27818,-5.29617,-5.34924,-5.39454,-5.39924,-5.30234,-5.1157,-4.87635,-4.66699,-4.5534,-4.53398,-4.53743,-4.48609,-4.36729,-4.189,-3.99903,-3.86268,-3.72916,-3.56651,-3.41132,-3.33658,-3.41331,-3.57641,-3.66986,-3.58281,-3.32818,-3.0425,-2.86373,-2.77432,-2.66315,-2.50377,-2.34998
-1.43834,-1.32547,-2.29445,-3.00874,-2.94284,-3.73094,-3.95091,-4.2764,-4.33059,-4.3449,-4.35259,-4.38767,-4.46327,-4.55024,-4.59345,-4.60678,-4.61277,-4.61008,-4.68032,-4.8631,-5.07613,-5.26302,-5.36382,-5.35819,-5.25173,-5.14119,-5.07759,-5.07353,-5.10667,-5.15275,-5.20084,-5.24158,-5.26367,-5.25576,-5.23712,-5.18486,-5.05978,-4.86873,-4.6288,-4.42132,-4.34013,-4.37802,-4.41739,-4.36729,-4.2303,-4.05967,-3.92124,-3.81638,-3.68172,-3.52068,-3.40808,-3.41434,-3.54007,-3.68058,-3.66517,-3.44622,-3.13597,-2.89614,-2.755,-2.60817,-2.39124,-2.14687,-1.97386
-0.375604,-1.51069,-2.46686,-3.69626,-3.80493,-3.3254,-4.10559,-4.27443,-4.25745,-4.31105,-4.39485,-4.48408,-4.55914,-4.55728,-4.51767,-4.5094,-4.53699,-4.58534,-4.71396,-4.92811,-5.17287,-5.36444,-5.45358,-5.42382,-5.28779,-5.15687,-5.05471,-5.00625,-4.99614,-4.99859,-5.02529,-5.06821,-5.07825,-5.0291,-4.9467,-4.85838,-4.74886,-4.60809,-4.41592,-4.26254,-4.2423,-4.33047,-4.38969,-4.34391,-4.19592,-4.03883,-3.92724,-3.80493,-3.66535,-3.53716,-3.49398,-3.56497,-3.68804,-3.7131,-3.52452,-3.18803,-2.90078,-2.74973,-2.63707,-2.45912,-2.23061,-2.02423,-1.901
-0.383992,-2.91315,-4.0296,-3.48079,-4.19518,-3.52073,-3.92893,-4.15713,-4.27205,-4.42793,-4.5781,-4.62303,-4.57554,-4.47019,-4.43227,-4.46315,-4.53225,-4.67028,-4.8426,-5.03945,-5.20456,-5.26218,-5.29344,-5.26523,-5.18754,-5.08828,-4.97423,-4.87358,-4.78951,-4.73362,-4.73732,-4.78869,-4.81405,-4.77493,-4.66519,-4.54404,-4.43804,-4.32715,-4.18278,-4.1023,-4.13119,-4.23655,-4.30342,-4.27517,-4.14402,-3.98858,-3.85374,-3.71398,-3.58619,-3.51429,-3.53476,-3.62235,-3.66435,-3.51893,-3.18022,-2.82007,-2.60259,-2.51262,-2.4144,-2.26326,-2.11762,-2.02931,-1.99717
-2.77891,-3.5194,-3.85107,-3.49807,-3.8277,-4.04701,-3.62397,-4.18835,-4.45564,-4.78476,-4.78927,-4.78282,-4.55729,-4.54753,-4.53003,-4.57197,-4.64942,-4.79456,-4.93083,-5.02453,-5.01879,-4.95222,-4.95807,-5.01359,-5.09082,-5.10074,-5.01534,-4.83315,-4.63577,-4.50839,-4.49803,-4.57189,-4.63689,-4.59742,-4.45169,-4.26923,-4.11345,-3.98805,-3.89894,-3.8871,-3.94279,-4.01773,-4.0601,-4.04176,-3.94475,-3.79918,-3.6581,-3.5246,-3.41177,-3.3812,-3.4276,-3.48546,-3.42601,-3.16963,-2.79843,-2.49178,-2.32271,-2.23297,-2.13506,-2.04494,-2.01153,-2.04447,-2.08441
-3.74406,-3.73163,-2.98016,-3.58415,-3.85141,-4.15109,-4.23089,-4.40749,-4.53028,-4.48516,-4.96198,-4.47183,-4.55529,-4.44063,-4.70451,-4.77146,-4.80188,-4.82861,-4.82928,-4.76818,-4.62283,-4.52537,-4.55751,-4.72997,-4.98567,-5.17979,-5.19291,-4.99344,-4.72226,-4.53529,-4.49562,-4.54813,-4.57959,-4.47443,-4.22943,-3.94734,-3.72837,-3.60402,-3.57782,-3.63213,-3.70413,-3.72203,-3.71134,-3.68575,-3.62971,-3.53914,-3.43659,-3.32154,-3.23735,-3.23218,-3.29179,-3.31586,-3.18005,-2.89004,-2.57314,-2.33141,-2.17016,-2.03625,-1.92793,-1.90122,-1.97236,-2.08218,-2.12892
-2.98582,-3.50186,-3.71087,-3.49876,-4.04812,-4.62486,-4.73726,-4.50561,-4.55332,-3.6933,-4.37039,-4.15937,-4.81863,-4.56023,-5.05592,-5.01067,-4.8719,-4.71289,-4.579,-4.42382,-4.26338,-4.19,-4.25875,-4.47222,-4.80298,-5.1141,-5.24843,-5.15404,-4.94597,-4.77162,-4.67535,-4.62155,-4.53044,-4.32059,-3.97032,-3.60007,-3.35459,-3.25644,-3.28118,-3.37571,-3.45146,-3.45158,-3.41846,-3.38874,-3.37521,-3.35067,-3.31006,-3.26497,-3.26125,-3.31403,-3.37261,-3.31906,-3.10251,-2.82222,-2.58689,-2.41003,-2.24152,-2.07223,-1.96917,-1.99476,-2.09317,-2.16744,-2.13106
-3.84849,-3.39673,-4.01511,-4.14077,-3.8589,-4.32211,-4.36011,-4.31792,-4.29859,-3.4469,-3.60429,-4.5034,-5.21853,-5.28221,-5.06489,-5.02342,-4.78981,-4.62161,-4.52406,-4.32689,-4.2147,-4.17885,-4.23118,-4.33319,-4.54121,-4.78666,-4.95265,-4.99275,-4.94049,-4.85623,-4.72669,-4.5752,-4.39507,-4.13725,-3.75828,-3.36717,-3.11926,-3.03097,-3.0694,-3.14944,-3.23905,-3.30398,-3.32216,-3.32163,-3.32983,-3.33084,-3.34916,-3.40863,-3.53201,-3.65512,-3.65925,-3.47932,-3.1918,-2.93226,-2.76906,-2.65217,-2.50934,-2.35342,-2.26934,-2.2755,-2.27132,-2.20565,-2.04117
-4.19638,-4.15663,-3.55781,-4.11388,-4.09446,-3.72999,-3.36413,-4.00703,-4.00578,-4.00462,-4.2805,-4.39676,-4.76555,-5.36042,-4.79402,-4.99653,-4.63153,-4.33639,-4.28155,-4.47338,-4.46193,-4.44605,-4.40249,-4.32134,-4.31445,-4.37329,-4.44118,-4.51719,-4.58334,-4.58855,-4.49977,-4.35665,-4.18397,-3.94895,-3.61802,-3.27216,-3.04789,-2.97539,-3.00117,-3.06129,-3.1756,-3.30995,-3.39602,-3.42545,-3.4139,-3.38194,-3.41843,-3.55999,-3.7822,-3.91466,-3.82573,-3.54811,-3.23164,-3.01243,-2.91883,-2.86721,-2.78374,-2.67348,-2.58567,-2.48291,-2.31204,-2.0979,-1.85298
-3.46159,-4.32371,-3.97951,-3.35333,-3.95898,-3.97508,-3.27839,-4.11007,-4.25448,-4.31003,-4.69729,-4.42355,-4.00454,-4.68907,-4.63087,-4.67876,-4.66588,-4.25681,-4.23174,-4.76864,-4.75183,-4.69662,-4.55472,-4.36065,-4.21596,-4.10749,-4.04674,-4.07072,-4.15447,-4.21429,-4.19213,-4.09435,-3.94937,-3.75559,-3.50716,-3.26351,-3.12221,-3.10132,-3.1289,-3.17386,-3.26528,-3.38265,-3.45969,-3.46739,-3.41127,-3.33773,-3.36801,-3.53717,-3.73312,-3.77403,-3.59214,-3.30877,-3.05878,-2.9491,-2.96178,-2.97725,-2.95043,-2.86962,-2.73263,-2.50847,-2.21594,-1.922,-1.70187
-3.20991,-3.93614,-4.05049,-3.56482,-3.30275,-3.9835,-4.26163,-3.991,-4.05729,-3.68785,-3.95468,-4.2369,-3.92615,-4.27021,-4.46392,-4.45097,-4.62794,-4.89748,-4.89996,-4.93686,-4.76544,-4.65061,-4.52244,-4.37323,-4.22266,-4.05888,-3.92075,-3.87581,-3.91479,-3.99632,-4.02398,-3.95573,-3.79942,-3.63086,-3.46466,-3.33932,-3.30917,-3.33917,-3.37261,-3.39148,-3.42161,-3.4601,-3.46323,-3.41604,-3.32656,-3.25714,-3.28107,-3.36759,-3.38879,-3.27522,-3.07343,-2.89984,-2.83235,-2.88665,-2.99313,-3.06975,-3.07942,-2.97517,-2.76119,-2.4653,-2.14583,-1.87361,-1.72939
-3.00192,-3.71389,-3.94163,-4.007,-3.97432,-3.68461,-4.27532,-4.31804,-3.79513,-3.37354,-3.55224,-3.07906,-4.07108,-4.07862,-4.31287,-4.51019,-4.63834,-4.76842,-4.80392,-4.61149,-4.47725,-4.41911,-4.40769,-4.36983,-4.29591,-4.15007,-3.96553,-3.8498,-3.84588,-3.94234,-4.01916,-3.98005,-3.80824,-3.62154,-3.49631,-3.44894,-3.50468,-3.55038,-3.58077,-3.59809,-3.60235,-3.56804,-3.48818,-3.39057,-3.30421,-3.26887,-3.25743,-3.16334,-2.96131,-2.74286,-2.60734,-2.60569,-2.72832,-2.93667,-3.11156,-3.22799,-3.22889,-3.08626,-2.81968,-2.51398,-2.23835,-2.0388,-1.94614
-3.47263,-3.36353,-3.9351,-4.35743,-4.17481,-4.2097,-3.34985,-4.05161,-3.90199,-3.2276,-3.61468,-2.8565,-3.56786,-3.78588,-4.21152,-4.30462,-4.58664,-4.38991,-4.48984,-4.3269,-4.22875,-4.24561,-4.33874,-4.38329,-4.37429,-4.23594,-4.03957,-3.90639,-3.88249,-3.95346,-4.03182,-3.99862,-3.83245,-3.61822,-3.49615,-3.47995,-3.5717,-3.63208,-3.69123,-3.7485,-3.75886,-3.68171,-3.5362,-3.39451,-3.3079,-3.27142,-3.16547,-2.9087,-2.61933,-2.43579,-2.3915,-2.52135,-2.76837,-3.05333,-3.25854,-3.35136,-3.33211,-3.19319,-2.94984,-2.6969,-2.49355,-2.35737,-2.30073
-3.7128,-3.9705,-3.30263,-4.13143,-3.29701,-3.98168,-2.77768,-2.6266,-3.38081,-3.39726,-3.6454,-3.52087,-3.08566,-3.7012,-4.06474,-4.50476,-4.40977,-4.5,-4.5043,-4.31007,-4.19727,-4.21003,-4.29298,-4.3994,-4.42345,-4.30779,-4.16066,-4.07048,-4.02266,-3.97122,-3.92798,-3.85871,-3.72075,-3.54595,-3.42963,-3.38579,-3.43993,-3.5371,-3.67519,-3.79073,-3.80259,-3.68478,-3.49185,-3.3063,-3.17462,-3.06119,-2.85651,-2.59901,-2.42125,-2.36126,-2.40091,-2.59204,-2.86883,-3.11727,-3.25709,-3.30499,-3.29017,-3.20008,-3.0552,-2.90578,-2.77893,-2.69856,-2.66056
-2.99807,-4.08104,-2.98806,-2.92554,-3.46166,-2.89971,-2.40614,-2.05908,-2.35073,-3.45299,-2.97917,-3.80792,-3.47973,-3.63341,-3.85373,-4.16856,-4.60027,-4.63671,-4.56059,-4.45902,-4.36815,-4.31679,-4.30548,-4.39565,-4.42811,-4.37847,-4.3349,-4.3131,-4.22907,-4.00811,-3.77496,-3.61304,-3.5174,-3.45818,-3.37996,-3.26882,-3.22803,-3.32105,-3.49365,-3.61815,-3.61231,-3.46126,-3.25425,-3.04563,-2.84701,-2.64385,-2.45768,-2.38568,-2.38751,-2.43335,-2.53218,-2.72309,-2.9331,-3.07264,-3.11005,-3.10942,-3.10168,-3.06916,-3.01926,-2.97792,-2.94783,-2.9161,-2.86499
-2.71643,-2.96962,-2.93365,-2.54419,-3.53593,-2.91519,-2.86942,-2.10469,-2.76701,-2.95279,-3.12436,-3.82838,-3.90636,-3.71006,-3.65969,-3.82056,-4.16471,-4.62406,-4.61653,-4.56803,-4.48304,-4.33899,-4.22069,-4.21784,-4.24898,-4.27425,-4.37302,-4.46888,-4.37937,-4.0508,-3.68233,-3.39402,-3.31402,-3.39297,-3.44619,-3.3648,-3.24807,-3.21655,-3.26904,-3.30571,-3.24848,-3.07691,-2.8783,-2.66271,-2.43853,-2.26339,-2.24849,-2.37968,-2.5074,-2.61467,-2.75002,-2.88827,-2.98361,-3.00077,-2.95696,-2.91256,-2.8884,-2.85239,-2.84883,-2.89785,-2.95386,-2.95633,-2.88299
-2.45011,-2.449,-2.74574,-2.70639,-3.10988,-3.12702,-3.09411,-2.75046,-3.39844,-3.38041,-3.75734,-3.78339,-3.63494,-3.9474,-3.62057,-3.91408,-3.07904,-4.28915,-4.54795,-4.54587,-4.42557,-4.19834,-3.97955,-3.86515,-3.84948,-3.92402,-4.14004,-4.32261,-4.27349,-4.01957,-3.67882,-3.33422,-3.22958,-3.38489,-3.62332,-3.71613,-3.61286,-3.41397,-3.24977,-3.11749,-2.94519,-2.71147,-2.47503,-2.2662,-2.14797,-2.17087,-2.34781,-2.55203,-2.72453,-2.88502,-3.02195,-3.08612,-3.06833,-2.99223,-2.90677,-2.83819,-2.75685,-2.69046,-2.71413,-2.80479,-2.8707,-2.86718,-2.76345
-1.97819,-2.19338,-2.54093,-3.22102,-3.37962,-3.25871,-2.86965,-3.53966,-2.91871,-3.68885,-3.6485,-3.95935,-3.32154,-3.77395,-3.95373,-3.83981,-3.24954,-4.35666,-4.64115,-4.57996,-4.34669,-4.03505,-3.7255,-3.47448,-3.35295,-3.43342,-3.64656,-3.79528,-3.822,-3.85269,-3.7826,-3.54591,-3.40413,-3.51417,-3.79779,-4.01098,-3.97828,-3.73526,-3.41919,-3.09187,-2.74352,-2.391,-2.10476,-1.96816,-2.07485,-2.31238,-2.56285,-2.76229,-2.95795,-3.15691,-3.26972,-3.28033,-3.21294,-3.12135,-3.0376,-2.93645,-2.80475,-2.73351,-2.74644,-2.77873,-2.76672,-2.69575,-2.53335
-1.73232,-1.81081,-2.8856,-3.65221,-3.62588,-3.69634,-3.72028,-3.88354,-3.18417,-3.35847,-3.46136,-4.09805,-3.82717,-3.82151,-4.24092,-4.11509,-4.24693,-4.54161,-4.60468,-4.49615,-4.27155,-3.95602,-3.53685,-3.11097,-2.88926,-2.87041,-2.91314,-2.98291,-3.18118,-3.58849,-3.89815,-3.92535,-3.82274,-3.80337,-3.88685,-3.96917,-3.9374,-3.7653,-3.44485,-3.00488,-2.5542,-2.13194,-1.86001,-1.86956,-2.14762,-2.45946,-2.71261,-2.92619,-3.15373,-3.36592,-3.49161,-3.52285,-3.49489,-3.43336,-3.33903,-3.1806,-3.01818,-2.91354,-2.85495,-2.77744,-2.65627,-2.51039,-2.33142
-1.61721,-1.60789,-3.60532,-2.95337,-3.81461,-3.8156,-3.88204,-3.57104,-3.76556,-3.42512,-3.39368,-3.90096,-3.99353,-4.17579,-4.28843,-4.35151,-4.37341,-4.39216,-4.38174,-4.31186,-4.16081,-3.84811,-3.32799,-2.80077,-2.47778,-2.22662,-2.05717,-2.15753,-2.61084,-3.28669,-3.87706,-4.24064,-4.33234,-4.22141,-3.95239,-3.65064,-3.46264,-3.34647,-3.11807,-2.76626,-2.37971,-2.02361,-1.8561,-2.00653,-2.2977,-2.58336,-2.84422,-3.09511,-3.34662,-3.56974,-3.73709,-3.83637,-3.85052,-3.78613,-3.65586,-3.44953,-3.23237,-3.06697,-2.93965,-2.78549,-2.66905,-2.44063,-2.38095
-1.46337,-1.6144,-3.02223,-2.96451,-3.72372,-3.73472,-3.49704,-3.27305,-3.60991,-3.79335,-3.82114,-3.9622,-3.68094,-4.16783,-4.30699,-4.33852,-4.35252,-4.29458,-4.08206,-3.97995,-3.84111,-3.52296,-3.04123,-2.53802,-2.0746,-1.60067,-1.43394,-1.72907,-2.3331,-3.00879,-3.67572,-4.34587,-4.76665,-4.67923,-4.08641,-3.35031,-2.90429,-2.73428,-2.59773,-2.44264,-2.18964,-2.00529,-2.05891,-2.30835,-2.54523,-2.77753,-3.03729,-3.31842,-3.56026,-3.76373,-3.9225,-4.00851,-3.98291,-3.87775,-3.72055,-3.509,-3.28794,-3.13013,-3.01542,-2.90512,-2.51182,-2.48736,-2.03083
-1.18527,-1.52544,-1.62047,-2.90874,-3.29786,-3.42024,-3.71613,-3.8615,-3.58658,-3.74552,-4.07612,-3.82646,-3.91317,-4.05888,-4.24265,-4.40303,-4.35812,-4.0622,-3.72789,-3.52409,-3.33814,-3.09378,-2.768,-2.33856,-1.81345,-1.40216,-1.40252,-1.79072,-2.32283,-2.77746,-3.48982,-4.34968,-4.89309,-4.82928,-4.14092,-3.2745,-2.65545,-2.3595,-2.26896,-2.19656,-2.06173,-2.10886,-2.39328,-2.67854,-2.84105,-3.01284,-3.26329,-3.50596,-3.70113,-3.78921,-3.81383,-3.78204,-3.69571,-3.62693,-3.42448,-3.22754,-3.17161,-2.94807,-2.71673,-2.7005,-1.77557,-1.98843,-0.937065
-1.19409,-1.28242,-0.732906,-2.45204,-3.03575,-3.36171,-3.68878,-4.15019,-4.11664,-3.73855,-4.09646,-3.65889,-4.01944,-4.13343,-4.35239,-4.49946,-4.30118,-3.87357,-3.49036,-3.17384,-2.96852,-2.80742,-2.6043,-2.26109,-1.90143,-1.76364,-1.95735,-2.26444,-2.46874,-2.83288,-2.79499,-3.27658,-3.96478,-4.14319,-3.8485,-3.39858,-2.89345,-2.54665,-2.45634,-2.37819,-2.33268,-2.49076,-2.77213,-2.93847,-3.03258,-3.21877,-3.44013,-3.56594,-3.40137,-3.43379,-3.35913,-3.30442,-3.0796,-2.77761,-2.88306,-2.61966,-2.42383,-2.47766,-2.07182,-1.97534,-1.32556,-0.932718,-1.03346
