public/uploads/wind/vent_json/20200528/wind_field_20.json
{"header": {"parameterUnit": "m.s-1", "parameterNumber": 3, "dx":  0.051, "dy": 0.036, "parameterNumberName": "northward_wind", "la1": 45.3082, "parameterCategory": 2,"nx": 177, "ny": 123, "refTime": "2018-10-03 01:00:00", "lo1":1.38177}, "data":
[rows 56 to 83 of 123, columns 0 to 63 of 177]
1.71443,1.93313,2.1558,2.45313,2.51194,2.0365,2.49197,1.91735,1.38365,1.02146,0.543117,0.140485,-0.156126,0.278919,0.190165,-1.4659,-2.3148,-3.25226,-3.61669,-3.25862,-3.35892,-3.83557,-4.35014,-4.66874,-2.99752,0.804805,-2.25865,-4.24291,-3.00714,-1.08084,-0.782032,-0.716731,-0.51927,-0.461647,-0.528211,-0.577484,-0.570734,-0.493929,-0.381818,-0.354758,-0.403052,-0.414445,-0.406009,-0.417905,-0.515711,-0.460424,-0.629101,-0.702674,-0.287467,-0.403442,-0.817207,-1.01418,-1.02304,-1.05678,-1.1673,-1.28086,-1.35651,-1.39965,-1.43289,-1.41243,-1.31818,-1.21714,-1.10967,-0.870725
1.83211,1.73344,1.89429,2.12207,2.54218,1.8631,2.34231,1.8071,1.00303,0.581444,-0.112532,-0.346958,-0.217384,0.190581,0.0700116,-1.47983,-2.55215,-3.67569,-4.03738,-3.02128,-1.80776,-2.09791,-2.9886,-3.72222,-3.47508,-0.920297,-2.01432,-3.15465,-2.61896,-0.589871,-0.202153,-0.27344,-0.236719,-0.192007,-0.260094,-0.348106,-0.318969,-0.18136,0.0277395,0.175017,0.332139,0.43201,0.296125,0.00241108,-0.0893638,-0.194795,-0.287753,-0.208066,-0.341427,-0.585015,-0.775145,-0.778808,-0.7656,-0.867411,-1.04,-1.20375,-1.31715,-1.34925,-1.34951,-1.37,-1.30582,-1.15609,-1.08282,-1.15273
1.45071,1.55517,1.76374,2.00224,2.22389,1.97718,1.69255,1.14819,0.629449,0.340339,0.000363658,0.00968358,0.89247,2.24374,2.64172,0.818361,-0.591671,-2.16756,-3.30191,-2.98138,-1.27645,0.632059,-0.365985,-2.41904,-3.46364,-2.70204,-1.53133,-2.26975,-2.26723,-1.0008,0.0467728,0.0658407,0.0292688,-0.0165466,-0.0930316,-0.128012,-0.0561479,0.0334766,0.123425,0.215946,0.00896549,-0.101887,0.188456,0.310041,0.213139,0.0309155,0.177294,0.19491,-0.37781,-0.546247,-0.371721,-0.373687,-0.523824,-0.676074,-0.821867,-0.978832,-1.12342,-1.21732,-1.22811,-1.20834,-1.19527,-1.13026,-0.985845,-1.0101
1.53108,1.51393,1.6895,1.87166,1.85903,1.83965,1.42495,0.500205,0.55861,0.582159,0.0690736,0.0525246,0.955915,2.37331,3.85804,3.52099,1.51696,-1.12266,-2.76726,-3.60558,-2.54127,1.11807,1.56587,-0.40433,-2.21809,-2.00935,-0.810505,-1.45219,-1.20857,-1.01345,-0.509787,-0.00201116,0.0610719,-0.0451871,0.00421955,0.114297,0.226379,0.301106,0.222941,0.0270624,-0.339485,-0.639459,-0.485922,-0.0711578,-0.00382438,-0.036227,-0.00446986,-0.153025,-0.165446,-0.122972,-0.202258,-0.286652,-0.322761,-0.356681,-0.434236,-0.575061,-0.753926,-0.916759,-1.01053,-1.00578,-0.987714,-0.935601,-0.864875,-0.594446
1.41214,1.62026,1.6135,1.75226,1.41744,1.30372,1.13445,0.420212,0.428957,0.760362,0.269889,-0.0809245,-0.176172,0.229752,2.97709,3.86455,2.73572,-0.27959,-2.48839,-4.11069,-4.40832,-2.54928,1.66387,2.47124,-0.884348,-1.15991,0.569335,-0.355526,-0.646035,-0.851644,-0.825007,-0.309546,0.169777,0.123552,0.050433,0.241246,0.474745,0.561755,0.341381,-0.133102,-0.391303,-0.250467,-0.0921523,0.0147169,0.112935,-0.015113,-0.260835,-0.28581,-0.144689,-0.0169856,-0.000938411,-0.0518184,-0.120989,-0.175795,-0.227726,-0.339555,-0.516513,-0.697199,-0.857396,-0.925322,-0.92711,-0.838684,-0.86264,-0.679167
1.44419,1.60676,1.56058,1.54656,1.34797,1.09691,1.09807,0.927093,0.602086,0.612126,0.34915,-0.318104,-1.24699,-1.73143,0.448065,3.36691,3.19547,0.949665,-1.68468,-3.51905,-4.13892,-4.01528,-0.508741,2.56781,0.459772,-0.724504,0.692758,0.788921,-0.00683704,-0.263968,0.046226,-0.148546,-0.101454,0.313666,0.385749,0.470949,0.657459,0.588179,0.186772,-0.0823021,-0.07695,-0.0482399,0.0594784,0.211186,0.315128,0.222301,0.0845823,0.12731,0.192828,0.189238,0.173128,0.154515,0.094699,0.0215559,-0.0362698,-0.10644,-0.237239,-0.391325,-0.551839,-0.655551,-0.728954,-0.699151,-0.699342,-0.665444
1.56536,1.59369,1.53177,1.39131,1.20314,1.08768,1.27844,1.16212,0.910538,0.698321,0.585411,0.0890634,-0.658006,-1.09394,-0.657698,2.64131,3.5098,2.33331,0.732674,-0.893443,-2.02143,-2.43916,-2.761,0.245333,1.04302,0.279052,0.811473,1.6575,0.218098,0.0048641,0.53163,0.832964,0.449431,0.457965,0.633869,0.825297,0.760444,0.45483,-0.0163702,-0.179448,0.107268,0.159922,-0.043703,0.122879,0.550311,0.702648,0.563969,0.484464,0.46175,0.402792,0.421091,0.467949,0.422943,0.295066,0.171298,0.0842507,-0.0134204,-0.127906,-0.27615,-0.396984,-0.491277,-0.536744,-0.563008,-0.607349
1.64435,1.64126,1.55234,1.36359,1.29703,1.21101,1.21223,1.18175,1.11158,1.19254,1.19945,1.22819,1.11145,0.734111,-0.110543,1.2052,3.07081,2.86101,2.2056,1.5932,0.146347,-1.46701,-2.8361,-1.33921,0.814203,0.553863,0.752451,1.38353,-0.0477992,-0.845748,-0.321424,0.37935,0.417539,0.154288,0.496325,0.675046,0.46731,0.0700893,-0.101457,-0.0289844,0.383567,0.880948,0.823049,0.408964,0.408911,0.745812,0.875176,0.834665,0.762498,0.650937,0.652883,0.77086,0.786352,0.637727,0.448476,0.317822,0.215817,0.129491,0.0229075,-0.0845078,-0.183377,-0.295332,-0.395703,-0.497082
1.69079,1.71008,1.62037,1.54739,1.34099,1.12974,1.14688,1.20673,1.36272,1.43131,1.2666,1.39476,1.61504,0.947628,-0.216863,-0.459941,1.15574,2.08651,2.9509,2.31863,0.966583,-0.611932,-1.59438,-1.06365,-0.444792,-0.6172,0.0263804,0.208638,-0.3097,-0.810664,-0.415352,-0.658369,-0.636477,-0.365521,-0.0403468,-0.079387,-0.206653,-0.37524,-0.200785,0.155166,0.684617,1.25568,1.49307,1.03139,0.550581,0.617683,0.856162,0.986972,1.04675,0.958844,0.829759,0.890838,1.02473,0.979636,0.793513,0.610294,0.475956,0.378392,0.28874,0.183182,0.0657265,-0.0670835,-0.230981,-0.398952
1.69871,1.59844,1.68269,1.67813,1.56483,1.38272,1.48135,1.47217,1.41461,0.846323,0.649207,0.897102,0.663054,-0.758362,-2.4235,-3.33648,-3.27623,-0.271508,2.68198,3.26684,2.42305,0.966097,0.200812,-0.392608,-1.0347,-1.04723,-0.167593,-0.278239,-0.978274,-1.30752,-0.921512,-0.556211,-0.154575,-0.0395466,-0.1566,-0.821305,-0.654481,-0.21054,0.0932169,0.477484,0.50363,0.447863,0.3011,0.195283,0.252179,0.617503,0.97288,1.09021,1.2709,1.39585,1.20805,0.997918,1.04765,1.16013,1.10266,0.942069,0.764204,0.659546,0.583492,0.472044,0.298772,0.127309,-0.041705,-0.177881
1.20904,1.0867,1.3404,1.60977,1.61666,1.69722,1.70554,1.33401,0.726736,-0.0888318,-0.360289,-1.78361,-2.52719,-3.9474,-4.79459,-5.13035,-5.15406,-4.74703,-1.91827,1.48576,2.3467,1.6561,0.627309,0.332988,1.70312,1.4691,0.416985,-1.46023,-2.25338,-1.97136,-1.31022,-0.432542,0.280883,0.00841224,-0.483787,-0.74767,-0.196867,0.36225,0.597668,0.586013,0.330592,-0.719013,-0.8416,-1.00112,-0.721021,0.0246877,0.857505,1.3198,1.54696,1.74239,1.68715,1.39161,1.24037,1.32381,1.40452,1.30599,1.12637,0.925874,0.765001,0.622047,0.466528,0.212904,-0.0165456,-0.133809
-0.306438,-0.259408,0.261159,0.733131,1.11336,1.26222,1.14835,0.384929,-0.212888,-2.66893,-4.45161,-6.05121,-6.27594,-6.3031,-6.05749,-5.75991,-5.96581,-6.34116,-6.76698,-5.65959,-4.01205,-3.74241,-3.28163,-2.69968,1.43413,2.54808,1.58428,0.306114,-1.17273,-1.26341,-1.03269,-0.0637462,-0.0120082,-0.544216,-0.627314,-0.287507,-0.144947,0.260348,0.0214394,-0.00976253,-0.790338,-0.699799,-1.29945,-0.9054,-0.662702,-0.103484,0.687933,1.46132,1.93832,2.05575,2.01609,1.90065,1.70801,1.60568,1.61781,1.65081,1.50824,1.33481,1.08967,0.779789,0.578589,0.268846,0.134356,-0.181001
-1.61102,-1.43807,-0.934542,-0.426796,0.145002,0.0556604,-0.37775,-1.00546,-2.7319,-5.62072,-7.0973,-6.91916,-6.63342,-6.87132,-6.97309,-7.4612,-7.90238,-9.15883,-9.9843,-9.95817,-9.96332,-10.1883,-9.53022,-8.90293,-7.74394,-6.4959,-2.0744,2.34731,2.35754,1.25128,1.04049,0.488541,-0.522831,-0.32551,-0.467064,-0.438223,-0.454919,-0.551734,-1.28711,-0.944132,-1.22839,-1.37232,-1.34601,-0.986108,-0.299928,0.178318,0.976969,1.55059,2.09789,2.41119,2.37232,2.27921,2.21185,2.04033,1.89982,1.78961,1.76383,1.393,1.23552,0.995636,0.715257,0.484525,0.266929,0.0124598
-1.80533,-1.60665,-1.37608,-0.934309,-0.843643,-1.23605,-1.85935,-2.4508,-3.49099,-4.28568,-5.06869,-5.59293,-6.18099,-6.85083,-7.16816,-7.52238,-7.50382,-8.02411,-8.32898,-8.07976,-7.25701,-6.9269,-6.73236,-6.43628,-6.40741,-6.82707,-7.54119,-4.37991,-0.461672,2.15817,1.69533,-0.634704,-1.25112,-0.495238,-0.765829,-1.04283,-1.12142,-1.1289,-1.17367,-1.09167,-1.65778,-1.60193,-0.919792,-0.224291,0.130152,0.658059,1.57321,1.94898,2.11101,2.42274,2.66348,2.53422,2.35606,2.37087,2.17631,2.06122,1.57743,1.33176,0.763627,0.873241,0.679656,0.798473,0.301762,0.120181
-0.934787,-0.841418,-0.922352,-0.912172,-1.29279,-1.74244,-2.22573,-2.57262,-1.43453,0.0281971,-0.506081,-1.61325,-3.18177,-4.04135,-4.41468,-4.33518,-3.20218,-1.88366,-1.48652,-1.80144,-1.84846,-1.94439,-3.30011,-3.36056,-1.41181,0.560767,-0.754665,-3.99807,-2.76546,-0.289257,-1.40395,-2.71579,-2.19781,-1.66548,-2.08211,-1.97218,-1.75751,-1.01678,0.0185661,-0.181382,-1.45355,-2.04433,-0.789337,0.286904,0.822442,0.985429,1.37988,2.07812,2.17889,2.36941,2.61939,2.95632,2.8156,2.24534,2.208,2.04818,1.51113,1.33997,1.10988,0.737034,0.721996,0.905126,0.808936,0.60803
0.181957,0.14143,-0.148548,-0.75467,-1.36777,-1.75481,-1.92246,-2.03111,-1.23418,0.559418,1.88325,2.60908,1.98104,0.984929,0.475826,0.565453,1.09577,2.21328,1.31346,-1.33501,-2.7872,-3.73054,-5.03328,-6.14261,-5.64927,-2.0603,3.07077,3.97399,1.63446,-0.426152,-1.64693,-2.19357,-2.56891,-3.08517,-2.74949,-2.70548,-2.01107,-1.1185,0.0469599,0.393326,-0.103119,-1.04534,-0.842021,0.708435,1.3682,1.01994,0.484227,1.33259,1.6385,1.76886,2.32279,2.71777,2.90425,1.73989,1.96616,2.22402,1.09604,1.53013,1.57047,1.31266,0.773228,0.672318,0.801499,0.533016
0.543328,0.513216,0.14766,-0.541376,-1.07037,-1.40977,-1.49388,-1.71886,-1.75388,-1.01842,0.331889,2.15299,3.09109,2.59846,1.78627,0.637852,-0.760576,-1.5449,-2.94458,-4.86904,-5.36368,-4.56979,-5.3811,-6.76299,-8.54874,-8.82275,-4.92645,2.26229,3.41507,1.26721,0.891045,2.36806,0.370793,-2.69914,-3.02178,-2.72032,-1.95803,-1.08448,0.0992689,0.938734,1.12184,0.764059,0.9158,1.12271,1.26143,0.881216,0.133193,0.903534,1.83487,1.78006,1.81926,2.99181,2.38731,2.14243,2.01276,1.31034,1.55237,1.44395,1.40218,1.41219,1.32621,0.930039,0.527856,0.199218
0.393526,0.452904,0.163752,-0.30654,-0.661562,-0.947562,-1.09347,-1.32063,-1.72397,-2.25087,-2.35329,-1.44448,0.126533,0.242364,-0.698773,-2.84585,-4.70761,-5.29459,-5.71446,-5.90746,-5.78968,-5.49823,-4.7133,-4.75002,-5.9657,-8.94094,-10.6909,-8.42004,-5.02545,-0.090261,1.68369,2.27871,0.397029,-1.21424,-0.998142,-1.24106,-1.89047,-1.95964,-0.430449,1.38249,3.05494,3.20282,2.79232,1.60778,0.921401,0.793877,0.278649,0.869239,1.43844,1.65069,2.18561,1.52901,1.65519,1.58484,1.4911,1.35523,1.24336,1.16411,1.22568,1.31036,1.35657,1.31615,0.920677,0.391268
0.0837895,0.204891,0.112341,-0.19001,-0.443224,-0.643198,-0.868524,-1.08395,-1.39258,-1.29632,-0.94623,-0.663493,-0.22202,-0.731008,-1.70291,-3.1532,-4.66485,-4.99565,-4.14091,-3.47736,-4.49057,-5.6926,-6.40885,-5.31925,-4.17649,-5.31578,-8.62638,-11.3665,-10.686,-7.06031,-2.41366,0.252482,-0.534785,-1.10026,-2.42725,-2.29296,-1.29676,-1.30143,-1.23109,1.00313,2.68102,3.60703,2.44246,0.873389,0.280747,0.527362,0.783112,0.875179,1.33376,1.58608,1.69235,1.71144,1.44869,1.69295,1.41872,1.128,0.698178,0.54323,0.831213,1.34716,1.60023,1.40879,0.986721,0.581083
-0.260239,-0.039839,0.00448492,-0.0716439,-0.193003,-0.354571,-0.48991,-0.46765,-0.154989,0.318076,0.536295,0.187764,-0.0656571,-1.28406,-2.27423,-2.9012,-2.89917,-3.61632,-3.23357,-3.24476,-3.88652,-5.48012,-7.0818,-7.6489,-7.03685,-5.778,-5.49261,-6.49207,-7.51143,-7.97366,-6.61059,-3.52289,-1.67134,-2.62289,-5.07644,-5.21774,-2.63671,0.394291,-0.218117,0.674976,1.01945,1.17662,0.593494,0.558096,-0.211094,-0.0304395,0.774781,1.21188,1.34293,1.57893,1.8797,1.5323,1.2657,1.38072,1.49167,1.7151,0.989528,0.222974,0.322112,1.21006,1.48573,1.44401,0.945961,0.617282
-0.525608,-0.259217,-0.159134,-0.00856136,-0.0206102,-0.0646275,0.119406,0.187725,-0.0743683,-0.448592,-1.55687,-2.81449,-2.94524,-3.29325,-3.18809,-3.50155,-3.70236,-3.19677,-2.68327,-2.82143,-2.62469,-2.37359,-3.44578,-5.29286,-6.50437,-5.76797,-4.86589,-3.90338,-4.70788,-6.82586,-8.34948,-7.1538,-4.50361,-3.64766,-5.45686,-5.58674,-4.17007,-2.29716,-2.34464,-2.39075,-0.397905,1.12333,0.838124,0.768557,0.393548,-0.0529297,0.0603029,0.736698,1.35621,1.93925,1.06675,0.493377,0.732369,1.33768,1.4131,2.26109,2.03529,0.993102,0.526301,0.855316,1.16363,1.14214,0.721172,0.581538
-0.653243,-0.393601,-0.327743,-0.0161188,0.0671402,0.0872639,0.15407,-0.156251,-0.776312,-2.59472,-3.63061,-3.49033,-3.28126,-2.63812,-2.03459,-3.0282,-2.94183,-2.97464,-2.67,-2.31805,-1.34853,-0.275722,-0.321002,-1.22384,-2.93803,-4.6396,-4.83024,-4.11114,-3.84239,-5.74997,-7.36511,-7.80657,-6.15181,-4.94934,-5.29469,-5.34692,-4.73595,-5.27366,-6.18491,-6.84083,-5.15024,-0.258784,2.49101,2.15489,1.51951,1.00212,-0.0466718,0.371234,1.09206,1.02416,-0.432437,0.220115,0.829629,1.29988,1.09707,1.24238,2.48164,2.72928,1.54468,0.953762,0.600203,0.595895,0.555478,1.30073
-0.457847,-0.549943,-0.490192,-0.165163,-0.131875,-0.186727,-0.581915,-0.957327,-1.26016,-2.76451,-2.59873,-2.0256,-1.12498,-0.620143,0.167505,-0.373309,-1.52077,-0.636599,-1.07689,-1.94769,-1.86602,-1.68023,-0.875306,0.0657124,-0.276322,-2.33292,-4.09757,-4.05333,-3.20866,-2.43462,-3.75956,-6.13013,-7.36438,-6.83673,-6.61828,-5.972,-6.16691,-7.46019,-7.31758,-6.76305,-6.69142,-4.89924,0.967816,3.26819,2.43915,1.82242,0.51101,0.37195,1.86983,0.0621201,-0.430329,1.1104,1.64026,1.02077,0.355765,0.241533,1.18427,2.2396,2.07778,1.11138,0.163295,0.47487,0.569441,1.21661
-0.339533,-0.513601,-0.567783,-0.522971,-0.791528,-0.924748,-1.39732,-2.29603,-2.94607,-2.73219,-1.9102,-1.62205,-1.49002,-1.02666,-0.33361,-0.364473,-0.646296,0.463408,-0.335922,-1.51292,-2.51128,-2.9325,-1.37689,1.04865,2.18264,0.57853,-1.10062,-2.17393,-2.90431,-2.55087,-2.98847,-5.01858,-6.91735,-7.84588,-8.2487,-7.15718,-6.45794,-7.1328,-6.30654,-4.89768,-4.61941,-4.86309,-2.91836,1.34011,2.5359,1.77892,0.312295,-0.164161,0.265659,-0.897737,0.521184,1.96913,1.93661,1.26656,0.379883,0.636607,0.63617,0.938074,1.39606,0.40145,-0.0621488,0.987883,0.710543,0.893073
-0.162419,-0.42726,-0.635017,-0.86023,-1.20358,-1.49411,-1.52669,-1.78242,-2.26323,-2.57348,-2.40514,-2.39395,-2.61555,-2.41138,-1.58682,-0.835031,-0.897865,-1.0636,-1.95432,-2.96668,-3.12253,-2.55375,-0.861472,1.19982,2.84593,3.02611,1.54865,-1.24805,-3.48038,-3.4223,-2.77605,-3.8986,-5.10511,-6.207,-7.07754,-6.85831,-6.20165,-5.53685,-4.67497,-4.04553,-3.31111,-3.18666,-3.20685,-1.21544,1.31859,2.01413,1.34052,0.153978,-1.57707,-2.37515,0.296294,1.74664,1.84908,1.52172,2.42793,2.22598,1.08534,0.622405,0.754309,0.183597,-0.0526119,0.586326,0.47387,0.594673
-0.12972,-0.456669,-0.744556,-1.12659,-1.40657,-1.82892,-1.44808,-1.02236,-0.562093,-0.459875,-0.515012,-0.553375,-0.555153,-0.696876,-0.314749,0.233124,-0.0360393,-1.47507,-2.29784,-2.08468,-1.44143,-1.42971,-1.46351,-1.28882,-0.384769,1.36982,1.17246,-1.90283,-3.22654,-3.62019,-3.66183,-4.46953,-5.38237,-6.00933,-5.83297,-6.64223,-6.24179,-4.65481,-3.69401,-2.45552,-2.59256,-2.64346,-2.40307,-2.14971,-1.04739,1.69928,1.83542,0.584177,-1.19129,-1.2376,0.0973539,1.63761,2.84999,2.26311,3.17668,3.18213,2.59239,2.23223,1.03247,0.249791,-0.6597,-0.6049,-0.135371,0.787774
-0.199597,-0.456621,-0.918313,-1.52563,-1.81347,-2.36334,-2.6239,-2.12192,-0.854881,-0.231618,0.107616,0.428896,1.34282,1.76047,1.48587,1.63649,1.06075,0.0398364,0.261685,1.52193,1.14441,0.417181,-1.05638,-1.9481,-1.35133,-0.782836,0.347188,0.228461,-0.451952,-1.79941,-3.74637,-4.914,-5.90112,-5.46619,-4.74315,-5.99372,-6.88173,-6.14137,-4.90924,-1.57062,-0.790873,0.178955,0.486941,-0.620381,-3.16182,-1.43981,-0.863977,-0.749261,-0.106377,0.619254,1.18489,3.11522,3.37498,2.64275,2.70898,2.60726,2.08242,1.48137,0.482288,-0.631395,-1.64,-1.73661,-0.57645,0.523552
-0.274174,-0.546211,-0.988202,-1.6022,-2.30741,-2.57141,-2.75951,-2.89057,-2.43602,-1.74079,-1.07762,-0.862705,0.567096,1.30586,1.47342,0.127376,-0.818729,-0.984335,0.571179,1.51269,0.598924,-0.305549,-0.364294,0.387684,0.360527,-0.197918,0.657143,1.89187,1.03614,-0.224337,-2.57368,-3.84455,-3.97857,-4.33249,-3.83804,-4.24889,-4.79884,-6.37619,-7.45226,-5.37217,-2.16292,3.21055,2.06556,-0.0384753,-3.28786,-3.99879,-2.69577,-1.66633,-2.11214,-0.806784,1.70137,3.18315,4.05439,3.0199,1.66172,0.855894,0.669541,-0.0762438,-0.759883,-1.45994,-1.85578,-2.05992,-0.826687,0.230654
