public/uploads/wind/vent_json/20200528/wind_field_02.json
{"header": {"parameterUnit": "m.s-1", "parameterNumber": 2, "dx": 0.051, "dy": 0.036, "parameterNumberName": "eastward_wind", "la1": 45.3082, "parameterCategory": 2,"nx": 177, "ny": 123, "refTime": "2018-09-30 00:00:00", "lo1":1.38177}, "data":
[rows 0 to 27 of 123, columns 64 to 127 of 177]
5.41888,5.34551,5.31228,5.35555,5.37094,5.33814,5.23485,5.1997,5.28628,5.50287,5.70946,5.72676,5.5421,5.39039,5.55653,6.12858,6.70327,6.91243,6.98958,6.85596,6.81358,6.87031,6.97529,7.07563,7.1819,7.28525,7.36734,7.43453,7.47271,7.44763,7.36739,7.27426,7.2157,7.20071,7.18848,7.14319,7.11513,7.10781,7.24073,7.62937,8.0676,8.40554,8.60744,8.66261,8.49184,7.97878,7.42013,7.07193,6.91813,6.86859,6.80725,6.75907,6.66766,6.49009,6.21571,5.91734,5.67243,5.48247,5.32477,5.17289,5.02402,4.9094,4.86039,4.83215
5.781,5.77196,5.67243,5.60575,5.65889,5.6295,5.27328,5.16116,5.36652,5.49299,5.73635,5.80761,5.39876,5.29924,5.62096,6.01567,6.50058,6.83552,6.7443,6.57137,6.37301,6.67934,6.9581,7.10596,7.21932,7.29384,7.38609,7.48475,7.53555,7.51915,7.45986,7.38015,7.30666,7.25722,7.21009,7.15586,7.13591,7.13633,7.27487,7.64213,8.08911,8.44884,8.62682,8.67109,8.53229,8.04916,7.45036,7.05891,6.92828,6.93571,6.918,6.86896,6.76864,6.61172,6.38171,6.10807,5.85491,5.63705,5.45296,5.31393,5.19699,5.09115,5.02305,4.97599
5.77334,5.75134,5.5543,5.20782,5.24196,5.55438,5.33377,4.97018,4.95967,5.03492,5.13055,5.18958,5.3674,5.59781,5.43949,5.41598,5.80266,6.04024,6.13796,6.358,6.43018,6.64056,6.98371,7.17493,7.29307,7.39481,7.49689,7.56529,7.5996,7.5894,7.5396,7.45779,7.36566,7.27999,7.21276,7.16713,7.15968,7.18411,7.31377,7.6373,8.07764,8.4594,8.68392,8.75308,8.57481,8.05334,7.45313,7.1009,7.02469,7.06525,7.06363,7.00448,6.89481,6.74132,6.52752,6.28127,6.0378,5.80562,5.59986,5.4487,5.33687,5.2454,5.17781,5.12244
5.70712,5.54651,5.43986,5.34805,5.29731,5.51459,5.28599,5.1851,5.52988,5.16886,5.02789,5.51942,5.82222,5.78826,5.52347,5.12345,5.25363,5.90676,6.35345,6.48988,6.59511,6.78883,7.03912,7.25454,7.40722,7.51851,7.5949,7.62402,7.64607,7.65948,7.62685,7.53844,7.41404,7.29274,7.20568,7.17592,7.19397,7.23208,7.34072,7.60323,8.0244,8.46215,8.76469,8.85544,8.6018,8.01272,7.43485,7.16298,7.1571,7.22272,7.22447,7.15032,7.02019,6.86158,6.66736,6.44385,6.20836,5.95888,5.72958,5.58539,5.50162,5.41564,5.33427,5.26836
5.19341,4.94427,4.13637,4.79846,5.28797,5.43984,5.33199,5.50857,5.10285,4.38577,5.17484,5.29844,4.83734,5.52226,6.00884,5.3822,4.77135,4.89449,5.97161,6.55094,6.56914,6.81552,7.11897,7.35919,7.52954,7.62509,7.64435,7.6343,7.67167,7.73056,7.72216,7.6181,7.44611,7.28071,7.18847,7.1867,7.24749,7.31104,7.38769,7.58553,7.96337,8.45904,8.86966,8.96169,8.59698,7.93912,7.43224,7.25807,7.29783,7.37556,7.37412,7.29789,7.1684,7.00025,6.80217,6.59147,6.37056,6.11378,5.88213,5.74611,5.65557,5.55186,5.47308,5.41438
5.35203,5.11084,5.02505,5.11367,5.26906,5.41914,5.40827,5.52837,5.67082,5.5383,5.46522,5.58675,5.52076,5.15588,5.58528,6.11342,6.04449,6.13605,6.18298,6.28698,6.59774,6.99309,7.34904,7.60373,7.74006,7.76736,7.7075,7.66025,7.69914,7.76368,7.75111,7.63309,7.45517,7.2794,7.17595,7.16691,7.22301,7.30828,7.42807,7.647,8.0138,8.47,8.84104,8.92489,8.5872,7.97564,7.48949,7.33628,7.41576,7.53198,7.55832,7.47382,7.31669,7.1479,6.97423,6.77619,6.53894,6.25858,6.02751,5.89542,5.796,5.70291,5.62967,5.53115
4.67534,3.99029,4.72684,5.23787,5.25835,5.13825,5.19474,5.26996,5.09371,5.01732,5.15424,5.29876,5.35491,5.33392,5.54427,5.88596,5.9714,6.00213,6.09739,6.38183,6.79356,7.22988,7.55862,7.74115,7.8072,7.76286,7.65849,7.61037,7.67796,7.77595,7.78812,7.67391,7.46487,7.26362,7.16321,7.18501,7.29124,7.40585,7.53318,7.73663,8.05825,8.47401,8.81992,8.87209,8.5256,7.9782,7.5723,7.46533,7.5707,7.70158,7.74035,7.66433,7.50858,7.33564,7.15103,6.93816,6.68568,6.40119,6.15875,6.00492,5.92516,5.87871,5.79945,5.62198
4.97799,4.9076,4.88205,5.1045,4.81604,4.25286,5.13555,4.98364,4.27986,5.09703,5.58964,5.31205,5.39387,5.52199,5.63561,5.83694,5.93969,5.82448,6.06369,6.58437,7.03501,7.41505,7.65031,7.76901,7.79028,7.7373,7.66829,7.64968,7.71155,7.79632,7.8089,7.69331,7.47968,7.27919,7.20471,7.26788,7.39342,7.50922,7.61057,7.77927,8.07411,8.44867,8.74886,8.77662,8.44725,7.96005,7.62716,7.57923,7.71407,7.87385,7.95578,7.88159,7.69693,7.49838,7.30612,7.10488,6.85434,6.54077,6.24829,6.07301,6.03088,6.0287,5.9299,5.6858
3.63033,4.60989,4.80263,4.27927,4.95718,5.36246,5.32285,5.08346,5.19838,5.48061,4.40436,4.02269,5.08049,5.72127,5.67485,5.76161,5.80784,5.97575,6.3488,6.80207,7.19244,7.4517,7.63267,7.74006,7.76115,7.72961,7.69283,7.71215,7.77389,7.83439,7.84529,7.73914,7.5309,7.34533,7.29253,7.3838,7.5205,7.61178,7.67925,7.81801,8.08428,8.40973,8.66218,8.66591,8.35866,7.93606,7.69181,7.71514,7.89251,8.0908,8.17,8.06809,7.86574,7.66407,7.48446,7.2861,6.9969,6.63114,6.3014,6.12493,6.12176,6.15687,6.05794,5.76682
2.99064,4.63382,4.95798,4.44416,5.11294,5.35236,5.29512,4.75099,4.19465,4.84979,4.94817,4.67566,5.0981,5.4757,5.55756,5.55795,5.80806,6.20027,6.60344,6.98437,7.27121,7.47954,7.62165,7.71019,7.75186,7.75832,7.77387,7.81539,7.8717,7.92387,7.92363,7.80321,7.58875,7.41864,7.39736,7.50463,7.63545,7.70309,7.7446,7.8727,8.11903,8.3962,8.59913,8.5683,8.24781,7.89031,7.7596,7.87504,8.10391,8.29724,8.33848,8.21053,8.00985,7.82674,7.66166,7.44671,7.11203,6.71433,6.38437,6.22039,6.22543,6.27181,6.17281,5.84422
4.16339,4.84314,4.67915,4.16472,5.01691,4.93378,4.29805,5.07777,4.98608,4.19505,4.83552,4.76344,4.22326,4.94781,5.02225,4.83984,5.74108,6.45845,6.74597,7.04233,7.28246,7.45572,7.59317,7.70944,7.77531,7.80574,7.85156,7.91912,7.99903,8.05419,8.02376,7.86384,7.62698,7.47053,7.47846,7.60288,7.72599,7.77893,7.80858,7.9289,8.16803,8.42441,8.57056,8.46946,8.15319,7.88356,7.8585,8.04032,8.28407,8.44242,8.42857,8.28503,8.12003,7.9886,7.84579,7.59813,7.22694,6.83201,6.52008,6.34701,6.32498,6.35666,6.24787,5.91541
4.89624,4.81477,4.82896,4.83889,4.91194,4.94368,5.0713,5.0676,5.00472,4.94064,5.05606,5.19691,4.86369,4.85189,5.31315,5.83291,6.20234,6.48872,6.80008,7.04701,7.23078,7.42019,7.61504,7.75806,7.81549,7.83168,7.89005,8.02201,8.16711,8.22127,8.12559,7.89439,7.63834,7.50262,7.54727,7.6857,7.7985,7.83954,7.86483,7.99202,8.22023,8.44112,8.53482,8.40188,8.11113,7.92178,7.99084,8.21847,8.42969,8.51595,8.44345,8.29934,8.19389,8.12526,7.99923,7.73254,7.36211,6.99643,6.69399,6.49013,6.41319,6.3939,6.27297,5.98998
4.6601,4.00633,4.74726,4.73645,4.22221,4.81442,5.12707,4.97372,4.84229,4.91773,5.19879,5.06342,5.16874,5.29183,5.08701,5.75471,6.40041,6.55839,6.76214,6.95604,7.17861,7.44635,7.69356,7.83293,7.85857,7.87277,7.97273,8.15858,8.33284,8.37026,8.21256,7.92275,7.65844,7.55417,7.6219,7.7584,7.85078,7.87224,7.90708,8.05532,8.29172,8.50669,8.56725,8.40333,8.1362,8.01437,8.13346,8.35233,8.50392,8.50977,8.39465,8.27502,8.23146,8.21033,8.09699,7.85343,7.52702,7.17943,6.85375,6.60885,6.47986,6.40691,6.30608,6.11897
4.28841,4.23688,4.21055,4.87137,4.65674,4.33638,4.68852,4.5757,4.71529,4.83107,4.89135,4.51275,4.32058,5.25173,5.61819,5.80329,6.28343,6.51283,6.71048,6.9231,7.19572,7.50423,7.75317,7.88209,7.90923,7.93291,8.05351,8.26263,8.44959,8.47342,8.27844,7.97268,7.72145,7.6364,7.70185,7.81311,7.87509,7.88361,7.93498,8.11033,8.38034,8.60993,8.64701,8.45374,8.20541,8.14168,8.26451,8.42261,8.51637,8.47629,8.3415,8.24466,8.23653,8.2379,8.15751,7.96348,7.67966,7.33261,6.97226,6.69087,6.54419,6.48953,6.43899,6.30533
3.81156,4.29813,4.21456,3.73577,4.45254,4.4821,4.107,4.71198,4.82225,4.73349,4.79633,5.07943,5.31057,5.54227,5.8622,5.74867,6.10095,6.53549,6.72898,6.95121,7.23352,7.53803,7.78689,7.92545,7.97556,8.03408,8.16181,8.346,8.50918,8.53023,8.3538,8.06274,7.82343,7.73762,7.78463,7.8605,7.88271,7.88583,7.96443,8.1831,8.5062,8.75713,8.75377,8.51188,8.26458,8.19482,8.28329,8.4209,8.50265,8.45243,8.31653,8.2311,8.22369,8.22395,8.175,8.04381,7.81609,7.49241,7.12886,6.84499,6.71054,6.67643,6.63523,6.49223
4.03835,3.73216,4.40283,4.64976,4.32248,4.6989,4.94854,4.7331,4.38414,4.66373,4.97502,5.19884,4.97038,4.66166,5.60946,6.33151,6.31477,6.512,6.7518,6.99262,7.26803,7.55258,7.79367,7.95421,8.04289,8.11233,8.2302,8.39789,8.54137,8.55757,8.40707,8.15888,7.94371,7.85383,7.86968,7.90968,7.91284,7.91374,8.02238,8.30104,8.6585,8.88931,8.83759,8.55136,8.26538,8.1797,8.29001,8.43839,8.50603,8.45341,8.33289,8.2533,8.21504,8.18321,8.12701,8.02088,7.87276,7.65138,7.35616,7.08897,6.93651,6.88034,6.82519,6.66614
4.4047,4.03878,3.91798,4.58901,4.52368,3.90022,4.435,4.38918,3.95078,4.77054,4.71482,4.47943,5.28194,5.56306,5.71478,6.12298,6.32629,6.5789,6.83572,7.08032,7.31327,7.54319,7.76171,7.94175,8.07529,8.19046,8.32757,8.47353,8.56941,8.55846,8.4352,8.24642,8.06511,7.96405,7.956,7.98018,7.97895,7.98522,8.11121,8.40828,8.76051,8.95863,8.85579,8.54043,8.26766,8.19985,8.30706,8.44554,8.50743,8.46584,8.36046,8.2641,8.19173,8.11834,8.03891,7.96564,7.89352,7.78051,7.58532,7.34321,7.15337,7.06115,6.99702,6.83428
4.66281,4.22889,3.39211,3.47903,4.47071,4.59672,4.16097,4.5129,4.85549,4.78205,4.69737,5.02751,5.32921,5.65472,6.05573,6.13967,6.39817,6.6948,6.95638,7.16143,7.33834,7.52648,7.71536,7.89198,8.07501,8.26527,8.44269,8.57676,8.61878,8.56569,8.45972,8.31747,8.15456,8.04343,8.03074,8.06993,8.08386,8.08459,8.18644,8.45883,8.78325,8.94155,8.83509,8.55508,8.31999,8.27139,8.36263,8.46753,8.49851,8.43782,8.33401,8.23768,8.15514,8.06514,7.96251,7.89228,7.8765,7.85749,7.75786,7.57256,7.37729,7.24334,7.15335,7.00457
2.74307,3.199,4.54586,4.45293,3.96441,4.61913,4.14472,3.59108,4.3471,4.53705,3.92535,4.20016,5.23931,5.51853,5.80734,6.25487,6.48918,6.78967,7.03441,7.20474,7.35608,7.50986,7.65724,7.82921,8.05365,8.31288,8.55614,8.69557,8.68512,8.60393,8.50179,8.35559,8.17968,8.06669,8.08201,8.15733,8.18336,8.15171,8.1914,8.41229,8.71915,8.88926,8.82668,8.6261,8.4531,8.39698,8.4261,8.46234,8.4264,8.3215,8.22158,8.17262,8.15035,8.08794,7.97786,7.88394,7.85075,7.85553,7.83522,7.73968,7.57424,7.41083,7.31582,7.21673
3.76422,4.64816,4.26599,3.82942,4.69214,4.17099,3.54571,3.99141,4.14093,4.54812,5.04548,5.30954,5.21133,5.65458,6.14545,6.26765,6.54657,6.83251,7.05673,7.2213,7.35706,7.49961,7.65083,7.81827,8.04201,8.33537,8.62522,8.78809,8.77864,8.68037,8.54988,8.36435,8.15794,8.05507,8.11131,8.21225,8.22747,8.15582,8.16435,8.37966,8.67654,8.85654,8.84215,8.708,8.5774,8.50286,8.46712,8.40549,8.27407,8.14103,8.09398,8.13559,8.19984,8.19064,8.07315,7.91527,7.80796,7.79623,7.83632,7.8238,7.741,7.67091,7.633,7.51661
3.25451,3.14537,3.36619,4.63825,4.43992,3.69193,4.38995,4.22115,3.73759,4.59738,5.27693,5.38553,5.69931,5.97524,6.13387,6.32352,6.5596,6.80762,7.03393,7.23169,7.40317,7.55674,7.70021,7.86063,8.0792,8.35515,8.62111,8.78582,8.80966,8.73457,8.59513,8.37335,8.13897,8.04533,8.12287,8.22822,8.22103,8.1301,8.14597,8.37229,8.66076,8.83626,8.85008,8.75033,8.63886,8.55948,8.47625,8.34732,8.1854,8.07011,8.07306,8.18463,8.30702,8.31207,8.16233,7.94626,7.78166,7.74537,7.81109,7.87862,7.92853,7.98095,7.95737,7.76505
3.99349,3.79545,4.03517,4.65735,4.26447,3.33754,3.49131,4.56376,4.77936,4.48547,4.88758,5.44864,5.72222,5.98237,6.185,6.34468,6.52712,6.75229,7.01783,7.27314,7.46739,7.61255,7.73099,7.87088,8.07822,8.32572,8.54722,8.70559,8.79436,8.78815,8.65965,8.40661,8.13753,8.03747,8.12632,8.22877,8.19767,8.10154,8.12992,8.35695,8.65801,8.84596,8.85706,8.75019,8.63958,8.56919,8.48023,8.33652,8.1872,8.12574,8.19165,8.33016,8.43397,8.39964,8.21699,7.97523,7.78834,7.73307,7.79062,7.93063,8.11611,8.2446,8.21435,7.96935
2.97676,3.29658,3.55294,3.62691,3.47615,3.74149,4.53638,4.57662,4.57752,4.90593,5.10438,5.43234,5.71225,5.98727,6.17694,6.31796,6.48972,6.74276,7.03806,7.30052,7.48156,7.59357,7.70574,7.87292,8.09422,8.3097,8.48751,8.64803,8.79423,8.86619,8.756,8.44457,8.11675,8.00507,8.11458,8.22928,8.18334,8.07141,8.1067,8.34267,8.65131,8.84348,8.83536,8.71338,8.61253,8.56688,8.49895,8.38123,8.2873,8.2871,8.377,8.50005,8.5628,8.48001,8.25373,7.98609,7.80841,7.77987,7.88411,8.091,8.3338,8.47554,8.38568,8.07117
3.33855,4.21592,4.73214,5.07996,5.20466,4.33054,3.72616,4.48851,4.91982,4.8527,5.09849,5.43433,5.75228,6.02624,6.19765,6.30845,6.44341,6.6562,6.9327,7.1987,7.38881,7.53936,7.72333,7.95048,8.18321,8.37246,8.51468,8.66422,8.84679,8.94679,8.78676,8.39847,8.03312,7.93007,8.07573,8.2068,8.15465,8.05143,8.10901,8.35945,8.65557,8.81699,8.78608,8.66738,8.583,8.54267,8.48793,8.41542,8.398,8.46859,8.59828,8.71434,8.71214,8.54235,8.24438,7.95982,7.84345,7.89574,8.05194,8.27702,8.49383,8.56206,8.40543,8.07885
3.31432,3.32047,3.87362,4.84537,5.21736,4.51575,4.17799,4.79177,5.00761,4.94959,5.17972,5.44201,5.7844,6.00508,6.10561,6.15782,6.26579,6.47746,6.76124,7.03904,7.28597,7.54583,7.84854,8.15902,8.38746,8.51035,8.59716,8.73196,8.89906,8.93482,8.70234,8.27112,7.89303,7.80393,7.98311,8.14733,8.12536,8.06304,8.16279,8.42032,8.68989,8.81575,8.75228,8.6234,8.54224,8.49868,8.46182,8.46944,8.5563,8.69365,8.84611,8.95859,8.93514,8.71302,8.34509,8.02734,7.93233,8.0227,8.20097,8.39997,8.51359,8.47024,8.28581,7.99916
3.93834,3.80286,4.6584,4.82063,4.90903,4.93161,4.95581,5.21514,5.05722,5.04594,5.19351,5.39895,5.68985,5.86608,5.91885,5.93754,6.04831,6.29846,6.61968,6.93272,7.2483,7.6139,8.02754,8.38353,8.57044,8.63,8.68219,8.79577,8.91836,8.8839,8.58054,8.11286,7.74032,7.67315,7.88442,8.10518,8.15386,8.14969,8.27638,8.53156,8.76344,8.82854,8.72468,8.5838,8.4889,8.43361,8.43932,8.54745,8.75039,8.98914,9.18847,9.28016,9.18968,8.88146,8.43807,8.08364,7.98778,8.10392,8.28271,8.419,8.48416,8.42717,8.24377,7.99947
3.67804,4.57883,4.55325,4.0338,4.93955,4.89994,4.32956,4.96901,5.30208,5.0039,5.05332,5.27074,5.52387,5.68774,5.74392,5.78174,5.93657,6.24284,6.60456,6.94457,7.29392,7.69709,8.12183,8.45898,8.62119,8.66784,8.7216,8.8269,8.89192,8.77855,8.44403,7.99442,7.63981,7.57948,7.82858,8.13087,8.27434,8.33002,8.45919,8.67937,8.85096,8.85087,8.70428,8.5248,8.389,8.3373,8.40758,8.62856,8.96221,9.27956,9.49028,9.55149,9.39491,9.00136,8.48725,8.08433,7.97492,8.09154,8.26798,8.45105,8.55341,8.46377,8.26372,8.0768
4.24939,4.42959,4.24158,4.08807,4.80367,4.94479,5.07198,5.24812,4.97785,4.92232,4.95616,5.10565,5.34936,5.56359,5.69051,5.78669,5.98552,6.31989,6.6959,7.02856,7.33894,7.68446,8.04298,8.33106,8.50057,8.60563,8.72964,8.84307,8.83938,8.66034,8.32456,7.91901,7.60084,7.56363,7.85345,8.22302,8.43863,8.53755,8.63996,8.77371,8.85769,8.80401,8.63707,8.43986,8.286,8.25498,8.40677,8.73664,9.14543,9.4893,9.6996,9.73427,9.51116,9.03213,8.46059,8.0338,7.90743,8.04912,8.32374,8.58723,8.69866,8.58736,8.37795,8.23144
