public/uploads/wind/vent_json/20200528/wind_field_02.json
{"header": {"parameterUnit": "m.s-1", "parameterNumber": 3, "dx":  0.051, "dy": 0.036, "parameterNumberName": "northward_wind", "la1": 45.3082, "parameterCategory": 2,"nx": 177, "ny": 123, "refTime": "2018-10-03 01:00:00", "lo1":1.38177}, "data":
[rows 28 to 55 of 123, columns 0 to 62 of 177]
0.517597,-0.24158,-1.01802,-1.5495,-1.78754,-1.26737,-1.98735,-1.78717,0.392595,2.9131,3.47313,1.1233,-0.150421,0.290116,1.21672,2.04304,3.72442,3.93538,2.71767,1.63141,1.1221,0.182392,-1.75527,-0.976172,-1.42056,-1.85814,-1.24531,0.558533,1.50225,1.74186,1.27239,-0.0148419,-0.706852,-0.990093,-1.15171,-1.15455,-0.912997,-0.500111,0.0611887,0.29668,0.205138,1.14133,1.52654,0.887816,0.965413,0.707699,1.09976,1.3045,1.21121,0.969359,0.55587,-0.241415,-0.67507,-0.41825,-0.424601,-0.493903,-0.39751,-0.522579,-0.233403,-0.2866,0.476615,-1.19151,-0.98473
-0.0589587,-1.02337,-1.4598,-1.70674,-1.89103,-1.76145,-2.44506,-2.90118,-1.14758,1.21217,1.3924,-0.131595,-0.921251,0.13803,0.457836,-1.16001,-1.47477,0.526992,1.7896,1.44428,0.602735,-1.07253,-1.73768,-0.211384,-0.386619,-0.0934304,-0.00368154,-0.457356,0.167555,0.785191,0.690545,0.509235,0.30078,-0.291083,-0.696889,-0.822034,-0.660956,-0.0965384,0.226411,0.348087,-0.0687595,-0.306369,-0.0275612,0.0414653,0.468456,0.390168,0.646243,0.484782,-0.0557399,-0.714967,-1.07856,-0.900151,-0.826542,-0.707032,-0.985957,-1.05122,-0.869347,-1.41931,-0.889243,-1.10772,-0.746801,-1.71565,-1.27741
-1.9371,-2.99343,-3.34197,-3.35483,-2.80124,-1.78214,-1.58519,-2.55763,-1.6161,-0.156638,-0.457798,-0.645122,-0.960489,-0.999768,-1.03922,-2.02022,-3.89754,-2.88084,-0.633145,0.924364,-1.34984,-3.52315,-3.15492,-1.41291,-0.0468545,0.994782,1.11873,0.575176,-0.428569,-0.302588,-0.150839,0.10281,0.126091,0.308211,-0.00709767,0.109649,-0.330165,0.334538,0.797639,0.225341,-0.151224,-0.0661294,0.216952,0.364475,0.172989,0.0849977,-0.209791,-0.216412,0.0454777,0.0204634,-0.136584,-0.205214,-0.452627,-0.402508,-0.32007,-0.713665,-0.605017,-1.0448,-1.19952,-1.49269,-1.77957,-1.62142,-1.99126
-5.82093,-4.58273,-4.90982,-4.29588,-4.17799,-3.60414,-2.85591,-2.95154,-1.44833,-0.183829,-0.440541,0.190832,-0.822288,-0.918312,-1.56726,0.625084,0.595128,0.297002,1.09561,-0.0900172,-2.37975,-1.76843,-1.44312,-1.19498,-0.503968,0.315435,0.840378,-0.031146,-0.663713,-0.733875,-0.138241,-0.436414,-0.143255,0.312347,0.228248,0.0323331,-0.770499,-0.807601,-0.0909603,-0.191935,0.156673,0.477036,0.566959,0.610373,0.449056,0.00403744,0.599036,0.737801,0.763661,0.75835,0.521902,0.614861,-0.435724,-0.589058,-0.614704,-1.03669,-0.803799,-0.679343,-1.57538,-1.47512,-2.09716,-1.75468,-2.59272
-8.6233,-6.28539,-5.4791,-5.03752,-4.94039,-4.44921,-4.28011,-3.37556,-2.03489,0.4339,1.83911,0.699384,-1.34367,-2.51561,-3.16657,1.21922,4.07382,3.62136,1.34751,-2.76198,-1.16003,2.89304,2.2709,0.423838,-0.754216,-1.03277,-1.01746,-1.31105,-1.51639,-0.71449,0.841698,0.666626,0.101825,-0.290419,-0.195333,0.114421,0.193156,-0.150542,-0.0828079,0.16622,0.386397,0.425761,0.487554,0.672141,0.85687,0.658704,0.332642,0.021521,-0.304841,-0.00125545,0.170818,0.642653,0.0102615,0.221281,-0.459302,-1.21825,-1.25363,-1.2515,-1.67577,-1.67167,-1.88922,-1.96556,-2.15055
-8.60325,-5.94898,-5.2273,-4.60209,-4.38253,-3.60817,-3.44892,-2.34998,-1.39938,-1.86682,0.143448,-1.63346,-2.79917,-3.30396,-3.18875,0.000619468,2.6757,2.57126,0.17631,-0.918459,0.458502,2.62402,2.5213,-0.0483308,-1.65323,-1.6947,-1.38551,-1.51498,-0.512169,-0.131244,0.675829,0.746343,0.340341,-0.376562,0.345767,0.709062,0.477316,0.758077,0.614366,0.111515,0.0637243,0.199365,0.316374,0.206443,0.124275,0.371152,0.522882,0.624744,0.516569,0.291902,0.417458,0.724158,0.866296,0.402835,-0.617351,-1.65375,-1.68859,-1.71154,-1.65204,-1.70873,-1.6121,-1.70248,-1.5865
-5.52679,-3.9512,-3.81947,-3.42263,-3.21518,-3.20171,-3.577,-3.91719,-3.44509,-2.80275,-0.49913,-0.0462355,0.697734,0.924248,0.546773,0.248911,0.287129,0.668109,1.61602,2.75443,1.69222,0.991578,0.970566,-0.360732,-0.83314,-0.776953,-0.863579,-0.486982,0.0462531,0.219562,-0.241233,0.0248017,-0.110494,0.20458,0.93942,0.117633,-0.965067,-1.04226,-0.255264,0.431574,0.125167,0.138561,0.0634091,0.0495743,0.216963,0.239746,0.411159,0.531456,0.341027,-0.0468531,-0.0544352,-0.403694,-0.614291,-1.36056,-1.67039,-1.86979,-1.81979,-1.80822,-1.77705,-1.61726,-1.53357,-1.48398,-1.41844
-1.1921,-2.22654,-2.00936,-2.20582,-2.44548,-2.8258,-3.92236,-4.26493,-3.42893,-0.665912,2.10661,1.5664,2.68341,4.92326,4.47331,2.02031,0.542571,0.23676,1.77326,2.86259,1.47371,-1.15467,-1.44921,-1.94348,-0.779159,-0.701838,-1.04224,-0.601357,-0.446101,-0.420334,-0.714589,-0.597024,-0.200393,-0.532258,-1.8354,-1.26587,-1.10741,-1.7926,-1.47981,-0.120071,0.602373,0.553623,0.712104,0.505486,0.384364,0.302844,-0.14579,-0.0733555,-0.125381,0.297265,-0.628776,-1.66664,-1.89079,-1.8119,-1.58798,-1.51126,-1.65906,-1.70288,-1.64749,-1.48647,-1.45219,-1.11117,-1.12064
-0.407967,-1.68252,-1.76327,-1.82299,-2.27838,-1.76642,-0.82583,-0.589745,-1.32496,-1.64559,0.501325,-0.265823,-0.916201,1.75846,3.02237,0.780131,-0.715972,-2.11083,-1.13781,0.301141,-0.925728,-3.21815,-3.04895,-2.67009,-1.3414,-2.00012,-1.45707,-1.20785,-1.2509,-1.53062,-1.142,-0.314643,-0.967565,-3.79086,-3.00524,-1.90289,-0.847996,-1.10892,-1.80092,-1.6569,0.241368,0.956508,1.10336,0.870225,0.696777,0.763704,0.555849,0.322471,0.268736,-0.92545,-1.67948,-1.77647,-1.44946,-1.27481,-1.36298,-1.53089,-1.68377,-1.73565,-1.68701,-1.43456,-1.14333,-0.641305,-0.600525
-1.24834,-2.16415,-2.05979,-2.32133,-2.83705,-3.75733,-3.89507,-3.5054,-4.19073,-4.85274,-3.88885,-4.03691,-5.25498,-3.55324,-1.72182,-1.85259,-2.60237,-3.29641,-3.27717,-3.20571,-3.34408,-2.32483,-0.273444,-0.165172,-1.00057,-1.87477,-1.25872,-0.890447,-1.89305,-2.07125,-0.975795,-1.71458,-2.10928,-2.03312,-0.960031,-0.7669,-0.694288,-0.0593869,-0.672881,-1.2562,-0.904102,0.287527,0.92091,0.497528,0.49851,0.191074,-0.206153,-0.637312,-0.936353,-2.06475,-1.74171,-1.37521,-1.24488,-1.16386,-1.1526,-1.22901,-1.31008,-1.2638,-1.07273,-0.782865,-0.351907,-0.736253,-0.980054
-1.62192,-2.90532,-2.64553,-2.44908,-3.22915,-4.72827,-6.1002,-6.26743,-5.69905,-4.99681,-4.60393,-4.74348,-4.80876,-2.76615,-1.28319,-2.53909,-3.44458,-3.70414,-3.95994,-3.52667,-2.18994,1.02678,1.66989,1.24883,0.345911,-0.217607,-0.273906,-0.776169,-1.83956,-1.25743,-0.480673,-1.05338,0.430324,0.190907,-0.290469,0.149584,-0.648597,0.032543,0.335782,-0.0158081,-1.25897,-1.27801,-0.545723,0.331108,-0.378935,-1.32015,-1.92742,-1.75875,-1.78574,-1.46209,-1.28952,-1.17593,-1.07894,-1.06547,-1.07295,-0.974397,-0.742504,-0.468326,-0.147608,-0.695803,-0.984006,-2.77704,-2.8977
-4.24097,-4.03457,-3.69225,-3.2482,-2.82571,-1.93704,-3.08659,-4.28827,-5.2282,-5.23382,-4.655,-4.53455,-3.36586,-1.42878,-1.58024,-3.53539,-4.50207,-3.44066,-1.75704,-0.140504,0.575145,-0.825213,-1.86253,-1.7568,-1.00385,-0.423446,-0.332463,-1.24008,-1.68793,-0.822614,-1.07691,0.887129,1.34111,0.140866,-0.853894,0.113849,-0.582977,-1.04258,-0.566926,-0.653201,-1.82284,-1.90184,-1.92493,-1.10626,-1.50794,-0.938793,-1.54162,-1.67694,-1.33876,-1.06585,-0.92369,-0.778363,-0.832675,-0.989937,-0.954271,-0.634372,0.0400908,-0.193903,-0.593507,-2.68542,-2.96583,-3.79602,-3.88492
-5.87742,-4.98975,-4.88912,-4.43013,-3.57898,-0.646894,1.76355,-0.508655,-3.61315,-5.48465,-6.35065,-5.2191,-3.58576,-3.3211,-3.94051,-4.3157,-3.24903,-1.10606,2.21416,3.59594,3.22364,-0.10052,-2.19909,-2.56828,-2.2095,-2.36252,-2.85903,-4.21082,-3.73395,-2.82744,-2.21383,-0.135656,0.481477,0.116356,-1.25304,-0.25461,-0.495455,-1.59043,-2.0884,-2.18595,-2.20681,-1.25082,-0.818118,-2.06558,-1.2784,-0.547331,-1.05748,-1.58062,-1.25891,-0.772299,-0.451509,-0.32095,-0.301954,-0.326391,-0.26289,-0.143717,-0.212838,-1.73696,-2.4196,-3.76582,-4.01065,-3.21859,-3.70273
-5.98239,-5.76342,-5.02071,-4.67645,-4.25656,-1.64385,1.27054,2.91412,2.17228,-0.582626,-3.17555,-4.14107,-2.98759,-2.89061,-4.06557,-4.72137,-4.20831,-1.86313,0.196261,2.14899,3.86187,3.96689,2.83974,1.68872,1.43204,-0.518644,-2.52205,-3.28742,-3.28412,-2.21214,0.246892,0.328953,0.460862,-0.496112,-1.25898,-1.11838,-1.65053,-1.70591,-1.28906,-1.11756,-0.582366,-1.05149,-0.686661,-0.750138,-0.443743,-1.12755,-1.07117,-0.771905,-0.242792,-0.0110935,0.0514872,-0.197869,0.0557635,0.201966,0.719546,-1.16017,-1.87587,-3.50999,-3.08456,-2.96472,-3.80606,-3.82952,-3.41511
-5.77009,-5.47926,-4.63472,-4.39201,-3.89313,-3.27257,-0.305562,1.4211,4.00911,5.09763,3.48431,0.725553,0.467803,1.06479,0.297879,-0.849251,-4.01656,-5.81817,-4.94476,-2.71541,0.637465,4.31362,5.289,5.42719,4.98954,3.30114,1.93984,0.760473,0.884792,0.537987,1.74262,1.59408,0.795116,-1.05226,-1.50442,-1.61409,-2.07753,-1.26954,-0.843702,-0.575513,0.0911059,-1.69127,-1.44578,-0.705391,-0.792707,-0.970525,-0.421538,0.491276,0.790182,0.526955,0.393722,0.177905,0.393241,-0.559222,-0.357053,-3.50968,-3.07687,-3.55487,-3.63163,-3.44745,-3.30615,-4.58101,-3.83707
-4.22549,-4.62174,-3.37893,-3.3663,-2.91874,-3.53891,-2.70296,-2.27216,0.545457,5.99822,7.85658,8.02565,7.23622,5.57764,4.67838,4.94637,0.738273,-2.9506,-3.33969,-2.56862,-1.08412,0.578199,2.55082,3.51967,3.30983,4.12132,4.88625,4.78412,4.52882,3.82402,2.8635,1.82348,0.661134,-1.225,-1.36924,-0.799784,-1.44394,-0.717645,-1.69529,-1.25184,-1.15125,-1.36166,-0.682161,-0.699064,-0.987784,-0.639599,0.141837,0.576574,0.441484,0.388463,0.480601,1.05241,-0.964645,-2.10933,-2.34071,-3.66222,-3.67423,-3.28554,-3.96759,-4.14426,-3.48803,-4.44862,-4.66921
-2.46064,-1.55651,-1.93126,-2.51776,-2.82692,-3.50005,-5.28015,-4.98931,-2.99278,1.65391,4.98729,5.52454,5.0911,4.45062,4.78891,5.57588,5.36256,4.92837,3.39466,1.84682,1.1113,-0.126411,-1.27706,-1.67997,-0.609275,1.42546,3.92776,4.43356,4.12393,3.91226,2.1457,0.874613,-0.452387,-1.51842,-1.39535,-1.32055,-1.77605,-1.74071,-2.03835,-1.2545,-1.87182,-1.47665,-0.948681,-0.636027,-0.781189,-0.128619,0.505968,0.626307,0.464272,0.831953,0.247735,0.102062,-3.65819,-3.13766,-3.58835,-3.16397,-3.78158,-4.08712,-3.28642,-4.20246,-4.43642,-3.95708,-4.2534
-0.358411,0.0552868,-0.108763,-0.757093,-1.07098,-1.91945,-3.92983,-4.1934,-2.38261,0.445771,2.61347,2.15177,0.0253605,-0.0920978,0.781622,2.22615,4.29862,7.05029,5.82147,4.27139,2.87746,1.71247,0.685035,-0.045551,0.142001,-0.229153,0.597153,0.64082,0.198005,0.152588,-0.673875,-0.385503,-1.43243,-1.38069,-1.78475,-2.1069,-1.80113,-2.38459,-1.51078,-1.24539,-1.2409,-1.69611,-1.15393,-1.13542,-0.731008,0.182804,0.454394,0.731184,0.591055,1.16558,-1.7306,-2.03916,-3.81013,-3.87029,-3.85438,-4.0239,-3.08994,-4.03324,-3.13937,-4.25894,-4.26724,-3.94983,-3.21848
1.8196,1.79631,2.0171,1.29992,0.743037,0.490207,-0.186066,-0.806882,-0.838289,1.05011,2.84025,-0.211236,-4.17084,-4.61152,-3.67933,-1.84653,0.715314,3.51441,4.17333,3.96131,3.36109,2.42924,2.00912,1.84019,0.697299,0.606141,0.0860231,-0.0648184,0.00551336,-0.264728,-0.291545,-0.756315,-1.13355,-1.32214,-1.86958,-1.70563,-1.62427,-2.03661,-1.74728,-1.18619,-0.592698,-1.17716,-1.26689,-1.23963,-0.469362,0.0439042,0.0813592,0.218195,0.224386,-0.136239,-3.19628,-2.6507,-2.64996,-3.82918,-3.23569,-3.98795,-3.01244,-2.89441,-3.67196,-4.0318,-3.17681,-3.69582,-3.39179
3.16712,3.62505,3.70918,3.43871,3.06575,2.85137,3.09671,2.3296,0.854378,0.336344,0.944964,-1.90046,-3.91673,-3.50899,-1.84287,-1.04644,-0.318798,0.185862,-0.356591,1.40615,3.10596,3.2772,2.73124,1.50944,0.624579,0.481397,0.234791,0.229389,0.66901,1.13758,0.458864,-0.445536,-0.704016,-1.4364,-1.79006,-1.46355,-1.44088,-1.92721,-1.9644,-1.22687,-1.01284,-1.07635,-1.47672,-0.835405,-0.121412,0.016422,0.0450787,-0.212913,-0.282322,-2.49286,-3.00852,-2.75246,-2.79145,-3.11148,-3.82777,-2.94641,-3.60468,-2.67524,-3.77534,-3.25103,-2.82091,-2.78665,-3.44392
3.9992,4.42803,4.96474,4.67654,4.6393,4.61504,5.42377,5.06948,3.44054,1.43591,1.18246,0.945474,1.97337,1.34285,0.503938,-1.55154,-2.85646,-3.05337,-3.60108,-2.80848,-1.2767,1.01128,1.04064,0.643571,0.212783,0.421803,0.344691,0.157923,0.771839,0.569043,0.174272,-0.337028,-0.673466,-1.33407,-1.50154,-1.2594,-1.50007,-2.48043,-0.963015,-1.78323,-2.0634,-1.88263,-1.10418,-0.44318,-0.361268,-0.431445,-0.532264,-0.739945,-1.47099,-3.75026,-3.75754,-3.74402,-3.81319,-3.76933,-3.90549,-2.70465,-3.73782,-2.82763,-3.51713,-2.75015,-2.58803,-2.56509,-2.69787
5.54315,5.44161,5.30685,5.32353,4.95833,4.81762,5.7251,5.15985,4.83887,3.78928,4.37496,4.65083,4.89437,2.82222,0.204827,-1.83128,-1.56996,-0.616127,-0.57819,-1.78851,-2.06128,-1.38601,-1.64907,-0.98668,-0.31238,0.37991,0.637894,0.801838,1.04895,0.888784,0.125702,-0.279238,-0.942485,-1.29957,-1.49531,-1.30354,-2.10192,-2.55461,-0.424839,-2.34808,-2.38249,-2.01622,-0.982793,-0.458062,-0.755676,-1.2014,-1.33119,-1.61693,-2.63667,-3.83031,-4.07234,-4.10272,-3.90499,-3.79075,-2.65031,-3.36038,-3.30325,-3.19994,-3.28807,-2.62515,-2.54579,-2.22165,-2.30582
6.15958,5.90884,5.78337,5.50577,4.82927,4.69971,4.72822,4.45827,4.06116,2.3766,3.87779,4.94804,4.93309,4.1605,3.09395,2.22761,2.39774,2.58878,2.75126,2.79109,1.74801,0.33505,-0.782565,-1.1871,-1.301,-0.556611,0.117828,0.818456,1.23069,1.14921,0.178907,-0.540955,-1.1998,-1.34652,-1.54893,-1.30249,-2.94282,-1.77974,-0.444103,-2.81769,-2.05682,-1.32235,-1.07838,-0.94341,-1.1071,-1.35429,-1.6045,-2.24583,-3.57832,-3.65391,-3.39704,-3.35683,-3.0358,-2.83874,-2.56875,-3.38338,-2.95359,-3.1982,-2.3242,-2.33876,-2.47408,-1.60301,-1.80417
6.61923,6.26285,5.75121,5.52763,4.87355,4.22283,4.24677,4.63517,3.68348,1.80309,2.28449,3.69326,4.05024,4.73,4.88137,4.26963,3.40428,2.38176,1.76777,1.79385,1.32656,0.835208,0.686553,-0.654241,-1.56566,-1.06133,0.228221,1.29078,1.44122,1.19789,-0.363149,-0.903122,-1.41849,-1.33901,-1.39679,-1.29561,-2.67046,-1.70939,-1.15441,-2.88379,-1.98115,-1.49555,-1.35786,-1.29147,-1.15617,-1.19746,-1.81822,-2.61132,-3.87844,-3.82703,-3.7431,-3.07784,-3.24958,-3.40337,-3.27498,-2.56878,-2.5612,-2.17873,-1.58379,-2.04492,-1.67854,-1.33783,-1.37677
6.30757,6.0018,5.62576,5.31735,5.14497,4.42043,4.68364,4.87085,4.65606,4.02578,3.57875,3.83152,3.85041,3.99953,3.81517,3.05829,0.593899,-1.20713,-1.8847,-1.94221,-2.0733,-2.22662,-1.71161,-1.45316,-1.70254,-1.56229,-1.39616,-0.751227,1.19815,0.853161,-1.00933,-1.15578,-1.4484,-1.35748,-1.46567,-1.48917,-1.24213,-2.17303,-2.02811,-1.88762,-1.65368,-1.63081,-1.57173,-1.29249,-1.03049,-1.44197,-2.34801,-2.95598,-3.25719,-3.79012,-3.69053,-3.52723,-3.46887,-3.3658,-3.16769,-2.555,-2.09528,-1.63483,-1.69796,-1.87868,-1.53631,-1.13264,-1.27358
5.62078,5.54717,5.43753,5.48494,5.44344,4.966,5.20283,4.78546,4.2694,3.70977,3.32341,3.55798,4.04293,3.884,3.00845,1.22969,-1.01864,-2.21962,-2.23401,-2.13022,-2.08441,-2.69084,-2.48628,-1.85741,-1.70317,-1.48757,-2.16766,-2.30508,-0.274296,-0.0993503,-1.32384,-1.55922,-1.6123,-1.58133,-1.71667,-1.74132,-0.984899,-3.06318,-2.1586,-1.51981,-1.70078,-1.73306,-1.75276,-1.38103,-1.55519,-2.38567,-3.04535,-3.17099,-3.53975,-3.10855,-2.64928,-3.34834,-2.68207,-2.21734,-2.82708,-2.44221,-1.65012,-1.80004,-1.88172,-1.88939,-1.76857,-1.25496,-1.18556
4.81105,4.97335,5.09084,5.29735,5.43243,5.50436,5.4843,4.94633,3.66821,2.82467,3.42566,3.48247,3.50695,4.19439,4.61995,4.11383,2.60148,1.96504,1.24492,0.074529,-0.450152,-0.117352,-0.164453,-1.29874,-0.19764,0.27778,-0.350369,-0.0680991,0.159774,-0.119688,-1.51608,-2.03103,-2.00167,-1.91247,-1.99929,-1.92231,-1.29634,-2.95423,-1.90209,-1.67455,-1.94257,-2.05699,-1.88186,-1.75048,-2.59904,-3.19551,-3.12334,-3.02147,-3.5724,-3.22893,-2.45501,-2.29328,-2.77396,-2.18897,-2.44219,-1.88268,-1.6583,-1.76408,-1.86433,-1.7991,-1.8987,-1.86273,-1.30398
3.51493,4.06323,4.4714,4.99321,5.08936,5.2098,5.0302,4.61291,4.24162,4.28914,4.58814,3.46442,1.54467,1.58182,3.72896,4.60889,4.93993,4.72287,3.84969,2.78671,1.31238,1.08568,1.45301,0.318945,1.97098,3.26519,2.9219,2.09217,1.45851,-0.112559,-1.90572,-2.45324,-2.34884,-2.09825,-2.15558,-1.86249,-1.35444,-2.18495,-2.21746,-2.30107,-2.6085,-2.41068,-2.138,-2.47558,-3.08401,-3.23249,-2.92234,-2.82879,-2.60585,-3.37102,-2.50248,-2.20183,-2.59648,-2.41403,-1.69084,-1.54654,-1.69642,-1.56783,-1.72072,-1.74195,-1.84811,-2.26261,-1.85982
