public/uploads/wind/vent_json/20200528/wind_field_20.json
{"header": {"parameterUnit": "m.s-1", "parameterNumber": 3, "dx":  0.051, "dy": 0.036, "parameterNumberName": "northward_wind", "la1": 45.3082, "parameterCategory": 2,"nx": 177, "ny": 123, "refTime": "2018-10-03 01:00:00", "lo1":1.38177}, "data":
[rows 84 to 111 of 123, columns 64 to 127 of 177]
2.0001,2.31878,1.70297,1.70548,1.02878,1.67185,2.23908,2.33751,3.06794,2.68148,1.37421,-1.19234,-1.40543,-0.626802,-0.471634,-0.00194199,-0.995744,-2.83412,-3.0245,-2.97766,-3.12718,-3.34129,-3.38078,-2.8137,-0.621673,2.05978,3.00813,2.59079,1.54811,1.33284,0.831154,-0.316711,-2.32181,-1.38608,-0.790508,-1.22258,-2.36791,-2.98877,-4.32825,-5.65046,-4.11953,-0.772174,-0.6634,-3.19712,-4.96902,-4.70279,-3.43531,0.54882,1.67587,-1.32972,-0.909231,-1.33758,-3.72887,-5.13645,-5.29297,-4.36197,-1.48152,1.83732,1.73069,-2.36671,-3.57377,-3.1984,-0.651266,0.615247
1.94374,2.0139,1.98493,0.874636,0.412245,1.36561,1.57609,1.48794,0.665973,-0.316153,-1.06691,-1.71889,-1.68014,-0.238473,0.717738,-0.175568,-2.5619,-4.08973,-4.65815,-5.42457,-5.99219,-5.75991,-5.71165,-4.3923,-2.323,-0.290925,-0.803291,-2.46175,-1.59412,0.259944,1.10829,-0.069625,-3.97552,-4.75941,-3.57235,1.13283,1.85677,-4.70002,-8.77005,-9.97271,-7.89302,-3.06565,2.3825,1.8295,-2.73174,-2.53363,-0.879002,0.0244132,0.0611549,-1.56934,0.315069,-3.63453,-6.58209,-8.29888,-7.3846,-5.07457,-2.66932,0.935936,2.17843,-3.65624,-3.21066,-1.03882,0.238736,-0.0416981
0.453111,1.41214,1.49099,0.416923,0.3209,0.782969,-0.0999335,-0.59401,-1.53553,-1.95937,-2.95022,-3.37552,-3.83711,-2.94402,-0.933786,-3.20152,-4.80063,-5.47769,-5.49443,-5.79619,-4.88911,-4.37628,-4.06768,-2.85523,-2.06444,-0.863842,-0.9092,-3.05925,-3.54155,-1.30775,0.94836,1.56255,-1.74844,-5.1883,-7.0132,-5.36707,0.102165,-4.2496,-7.64503,-7.32201,-4.74508,-2.00909,1.5282,-0.795704,-4.93955,-4.60225,-1.82081,-1.71963,-5.24572,-7.5401,-6.69573,-6.69543,-6.0111,-5.15001,-4.67828,-2.04033,-0.945996,-2.66585,-3.82978,-3.05921,0.166924,1.66158,0.988533,-0.0879012
0.0465998,1.53334,0.868282,0.869779,0.649455,0.929531,-0.866233,-1.02763,-1.86951,-1.93378,-3.17671,-3.78695,-3.25761,-1.77398,-1.88977,-3.99562,-4.60636,-3.74934,-2.37431,-0.494287,1.59701,3.10295,2.8822,2.21943,1.28445,-0.902014,-0.485284,-1.84185,-3.26488,-2.38997,-1.04802,0.631903,2.77154,1.72998,-3.3707,-8.17325,-6.87426,-3.77862,-4.29809,-4.48769,-3.77817,-4.85079,-6.08738,-7.28828,-7.36748,-6.26061,-2.38391,-3.46418,-5.75958,-7.08867,-8.12359,-6.52348,-1.35659,1.16726,-0.283547,-1.30737,-1.56507,-4.57996,-5.2872,-4.25355,-3.54909,-4.52873,-3.89311,-0.0390265
0.897294,1.22776,0.0820204,1.07037,1.02266,1.60606,1.16918,1.16277,1.15055,0.418128,-0.717068,-0.0777134,1.09665,0.588781,-2.27563,-2.09622,-0.462635,1.1737,1.58396,1.19081,0.510577,1.5389,2.3743,2.64369,1.47102,-2.21213,-2.16484,-2.84891,-3.94686,-3.5007,-3.71056,-3.34858,-0.651095,2.21622,1.37762,-3.86667,-8.15706,-5.79935,-2.54309,-5.12312,-7.75784,-10.9625,-11.0802,-6.52236,0.390145,-1.18501,-3.6151,-4.10937,-5.23926,-4.87725,-1.3522,0.246625,3.15743,5.71475,3.93741,1.21592,0.130569,-1.23673,-1.10056,-3.62172,-5.33036,-5.25198,-4.89855,-3.08749
0.545125,0.941995,0.57145,1.16336,1.725,2.7077,3.71798,3.41185,2.64514,3.55035,3.86809,3.69044,2.05035,-2.00651,-1.89104,0.373351,0.766451,1.81398,2.30514,0.826842,-1.90578,-2.34137,-1.04902,-0.0663627,-0.198562,-2.5672,-3.3409,-3.67905,-4.44292,-4.73045,-5.05252,-5.45847,-5.02226,-2.38874,0.856506,-1.96495,-6.22844,-6.70424,-4.87631,-8.20233,-10.255,-10.5018,-8.33875,-0.972707,3.48264,-4.08849,-8.4169,-8.39828,-6.68094,-5.06972,-0.254189,4.18531,5.78006,6.11522,5.69286,4.17555,3.74728,3.65747,4.85003,1.8055,0.244465,1.35366,1.47128,-0.750888
0.186672,1.26352,0.753363,1.07221,1.43059,1.8835,2.79114,2.42004,1.77463,1.25097,2.55849,1.76749,-0.112629,-2.12986,-0.344572,0.0435111,-1.25574,-2.03063,0.51768,3.19678,3.43205,2.00796,1.52315,-0.567212,-0.0462958,0.482965,-1.4142,-2.77776,-4.13313,-5.54244,-5.01198,-3.17865,-3.90616,-3.34428,-4.55389,-6.20918,-6.43295,-6.43049,-7.13172,-8.58222,-8.91391,-7.54625,-4.78096,-3.368,-6.4557,-10.2423,-7.82509,-3.78081,-0.754124,-0.401997,-0.647507,1.88498,3.90922,4.68272,5.06733,3.9482,2.7125,4.02832,5.5312,5.81516,5.49841,4.92746,5.20693,4.12351
0.599846,0.886829,1.0823,1.28698,0.875495,0.63149,0.40065,0.648112,-0.205835,-2.59242,-2.78907,-0.0402731,1.62696,0.890431,-0.982876,-1.8749,-2.76179,-2.85466,-1.39357,2.42022,3.89636,2.98242,1.02213,-1.61125,-0.554002,1.50453,2.4407,2.14526,-0.326269,-4.01874,-5.71335,-5.32009,-3.11917,-4.14191,-7.30909,-8.17737,-6.93361,-6.08126,-5.14063,-5.39929,-6.32525,-5.48326,-5.46243,-7.92826,-9.71701,-5.51093,-0.653664,3.48988,6.42394,7.56353,6.89982,5.0175,3.6221,3.47795,3.72791,3.66498,3.46275,4.80049,4.0693,4.31789,5.31884,4.20288,3.66038,3.86154
1.06974,0.141708,0.168051,0.626837,0.810354,0.0785648,-0.646052,-0.403639,-0.121364,-0.785825,-0.980719,0.218038,1.38684,0.224374,-0.966115,-0.262198,0.547263,-0.193035,-1.7829,-0.496925,1.42066,0.100127,-1.97701,-1.42351,-1.02546,-0.849502,0.749678,1.89061,1.68992,1.19814,-2.51284,-4.15027,-2.62226,-4.06292,-5.45908,-5.05159,-4.49441,-3.04136,0.56974,-0.849635,-2.26014,-4.0269,-6.33631,-8.36459,-3.97812,1.19725,1.21109,0.11691,1.1468,3.92267,4.1147,2.0451,0.385036,0.72283,0.889437,1.4435,3.10178,3.58553,1.70546,0.671821,0.760124,1.36328,2.17901,3.09282
1.24287,0.111289,-0.510493,-0.351586,0.925294,0.825596,-0.499074,-1.83036,-0.299903,1.33609,1.98348,-0.574762,-2.21884,-1.21221,0.220987,1.06101,1.12134,0.0291816,-2.24393,-2.22068,-1.4031,-2.76041,-3.57719,-1.94889,-1.13239,-1.40302,-2.89695,-3.32274,-1.85032,2.49059,2.56302,2.23601,-1.74761,-3.10674,1.32723,4.31689,4.47832,4.29902,5.02641,5.04869,3.72025,0.770974,-3.51347,-4.44574,-2.9931,-3.09248,-7.44479,-10.4917,-8.76169,-7.04238,-5.88018,-4.44175,-2.73622,-0.800955,0.311574,0.770134,1.30369,1.01154,0.788278,0.555137,0.535294,1.06294,1.97892,2.44787
0.931145,0.829123,0.265302,-0.274429,0.354668,1.48988,-0.228268,-2.98551,-2.16037,-0.225793,1.72406,-0.372935,-0.486582,-0.54369,-2.40735,-3.31852,-2.30381,-1.65895,-1.86498,-1.32281,-2.16637,-3.16098,-4.15709,-4.17933,-3.19922,-0.125036,-0.0701228,-2.03129,-1.82356,3.20604,4.22251,3.41941,-0.857671,0.79224,4.62237,4.76023,3.07903,1.22161,0.535646,3.71737,5.08359,5.28212,1.49336,-1.56923,-5.74519,-7.43319,-8.15539,-8.42174,-7.44131,-4.96248,-2.33959,0.474409,1.95321,1.79008,1.52437,1.02616,1.0758,1.51801,1.67232,2.08876,2.28152,2.01255,2.13435,2.08409
-0.768282,-0.119723,-0.67443,-1.51671,-1.29007,-1.028,-1.11929,-1.36984,-0.789085,-2.75375,-3.45819,-3.17047,-1.05886,0.0101621,-1.88073,-3.20075,-3.30394,-3.99473,-3.36356,-1.13789,-0.516005,-1.32982,-2.69321,-3.80337,-3.81902,-1.44855,2.21642,3.63321,3.12957,3.32486,3.34208,3.24748,3.35836,2.68374,-2.59467,-6.31265,-7.99406,-8.78543,-8.07887,-5.00069,-1.28848,2.32152,1.73507,-0.853216,-1.33485,1.21637,2.67968,4.04195,3.82122,2.77894,3.11108,3.29203,3.23385,2.6224,1.83172,1.19874,0.392173,1.11247,2.04223,2.53836,2.59051,2.6373,2.85266,1.08703
-0.50439,-0.0593764,-0.751219,-0.980774,-2.03766,-1.74541,-0.0163919,1.37148,1.43346,-1.61163,-3.72785,-3.91614,-3.31526,-0.495232,0.167211,-1.65599,-2.6472,-3.1846,-3.04446,-1.81283,-0.851802,0.266504,-0.0624399,-1.92423,-4.32016,-3.53407,-0.614262,3.22342,2.71783,-1.83145,-0.706286,3.37856,2.95988,-0.825736,-4.82699,-4.82528,-4.7417,-5.09046,-5.8264,-3.38796,-2.3876,-2.19162,-2.33414,-1.67984,2.31661,3.32798,5.95917,7.34287,5.93318,3.77671,1.41814,-1.89606,-2.44207,-2.36422,-1.14769,0.541142,0.850993,1.26042,1.74998,1.8444,1.56078,0.981763,1.53038,1.65306
0.747222,1.51126,1.57959,1.76422,1.7206,0.986245,2.51109,3.28092,2.87695,0.701809,1.2888,1.03517,-2.34556,-3.5465,-3.66504,-3.73994,-2.34715,-0.498559,-0.844417,-1.85863,-2.57718,0.203007,1.74243,0.804964,-1.22995,-1.19555,-1.57066,-0.574485,0.813773,0.0553813,-0.777295,0.315148,0.673269,3.45916,5.81363,6.18581,5.42032,4.2714,1.8824,-0.00554061,-1.03806,-2.40598,-5.50436,-4.98332,-5.18807,-6.77396,-5.13048,-1.94268,-2.82608,-4.07735,-4.34597,-4.51896,-3.84358,-3.1495,-1.93879,-0.209296,1.20393,1.37537,1.3107,1.50317,1.21899,0.0672517,1.29319,2.59939
1.2607,2.75124,3.73529,3.6092,3.29788,2.57441,1.45773,0.697378,1.95395,2.56893,1.517,2.0903,-1.3692,-3.91309,-3.33787,-0.0322382,0.635536,-0.935071,-2.40055,-2.92345,-3.93483,-3.47419,-1.27383,1.60926,1.24518,-0.799575,-2.1072,-0.104494,0.698503,1.49457,-1.46781,-4.6058,-4.41144,0.341381,2.20249,5.39201,4.95479,3.95729,4.09923,-1.47638,-6.22134,-3.30553,-2.14537,-5.59111,-6.42243,-5.84867,-5.98125,-5.54714,-2.14107,-1.58316,-1.41045,0.450449,1.18801,0.43069,-0.211853,-0.284013,0.188207,0.341135,0.308594,0.876714,0.87049,0.0534907,1.22688,2.77594
-0.193153,0.922867,1.75357,1.18853,2.31318,2.05202,1.275,1.30394,1.23479,-0.588091,-1.3076,0.127457,-0.945159,-1.3814,0.137938,2.9342,0.633126,-2.57369,-4.11375,-4.31076,-4.84367,-5.21142,-4.66857,-4.2456,-3.73068,-5.12522,-5.42853,-4.118,-4.66248,-5.4015,-7.19167,-8.73782,-9.52815,-8.66311,-7.89391,-4.06937,2.12445,1.88556,2.68132,-0.760238,-6.4244,-4.21589,1.80438,-0.182735,-1.45726,0.639625,-1.05585,-5.32952,-3.4718,-2.38144,-2.13977,1.81356,2.3163,1.31253,0.239265,0.0601607,0.107544,0.261596,0.213793,0.606007,0.690844,0.413851,1.05039,1.90665
-1.17702,-0.899527,-1.54802,-2.09784,0.139663,1.62074,2.68125,2.63628,-0.37754,-2.06879,-1.99531,0.447902,0.856817,0.656766,2.44792,1.10838,-1.41385,-1.34185,-2.5557,-3.57035,-4.25984,-4.95536,-5.48849,-7.48029,-7.30199,-5.90534,-4.95795,-4.02606,-4.18555,-4.49326,-6.35495,-7.23193,-7.66883,-7.92939,-6.95198,-4.80839,-0.062352,6.79315,7.37934,3.45891,0.428002,1.69143,3.7757,1.72741,0.838165,-0.532489,-4.55944,-8.90678,-8.79517,-7.0075,-4.46212,-0.721066,1.48751,2.01302,1.24363,0.564021,0.397886,0.700484,0.79225,0.536088,0.345579,0.621955,1.03121,2.55485
-1.37465,-0.108397,-1.29456,-2.73538,-1.84441,0.616431,1.76756,1.65335,1.27925,3.11555,3.34648,2.7637,1.53093,2.7189,3.02666,1.28917,0.663612,0.241003,-1.68519,-1.96026,-3.40249,-4.93782,-4.80166,-2.93364,-3.32269,-2.92128,-0.877285,-0.662677,-2.4047,-1.66188,1.43474,0.411816,-2.73394,-5.06108,-6.45847,-7.30658,-5.55168,3.13659,6.98266,6.28783,6.90385,6.33326,3.56451,3.62812,1.8711,-5.03238,-8.20693,-6.11171,-2.96172,0.484346,2.52574,2.48959,2.68077,3.26191,2.59225,1.5115,0.818644,0.940788,1.00866,0.425247,-0.0994367,0.571002,1.21184,2.61973
0.254393,0.86254,1.73908,1.13314,0.687683,2.02711,2.17798,2.73522,3.40344,3.97355,3.77099,2.69035,0.775176,1.23504,0.0818815,0.012596,-0.535183,-2.22453,-4.04588,-3.96958,-2.79472,-4.31463,-4.25596,2.3666,3.4109,1.0108,1.27034,-2.34468,-7.80017,-6.65256,-0.0776277,-0.00739795,-4.14213,-5.88378,-5.76631,-5.44891,-4.13477,-2.82234,-2.80121,0.575163,5.71851,6.52555,7.86926,7.52007,2.8355,-2.01977,-0.142817,1.64371,2.95183,2.92843,2.38599,1.1173,0.836923,1.36449,1.99238,1.63884,0.902433,0.5729,0.579804,0.268873,-0.0782488,0.237736,0.657581,0.481201
0.665146,1.43523,3.05715,3.84383,3.81819,3.56964,2.2293,1.7106,1.59313,0.769039,-0.68227,0.849132,1.68387,0.743131,-3.03933,-4.80355,-4.5824,-4.40709,-4.12665,-1.52559,1.01268,-1.00371,-3.78037,0.214126,2.77131,2.89574,0.16613,-5.99416,-8.5444,-9.21194,-7.973,-7.84079,-7.46733,-5.14572,-0.445789,2.21021,3.38712,-1.97573,-5.31299,-4.96949,-0.663833,4.51361,7.41245,6.94968,5.45304,5.50541,5.91451,4.19286,-0.380568,-2.70903,-2.6111,-1.23658,-0.528691,0.200169,0.268733,0.803049,0.801781,0.409051,0.270223,0.349403,0.476739,-0.226256,-0.460953,-1.81879
-2.58018,0.450255,3.18387,3.70784,3.39727,2.16091,-0.486955,-2.88208,-2.61918,-2.18498,-2.9312,-0.604503,1.75666,0.822973,-2.91727,-5.49139,-5.78831,-3.3292,0.485737,3.18899,4.36507,1.83279,-1.13331,-1.86606,2.32952,2.71835,-1.48989,-2.93863,-2.59252,-2.19201,-6.68171,-7.51288,-5.62218,-1.03618,1.89225,3.74064,2.86087,-2.78365,-2.87041,-1.8258,-2.88356,2.02903,4.88131,8.74156,9.07604,9.76224,9.82763,7.9278,4.24803,1.91637,-0.292118,0.0598501,0.243181,-0.656468,-0.644858,-0.0233245,0.0796682,-0.0143939,0.0676731,0.566797,0.606534,-0.365479,-1.10867,-3.0146
-1.46506,-0.58572,1.45903,2.59098,3.01215,1.69923,0.194222,-2.6207,-3.95827,-3.80378,-3.33592,-3.17335,-2.84936,-2.83233,-2.4165,-3.56196,-2.94064,0.115835,3.26682,3.89502,2.40184,2.05463,3.41979,3.81835,3.49073,-2.59495,-5.19426,-1.6084,4.1093,3.42811,-2.31456,-6.16669,-4.57809,-0.177715,2.05336,2.22864,-0.36835,-0.659246,0.275009,0.0853612,-5.16444,-6.33453,-5.4728,0.567748,3.36539,3.27644,4.21448,6.05546,5.39025,2.81264,-0.203357,-0.665671,-1.40671,-2.30696,-2.13611,-2.07017,-1.73729,-1.00335,-0.39859,0.337982,0.230581,-0.0467068,-0.592188,-1.47271
-1.07914,-2.48977,-0.91726,1.57877,3.17492,3.02019,3.0992,1.68815,-1.19324,-3.83093,-3.91987,-4.22238,-4.30879,-4.00501,-3.05011,-1.56601,-0.60626,0.777499,1.89452,1.04433,1.50424,3.59584,5.11934,2.58111,-3.52203,-5.07077,-5.2995,-4.98915,-4.30216,-6.37002,-9.55054,-8.95943,-8.20684,-5.46774,-1.41165,-0.19482,-2.03964,5.11494,6.44529,2.98889,-1.64157,-4.35071,-6.83355,-6.39616,-2.3458,-0.613771,-2.45001,-5.39788,-4.7632,-3.43591,-2.21784,-2.59366,-3.07684,-3.09996,-2.83282,-2.70805,-2.32218,-1.6391,-1.40415,-0.834123,-0.413018,0.460679,0.200655,-0.647009
-4.60371,-4.0406,-2.69948,0.909688,2.63467,3.15851,3.63481,3.36687,1.55168,-1.48579,-3.78392,-4.34372,-4.03943,-2.05501,-0.831985,-1.29143,-1.94707,-2.42658,-2.2328,-1.44161,-1.50915,1.501,2.87154,-0.528412,-2.16702,-0.827068,-3.43834,-7.505,-9.55326,-9.5145,-9.39034,-8.18784,-8.20055,-9.17641,-7.51152,-7.14905,-6.73249,2.02912,6.80166,6.03061,3.46123,2.86077,1.0279,-0.213034,1.24552,3.78502,0.659932,-3.24297,-4.10036,-2.61738,-2.16975,-1.65351,-2.36383,-2.65112,-2.64777,-2.6833,-2.27179,-2.34699,-2.26957,-2.00591,-0.893431,0.180648,0.396346,-0.299409
-3.89043,-2.14288,-1.3313,0.0407009,1.77269,2.55292,3.29412,3.57888,2.99582,1.20761,-0.34301,-1.26111,-2.6987,-0.0898622,2.31024,0.559802,-0.733641,-1.0877,-1.23986,-2.28604,-3.4179,-3.07717,-2.9898,-3.98138,-3.59463,-1.99597,-6.13476,-7.91319,-4.05468,1.4759,1.43472,-1.87464,-7.15199,-9.0314,-9.68351,-7.71607,-2.9265,-0.0852593,-1.16981,4.57408,7.2361,9.36185,8.22444,5.15504,2.74969,5.32609,6.62918,6.19666,4.8934,2.90978,0.135919,-1.74066,-1.472,-1.53202,-2.52535,-3.00944,-2.62143,-2.33924,-1.70999,-0.861438,-0.320241,-0.180321,-0.411544,-0.747806
-1.51762,-1.05387,-1.09388,0.0402098,1.84878,1.92325,3.28333,3.2106,3.43557,3.47836,3.71148,3.6095,1.37225,1.91698,3.11757,2.09755,1.13483,1.52822,1.94552,1.48884,-0.122972,-4.18911,-4.82929,-4.66627,-5.29156,-4.27045,-3.66168,-1.08045,1.91474,0.693134,-2.87679,-5.74504,-5.59872,-4.46005,-3.02433,-0.724375,-1.0226,-4.43034,-3.95883,-0.325676,3.0801,5.99143,6.90442,6.62142,3.61137,2.01106,3.19983,6.27549,5.18965,2.13016,-0.901239,-3.16849,-2.5005,-2.41,-2.2892,-1.18845,-1.43827,-0.66168,-0.24514,-0.242152,-0.0127262,-0.181136,-0.572998,-1.39205
-0.639268,-0.73554,-0.893819,-0.0989624,1.30307,1.88439,3.24519,4.00213,4.09498,3.81545,4.14891,4.29724,4.37311,3.74468,2.59491,1.82863,-1.39908,-1.96713,-0.591755,1.70924,-0.429527,-2.51552,-2.84073,-2.84992,-3.40511,-1.17806,1.65825,4.16172,2.79821,-5.74858,-8.60879,-6.56942,-4.19921,-0.446809,1.88742,0.110663,-4.72952,-6.41508,-2.10688,-1.04676,0.878966,0.976137,2.39261,5.91891,3.58074,-1.06661,-0.922771,0.530248,-1.54821,-3.48129,-3.38297,-2.59817,-2.17943,-3.15473,-1.58214,-0.556913,-0.804903,-1.01722,-0.526806,-0.875138,-0.615187,-0.731565,-0.324278,-1.19806
2.75723,1.81178,1.42247,0.685912,0.962322,1.87562,0.683125,1.61458,3.27966,4.18138,4.1883,4.53568,4.86841,4.13717,1.75791,1.09637,-1.02197,-3.44287,-2.70778,1.2575,1.26767,2.04293,0.508886,-3.51478,-2.67441,1.76767,6.7348,6.14178,4.60304,3.72524,4.97499,5.71635,4.36667,2.94108,-0.780285,-6.07825,-6.45146,-3.97987,-1.627,3.257,5.56324,6.49733,6.96564,6.13812,4.36437,2.01546,1.34102,-2.69732,-5.55661,-4.11739,-1.17707,0.341423,-0.389796,-1.70274,-1.11077,0.518573,-0.176484,-1.5503,-1.32165,-1.62541,-1.53984,-1.67028,-0.559172,-0.265149
