public/uploads/wind/vent_json/20200528/wind_field_02.json
{"header": {"parameterUnit": "m.s-1", "parameterNumber": 2, "dx": 0.051, "dy": 0.036, "parameterNumberName": "eastward_wind", "la1": 45.3082, "parameterCategory": 2,"nx": 177, "ny": 123, "refTime": "2018-09-30 00:00:00", "lo1":1.38177}, "data":
[rows 28 to 55 of 123, columns 0 to 63 of 177]
0.646228,0.243678,1.58308,0.0664677,-0.350539,-0.778343,-1.72835,-1.27214,-1.24228,-2.08904,1.34767,3.88174,1.66361,-0.170523,-0.0253268,-0.213639,-1.08025,1.2304,3.11769,3.45464,3.65529,2.317,1.63662,0.795326,-1.24917,-2.25007,0.428377,2.53783,1.18656,1.19003,1.73213,1.71887,2.53174,2.29323,2.5125,2.41074,2.35848,2.37172,1.96017,0.727442,-0.14365,-0.88162,-1.13761,-0.818826,-0.454086,-0.889942,-0.512795,1.18236,1.6497,1.74937,1.35832,1.05661,1.4273,1.69239,1.92975,2.03935,2.01255,1.92854,2.14383,2.4711,3.00366,3.91871,4.17516,4.25623
0.206023,-0.0478969,1.25693,0.350339,-0.501481,-1.23135,-1.90746,-1.03648,-0.678474,-1.38544,0.230409,3.44402,2.57841,0.694912,-0.555196,-0.969282,-0.387089,0.842512,2.52223,3.53111,3.36779,1.80247,1.67041,1.31263,-1.30689,-1.28906,0.865028,2.72049,1.48224,1.2835,1.64992,1.70837,3.17557,3.24942,3.73406,3.31678,3.10655,2.60729,1.11198,-0.603356,-1.71855,-2.18473,-1.70766,-1.0387,-0.644627,-0.159034,0.373019,0.730944,0.948487,0.97277,0.932298,1.09466,1.43052,2.01688,2.74854,2.78027,2.35713,2.28366,2.4118,2.39901,2.76608,3.49974,3.79217,3.8673
-3.72581,-3.36424,1.51084,0.997416,-0.0128025,-1.37502,-2.679,-1.31843,-0.845712,-1.42551,-0.0261992,2.87376,2.8463,0.482466,-1.40654,-0.943743,0.842198,2.60149,3.50082,3.37545,1.46775,0.411029,1.23387,1.08026,0.00716957,-0.179423,0.660432,2.53567,2.07029,1.55518,0.805698,1.59394,2.5304,3.598,3.86671,3.80414,2.81799,0.908918,-0.43849,-1.35047,-2.29215,-2.29317,-1.34089,-0.495655,-0.432774,-0.717316,-0.2445,0.637203,0.833958,0.944074,1.29652,1.6347,2.00462,2.2198,2.32712,2.50027,2.74551,3.10243,3.20469,3.32278,3.10614,2.67802,2.50729,2.6707
-0.292844,0.194045,1.1702,1.11891,1.56128,1.11433,-1.44528,-1.81065,-1.03308,-1.15112,1.06829,3.69304,1.65028,-1.10124,-3.6531,-3.03041,1.02644,4.45232,4.45464,1.80494,-0.833557,-0.698078,1.95865,2.71057,1.60362,0.725478,0.796207,1.03749,2.0736,1.54837,0.897869,1.31049,2.62957,1.91975,2.4502,1.32901,-0.681734,-1.52619,-1.88253,-2.19468,-2.01387,-1.39541,-0.953069,-0.872733,-0.617851,-0.0234462,0.559107,1.09623,1.12511,0.923215,0.942063,1.40428,2.32399,2.63561,2.67514,3.0972,2.75607,2.52692,2.95918,2.88711,2.69263,2.68932,3.0488,3.03487
-0.0620721,0.514903,1.23034,1.44928,2.07208,2.52986,0.882937,-0.907554,-1.53409,-1.07289,1.39827,3.47182,0.673325,-1.06051,-1.71067,-0.915238,1.43937,3.4007,3.02283,1.23737,-0.0332021,0.217487,1.93217,3.15468,1.80706,1.20636,0.935826,1.33363,2.04624,2.08616,1.08521,2.13998,2.54611,3.16933,1.95823,-0.214348,-1.63969,-2.13059,-2.04565,-1.79669,-1.6037,-1.4,-0.857145,-0.310224,-0.456934,-0.144072,0.641316,0.905079,1.16158,1.43127,1.56658,1.77671,2.15562,2.74777,3.38606,3.12277,2.27226,1.82949,1.65519,1.53105,1.56421,1.74468,2.41782,3.66375
-0.0414333,0.697766,1.68019,2.05853,2.65634,2.91985,1.862,0.321455,-1.33275,-1.25972,0.747925,1.42506,-2.2139,-2.23486,2.47996,4.05111,3.47962,1.9848,0.0681932,1.08601,3.29123,2.11845,1.61474,2.07159,2.10815,2.79681,2.93328,2.96675,2.79951,2.66482,1.85389,2.4743,3.32598,3.50646,2.41396,0.645462,-0.744147,-1.46727,-1.72445,-1.68938,-1.32308,-0.995915,-0.715819,-0.453731,-0.0911144,0.302809,0.625309,1.01052,1.56378,1.8548,1.74508,1.83407,2.20533,2.32548,2.27976,2.33069,1.92588,1.53325,1.70085,1.89877,2.05604,2.26436,2.40483,2.98501
0.45416,1.22239,2.41748,2.45019,2.79109,3.11457,1.9248,0.938096,-0.527441,-0.997223,0.687107,0.270221,-3.54003,-1.4335,2.88143,5.67089,3.84219,0.382702,-0.743302,1.44624,3.2215,2.9339,2.31297,1.90264,2.3789,2.46458,3.23465,2.87424,2.6916,1.90886,2.30439,2.09787,3.0356,3.10469,1.31723,-0.883462,-1.07824,-0.853698,-1.3529,-1.62453,-1.17851,-0.841998,-0.588988,-0.21923,0.301716,0.838435,1.11555,0.995198,0.900039,1.32112,1.9224,1.81775,1.58947,1.7383,1.55044,1.25996,1.48334,1.91969,2.16384,2.25719,2.29889,2.40215,2.74184,3.10707
0.763438,2.18022,3.08786,3.12526,3.21734,2.54814,0.815269,0.997112,2.84145,2.29383,3.12312,1.75971,-1.21829,-0.42325,3.55085,4.81959,3.78283,0.889429,-0.478168,1.55678,2.7537,1.92681,1.56617,1.54805,2.64006,2.46777,3.13861,3.03887,2.8922,2.59279,2.76567,3.05031,3.13846,1.68092,-0.541216,-1.75896,-1.71719,-0.934347,-0.248891,-0.932192,-1.10152,-0.491499,-0.289378,0.0816936,0.54882,0.857558,1.15433,1.10207,1.29782,1.72567,1.39186,0.699177,0.674846,1.10933,1.42268,1.71143,1.87728,2.02247,2.16611,2.28867,2.4051,2.64685,2.94794,3.23546
1.33293,3.1712,3.54594,2.95875,3.05582,1.64445,-0.137594,0.634957,3.41805,3.62271,1.21975,0.273883,0.720235,1.37077,2.09094,3.66675,3.67019,1.30953,0.706301,1.21415,0.326098,-1.23829,-0.214017,1.99447,2.71388,2.10172,2.67245,2.80644,2.62362,2.2114,2.74943,1.87028,0.22258,-1.70486,-0.275872,0.379776,-0.810488,-1.36749,-0.449987,0.252917,-0.156085,-0.246234,0.0251122,0.22892,0.841897,0.978753,1.22388,1.30288,1.25705,0.82492,0.273826,0.817673,1.39694,1.63966,1.81404,1.84813,1.94307,2.20085,2.50723,2.78515,3.01881,3.23788,3.17916,3.21536
2.11282,3.10269,3.50034,2.8699,1.95892,1.42191,0.851034,1.02705,1.87117,3.32902,2.32125,-0.555889,1.23506,4.31945,3.59684,1.79427,1.79281,1.00675,0.601037,-0.210011,-1.2468,-0.70383,1.4049,3.16358,2.97549,1.9433,1.94656,1.36618,1.89009,2.14535,1.1081,-1.01774,-2.20832,-0.725071,0.480016,1.08754,0.35556,-0.848752,-0.757558,0.338484,0.864069,0.466857,0.0882115,0.358655,1.04574,0.938061,0.496867,0.316375,-0.130187,0.0551899,0.891678,1.33859,1.67928,1.86724,1.87645,1.88106,2.0919,2.51458,2.96136,3.26074,3.30776,2.96756,2.47499,2.3776
0.927666,2.63017,3.54348,2.46081,-0.231922,-0.82958,0.916821,2.14682,2.56551,3.9621,3.94657,0.92465,2.63666,7.31983,6.07312,2.54386,1.57748,1.19304,0.0492354,-0.537767,-4.33809e-05,1.76975,2.84821,2.94199,3.02791,3.16072,3.40305,1.95326,1.41099,1.01882,-1.15151,-2.19397,-1.32731,-0.471183,0.563604,0.688632,0.837797,0.176814,-0.490791,-0.121256,0.282831,0.830264,0.381425,0.411383,0.463354,-0.709829,-0.868167,-0.820654,-0.574163,0.406543,1.17916,1.68118,1.90301,1.93143,1.91578,2.09426,2.5322,3.02526,3.32397,3.2054,2.72396,2.41774,2.70077,3.51334
-0.0626415,1.61397,3.36801,1.64494,-2.04614,-3.50688,-1.57935,0.199902,1.67228,3.85342,4.30842,2.05994,3.8463,7.71713,5.54981,1.88636,2.10496,2.02079,0.964712,1.01442,2.20371,2.71872,2.78939,2.55123,2.66145,2.47005,2.17838,1.41837,1.19608,-0.541073,-1.92488,-1.06201,-0.659314,-0.793676,-0.0694533,0.0518333,0.0908778,0.696722,0.233079,-0.353962,-0.15368,0.345794,0.411241,-0.352085,-1.03415,-1.14815,-0.713623,-0.024217,0.28173,0.910945,1.59705,1.97962,2.05601,2.04696,2.20766,2.60582,3.00646,3.04087,2.66395,2.40523,2.66741,3.33247,3.34908,2.94093
-0.600109,1.37783,3.57469,2.81579,0.179239,-2.27914,-2.76861,-2.50741,-1.5567,2.86327,5.42186,4.55425,5.4931,7.57698,5.15765,2.52443,2.82553,3.64318,2.51625,1.55635,0.302081,0.35278,2.14489,2.37518,2.55323,1.75926,0.407967,0.045771,0.00766375,-1.24601,-0.37718,1.58244,0.606398,-0.691025,-0.230845,0.211956,-0.686303,-0.275229,0.186579,0.0634993,0.435247,0.814948,-0.285666,-0.869824,0.0915443,-0.469989,-1.07123,-0.067013,0.786292,1.52913,2.00299,2.21359,2.22518,2.3446,2.73577,3.10542,2.75562,2.10529,2.26077,3.02786,3.10823,2.76385,3.00874,2.93861
-1.19273,1.14972,3.8519,4.26435,3.55821,0.381187,-1.72486,-3.24924,-4.05921,-0.53255,4.9118,6.78891,6.76971,7.47264,5.40464,3.26048,3.70085,3.75427,3.22308,2.2811,-0.227481,-1.31718,0.363445,2.50659,2.91823,0.487848,-1.61477,-0.871805,0.144235,0.0615554,0.63781,2.21404,0.901633,-0.437547,-0.463425,0.0241064,-0.529835,-0.219635,0.298173,0.620058,1.05497,0.83122,-0.611743,-0.45484,0.191665,-0.753598,-0.911771,0.381021,1.74028,2.2587,2.29463,2.26282,2.34483,2.62573,2.80555,2.38991,1.85704,2.06286,2.27185,2.26759,2.73243,2.77953,2.4467,2.65229
-2.74089,0.181671,4.59861,4.85388,5.32338,3.41818,0.143362,-1.2786,-3.57305,-2.21706,2.88831,6.90457,8.69079,8.24377,5.53524,3.03802,2.72927,2.8486,3.21009,3.42621,1.65572,0.127504,-0.0234306,1.22426,0.984828,-1.56589,-2.81026,-0.802222,0.647114,2.32516,2.44268,1.7885,0.284035,-0.234191,-0.50961,-0.672414,-0.153431,0.852739,0.940821,1.05252,0.0665843,-0.941391,0.00405913,0.423805,-0.162501,-0.473986,0.154195,1.39027,2.08162,2.16287,2.12116,2.42917,2.76833,2.3496,1.94064,2.0895,2.19968,2.17294,2.06121,1.93974,2.17029,2.5981,2.43469,2.07866
-3.90483,-1.15443,5.45668,5.49644,5.83449,4.97248,2.42705,-0.459988,-1.50425,-1.12658,2.73547,6.83415,8.24354,5.9636,3.47986,-0.18326,-1.31227,2.44023,5.67471,5.02729,4.10003,2.57543,1.70487,1.23087,0.359563,-1.84941,-2.27248,-0.63721,0.552287,1.2341,1.85058,1.35201,0.0377324,-0.321846,-0.131577,-0.171885,0.256189,0.535751,0.448151,0.850338,-0.814933,-0.906783,0.600639,0.320424,0.137801,0.387948,1.13221,1.89287,1.95466,1.98298,2.40431,2.47108,1.83782,1.27261,1.49636,1.90123,1.59401,1.41932,1.86462,2.1513,2.22793,2.26973,2.20178,2.03791
-2.8889,0.192645,5.87549,6.26716,6.0679,5.67599,4.64591,3.12669,1.82121,1.58303,4.36829,6.92827,5.75546,2.49989,1.42651,-0.551016,-2.58199,1.21735,5.45188,5.42651,4.22282,3.57263,3.09344,2.22411,1.08676,-0.399149,-0.852437,-0.150505,0.293679,0.482477,0.8637,0.472175,0.0531024,-0.0858176,0.381078,-0.177596,-0.0789834,-0.12655,0.430038,0.535856,-0.644497,0.0788122,0.511807,0.539916,0.667502,1.00956,1.65341,1.97133,1.99558,2.29125,2.30482,1.69844,1.52203,1.63304,1.4193,1.22415,1.39855,1.46486,1.56968,1.97636,1.88014,1.80263,2.04415,2.09346
0.947216,3.65965,5.93909,6.49107,6.25427,5.03575,4.82674,6.05696,6.2818,5.19674,4.98626,7.18771,6.01455,1.12501,0.951987,0.637935,-1.77782,0.181195,2.9075,3.61945,3.17591,2.92962,2.50744,2.38625,1.17686,1.05608,1.16777,0.602822,0.426343,0.926496,0.622434,0.474245,0.407817,0.285769,-0.168537,-0.32707,-0.556896,-0.281544,0.891838,-0.13758,-0.631984,0.71232,1.0138,0.928841,0.833097,1.32987,1.92072,1.95604,1.99956,1.90697,1.37448,1.16926,1.38135,1.41974,1.30101,1.18251,1.14802,1.38871,1.58956,1.59049,1.70252,1.6619,1.45205,1.19216
2.40043,3.40673,5.92866,6.85917,6.84797,5.17807,3.40925,6.15947,7.78187,6.85676,4.07661,4.62149,5.3553,3.53608,2.77515,2.67241,0.706652,0.412349,1.05581,1.5777,1.72865,2.01534,2.46031,2.5174,1.89249,2.59342,3.05961,1.95959,0.960498,0.891265,1.35154,1.21313,0.804505,0.174704,-0.306934,-0.238347,-0.769141,-0.118488,0.405519,-0.359852,0.0857927,0.912217,1.14651,1.06583,1.32075,1.7309,1.87902,1.77822,1.5146,1.4771,1.58614,1.1757,0.881799,1.07139,1.0113,1.13887,1.18041,1.08525,1.4453,1.45522,1.26739,1.46096,1.27158,0.831315
4.03523,5.22843,5.20634,6.02699,6.02007,4.7705,3.80457,5.86427,7.75885,7.88775,-0.606096,-2.88074,3.46851,5.57013,4.72129,4.01736,2.77408,1.21423,0.232566,0.0524765,0.546067,0.956969,1.74681,1.69356,1.53966,1.45924,1.63626,0.930642,0.555681,0.280086,0.392333,0.507281,0.380579,-0.208454,-0.181727,-0.16411,-0.669277,-0.517071,0.120654,0.462106,0.556318,0.721444,1.05887,1.35731,1.64063,1.89784,1.74173,1.33768,1.1577,1.20249,1.01591,0.769015,0.685039,0.613355,0.69885,0.865475,1.00765,1.36146,1.37925,0.952091,0.927162,0.855946,0.458264,0.285149
7.1298,7.59198,4.81253,5.17027,4.89811,4.31159,3.42092,4.6023,7.0324,8.26831,0.8566,-3.99063,3.21579,6.56887,5.4117,4.04547,2.62082,1.49683,1.25284,1.40462,1.37564,1.43992,1.42196,1.35652,1.39179,1.63636,1.36614,1.18249,0.539202,-0.0622965,-0.0125788,0.269881,-0.0662592,-0.461406,-0.0497046,0.0407588,-0.357604,-0.404608,0.512877,0.800255,0.425526,0.714122,1.0411,1.51038,1.80696,1.66989,1.24954,0.883962,1.12891,1.53911,1.38444,0.8447,0.582036,0.728657,0.949418,1.12763,1.19903,1.21082,0.768176,0.60409,0.797266,0.38239,0.0212937,0.214468
5.33679,4.78067,4.4166,4.15996,4.44683,4.02146,3.10808,3.60342,5.55523,7.5524,1.41943,-1.43884,2.28048,4.70738,4.87969,4.31783,4.03276,3.68996,3.18357,2.30995,1.91003,2.04772,1.31989,1.4675,1.3979,1.49749,1.16129,0.978445,0.18315,-0.549832,-0.160067,-0.140734,-0.329028,-0.388669,-0.0781912,0.109725,-0.0517323,0.222563,0.606228,0.515235,0.52075,1.05491,1.50662,1.57256,1.38558,1.15385,0.935048,0.894592,1.21264,1.40386,1.21491,0.850073,0.725766,0.75244,0.862766,0.917348,0.820563,0.934478,0.518927,0.545133,0.58675,0.0442033,0.235575,0.54007
5.69585,4.75077,3.79409,3.44776,3.95243,3.76565,2.08076,2.51552,5.26156,5.93402,2.33622,-0.171232,1.28779,2.10122,2.84725,3.72585,3.70385,3.28418,2.29797,1.50747,1.62376,2.47954,2.74814,2.39839,2.28896,1.69854,1.19595,0.867325,-0.347472,-0.906982,-0.455589,-0.47293,-0.447095,-0.457871,-0.0963863,0.229688,0.376593,0.85695,0.971976,0.777832,0.867622,1.28154,1.64469,1.45397,1.05773,0.960532,0.827338,0.879902,1.21208,1.10115,0.608998,0.376379,0.413371,0.480269,0.858274,0.908736,0.744962,0.613571,-0.0607769,0.442141,0.677644,-0.0499017,0.213428,0.587467
3.41988,2.63568,2.9685,2.52132,2.88796,2.50347,1.18612,2.02718,4.38435,5.66371,3.64945,1.2741,1.67318,1.24073,1.33891,2.26595,2.57543,2.81492,2.7106,1.93725,2.33298,2.70835,2.23491,1.59157,1.89932,2.44569,1.68247,0.429744,-0.68013,-1.23426,-0.769505,-0.707873,-0.519475,-0.400706,-0.0184909,0.384408,0.594554,0.778956,0.754971,0.885075,1.28009,1.54398,1.56619,1.37656,1.15525,0.809009,0.47944,0.861168,1.432,1.23753,0.78774,0.708774,0.796883,0.719038,0.750313,0.454876,0.320899,0.457307,-0.0842661,0.427872,0.685994,0.231908,0.47498,0.66534
1.98757,1.27082,2.3363,1.73626,1.41268,1.04396,1.32945,2.6258,3.84114,4.53145,3.02454,1.84965,2.59994,1.28102,0.508656,1.86708,2.20853,1.68702,2.19187,2.06237,1.98328,1.99686,0.767604,0.0696984,0.711919,1.96242,1.58614,0.493119,-0.874382,-1.51005,-0.789672,-0.644616,-0.476511,-0.210524,0.0728843,0.832394,1.13099,0.903534,0.898404,1.13357,1.5924,1.81702,1.64154,1.43046,1.04593,0.381663,0.274171,0.743482,1.17008,1.20469,0.988172,0.904893,0.891324,0.803966,0.688008,0.262938,0.347384,0.387503,-0.240693,0.532714,1.05024,0.516239,0.513843,0.732785
2.85352,1.92906,1.61917,1.14919,0.0266047,0.30057,1.66027,2.67926,3.84068,2.98958,1.51097,2.60616,2.83741,-0.305044,-1.43592,-0.0747091,-0.562116,-0.438018,1.4117,2.24014,1.85474,1.17272,1.94273,1.24973,0.141291,1.51387,2.24396,2.95137,0.950382,-0.87718,-0.813988,-0.381046,-0.189717,0.0595522,0.346334,0.934687,0.83621,0.547026,0.913578,1.39676,1.75211,1.74999,1.56975,1.26567,0.499766,0.0451468,0.493812,1.15534,1.26992,0.747963,0.687399,0.963513,0.830465,0.582481,0.300747,0.0462736,0.339533,0.0872615,-0.28267,0.720749,1.36543,0.957999,0.596527,0.841964
1.99974,0.982897,1.2827,0.792235,-0.133965,0.597747,1.7749,1.8323,2.66972,1.87646,1.48401,3.61382,2.91562,-0.801962,-2.20195,-2.579,-3.03342,-0.655637,1.9916,3.08807,2.72057,0.837315,2.81966,2.53683,-0.316508,-0.317148,1.5543,3.75717,2.74385,0.601696,-0.442727,-0.156791,0.250224,0.440733,0.6973,1.18253,1.20397,0.943672,1.16336,1.58745,1.75316,1.61925,1.3986,0.689995,0.0705225,0.308082,0.947791,1.47069,1.49457,1.2606,0.869017,0.512496,0.523963,0.383362,-0.00824735,-0.195803,0.0495931,-0.123596,-0.0671503,0.876471,1.54284,1.49345,0.91483,0.957428
3.2304,2.23848,1.00838,0.767567,0.360932,1.05629,1.38789,0.607962,1.06046,1.30627,1.51174,2.998,2.22826,0.37113,-1.42929,-2.52863,-2.97661,-1.17234,0.491874,1.8983,2.95385,1.12172,1.81551,2.75302,0.899191,-0.796773,1.35205,3.95869,3.78407,1.00195,-0.0919944,0.0743245,0.791345,0.963202,1.23904,1.68662,1.58691,1.22862,1.22314,1.33727,1.19629,1.15516,0.860771,0.196993,0.243091,0.760997,1.2272,1.2193,0.920933,1.15171,0.968715,0.550858,0.522194,0.322692,-0.122122,-0.425666,-0.0529119,0.0409023,0.249155,0.904659,1.25463,1.73231,1.62044,1.31473
