public/uploads/wind/vent_json/20200528/wind_field_20.json
{"header": {"parameterUnit": "m.s-1", "parameterNumber": 2, "dx": 0.051, "dy": 0.036, "parameterNumberName": "eastward_wind", "la1": 45.3082, "parameterCategory": 2,"nx": 177, "ny": 123, "refTime": "2018-09-30 00:00:00", "lo1":1.38177}, "data":
[rows 58 to 86 of 123, columns 65 to 129 of 177]
0.334491,0.601564,0.723182,1.00481,1.33016,1.26664,1.08659,1.262,1.29775,1.45738,2.25089,2.34368,1.74984,1.53549,1.82623,2.70261,2.63145,2.50763,3.33028,4.09277,4.10184,4.34652,3.81084,3.96845,5.22487,6.94059,7.14549,7.05669,4.17197,6.31663,6.6422,6.79471,7.19402,7.7134,8.22231,7.95396,6.73345,6.53433,5.80189,4.42034,4.84481,4.72893,4.02549,4.72644,4.75493,3.60632,3.39184,4.14648,3.87246,2.89578,2.81906,3.30438,3.65652,3.71032,4.73239,6.31761,7.038,7.14598,7.23116,7.33577,6.74674,6.54192,5.98522,5.34165,6.16352
0.666378,0.606026,0.864711,1.12411,1.42922,1.61108,1.44858,1.16228,1.1246,1.04555,0.819306,1.23803,1.70365,2.16312,2.86311,2.95207,2.3252,2.32273,3.26711,3.25641,2.41463,3.71593,4.01617,4.70447,4.74556,4.24738,3.69285,3.12325,2.58436,2.43299,2.99934,3.90269,2.87872,4.89345,6.46815,6.8798,7.04936,6.22959,5.10128,5.35833,5.37421,5.19788,4.32737,3.60717,4.26027,3.94603,2.85163,1.89222,1.39028,1.84647,3.14181,4.56362,4.47305,4.13712,4.53997,5.39636,6.51307,6.66622,6.75995,6.25234,5.5324,6.20841,6.43558,6.35681,5.87687
1.07181,0.846416,0.95429,1.10521,1.31248,1.49537,1.47828,1.87174,2.24104,1.66851,1.12529,1.15813,1.45923,1.76446,1.89929,2.31137,2.31002,1.98494,1.69359,1.8805,1.52912,2.65906,3.57637,4.30207,3.846,1.50746,0.00806395,0.0994149,0.039059,-0.365839,0.0780007,1.5319,3.14395,4.13125,2.70046,2.7129,2.85353,2.96391,2.5026,2.40951,2.4412,2.50048,2.29871,1.47554,1.05894,1.85781,2.35923,1.49348,1.21606,2.35476,3.19035,3.04276,3.57415,4.15135,4.61256,5.95854,5.80189,4.87816,5.25192,5.04721,4.10575,3.77967,3.7451,3.5805,3.38988
1.32686,1.18657,1.08069,1.06911,1.16328,1.17943,1.62616,2.59611,2.52955,1.47935,0.95978,1.24476,1.51535,1.60273,1.55184,1.18373,1.50686,1.38795,1.36745,0.913178,0.63229,1.36007,2.58591,4.58863,4.29716,0.0998318,-1.89862,-1.24898,-1.60778,-1.19226,-0.513579,1.46428,3.34176,3.72032,2.93302,2.41613,2.20629,2.05796,1.11929,0.724467,0.526449,0.53807,0.428117,0.832597,1.69479,2.44786,1.61725,0.411792,1.17626,2.70657,2.70686,2.41902,3.49083,4.13373,4.32854,4.93933,4.72034,3.6797,3.05719,2.92111,3.11234,3.21313,3.00543,2.66629,2.47207
1.46885,1.38797,1.21794,1.10056,1.15979,1.31723,1.64289,1.68329,1.49784,1.0125,1.13082,1.49536,1.43531,0.909427,2.12095,1.54748,1.11105,1.85499,1.98006,0.664586,-0.426862,-0.336922,2.73389,5.36726,5.48982,1.50442,-0.985998,-1.28984,-1.66267,-1.6364,-0.302353,1.1914,4.39565,4.06606,1.91223,0.579087,0.54676,0.477732,0.136283,-0.393809,-0.142199,0.0165305,0.0955027,0.408558,0.648315,0.363116,-0.425855,-0.275964,1.6512,3.42447,3.53413,3.5119,3.89109,3.80802,3.11631,2.78558,3.27724,3.67404,3.45441,3.02442,2.82589,2.94471,3.12686,3.1678,3.05036
1.62434,1.52282,1.25575,1.02778,1.26618,1.68299,1.84202,1.89788,1.78762,1.412,0.484021,-0.0232845,0.630057,0.931913,1.62579,1.71888,0.965933,1.7957,2.43316,1.24362,-0.0571548,0.149127,3.50518,5.55696,4.61953,3.19103,1.63539,-0.3209,-1.40917,-1.02767,1.62688,3.27211,4.72164,4.55528,1.39637,-0.0842975,-0.00840078,0.0221732,-0.0889596,-0.688649,-0.789305,-0.37398,-0.249327,-0.88144,-0.630072,0.960253,1.14509,0.274906,1.93374,4.24293,4.17669,3.05578,2.48421,2.33859,2.44068,2.60476,2.67157,2.73932,2.72955,2.38324,1.88715,1.74487,1.97543,2.2554,2.47127
1.78747,1.62398,1.34292,1.0503,1.15539,1.68772,2.25727,2.35579,2.02419,1.64581,1.66007,1.48415,1.54656,0.901315,1.34418,1.02022,0.185908,1.4993,2.07979,2.52859,2.06719,2.18598,3.82214,5.16374,3.83182,1.03273,0.679207,0.738642,0.306445,1.46079,3.56843,4.05676,4.48275,4.59397,1.73744,0.19838,0.134181,-0.162564,-0.0793315,-1.50258,-2.41359,-0.706496,0.681304,-0.662632,-1.07109,1.51797,2.26335,1.20863,2.82479,4.1727,3.23236,2.26026,1.65723,1.35078,1.42822,1.73223,1.83972,1.90247,2.03983,1.8047,1.23526,0.882068,1.07035,1.4395,1.65387
1.95984,1.68153,1.3393,1.11134,1.47769,2.02862,2.35583,1.89749,1.5142,1.87993,1.89288,1.39299,1.21197,0.364248,1.49342,2.18981,0.516662,0.0925522,1.72076,3.09691,3.53228,3.96395,4.73426,5.44238,3.5431,-0.20079,-0.472115,0.476189,1.61688,3.39137,3.92163,3.03941,2.39699,1.9869,0.810121,0.405096,0.128668,0.138757,-0.982718,-3.14419,-3.58355,-0.241859,2.17797,0.980017,-0.00440921,2.50347,3.01127,1.5614,1.80934,2.32228,2.25334,1.56304,1.20426,0.951603,0.797777,1.26104,1.32053,1.1093,1.19774,1.11501,0.971055,0.80376,0.854014,1.19355,1.46025
1.87478,1.88006,1.12046,1.51109,1.11653,1.38812,1.70096,1.05334,-0.209086,-0.23213,0.107913,0.297685,0.879367,0.991944,2.48491,2.92693,1.45309,0.342616,1.45801,2.95439,3.62713,4.31672,4.75232,4.05121,1.92281,0.826455,0.28501,0.774091,2.32354,3.77726,3.61402,2.85284,1.02702,-0.0253184,-1.23054,-1.09088,-0.677138,-0.140424,-1.73453,-3.13482,-3.17762,0.345987,3.01979,2.11442,1.48999,1.63726,0.212309,-0.454546,-0.102848,1.06658,1.82537,1.13064,0.836204,0.705292,0.537098,0.930827,0.804623,0.376747,0.487247,0.387753,0.295464,0.168915,0.0481479,0.248761,0.520984
1.76372,1.30966,1.37957,1.29413,1.51054,1.40107,1.11161,0.141988,-0.314452,0.174447,0.881573,1.08734,1.01835,1.41461,2.40891,2.54397,2.00588,1.3138,1.08831,2.3733,4.41386,4.90673,4.01451,2.09718,2.13548,2.20218,1.19258,1.05914,2.13639,2.99511,2.22865,0.818969,-0.514139,-0.977868,-1.19214,-1.79159,-1.17422,-0.295466,0.0453385,-1.71453,-1.21457,0.514974,2.14097,1.95447,0.778019,-1.05288,-2.28526,-1.68313,-0.297765,1.42951,1.48555,0.640054,0.486979,0.287721,0.158002,0.327955,0.339644,0.0565717,0.14205,0.0413848,-0.258423,-0.219959,-0.0376454,0.216771,0.385375
1.24656,1.30378,1.12278,1.15743,1.20864,1.05816,0.378138,-0.0626475,-0.0463395,0.893794,1.33322,1.23121,0.888605,1.28121,1.61781,2.38083,2.83383,2.83541,1.36224,2.13646,4.47204,4.80687,3.19241,2.56438,3.31294,2.5301,0.629024,0.752099,1.38477,2.33468,1.24167,0.44278,0.192869,-0.391429,-0.817322,-1.13877,-0.248271,0.735279,0.160466,-1.15217,-1.04281,0.060132,-0.204098,-0.540917,-0.943312,-1.63369,-0.825592,-0.495634,-0.566564,0.345388,0.161037,0.241847,0.413578,-0.359233,-0.66242,-0.631098,-0.342428,-0.0110506,-0.0272492,-0.584914,-0.977746,-0.675334,-0.399214,-0.0880968,0.292937
1.78035,0.762196,0.391657,0.824246,0.539186,0.306523,0.242473,1.15448,1.57156,1.56945,1.49419,1.86089,1.12099,0.908205,1.4333,2.45311,3.47104,2.7765,2.17991,2.72059,3.52592,4.19699,2.9455,1.78532,1.50696,1.67886,1.54469,1.3155,0.965167,1.43514,0.647039,-0.0900223,-0.417611,-0.783954,-0.601386,-0.082884,0.298492,0.230587,0.0323829,-0.694961,-1.73558,-1.84472,-0.395106,-1.45355,-2.66924,-2.89721,-1.46284,-0.545352,-0.137262,0.0201699,0.110759,0.508436,0.156075,-0.619049,-0.655172,-0.981949,-0.83406,0.409446,0.130335,-1.03869,-1.48176,-1.56593,-1.15839,-0.514066,0.11435
1.368,0.6616,0.523832,0.278969,0.191422,0.403155,0.195176,0.00546118,0.82465,1.20841,1.21056,1.46338,0.864235,1.20817,2.16081,2.91133,3.69187,3.79539,2.46454,1.29079,2.89886,3.82788,3.62816,0.834307,-0.222965,-0.308391,0.452282,1.37428,1.50686,0.522232,-0.734187,-0.484027,-0.348163,-0.46443,-0.416898,0.0579161,0.228698,0.212506,0.662611,-0.094456,-0.783943,-0.392329,0.428054,0.227933,-1.32486,-2.22723,-1.98388,-1.52518,-0.950833,-0.535073,0.197679,0.588435,0.49356,-0.210289,-0.889682,-1.14641,-1.28633,-0.728985,-0.934155,-1.10398,-0.995731,-1.8339,-1.99038,-1.33718,-0.78972
0.565607,0.0704186,-0.432678,-0.178332,0.110172,0.0700866,0.0323962,-0.0040866,0.317925,0.515095,1.1408,1.27275,1.25813,1.61354,2.33245,2.54553,3.30923,5.10893,4.73131,1.79123,2.35484,4.15871,4.96263,3.28649,-0.0320778,-0.469739,0.73063,1.53279,1.73731,0.50238,-0.5781,-0.0543262,0.446627,0.179509,0.11735,0.628485,0.918797,1.3294,2.0152,2.0386,0.375286,0.531287,1.09093,0.257782,0.739084,-0.503741,-2.2143,-2.32097,-1.17323,-0.674575,-1.22254,-0.475277,0.794483,0.100302,-0.858954,-0.867855,-0.943206,-1.27566,-1.54376,-1.28059,-1.42505,-1.71333,-1.62934,-1.76193,-1.46411
0.460672,-0.241203,-0.964927,-1.0322,-0.38646,0.0878993,0.0457946,0.229864,0.291687,0.257333,0.542508,0.500625,1.14502,2.3588,2.64913,2.32486,3.44146,4.98905,4.7942,2.59163,1.30451,2.32212,2.71675,1.67806,0.833377,0.493754,0.77218,1.23176,1.05868,0.407429,0.305991,1.31215,1.52638,1.23345,0.95793,1.05798,1.80018,2.33275,2.30716,1.74972,1.00358,0.46802,0.691264,0.442081,0.411019,-0.156044,-1.36139,-3.34393,-2.21063,-1.36549,-0.53286,-0.0921218,0.663261,1.04065,0.293784,-0.275419,-1.08506,-1.41335,-1.32884,-2.23614,-2.10777,-0.979441,-1.39504,-1.8256,-0.812332
0.040069,-1.01793,-1.39606,-1.5112,-0.628474,0.0673172,0.482715,0.996761,0.969417,0.875861,0.544191,1.03116,2.89071,3.31479,2.11726,1.6778,2.56198,3.34755,3.30666,0.738167,-0.723553,-0.736029,0.496469,1.27774,1.87578,2.26882,1.26742,0.15207,0.0344733,0.488637,1.67073,3.03817,2.81313,2.07912,1.25022,0.916063,2.12972,2.49291,2.33965,1.64826,1.07389,0.719893,0.392047,0.0968555,0.275738,0.477186,-2.21187,-3.67267,-3.8511,-2.16834,0.173272,0.757253,0.783218,2.07358,1.13633,-0.752798,-1.45237,-1.50601,-1.60449,-1.91734,-1.92998,-1.61162,-1.30073,-1.45102,-1.47531
-0.608611,-1.56084,-1.27955,0.19609,0.885324,0.552987,0.816708,1.94493,2.23085,1.0539,0.792165,2.04455,3.47392,3.58605,1.78602,1.45324,2.76176,3.36928,3.77994,0.767533,-1.92514,-1.46136,0.410408,2.4492,3.21272,1.25081,-0.564384,-1.37999,-0.635166,0.572812,2.34007,3.45699,3.65255,2.76584,1.27374,0.867277,1.53414,2.92691,1.96288,1.42347,0.515035,0.72776,1.10382,1.02428,0.55185,0.728885,0.176319,-3.30771,-3.71564,-2.13979,0.787928,0.954346,0.704334,2.39687,2.00764,-0.351586,-1.31771,-1.36885,-1.52357,-1.67702,-2.1246,-2.37437,-2.31669,-2.20053,-1.74787
-0.616885,-1.50403,-0.531212,1.41405,2.83039,1.55365,1.35748,2.14199,1.49385,1.28743,1.8685,1.96419,2.519,2.72834,2.59479,2.98738,3.59642,5.02634,4.56402,0.61423,-2.29533,-0.847161,0.922954,3.2716,1.7973,0.183603,-1.66909,-2.70032,-1.27563,0.0538524,2.65533,3.61464,3.86583,3.49268,2.3188,0.231505,1.01692,3.39969,2.98459,0.503353,0.121908,0.73109,1.97246,2.05146,0.354107,-0.321409,-0.277165,-0.973898,-3.6646,-3.49858,1.58831,2.05472,1.15251,3.0204,3.03081,1.24396,0.373684,-0.630466,-1.50295,-1.38256,-1.61685,-1.64248,-1.66994,-1.78646,-1.10254
-0.0939276,0.250491,1.20658,1.89722,3.66943,1.3475,-0.230258,0.472652,1.24437,1.19234,0.938675,0.712615,1.01864,1.97695,3.11142,2.87149,2.08413,5.10233,4.9758,0.613488,-1.79844,-0.886451,1.55964,1.06917,-0.747121,-1.2479,-1.71724,-2.13623,-2.88252,-1.29899,2.14765,3.96273,3.01925,2.9474,2.37028,-0.0653027,-0.0753747,2.72565,4.12431,3.44072,2.79619,2.57486,3.65566,3.48474,1.36659,0.582614,0.608546,-0.841893,-1.44348,-1.0727,0.895785,1.04902,1.01382,1.50885,1.91496,1.64039,1.52151,1.14229,-0.374617,-1.10961,-0.897752,-1.34172,-1.69603,-1.55264,-1.35494
0.515934,2.22682,2.86761,2.68949,2.22272,-0.0218204,-1.26466,0.22201,2.36427,2.25052,0.580616,-0.0829016,0.312938,1.89216,3.11001,2.92995,1.84733,3.8382,4.78509,2.65173,-1.61115,-1.33868,1.05163,-0.267444,-1.92867,-2.00141,-2.63077,-1.26809,-2.54693,-2.21872,1.95941,4.26343,2.95631,0.560024,0.36681,1.46733,1.10629,0.373818,1.79622,4.2346,6.74906,7.21217,4.7985,1.37355,-0.0413973,1.48827,2.0077,0.461444,-1.09178,-0.436867,0.461134,1.01997,1.14065,0.595991,-0.473372,-0.443074,1.51503,2.01172,0.516178,-0.510731,-0.900702,-0.93523,-1.16561,-1.18989,-0.694879
0.478207,1.93009,2.52206,2.00341,0.453438,-0.675494,-0.880174,0.898443,3.75939,3.78858,2.09467,0.0141625,0.366334,2.96534,4.37548,4.48025,3.71905,3.63176,4.89916,4.09765,0.642338,-0.992874,-0.476421,-0.0362114,-1.0728,-2.04648,-2.00164,-1.46932,-1.99022,-1.91729,1.05011,4.03921,3.29922,-0.0847052,-1.27132,0.834327,2.71455,2.91153,2.05942,3.37053,5.19989,7.17918,6.64573,2.65898,0.633796,2.71546,2.70778,0.136479,-0.842973,-0.422213,-0.424202,0.355259,0.834518,0.577903,0.0895484,-1.81917,1.24873,3.05086,0.181192,-0.121412,-0.178494,-0.398836,-0.438274,-0.639675,-0.659697
0.507654,1.00364,2.37141,1.48022,-0.0835555,-0.443488,0.113734,1.65708,2.38499,1.65092,0.347639,0.0568758,1.21814,3.38102,4.29422,4.3615,4.04655,3.8257,5.02976,5.64256,3.39158,-0.0357722,-0.401244,0.392811,0.0281764,-1.10247,-1.81888,-2.01235,-2.27133,-1.56972,1.39076,4.79548,5.24227,1.80333,-2.28716,-2.00275,2.27041,5.37089,5.86743,4.42569,4.25775,4.11366,2.66051,0.86586,1.37843,1.76815,0.615962,-0.105557,-0.937913,-1.70945,-0.905676,0.210921,0.297273,0.967277,2.42432,1.68407,0.870493,0.512253,-0.311956,-0.605221,-0.852197,-0.540066,-0.0970754,-0.0476096,0.433546
0.689908,1.03311,2.66458,1.38456,0.265516,-0.534612,-0.821233,0.280489,1.90533,1.20187,-0.0528897,-0.165732,1.24325,2.31649,3.29185,3.61593,1.90006,1.70049,3.28614,4.86377,3.624,0.910939,-0.641051,-1.09376,-0.761741,-0.880567,-2.01427,-3.0079,-3.24442,-2.101,2.6432,5.96235,5.66298,2.09871,-0.464977,-3.00795,0.502441,6.51115,7.89864,5.47177,3.05186,0.857279,0.313497,-0.0826471,-0.309994,-1.0038,-2.12074,-1.09203,-1.13718,-2.22525,-1.24914,0.22592,1.29721,2.12542,2.49491,2.19637,1.55956,-0.469427,-1.78051,-0.70011,-0.0247792,-0.447398,-0.584393,0.23604,0.706784
0.695067,1.41043,2.38268,0.643089,-0.329948,-2.0463,-2.32731,0.0410183,3.07218,3.40619,1.12122,0.332644,0.414041,0.264742,1.62962,3.38072,2.64613,1.45896,3.51053,3.55,2.55803,2.16795,-0.120999,-2.82058,-2.91486,-1.67377,-1.52644,-2.8452,-3.41563,-1.62334,3.35305,5.71924,2.23046,1.06757,3.25489,1.87299,2.17177,6.04844,6.53236,5.21883,1.28691,-1.59581,-2.07368,-1.63702,-3.44885,-3.28796,-1.38438,0.269479,-0.524137,-1.47451,-1.64004,-0.329257,0.684363,0.97007,0.860998,0.772194,1.85226,0.14127,-2.86863,-1.01661,0.966491,0.28218,0.401462,1.2539,1.25327
1.32297,1.62817,2.27572,0.816909,-2.10511,-2.94777,-2.04059,-0.00508307,2.46005,3.41868,2.12282,1.05978,0.579939,0.111021,1.81542,4.13328,3.95946,1.77752,2.91352,3.16103,2.06126,0.523999,-1.46924,-3.4723,-3.37126,-1.74215,-1.2042,-1.19184,-2.42081,-1.23311,2.92597,4.00102,0.177302,-0.429983,2.50369,2.20632,4.58175,7.09904,4.05385,0.754738,-0.782156,-2.75625,-2.49112,-0.851853,-1.8951,-2.41114,-0.075365,0.213481,-0.440642,0.738664,-0.0903794,-1.87087,-0.786123,1.9241,1.25006,-0.312593,0.560547,1.03941,-0.610902,0.0241703,0.794607,0.268426,0.752958,1.56959,1.06144
1.68993,1.64571,1.96913,0.410852,-2.55237,-2.63287,-0.983924,-0.0896733,0.803908,1.25709,1.49541,1.12247,0.835377,0.868034,2.9111,4.90011,4.69641,2.98917,1.40098,1.15122,0.399866,0.34974,-0.482236,-2.68792,-2.9904,-1.3147,-0.270476,-0.287937,-2.33061,-2.37874,0.507826,2.15167,0.336745,1.0265,2.40301,2.00988,4.67442,5.70088,0.413267,-0.576546,0.243695,-1.43109,-1.91067,0.29895,-0.53814,-1.16982,0.322672,0.303733,-1.34103,2.1441,1.71665,-1.85349,-1.3404,2.21251,1.8443,-0.841388,-3.29286,0.531682,3.08072,1.1291,0.277257,0.342007,0.894432,1.88755,1.13145
1.36392,1.72982,1.32279,-0.911488,-2.88412,-2.66433,-1.85127,-1.42672,-1.60845,-2.69887,-1.71626,0.153512,0.982339,2.77038,4.35761,4.05803,3.59869,3.10024,1.16643,-0.381128,-0.268488,0.404028,0.207221,-0.847786,-2.25357,-1.65295,-0.867084,-1.04618,-2.75954,-3.13402,-0.492239,1.07794,0.358263,0.358448,2.60194,3.50644,4.29602,2.95394,1.21899,2.24605,2.54797,-1.37718,-2.06048,1.07411,0.916393,2.50582,2.36516,-0.192204,-0.609609,1.31395,0.707626,-1.72518,-0.38523,1.74426,2.50497,0.584478,-3.07951,-0.357128,3.35983,2.10214,1.69675,1.81331,0.900798,1.46735,2.6104
0.452648,1.05714,0.217581,-1.30579,-1.77519,-1.50317,-1.88557,-3.04839,-3.60445,-3.68255,-2.23461,0.662747,1.28874,1.84981,2.93343,1.9159,1.4085,2.02655,-0.00198211,-1.23651,-0.216252,0.917139,1.40864,1.10991,-0.914074,-3.02201,-1.79538,-0.657657,-2.19212,-3.32025,-2.33358,-0.26079,1.11661,1.45842,0.801759,1.12799,1.0882,-0.0297006,2.61823,6.06949,5.39428,-0.873549,-3.57554,0.168268,3.03022,4.80446,2.55734,-0.639786,1.14286,0.571977,-2.19539,-1.83529,0.545399,2.83557,4.18915,3.96328,-0.140221,-2.73521,0.0238962,2.8286,3.80625,0.852772,-0.37135,0.504332,1.65892
0.129766,0.754593,-0.523604,-3.3745,-2.76106,-1.72143,-1.99157,-3.03544,-3.26946,-2.74075,-1.53822,1.60959,2.58259,0.640649,-0.134111,-0.079851,0.327392,1.15347,0.112311,-0.999626,0.541484,2.69954,3.75484,3.45203,1.06209,-2.21781,-1.3576,0.13647,0.368401,-0.384479,-3.2084,-3.07639,0.381923,3.13869,2.99322,-0.529925,-3.7642,-2.81771,3.71935,8.76898,6.94905,-0.0539666,-4.29616,-0.240293,3.88501,4.65389,-0.243596,-2.31034,1.67585,1.29768,-2.47316,-2.72642,0.97816,5.15922,6.51051,5.08263,0.606437,-2.22498,0.99556,4.42967,3.56262,0.140865,-0.815588,-0.087681,0.533027
