public/uploads/wind/vent_json/20200528/wind_field_20.json
{"header": {"parameterUnit": "m.s-1", "parameterNumber": 2, "dx": 0.051, "dy": 0.036, "parameterNumberName": "eastward_wind", "la1": 45.3082, "parameterCategory": 2,"nx": 177, "ny": 123, "refTime": "2018-09-30 00:00:00", "lo1":1.38177}, "data":
[rows 87 to 115 of 123, columns 65 to 129 of 177]
0.0593266,-0.234026,-1.73566,-2.27028,-3.10348,-2.9317,-2.8506,-3.16765,-3.09343,-2.60258,-1.36611,2.43657,3.57681,-0.15258,-1.79895,-0.242867,0.811066,2.0665,1.51774,0.966858,2.21359,3.36698,3.65487,3.36135,0.435734,-2.68597,-1.8215,-0.561505,1.08462,1.3954,-1.22777,-3.13466,-2.7573,0.369352,3.70733,2.4325,-3.67185,-3.60292,5.21047,8.59428,4.61793,-0.511869,-2.24945,1.74102,6.31762,5.16979,-2.21762,-4.11456,1.38966,2.80942,0.175143,-0.682594,1.34296,6.22716,7.74455,3.98625,-1.85155,-0.812023,2.9987,3.46856,1.71854,1.42093,1.00632,0.935134,0.82306
0.163865,-0.751244,-1.1527,-1.93991,-3.42087,-2.44633,-0.800859,-1.67864,-3.35782,-3.20721,0.211432,3.90041,2.73462,-2.35862,-2.64653,0.766926,2.84117,2.72495,2.04735,2.06826,3.33773,3.22704,2.61936,0.587904,-1.64242,-3.32609,-2.35289,-0.545817,1.51998,2.05548,0.0876636,-1.91938,-3.00082,-4.21966,-0.602259,3.86609,0.622294,-2.60334,3.88281,5.19991,2.14503,1.88322,1.18563,2.38621,7.65159,4.62814,-3.83976,-4.42921,0.445051,3.19607,3.87606,4.0358,2.7514,4.56747,6.74008,0.363092,-4.76057,0.48983,4.14501,2.91604,2.31246,3.41975,3.2755,1.1273,0.915016
-0.130185,-1.01141,-1.6771,-2.25482,-2.51341,-1.36734,0.22823,-0.367775,-1.55783,-0.603552,1.4261,2.40436,0.364647,-2.03671,-0.796359,1.43644,2.68934,1.6585,0.236439,1.13277,3.93559,4.35392,2.53345,-0.916383,-2.55887,-2.17347,-1.78017,-0.47634,1.23319,1.14343,0.785564,0.578705,-0.662033,-4.04174,-4.22021,2.25005,3.86387,-0.616976,-0.207823,1.08473,2.07004,6.20601,6.47561,3.15265,3.47013,3.63257,0.784714,-0.69744,3.23505,5.26951,4.73802,4.50392,2.82745,2.99745,3.76104,-0.794914,-3.12175,-0.540719,0.76856,2.452,4.41377,4.519,4.35497,3.87923,0.37902
0.0852474,-0.616925,-2.05297,-2.958,-2.36917,-1.7356,-1.40799,-1.33409,-1.60503,-1.74114,-1.84121,-1.18733,0.97981,0.789433,-0.482524,0.773102,2.90583,1.69798,-0.346382,0.369292,3.94439,4.42651,1.54577,-1.68468,-3.52932,-3.23905,-2.55313,-1.15031,1.04682,1.47405,1.05646,1.62478,0.427044,-2.8833,-3.28913,1.91624,3.20629,-1.30661,-1.88882,-0.256881,4.76262,9.20361,7.33155,-0.377779,1.87454,6.1197,4.80794,1.74107,3.95101,5.73342,5.81209,4.48265,2.45438,2.07327,1.53825,-2.54625,-1.54459,0.128391,-0.713463,1.2232,2.79962,1.70382,1.51198,3.18277,1.60304
-0.260321,-1.01044,-2.56701,-3.52756,-3.35723,-1.69052,-1.19835,-1.90897,-2.23821,-1.76445,-1.64228,-1.15994,0.929658,0.926568,-0.412519,-0.111115,2.82627,3.4532,1.56542,1.87752,3.88536,3.40694,0.200724,-1.94725,-3.35445,-3.53658,-4.14354,-3.69668,-0.385869,1.56958,1.74692,1.60484,-1.9869,-4.20792,-2.14038,2.65527,2.30556,-2.63061,-2.85198,0.305093,5.77755,8.82806,4.37022,0.937784,6.09044,10.1024,7.27132,2.70624,2.25453,3.61504,4.09921,2.95192,1.33692,1.51644,0.344696,-2.1499,0.0290743,1.04071,-0.158878,0.500478,1.47245,0.826664,0.417895,1.62893,1.80719
-1.46545,-1.59313,-2.39212,-3.71548,-3.8698,-2.40689,-2.74162,-3.89204,-1.94531,0.26118,-0.473213,-2.21174,-1.52971,0.0548778,0.838288,0.780132,2.59112,3.8151,3.8367,3.59411,3.12538,2.005,-0.334403,-2.84286,-3.26348,-3.43399,-3.59121,-3.61406,-3.17737,-0.469441,3.55852,2.66952,-3.86113,-5.11192,-1.18506,3.45503,3.43345,-1.38374,-4.16448,-0.823924,4.81029,7.15191,4.11207,5.90171,10.001,11.018,6.49358,2.40294,2.47401,2.49051,2.96139,1.82244,1.65768,1.98287,0.48964,-0.931145,0.359547,0.69122,0.4059,0.665458,0.867962,0.487174,0.230093,0.873342,1.30562
-1.89197,-1.60736,-1.44816,-3.30878,-4.04174,-2.95011,-2.91515,-3.79517,-2.34946,-0.921634,-1.84635,-3.06526,-1.16744,0.229728,0.00916828,-0.431316,0.57886,2.78637,4.15687,3.31926,0.758074,0.721924,0.233782,-1.97977,-3.50769,-3.06956,-2.72218,-2.16506,-2.73527,-1.41495,2.66769,-0.313643,-5.50441,-4.31648,-0.225998,3.24176,3.66803,-0.788845,-3.71268,-2.01573,2.35775,6.26312,7.3977,8.67195,9.15134,6.63273,5.99388,5.16897,3.82243,3.19923,3.04583,2.78672,2.89772,2.78211,1.24032,0.138665,0.518433,0.539778,0.708,1.02399,1.45438,0.992475,0.572083,0.466314,0.472873
-1.69726,-1.6203,-1.30268,-2.00292,-3.43612,-3.80139,-2.5861,-0.797922,-0.148418,-2.16149,-3.91776,-2.05654,-0.537314,-0.244888,-0.772265,-1.02955,-0.352812,1.6454,4.31284,2.99473,-1.21527,-1.16274,1.13315,-0.104188,-3.24598,-3.91144,-1.18232,1.6868,1.18573,-0.773105,-1.47045,-4.78273,-4.51015,-0.0671899,0.568398,1.28476,1.94102,-0.0532278,-2.67089,-3.85434,-1.21335,2.46464,7.25723,7.95873,8.35485,7.6043,8.92329,9.90374,7.03649,5.26794,4.1258,3.19034,3.02316,3.03738,1.9439,1.55364,1.25392,1.04062,1.15945,1.56206,1.5524,1.57108,1.26451,0.344212,-0.377679
-1.85587,-1.60754,-1.45632,-0.808895,-1.60016,-2.70963,-1.6821,0.764251,2.08424,-0.620405,-1.67058,-0.998222,-1.71431,-2.25602,-0.520633,-0.466329,-0.2482,2.20087,4.07737,1.16424,-3.64637,-3.3639,0.877058,2.22253,0.572633,-2.58765,-1.52806,2.60601,1.38645,-1.73211,-2.63734,-3.7324,-3.39771,-1.83927,-1.53825,-0.853267,-0.0773162,1.82297,1.38419,-2.84851,-4.70025,0.177598,4.07496,8.71339,10.0383,8.9303,8.83772,9.83993,8.78407,5.44842,3.01142,2.33719,2.67528,3.17383,2.38376,1.46213,1.13245,1.93019,1.99784,1.99639,1.79641,1.24543,-0.381119,-1.4772,-2.59618
-2.27083,-1.55604,-0.615422,-1.42311,-2.00532,-2.64769,-0.852847,0.739707,1.19282,0.466607,1.62164,2.42636,-0.391432,-2.75445,-1.71988,-2.15126,-1.13421,3.23513,4.71436,1.22025,-3.35485,-3.8571,-0.497577,1.82683,3.10884,0.170476,-1.82767,-0.392299,-0.817669,-0.429164,-0.57895,-3.08642,-4.79297,-3.63828,-2.32913,-2.04956,-0.903512,4.57727,7.14789,-1.60566,-6.20754,-1.52757,5.87274,9.69162,10.0624,6.49742,5.12646,5.80282,5.60176,4.22742,2.95931,2.74036,3.1302,3.20215,2.99452,3.18572,3.18442,2.65739,2.19623,2.34498,2.2089,0.531718,-1.89562,-3.01389,-2.36915
-2.11526,-1.72894,-0.520436,-1.03081,-1.92669,-2.01291,-1.59687,-1.98432,-0.912636,0.29604,1.80738,2.61966,0.822266,-1.35514,-1.11863,-1.39924,-0.692791,3.30998,4.88572,1.26066,-1.84688,-3.84975,-3.65859,0.347388,4.74959,3.28596,-1.3777,-3.35192,-1.21756,1.79151,2.20261,-1.88397,-3.19313,-1.99137,-1.91324,-3.22028,-2.65336,3.78088,8.45104,-0.115068,-6.30396,0.0840287,6.3352,8.94087,9.74812,8.56424,3.45655,0.505561,1.99872,1.1641,0.857136,2.22617,3.17783,3.41383,2.79719,2.85544,2.7423,2.43339,1.76101,2.22634,2.24755,0.74763,-1.81919,-3.11288,-1.99845
-1.06113,-0.66891,-0.127883,-1.58638,-2.69967,-2.92297,-2.82031,-2.88267,-2.45147,-0.539557,-0.693699,-0.938593,-0.234019,0.156435,0.528056,-0.0952747,-0.923098,1.8925,3.46236,1.02099,-1.14766,-2.91138,-3.56162,-0.117549,3.76282,3.16705,-0.381417,-3.12018,-2.68367,-1.05905,-0.505486,-0.749856,-0.349772,-0.267298,-3.16025,-5.71361,-4.72903,3.15252,6.5893,1.19511,-5.27429,-1.30136,4.91437,7.09207,9.71953,10.2006,5.1903,0.305467,0.638887,1.03074,1.79125,3.94995,4.04865,3.96343,3.87646,3.23328,2.66614,2.25247,1.61166,1.77684,2.21628,1.68012,-0.678442,-2.59228,-2.02674
-0.784376,-0.720402,-1.16405,-2.6745,-3.67788,-3.77857,-2.79009,-2.85126,-3.57714,-0.768755,-0.705185,-3.30812,-0.0535331,3.53588,1.64642,-2.11835,-2.52079,0.633547,1.76115,-0.538323,-0.628972,-0.0749368,-0.383856,0.344173,1.48743,2.3702,1.77094,-1.38734,-3.07889,-2.78298,-1.55158,-0.608259,0.106046,2.07047,0.597332,-5.47608,-4.95219,1.11461,2.18954,0.731673,-2.40176,-2.49793,1.52899,7.54044,10.0271,9.09304,7.10435,4.60526,2.79299,3.03672,3.53974,3.63593,3.56754,3.81999,3.80755,3.34626,2.7269,2.66607,2.17105,1.76898,2.32203,1.79418,-0.186563,-2.32731,-2.65346
-1.84698,-2.88921,-2.44903,-3.29711,-3.93411,-3.55318,-2.42048,-3.52582,-3.00244,1.83926,1.01017,-1.64268,1.01276,2.70407,-1.66224,-3.763,-3.42161,-0.287893,0.630607,-1.69994,-0.977575,-0.48889,0.0531884,2.04221,2.56282,3.56566,3.55878,-1.4598,-4.83066,-4.1324,-2.12231,-1.71129,-0.0691082,4.28652,5.37062,-0.779139,-3.4428,-0.888873,-2.55556,-0.543191,0.913542,-3.78229,-1.1466,8.31777,9.54602,6.17261,5.49181,6.59628,4.70582,3.60198,3.70991,2.95785,2.93856,3.46334,3.72802,3.42004,2.75166,2.58038,2.07308,1.82924,2.30344,1.02286,-0.0371847,-1.47134,-2.91241
-0.729452,-3.08875,-2.81538,-2.82912,-3.71925,-3.31589,-3.18075,-3.53304,-1.40099,2.15279,0.36392,-1.2024,2.43863,1.36061,-3.39979,-3.79508,-3.46996,-1.34176,-0.842984,-2.68944,-1.44133,-1.86298,-1.18327,3.77428,5.28644,5.46649,4.14782,-1.8405,-5.91938,-5.66376,-3.70014,-3.71071,-0.397258,4.67841,6.38612,4.69919,1.20563,-2.42274,-4.02927,-0.902681,-1.07185,-2.91688,0.777464,7.61865,5.73627,2.87221,6.92049,10.2769,7.45166,4.90096,2.7101,2.56311,2.17461,2.38341,3.21507,3.35336,2.87211,2.25699,1.70518,1.93881,1.60628,0.263568,0.70236,-0.227571,-2.84243
-0.466397,-2.89133,-2.78065,-1.285,-2.55313,-2.54989,-2.00445,-1.90347,-0.501948,0.14244,-2.59375,-0.749429,3.08997,0.0596979,-3.32671,-3.3607,-3.0291,-1.05247,-0.499727,-2.72434,-1.65267,0.587963,0.962704,3.26424,5.33447,4.8337,-0.250792,-2.80036,-2.27096,-3.42464,-4.95477,-4.26648,-1.53476,3.75883,7.14096,8.64424,3.89481,-3.81355,-4.9687,-2.16697,-2.25669,-2.28089,1.05465,3.74018,2.12281,3.13929,9.79768,10.8282,6.25938,3.38466,1.99543,3.36087,1.93554,1.84001,1.73931,2.56195,2.61128,2.04564,1.44563,1.70537,0.829983,-0.761899,-0.0219924,1.16303,-1.19052
0.0600912,-1.70129,-1.30278,-0.537973,-1.82741,-2.44663,-2.00206,-2.63897,-3.12283,-1.96932,-3.04423,-0.164744,0.795775,-1.7867,-1.26512,-0.91108,-1.67592,0.444134,1.35966,-1.43708,-3.36295,2.75366,4.03258,2.9581,4.77594,2.32223,-3.25097,-2.59355,1.50708,1.36495,-2.7238,-2.22081,1.88534,5.32819,8.90052,7.85453,0.939009,-4.04098,0.14567,0.468295,-3.22452,-3.33002,-1.57121,1.59372,2.98874,5.29454,9.8942,9.48704,5.89734,2.47874,1.47316,3.49732,3.48255,2.00594,2.12751,3.18472,2.97348,2.0497,1.33203,0.735847,-0.191391,-0.855249,-0.372159,0.470432,0.219451
1.49534,0.057895,-0.990799,-1.12633,-2.92125,-3.93867,-2.45057,-2.19858,-2.86834,-1.24939,-0.256625,-0.0709554,-1.06535,-3.46787,-1.15923,1.02226,1.66081,2.78911,3.33051,-1.7901,-4.47688,0.966985,4.77794,4.56088,3.10433,-3.62564,-6.15123,-4.56679,1.13921,1.96173,-1.29997,1.29036,5.66613,9.20845,8.8662,4.02101,-4.07174,-3.80921,2.88425,4.41143,-2.18686,-3.30628,0.240677,4.01819,5.17982,6.69228,7.52134,8.31956,5.2835,1.35827,1.14315,2.28099,2.51994,1.79816,1.79754,2.58458,2.15708,2.03182,0.910793,-0.674053,-1.4341,-0.905468,-0.144697,-0.636472,-0.105795
1.83829,-0.358308,-1.72119,-2.50943,-3.44718,-4.34798,-2.80246,-1.03587,-1.0654,0.00507123,0.787315,-0.321629,-2.65983,-4.2552,-1.82002,3.60763,5.24655,4.1197,2.38153,-3.16352,-4.60489,0.684108,3.88086,1.98035,-2.1018,-4.29153,-4.77188,-3.64802,-3.32821,-2.01225,-1.51487,3.85815,9.10826,9.86396,8.26455,-0.592532,-6.36687,-1.36618,2.17311,2.28659,-0.154062,1.31304,1.61407,3.65107,7.55951,9.73076,7.37481,3.60981,1.13032,-0.10623,1.25245,2.01362,1.92515,1.09264,0.665812,0.720968,0.528283,-0.0899453,-0.82953,-1.89174,-3.16673,-1.84839,-0.69006,-0.715949,-1.1695
1.85798,0.34549,-0.820809,-1.91264,-3.12511,-4.32746,-4.01367,-1.51182,-0.37329,0.314253,-0.0944173,-1.21873,-2.56709,-3.98004,-0.621088,4.60952,6.39715,3.75895,0.35517,-3.4209,-3.10585,0.877376,0.821246,-2.6184,-3.64316,-2.18828,-0.496937,-0.315216,-0.558268,-0.66179,-0.925929,4.94205,9.85129,9.89318,5.17858,-1.2444,-4.61669,-1.94004,-1.44603,-2.60662,-0.925411,3.9566,5.48306,6.10536,8.58383,11.411,9.61363,5.01561,1.11038,0.313697,1.52884,1.81454,1.37304,0.649013,-0.198109,-0.930449,-1.75216,-2.08428,-1.82905,-2.80288,-2.97801,-2.66467,-1.5154,-0.935415,-1.03163
1.92163,1.95037,0.732451,-0.433187,-2.36334,-3.69424,-4.11411,-3.51797,-1.42896,-0.66498,-0.303632,-1.00627,-2.99674,-3.85602,0.272496,5.12182,5.93023,3.70675,-1.11384,-2.68919,-0.190127,-1.67544,-4.39289,-5.00187,-4.19092,-2.31558,-0.540714,0.882408,3.33531,3.49711,1.37515,4.34913,9.38354,9.2547,4.91146,3.70669,2.02152,-3.00009,-3.68994,-3.70291,-0.998407,2.7854,7.89289,8.81724,8.25514,8.92024,8.85159,7.38553,1.90277,-0.273098,1.01894,1.39167,1.51009,0.762464,-0.411078,-1.19489,-2.06706,-2.18855,-2.21256,-2.55229,-1.90135,-2.44462,-1.81965,-1.3866,-0.842325
3.29907,3.21593,2.02981,0.631552,-1.14621,-2.87655,-3.4907,-3.98715,-3.4803,-1.45003,0.00950413,1.79615,0.27192,-2.99195,-0.248991,4.5678,6.03775,4.38277,-2.60326,-1.88576,1.82113,-2.57909,-4.12473,-3.09028,-3.54782,-3.16871,-0.803092,1.51846,2.99502,2.80335,-0.0257705,2.60011,8.27166,10.0467,9.3231,10.1197,6.83193,-2.71185,-4.03163,-0.684481,0.425533,3.24954,7.4058,11.0477,8.98946,7.36173,7.02596,7.40045,2.82461,-0.0192108,1.27887,1.20708,0.988399,-0.0640749,-1.41314,-2.28737,-2.6645,-2.44854,-2.24505,-2.04493,-2.31551,-2.83992,-2.37431,-1.52684,-1.0971
4.21605,3.64303,2.31945,1.21515,-0.492606,-2.42153,-3.06596,-3.7973,-2.83543,-1.11577,-0.538238,1.19805,2.74627,-2.15406,-1.76335,4.29857,5.89884,3.90132,-3.16509,-3.58828,-0.895871,-3.00336,-3.16438,-1.0765,-4.02819,-4.78602,1.01351,3.82066,1.23658,-0.611098,-1.37873,1.93939,8.5537,12.4951,13.3578,10.7435,4.60415,-2.20492,-0.538372,2.02182,1.40333,0.0276486,4.66529,9.63894,9.97312,7.85524,5.59047,3.59762,0.591786,0.060712,1.14437,1.61795,0.419913,-0.754923,-1.53872,-2.03688,-1.54207,-1.36906,-1.64063,-2.42909,-2.92017,-3.32073,-2.72512,-2.00382,-1.63088
4.42519,4.55152,3.1229,0.436797,0.109386,-0.889892,-2.35684,-3.28541,-2.76107,-0.484361,-1.08013,-1.21763,0.739658,-2.68054,-3.40272,3.32265,5.81104,3.82816,-1.93154,-4.62721,-3.91803,-4.26857,-3.61789,-2.87019,-4.1832,-2.12147,1.16287,-0.905483,-2.49432,1.99705,5.15695,7.08593,10.5892,12.1249,10.7856,5.8406,7.22326,4.65505,3.37749,5.94043,3.23151,-0.271793,3.29685,7.66703,9.60784,9.99941,6.61388,1.76339,0.432894,1.27007,2.00047,2.78284,1.68576,0.124005,-1.77889,-1.5596,-0.947384,-1.19363,-1.58541,-3.0346,-3.38673,-4.31059,-3.94178,-2.67021,-2.1152
3.90494,4.46252,3.03377,-0.750248,0.0803649,0.574747,-1.12197,-3.01158,-2.92976,-0.120453,0.0382855,-1.6999,-2.0062,-3.91912,-3.98644,0.880723,5.24979,5.11585,-0.776233,-4.34045,-3.92551,-4.69412,-3.87387,-1.34555,-0.451041,0.539922,-0.0269517,-3.97688,-1.97644,3.41466,7.42064,9.33698,10.2267,9.8803,6.58018,7.64598,9.01777,9.65173,6.07301,7.87745,3.77464,-0.043424,2.88714,6.04397,9.88735,11.4951,7.29932,3.42595,4.66302,4.42552,2.39382,1.76481,1.59196,0.028181,-1.18794,-1.62945,-1.63094,-2.32586,-2.86595,-2.71848,-2.95691,-3.9051,-3.61118,-3.14656,-2.55151
3.06157,4.0407,2.20645,-1.74912,-0.884475,0.489639,-0.0771969,-1.81347,-2.80011,-0.341268,0.521134,-2.60578,-4.58358,-4.37523,-3.11299,0.00432386,4.24688,6.2215,1.93227,-2.05658,-2.48446,-4.53117,-4.20861,1.17258,4.42995,1.3461,-3.13386,-4.63328,-3.39265,0.833585,3.29244,4.57577,4.44294,6.09753,7.11213,10.0746,12.3074,11.5366,7.64857,6.92826,3.29461,1.09104,3.25518,5.34452,9.24195,7.71176,5.94899,7.34501,7.76024,4.44863,1.2893,1.28439,0.81268,-1.46457,-0.524973,-0.558378,-0.872746,-0.000553846,-1.11064,-1.09402,-2.56855,-3.71245,-4.06119,-3.37065,-2.4524
3.46221,2.94863,1.04314,-2.20136,-1.82098,0.0773151,0.551159,-1.28339,-1.88897,-0.936375,-0.697482,-3.97211,-5.53491,-4.4203,-2.1506,-0.568942,2.81348,5.73921,3.71366,-1.74843,-4.13467,-5.34164,-4.70726,1.71894,3.91591,-2.42298,-3.54736,0.0131905,-0.369434,-0.755451,1.86774,4.68561,7.11511,5.24852,7.08785,9.87536,11.9327,11.7282,8.4282,4.75726,6.9641,7.11554,5.41673,5.13212,7.81907,8.39526,8.04074,8.45481,6.55605,0.449086,-0.711308,0.333498,-0.108704,-3.06173,0.214814,0.958287,-1.09009,0.160406,-1.50731,-0.831686,-0.744522,-2.35,-3.10199,-2.95329,-2.01772
5.61369,1.85624,-0.117474,-1.21714,-2.30427,-0.652886,1.10256,0.937387,-0.71755,-1.22756,-1.10542,-3.29179,-4.69892,-3.7552,-0.615627,0.533547,1.97799,5.10001,4.28191,-0.748548,-4.08742,-5.30784,-4.90177,-1.44536,1.0428,-4.48538,-5.15646,1.38346,3.20269,1.24153,3.29023,8.66168,9.21388,5.29629,2.61396,7.58639,10.7514,10.4228,7.81023,6.62261,9.75137,13.7491,14.6154,8.87071,5.02145,4.98884,4.52289,2.95873,0.565718,-0.881076,-0.641988,0.210891,0.401254,0.619954,0.418252,0.131509,-1.09349,-0.888487,-0.656483,-1.18479,-0.993555,-0.998746,-1.78623,-2.05387,-1.77835
6.18706,2.67882,-0.531374,-1.29309,-2.43251,-1.00171,0.959628,1.7724,1.11821,0.00473994,-1.00238,-1.81004,-3.17373,-2.65837,-1.16165,-0.353406,1.70455,4.9167,4.5722,0.344707,-3.45648,-4.61963,-5.25971,-4.02611,-0.931832,-3.20182,-4.36959,2.6579,7.36782,4.76166,4.3108,6.89842,7.82167,3.72416,1.50974,5.3394,8.71029,7.48124,4.62346,6.78524,10.0373,14.675,17.5911,15.271,6.31973,1.57739,3.3034,2.22567,0.436703,0.0619881,0.546878,0.941292,1.41757,2.94315,3.20293,1.14642,-1.43919,-1.55016,0.32772,-0.2716,-1.18788,-0.774315,-0.846765,-1.30335,-1.37934
