public/uploads/wind/vent_json/20200520/wind_field_11.json
{"header": {"parameterUnit": "m.s-1", "parameterNumber": 2, "dx": 0.051, "dy": 0.036, "parameterNumberName": "eastward_wind", "la1": 45.3082, "parameterCategory": 2,"nx": 177, "ny": 123, "refTime": "2018-09-30 00:00:00", "lo1":1.38177}, "data":
[rows 0 to 27 of 123, columns 63 to 125 of 177]
0.196924,0.165552,0.13132,0.0862863,0.0605326,0.0910194,0.152464,0.247601,0.411305,0.570612,0.705868,0.818923,0.891124,0.918341,0.918593,0.923268,0.95825,1.0105,1.05917,1.10071,1.17427,1.32199,1.53535,1.69782,1.7142,1.57554,1.40027,1.32594,1.3294,1.35023,1.35154,1.32557,1.3472,1.4956,1.75342,2.00163,2.11913,2.13816,2.12555,2.13352,2.252,2.34902,2.33612,2.2188,2.11094,2.20412,2.42947,2.69993,3.008,3.26884,3.41461,3.46759,3.34623,3.24401,3.34061,3.58974,3.84623,3.87117,3.56958,3.18154,2.8685,2.52603,2.32455
0.38008,0.432378,0.399833,0.302214,0.15759,0.21356,0.384474,0.421654,0.554719,0.774946,0.909693,1.08818,1.15821,1.04291,1.0882,1.18586,1.14387,1.17083,1.24132,1.29133,1.33896,1.32521,1.4073,1.64173,1.84478,1.83931,1.72649,1.58297,1.36901,1.35045,1.47106,1.55075,1.63293,1.65203,1.75737,1.99601,2.25368,2.53252,2.69545,2.64214,2.64724,2.88215,3.0345,2.95202,2.90488,2.85584,3.00307,3.59349,3.90113,3.58936,3.68477,4.10552,3.91235,3.61828,3.66996,3.77459,3.83633,3.72984,3.73564,3.97334,3.96474,3.74916,3.34891
0.474409,0.551372,0.457094,0.308784,0.246397,0.398133,0.572154,0.565366,0.574095,0.696331,0.825192,0.962717,1.05819,1.18632,1.28849,1.1272,0.871588,0.764852,0.778452,0.988057,1.23976,1.38017,1.49179,1.57475,1.66512,1.69881,1.66546,1.56524,1.35712,1.23914,1.36405,1.67207,1.83341,1.77536,1.9571,2.35201,2.57112,2.65944,2.77324,2.77523,2.65652,2.78662,2.99558,2.95856,2.87938,2.76805,2.85235,3.50455,4.05462,3.8076,3.78417,4.25789,4.16065,3.97722,4.12305,4.56892,4.93603,4.81724,4.80184,4.73587,4.36639,3.92744,3.28363
0.899029,0.92958,0.937244,0.945448,0.83564,0.820801,0.823679,0.71646,0.809049,1.0389,1.12213,1.30688,1.58788,1.67875,1.51433,1.14286,0.763293,0.605502,0.699906,0.959355,1.23634,1.35241,1.37656,1.43056,1.45274,1.48499,1.54453,1.58635,1.5075,1.27917,1.33759,1.7216,1.93515,2.11205,2.33474,2.38587,2.5175,2.74299,2.87848,3.05914,3.11555,3.07789,3.22653,3.3073,3.29585,3.48657,3.68664,4.00632,4.38455,4.22778,3.81285,3.76864,4.00976,4.57718,5.3119,5.84127,5.72169,5.35536,5.50788,5.56181,4.90314,4.30755,4.23968
0.342376,-0.0263295,0.782835,0.523347,-0.220031,0.715732,0.710305,0.444047,0.947889,0.838677,0.835732,1.04548,1.26666,1.56531,1.33842,0.751964,1.01916,0.740324,0.0203833,0.339225,0.932182,1.56188,1.30522,0.784433,0.867468,0.769117,1.1198,1.93084,1.74466,1.06933,0.998638,1.17644,1.68377,2.10776,2.0427,1.67799,1.79759,2.26441,2.27988,2.71746,2.83561,2.63153,3.04958,3.07429,2.75466,2.61317,2.77278,3.06366,3.64532,4.84248,4.88525,4.34396,5.11388,5.13271,4.59429,5.40924,5.40488,4.93502,5.59929,5.21202,3.63794,3.25007,4.14316
0.356501,0.773298,0.988873,-0.287349,-0.191811,0.599696,0.567476,0.354693,0.242702,0.798344,1.31151,1.5439,1.57888,1.31053,1.10579,1.32112,1.33582,0.545053,0.173037,0.561847,0.978023,1.23541,0.952764,0.782197,0.841246,1.16434,1.52019,0.85152,0.592841,1.12333,1.43811,1.86606,2.12121,2.05394,2.24834,2.30987,2.18561,2.00657,1.9948,1.9615,2.10981,2.95234,3.16638,2.79226,2.53586,2.64649,2.906,3.55839,4.77467,4.87978,3.94106,3.9288,4.92937,5.17375,4.36022,4.43172,5.0823,5.35466,5.74404,5.50968,5.07096,4.30264,3.44218
0.986009,1.42466,0.161822,-0.355132,0.69855,0.568251,0.0200371,0.2975,0.792413,1.35992,1.65565,1.64671,1.408,1.21505,1.05317,0.795868,0.578063,0.401439,0.529568,0.84934,0.604183,0.569286,1.0037,1.20596,0.958334,0.572347,0.677886,0.780699,1.12153,1.65062,1.9654,1.91577,1.42237,1.271,1.59558,2.08937,2.16699,2.01221,2.00544,2.16046,2.34047,2.58841,3.26928,3.28,2.79322,2.96664,3.27597,3.52447,3.51092,3.87617,5.17928,5.25724,4.30463,4.18287,4.69325,5.5513,5.46446,5.08633,5.76663,5.34984,4.16339,4.45876,4.34492
1.12591,0.0909795,-0.354118,0.0330127,-0.297901,-0.177196,0.188668,1.08269,1.74024,1.46747,1.48291,1.23533,1.31873,1.58943,1.1152,0.663218,0.787392,0.723653,0.867164,1.00073,0.907467,0.836271,0.488531,0.560258,0.42108,0.553176,1.33288,1.72803,1.76886,1.48919,1.30982,1.26836,1.45206,2.03687,2.19784,1.8576,1.80391,2.1411,2.47032,2.75178,2.97484,2.83283,2.5956,2.50028,2.78749,3.04628,3.59386,4.7352,4.94098,4.09842,3.94422,5.0481,4.884,4.28883,5.14663,5.48733,5.66422,5.53202,5.00207,5.44722,4.99082,4.02218,4.21321
0.446421,0.38244,0.968651,0.360301,-0.852505,-0.439464,0.740129,1.10371,0.650501,0.755884,0.971486,1.02647,1.23413,1.32559,1.24682,1.31929,1.44194,1.43005,0.884777,0.369868,0.696081,0.474233,-0.255431,-0.187996,0.414289,1.17264,1.72798,1.65821,1.30045,1.15755,1.28083,1.64932,2.01446,1.86097,1.64556,1.6932,2.05725,2.1767,2.06676,1.91239,2.00358,2.99242,3.30407,3.08702,3.10274,3.25605,3.32435,3.63827,4.95164,5.09271,4.52541,5.09854,4.78916,4.4575,5.16826,5.01576,4.86768,5.69108,5.43864,4.62682,5.02897,4.81154,3.61848
0.697936,0.919498,1.43653,0.237954,-0.908084,0.165664,0.181088,-0.276796,0.50842,1.2646,1.60044,1.63032,1.65997,1.80904,1.80922,1.83337,1.94967,1.47914,0.819878,1.02266,1.31005,0.395132,-0.156443,0.294232,0.953715,1.55475,1.58602,1.40022,1.33476,1.50206,1.67664,1.78131,1.733,1.72288,1.92839,2.23644,2.67835,2.5141,2.11715,2.11641,2.1709,2.13749,2.51023,3.49811,3.7858,3.6016,3.56758,3.97069,5.18166,5.25291,4.77033,4.8369,4.61622,5.00252,5.07147,4.91375,5.25212,5.18577,5.5675,5.13293,4.40605,4.95195,4.95344
1.45542,1.49736,0.871766,-0.279692,0.0232806,-0.307947,-0.621162,0.184268,0.951241,1.56179,1.74615,1.72176,1.83636,2.03362,2.18147,1.94733,0.933868,0.403625,1.08038,1.5019,0.655676,0.029111,0.38976,0.852049,1.02269,0.416784,0.141267,0.999811,1.8468,2.31215,2.51826,2.32945,1.92694,1.91746,2.42252,2.40493,1.94706,1.80632,2.05933,2.03144,2.09438,2.96869,3.40887,3.19472,3.26543,3.51722,3.83447,3.91088,4.26129,5.44228,5.3387,3.98597,3.26808,3.73933,5.10792,5.29924,4.82011,5.48621,5.29693,4.71223,5.26501,5.26325,4.10307
1.76779,1.12973,0.626622,-0.0832543,-1.06832,-0.838278,-0.0869046,0.646918,1.36172,1.80294,1.83871,1.82634,2.09653,2.48774,2.30178,1.40699,1.02036,1.48664,1.44973,0.90126,0.655922,0.73001,0.817471,0.829904,0.531211,0.28942,0.714537,1.33491,1.9286,2.25709,2.04745,1.88258,1.92986,2.03878,1.79835,1.71606,2.35433,2.58276,2.18839,1.91298,2.14203,2.39552,2.8988,3.75257,3.95447,3.49333,3.78807,4.92921,5.00612,4.28043,3.54379,3.46279,4.73663,4.8936,4.38684,5.23719,5.18019,4.64534,5.43839,5.18212,4.4702,5.34412,5.10028
1.42308,1.09206,1.16703,-0.176278,-0.797994,-0.233651,0.2357,0.81713,1.41452,1.96364,2.02693,1.99707,1.92503,1.15227,0.672682,1.29131,2.07099,1.40697,0.113345,0.125021,1.03354,1.04896,0.673102,0.981968,1.00242,0.954997,1.24288,1.59748,1.77347,1.98623,2.10813,1.8863,2.06055,2.42863,2.30258,1.94258,1.82463,1.70874,1.63025,2.04772,2.38226,2.7627,3.46324,3.56481,3.11086,3.39042,4.61924,4.8476,4.57875,5.33033,5.14609,4.02474,3.36471,3.70518,5.09926,5.2778,4.73385,5.44522,5.28971,4.64633,5.33162,5.48202,4.42855
0.881275,0.350056,-0.0856484,-0.199701,0.163721,0.249749,0.562402,1.20238,1.9396,2.12309,1.70757,1.12769,0.522833,0.691914,1.67624,2.2928,1.86305,0.800164,0.568807,1.22053,1.35632,0.909715,0.73092,0.691086,0.718317,1.39557,1.8424,1.73939,1.6921,1.58173,1.70729,2.32415,2.40467,2.19183,2.46201,2.26676,1.80809,1.6584,1.93696,2.1693,2.20958,2.25724,2.58544,3.61002,3.92266,3.64043,3.48528,3.95734,5.25305,5.39648,4.19738,3.87271,4.96633,5.17366,4.65922,5.24355,5.16081,4.58193,5.32667,5.39232,4.85951,5.44643,5.48852
0.8816,0.951184,0.755708,0.719127,0.745044,0.902763,1.36781,1.70051,1.40301,0.765616,0.565926,0.723464,1.04472,1.5957,2.18682,1.57697,0.607842,0.834702,1.48224,1.32705,0.663228,0.843834,1.34881,1.36522,1.33464,1.41745,1.56116,2.01572,1.98598,1.64006,1.61074,1.87197,2.44801,2.40163,2.0597,2.26965,2.22045,1.9468,2.24956,2.33403,2.44219,3.13121,3.51904,3.30535,3.52985,4.69026,4.69679,4.19133,4.86187,5.01649,5.16028,4.95445,4.41448,5.15645,5.04504,4.47506,5.31047,5.38187,4.783,5.4341,5.45343,4.87229,5.32759
1.2184,1.99535,1.64266,1.09803,0.970159,0.918041,0.783819,0.364111,0.249403,0.828822,1.28064,1.51758,1.78606,2.16462,1.49507,0.772985,1.31707,1.79809,1.56989,1.08228,1.14647,1.43394,1.52186,1.29364,1.33128,2.00058,2.26355,1.9681,2.00921,1.92609,1.80678,2.21037,2.31612,2.26212,2.08133,1.92235,2.36407,2.41925,2.04084,2.00632,2.14555,2.55815,2.96492,3.25523,3.27335,3.77138,5.03839,5.23947,4.17032,3.86143,4.89334,4.94508,4.29801,3.93541,4.16279,5.25028,5.57096,5.54312,5.14207,4.68205,5.46427,5.41604,4.7479
1.31749,0.932458,0.69332,0.520414,0.732057,0.322396,-0.189465,0.385487,0.927243,1.31353,1.54688,1.99158,2.15978,1.14471,0.506646,1.19618,1.74274,1.12173,0.52647,1.03449,1.75712,1.96417,1.61953,1.2899,1.17677,1.44447,2.33173,2.17015,1.50057,1.99625,2.08459,1.61096,1.95343,2.17714,1.97678,1.90299,1.87868,1.87902,1.95531,2.12764,2.34711,2.86066,3.3063,3.65207,3.622,3.81368,5.05122,4.97604,4.06766,4.76065,4.60086,4.09264,5.01546,5.18271,4.68475,5.02598,5.45738,5.18985,5.44892,5.3484,4.86948,5.64349,5.23743
0.245636,0.541304,0.957122,0.826702,-0.0291095,-0.522469,-0.174326,0.441342,0.933268,1.38589,1.88253,1.64051,0.624645,0.584057,1.24059,1.82524,1.45014,0.838688,1.19893,1.81111,2.40615,2.3559,1.80611,1.57739,1.81552,1.94357,1.46453,1.32806,2.05656,2.19873,1.513,1.07324,1.3246,2.08651,2.28539,2.11585,2.41152,2.37651,2.09737,2.11793,2.48553,2.83593,3.52311,4.96822,4.96676,4.57434,5.18816,4.93595,4.90392,4.6288,3.9655,4.86587,5.04209,4.60265,5.36018,5.38691,4.14282,3.95665,5.20755,5.39508,5.33988,5.70827,5.22541
0.197165,1.03067,1.08393,0.030314,-0.684167,-0.28338,0.323041,1.02172,1.45087,1.64674,1.07239,0.116007,0.528348,1.4533,1.97332,1.54294,0.78135,1.00554,1.72471,1.8953,1.96507,2.45879,2.30702,2.15634,2.75673,2.68659,1.98495,1.70654,1.78516,1.97431,1.70692,1.34078,1.35769,1.59853,2.15492,2.23107,1.95134,1.96462,2.07879,2.33605,2.76359,3.04133,4.07933,5.14022,5.23992,5.42873,5.07322,4.58289,4.8629,4.96674,4.78342,4.97593,4.72727,4.5041,5.34434,5.09325,4.00884,3.44519,3.89311,5.4613,5.64725,4.99445,5.38581
0.826557,0.555697,-0.145437,-0.486017,-0.6015,-0.151492,0.828513,1.20041,1.30009,0.939911,0.133572,0.319669,1.19325,1.97507,1.49682,0.670731,0.868465,1.57905,2.113,2.29163,2.17661,1.83815,2.05594,2.1329,2.10733,2.78014,2.61258,2.0993,1.79993,1.0982,1.05433,1.66121,2.08957,2.06898,1.75628,1.84963,2.44334,2.63452,2.41307,2.59578,2.9174,3.38391,3.72391,4.35349,5.33442,5.44313,5.423,4.72051,3.94304,4.83371,4.70764,4.01316,4.93777,5.17646,4.83605,5.10484,4.30495,3.83399,5.18876,5.32251,4.97754,5.43229,5.14416
0.0290342,-0.828407,-0.804219,-0.53848,-0.126295,0.648176,0.515324,0.28162,1.09693,1.31386,0.500217,0.28651,1.32416,1.09472,0.235807,0.654347,1.5073,1.82978,1.90443,2.54908,2.45124,2.32157,2.93107,2.79258,2.40918,2.05182,1.96061,2.38206,2.13532,1.72125,1.90857,1.87448,1.67809,2.0453,2.3856,2.07508,1.96011,2.64646,3.07356,3.13895,3.18825,3.70822,5.11531,5.25857,4.55955,5.33202,5.18697,4.47111,4.98381,5.04304,4.87325,5.03102,5.08799,5.14486,5.24336,5.11699,5.20337,4.90951,4.72844,5.14479,5.00638,5.4124,5.37589
-0.50573,-0.818059,-0.357388,0.118173,0.710348,1.04232,0.77018,0.875354,1.69848,1.21057,0.314325,0.941611,0.587573,0.129986,0.928837,1.45034,1.52787,1.59222,1.92912,1.96869,1.83515,1.91616,1.93967,2.41155,3.22241,3.13828,2.18603,1.66107,2.27422,2.65595,1.97273,1.59084,1.49268,1.71654,2.3854,2.40992,2.01992,2.35556,3.31743,3.86552,3.68629,3.9579,5.25032,5.21916,4.47904,5.27958,5.13029,4.52924,4.94019,4.75034,4.92853,4.59273,3.95358,4.83128,5.0488,4.1292,3.99605,4.96221,5.21248,4.5463,4.20864,3.92414,3.58925
-0.966901,-0.806266,-0.296376,0.492408,0.842501,0.616678,0.803572,1.62179,1.22776,0.132638,0.927117,1.20583,0.28514,0.481771,1.08121,1.09698,1.26065,1.84995,1.78526,1.45187,1.6246,2.06082,2.62771,2.59209,2.38709,2.73414,2.47262,1.71815,1.95676,2.76594,2.67816,1.7896,1.63643,2.4164,2.5196,2.32725,2.87104,2.9929,3.07045,4.1437,4.52596,4.43174,5.32566,5.00508,4.15602,4.992,4.70755,3.92231,4.87028,4.83034,4.26317,5.03636,5.13634,3.94537,3.67362,4.83913,5.01978,4.522,5.09624,5.13938,4.54805,4.15102,4.26399
-0.666452,-0.198471,0.336471,0.946339,1.35697,1.03122,0.675862,0.554364,0.305435,0.6921,1.04613,0.435399,0.114448,0.564901,0.907947,1.34162,1.90764,1.6147,1.0392,1.40841,2.13194,2.65726,2.84931,2.60822,2.16461,1.68466,1.5301,1.86995,2.12193,2.19791,2.54648,2.66566,2.1722,2.06311,2.68448,2.97687,2.51062,2.56498,3.04982,3.79643,5.01147,5.084,4.39518,4.01478,3.62606,3.31289,3.20829,3.42723,3.49214,4.00443,5.10067,5.4062,5.31053,4.93754,3.82412,3.57874,4.7109,5.13331,4.53638,4.19184,4.62366,5.58883,5.39224
-0.256772,0.17961,0.613202,1.0504,1.00756,0.219219,-0.0853376,0.335562,1.02392,0.584737,-0.192901,0.457042,1.02569,0.831667,0.900302,1.79137,1.93486,1.01603,1.03024,1.99971,2.536,2.86239,3.23355,3.12713,2.51109,2.07874,2.21185,2.56867,3.06809,2.9566,2.55254,2.78896,2.75161,2.44267,2.50467,3.17828,3.39748,3.33527,4.29847,4.52047,4.32115,5.24209,5.00237,4.15729,4.71327,4.87016,3.80344,3.61429,4.9122,4.99463,4.59697,5.26769,5.39614,5.18457,4.79526,3.91017,3.819,4.87062,5.05176,4.42085,4.07486,4.2564,5.24887
-0.28623,0.204139,0.362744,0.182892,0.148216,0.256536,0.580848,1.07796,0.477654,-0.224539,0.0710719,0.703853,0.992865,0.572065,1.1404,1.47182,0.430226,0.379516,1.54337,2.31974,2.47985,2.22327,2.26871,3.06796,2.87213,2.48446,3.20416,2.96128,2.49632,3.13304,3.24511,2.40431,2.17687,3.00452,3.21374,3.06813,3.74716,4.02063,3.84019,4.04027,4.48565,4.92324,5.32156,4.73198,3.91848,4.52036,4.71206,4.10744,3.6304,4.08037,5.25926,5.64498,5.44399,5.07088,5.09367,5.2367,4.62173,4.10138,3.79853,4.12447,5.31738,5.38991,4.22305
-0.0152456,-0.0585939,0.0729767,0.399951,0.486064,0.71871,1.33879,0.572543,-0.27828,0.00376146,0.402034,0.564742,0.432749,1.30485,1.93701,0.979185,0.615208,1.35691,1.99983,2.22983,2.03209,2.02168,2.27887,2.27819,2.14549,2.2538,2.19036,2.25254,2.26565,2.29615,3.09489,3.17628,2.35899,2.51683,3.41805,3.34467,3.44472,4.50976,5.03988,5.3783,4.8598,4.20752,4.77022,4.81948,3.80618,3.54743,4.52503,4.97118,5.2548,5.14394,4.85346,5.34812,5.19489,5.05356,4.62568,4.12635,4.77013,5.21762,5.38526,5.07097,4.30366,4.00629,3.77382
-0.413289,-0.325781,0.117972,0.550438,0.77725,1.03988,0.401603,-0.397512,-0.152467,0.466619,0.486318,0.288934,0.965566,1.85073,1.5983,0.749276,1.0803,2.02758,2.23069,1.81924,1.67898,1.96954,2.31906,2.61242,2.65491,2.53786,2.5606,2.63466,2.62629,2.7468,3.16061,3.02483,2.88451,3.53349,3.2465,3.27342,4.40722,5.07541,5.39142,5.21921,5.22337,4.59161,3.82761,4.57552,4.57076,3.56266,3.32714,3.39279,3.83879,5.17713,5.5455,4.63774,3.84798,3.75665,4.77156,4.91694,4.48771,5.01977,5.15555,5.24361,5.23548,4.39603,4.21733
