public/uploads/wind/vent_json/20200520/wind_field_11.json
{"header": {"parameterUnit": "m.s-1", "parameterNumber": 3, "dx":  0.051, "dy": 0.036, "parameterNumberName": "northward_wind", "la1": 45.3082, "parameterCategory": 2,"nx": 177, "ny": 123, "refTime": "2018-10-03 01:00:00", "lo1":1.38177}, "data":
[rows 0 to 27 of 123, columns 63 to 125 of 177]
3.15504,2.98435,2.80943,2.6364,2.4965,2.45034,2.54189,2.60791,2.6207,2.62335,2.64209,2.60175,2.55669,2.57227,2.45651,2.51303,2.6015,2.62516,2.59801,2.56671,2.50218,2.51523,2.42922,2.25888,2.29691,2.36392,2.33767,2.35673,2.35252,2.28349,2.12602,2.10871,1.98148,1.92113,1.8071,1.53224,1.42621,1.20154,1.00546,0.85531,0.750575,0.773381,0.68111,0.645765,0.632864,0.681096,0.511329,0.591006,0.681846,0.624308,0.474278,0.334352,0.132064,0.123922,0.329185,0.329918,0.140868,-0.203798,-0.365402,-0.522705,-0.236282,-0.172843,-0.24281
2.72755,2.61256,2.5445,2.43368,2.30054,2.22267,2.23618,2.20318,2.14143,2.05047,2.07944,2.10455,2.17291,2.20478,2.11699,2.08846,2.12927,2.14942,2.19062,2.15915,2.15503,2.20798,2.19777,1.98577,2.02482,2.02572,1.93698,1.86432,1.79649,1.66683,1.45604,1.45646,1.31746,1.36873,1.34625,1.16444,1.1006,0.829417,0.625143,0.438442,0.384919,0.341853,0.195052,0.130627,0.119578,0.16511,0.0782793,0.0894944,0.121516,0.134023,0.0396459,-0.104437,-0.232276,-0.310139,-0.364447,-0.431434,-0.610967,-0.634338,-0.76387,-1.01504,-0.967009,-0.959621,-0.934517
1.95776,1.89563,1.9578,1.98611,2.02984,1.87771,1.84265,1.59824,1.4997,1.37718,1.35472,1.40472,1.57572,1.56993,1.65067,1.45437,1.40739,1.43809,1.60525,1.6421,1.73511,1.56099,1.67501,1.55838,1.56118,1.45328,1.39269,1.248,1.15244,0.969944,0.796242,0.800677,0.683384,0.70998,0.736354,0.74411,0.624871,0.421952,0.267386,0.115936,0.0750316,-0.0777467,-0.214259,-0.288449,-0.321509,-0.37061,-0.278739,-0.28397,-0.310035,-0.224451,-0.233312,-0.452958,-0.427239,-0.520865,-0.826957,-0.981797,-1.20903,-1.07498,-1.25266,-1.34962,-1.34312,-1.29339,-1.29538
1.73442,1.53656,1.32093,1.81279,1.8551,1.06856,1.38801,0.75467,1.22116,1.30032,0.992267,1.01987,1.23204,1.25696,1.37254,1.13395,0.94316,1.53555,1.5244,1.35797,1.20961,0.813702,1.53744,1.44856,1.20372,1.04595,0.748217,0.205167,0.887469,0.791468,0.564793,0.553839,0.204841,0.410699,0.616395,0.696022,0.409182,0.219247,0.0281677,-0.143643,-0.201527,-0.0926693,-0.267572,-0.332844,-0.395019,-0.424961,-0.447047,-0.323894,-0.388971,-0.521793,-0.520364,-0.419471,-0.564622,-0.589307,-0.924703,-1.27898,-1.45669,-1.03252,-1.35587,-1.34749,-1.40151,-0.935062,-1.44391
1.02066,0.855315,1.49698,1.88228,1.8366,1.4489,1.37197,1.39438,1.37742,0.794222,0.72956,0.927276,1.41276,1.3778,0.988867,0.811748,1.21086,1.5586,1.62534,1.57087,1.58977,1.22561,1.38983,1.22361,1.06968,0.880406,1.44798,1.14107,0.746103,0.306606,0.213785,0.264829,0.426116,0.851888,0.766752,0.482518,0.589365,0.630823,0.593084,0.380153,0.1178,-0.106626,-0.324215,-0.29564,-0.238052,-0.288916,-0.290607,0.0356216,-0.0917951,-0.332965,-0.318607,-0.047398,-0.513022,-0.610994,-0.689987,-1.1091,-1.30412,-0.835614,-1.377,-1.08327,-1.3607,-0.802335,-1.32823
0.492559,0.975172,2.09116,1.43849,1.46286,1.9235,1.36199,1.54886,0.8673,0.204839,0.615161,1.19622,1.74154,1.88388,1.78402,1.82196,1.91922,1.6485,1.67275,1.76829,2.23463,1.50416,0.684386,0.938568,1.49718,1.6058,1.87581,1.69837,0.254791,-0.0121873,0.437335,1.03936,1.19725,0.969158,0.518351,0.179695,0.485738,0.491748,0.609201,0.188137,-0.00243852,-0.314716,-0.421041,-0.273104,-0.291135,-0.180356,-0.147969,0.365002,-0.156704,-0.362727,-0.516592,-0.334882,-0.662752,-0.8179,-0.596075,-0.841193,-1.09246,-0.745827,-1.49892,-1.14644,-1.39288,-1.46352,-1.22086
1.72474,2.22928,1.55176,1.30849,1.34357,0.968159,0.808104,0.166528,0.944626,1.44863,1.29392,0.88575,1.00891,1.65367,1.77484,1.95452,1.50127,1.58526,1.27466,1.36282,1.47444,1.41858,1.14283,1.06149,1.13007,0.783149,0.375323,0.34722,0.833155,1.35817,1.39371,1.23284,0.984057,0.48859,0.313034,0.318159,0.0426931,-0.0232498,-0.0952472,-0.156006,-0.186676,-0.268186,-0.411853,-0.334855,-0.291228,-0.0193542,0.280458,0.236821,-0.231345,-0.215114,-0.352119,-0.427691,-0.407843,-0.529229,-0.653944,-0.958025,-1.19702,-0.924223,-1.3886,-1.56781,-1.37604,-1.491,-1.51915
2.11093,1.26069,0.297372,1.732,1.82844,1.12188,0.779097,1.32172,1.67761,1.4902,0.725898,0.0743564,-0.0776536,0.251926,0.112008,0.45187,0.655762,1.12255,1.78469,1.39792,1.13858,1.87869,1.73063,0.783076,0.215789,-0.180963,0.378979,1.15013,1.7711,1.40868,0.655807,-0.0143197,0.376813,0.423311,0.353859,0.354445,0.143068,0.589909,0.317819,0.497658,0.0569413,-0.52249,-0.66196,-0.56353,-0.0633671,0.162664,0.709078,0.0814857,-0.0937132,-0.0185252,0.0357565,-0.310008,-0.360807,-0.33713,-0.823449,-1.01176,-1.23174,-1.35355,-1.26114,-1.59066,-1.64701,-1.24553,-1.60414
0.953127,0.0211468,0.0485139,1.77333,1.87774,1.70193,1.89578,1.62628,0.504889,-0.106797,-0.337386,-0.081172,-0.104257,-0.120476,0.140023,0.36693,0.865592,1.36717,1.43463,0.675842,0.997657,1.47313,1.06178,0.677069,0.47586,1.01049,1.17506,1.13684,0.692906,0.161648,0.259238,0.372776,0.626535,0.379256,0.157245,0.351961,0.365038,0.511184,0.356638,0.231714,0.273138,-0.0857246,0.0442429,-0.0926134,-0.0338345,-0.0170259,0.0997532,-0.0504465,-0.332625,-0.332941,-0.0943453,-0.424716,-0.387115,-0.517473,-0.817564,-0.691944,-0.972559,-1.34742,-1.51592,-1.52926,-1.88513,-1.7932,-1.30466
0.428301,0.705348,1.71105,1.66803,1.6219,1.99205,1.42765,0.204334,-0.221633,-0.08538,0.205944,0.305187,0.495939,0.666193,0.865005,1.2233,1.58927,0.851455,0.0324894,0.539445,1.17041,0.952063,0.863644,1.08977,1.38476,1.95879,0.701225,-0.162288,-0.416516,0.232371,0.677684,0.64623,0.633074,0.737295,0.284171,0.410204,0.248831,0.098352,0.20686,0.312378,0.871225,0.307354,0.129848,-0.221647,-0.394849,-0.220239,-0.228541,0.0459295,-0.151675,-0.19101,0.0482779,-0.147118,-0.0422141,-0.525167,-0.877434,-0.753586,-1.00217,-1.27225,-1.71438,-1.47571,-1.85168,-2.11536,-1.27975
1.39339,1.73175,1.91034,1.8531,1.72229,1.25463,0.153427,0.144933,0.356115,0.623416,0.714336,0.752191,0.644667,0.876557,1.1234,1.17396,0.704742,0.0766958,0.908933,1.33344,0.836094,0.707455,0.923213,1.03043,1.2976,1.25225,0.170772,0.0239136,-0.133628,0.202247,0.049661,0.116,0.0696445,0.788924,0.248438,0.349008,0.06837,0.0456494,0.367135,0.308377,0.782657,-0.072043,-0.0706246,-0.256166,-0.0461669,0.154761,0.35569,0.356308,0.320167,0.037647,-0.00803189,-0.0472267,-0.320835,-0.529328,-0.878824,-1.02192,-1.05793,-1.35555,-1.67616,-1.33513,-1.84336,-2.01021,-1.55207
0.93753,0.748179,0.66045,1.6143,1.08229,0.490142,0.579214,0.717771,0.75522,0.825261,1.00258,1.00197,1.00659,1.30897,0.456409,-0.367882,-0.387472,0.568457,1.10841,0.247758,-0.0643825,0.898246,1.0891,0.506825,0.294627,0.363207,0.481363,0.672446,0.522244,0.00301107,-0.10958,0.177964,0.135028,0.115517,-0.307853,0.0687881,-0.142448,-0.0147484,0.176535,0.0681289,0.500872,0.580046,0.622168,0.160883,0.203485,0.18083,0.167539,-0.121253,-0.114087,-0.301868,-0.390556,-0.293417,-0.660032,-0.536644,-0.819693,-1.11306,-0.975815,-1.39379,-1.76422,-1.37684,-1.81431,-2.0219,-1.67527
0.638051,0.680452,1.17904,0.534215,0.320323,0.759709,0.954995,1.0416,0.923657,0.989981,1.13617,1.23016,0.970298,0.254166,-0.832729,-0.49473,0.103801,0.39373,-0.149599,-0.187076,0.216812,0.570747,0.635065,-0.0142639,0.166501,0.278544,0.572728,0.772692,0.832546,0.259207,0.333325,-0.0720345,-0.118469,-0.410835,-0.568689,-0.213898,-0.186278,0.0350647,0.157689,0.656169,0.658439,1.24458,0.331478,-0.24966,-0.272594,-0.0503769,-0.147812,-0.262931,-0.398683,-0.489767,-0.583432,-0.455958,-0.79471,-0.585143,-0.784929,-1.16313,-0.985065,-1.39984,-1.88392,-1.47043,-1.7648,-1.99856,-1.54119
1.44872,1.70609,1.23044,0.220527,0.433384,0.424694,0.738806,1.19708,1.71214,1.41168,0.49862,0.191166,-0.410083,-0.885593,-0.577189,0.468355,-0.185835,-0.631132,-0.438251,0.51934,0.243278,-0.365045,-0.268969,-0.0300117,0.59576,0.663373,0.870756,0.442555,0.344514,0.0729074,0.139871,-0.431725,-0.631512,-0.442299,-0.497773,-0.510651,-0.370987,-0.149641,0.0485272,0.17156,0.145662,0.113177,-0.387764,-0.401708,-0.0210008,0.12599,0.10646,0.224727,-0.0935883,-0.236165,-0.536026,-0.551138,-0.914125,-0.98406,-0.857255,-1.17975,-1.33541,-1.38057,-1.70201,-1.77715,-1.54342,-1.63973,-1.56517
0.705318,0.68338,0.587034,0.642936,0.917985,1.32561,1.66222,1.45151,1.08695,-0.0014207,-0.832766,-1.06413,-0.932332,-0.327591,0.477106,-0.0515632,-1.01868,-0.587776,-0.240347,-0.184125,-0.530337,-0.677005,-0.198013,0.363843,1.0983,0.525996,0.37317,-0.223325,-0.467912,-0.377672,0.0559594,-0.437641,-0.688384,-0.557716,-0.526915,-0.633155,-0.733071,-0.248701,-0.191891,-0.438362,-0.156089,-0.609392,-0.29535,0.024393,0.581433,0.351531,0.0772336,0.105697,-0.214523,-0.274737,-0.706877,-0.810634,-0.792052,-1.21317,-0.941672,-1.30802,-1.59803,-1.60692,-1.4178,-1.7002,-1.58141,-1.30037,-1.52817
0.889451,1.13228,1.25141,1.48901,1.64119,1.9643,1.42304,0.270008,-0.551933,-0.892298,-0.748092,-0.627477,-0.0920007,0.464475,-0.0126538,-0.910724,-0.715207,-0.120082,-0.728181,-1.08224,-0.94938,-0.49791,0.091012,0.287775,0.834051,-0.375452,-0.874285,-0.404702,-0.352055,-0.441869,0.108217,-0.353621,-0.859566,-0.839288,-0.65999,-0.297322,-0.542545,-0.200288,-0.224824,-0.156497,-0.0179163,-0.150475,-0.0293177,0.2843,0.644318,0.772783,0.266427,0.116668,-0.0118708,-0.201467,-0.728754,-0.694221,-0.793817,-0.999573,-0.708409,-1.33799,-1.516,-1.65925,-1.53843,-1.36713,-1.58169,-1.4366,-1.26353
0.920307,0.658764,0.108488,0.570159,1.27384,1.0877,0.523454,0.124322,0.145132,0.428155,0.419935,0.805602,0.64501,-0.126425,-1.0317,-0.855228,-0.101033,-0.458423,-1.09814,-0.657764,-0.988093,-0.640009,-0.420679,-0.317597,-0.152263,-0.109863,-0.539968,0.0220698,-0.29819,-0.609422,-0.162301,-0.0313908,-0.504565,-0.868605,-0.697029,-0.161485,-0.451965,-0.365265,-0.310392,-0.15863,-0.0482649,0.0049658,0.0683364,0.00929221,0.0973993,0.577019,0.0895641,0.020414,-0.0783474,-0.512736,-0.776758,-0.816664,-1.29272,-1.06917,-1.07224,-1.29955,-1.51402,-1.15519,-1.71404,-1.46143,-1.15729,-1.63673,-1.10573
0.491588,-0.227905,-0.000809877,0.409136,0.489914,0.385881,0.578838,0.552152,0.754706,0.978606,1.21777,0.863728,-0.343496,-1.26803,-0.916995,-0.0722992,-0.238141,-0.904793,-0.907973,-0.296097,-1.09739,-1.21974,-1.05347,-0.449514,-0.882568,-0.309929,-0.315881,-0.0680829,-0.584644,-0.782721,-0.295865,0.0577455,0.215295,-0.451521,-0.637402,-0.438896,-0.663945,-0.560371,-0.37211,-0.233069,-0.0356128,-0.0567202,0.25553,-0.287351,-0.220584,-0.106586,-0.409517,-0.317195,-0.583588,-0.914515,-0.590694,-1.14584,-1.38205,-0.93053,-1.49246,-1.31113,-1.22221,-0.683277,-1.31135,-1.43713,-1.05858,-1.43675,-1.20378
0.830025,1.02046,1.50122,1.45957,0.62309,0.20687,0.220399,0.754167,1.20338,1.1872,0.564325,-0.578462,-1.22212,-0.885681,-0.136479,-0.13747,-1.03118,-0.931942,-1.0576,-0.946004,-1.0886,-1.4376,-1.01338,-0.299723,-1.05206,-1.31763,-0.766539,-0.454034,-0.311612,-0.600823,-0.481826,-0.0471597,-0.198962,-0.32609,-0.705477,-0.294831,-0.72999,-0.70812,-0.442595,-0.325897,-0.156162,-0.107483,0.0697056,-0.443088,-0.393367,-0.502759,-0.620455,-0.561841,-0.701705,-1.07725,-0.682805,-1.07755,-1.17695,-0.765802,-1.32065,-1.33138,-0.881498,-0.441978,-0.882832,-1.28699,-1.13209,-1.16746,-1.29969
1.74619,1.7457,1.20132,0.855165,0.551042,0.622869,0.993374,0.7246,0.344248,0.0866386,-0.100469,-0.329116,-0.35452,0.331432,0.000422314,-0.948869,-1.24096,-0.56561,-0.922781,-1.49135,-1.25139,-0.83935,-1.02452,-0.817118,-0.774255,-1.37874,-0.57767,-0.733425,-0.71841,-0.581837,-0.651673,-0.316848,-0.644866,-0.942511,-0.809914,-0.00882722,-0.548016,-1.01168,-0.734533,-0.372212,-0.0481566,0.209359,-0.097739,-0.311343,-0.587291,-0.761411,-1.00509,-0.739094,-0.909287,-1.2146,-1.22042,-0.680781,-1.24903,-0.931298,-1.26914,-1.31555,-1.19816,-0.631525,-1.07681,-1.45287,-0.859998,-1.42237,-1.23031
1.82249,1.24841,0.841526,0.460655,0.0535728,0.459866,0.587798,-0.322859,-0.694357,-0.0286346,0.358369,0.4091,0.58649,-0.0520795,-0.827391,-0.9462,-0.489316,-0.406612,-0.658741,-1.31164,-1.07715,-0.325476,-1.4462,-1.13977,-1.29138,-1.20901,-0.511783,-1.03985,-1.63003,-1.01467,-0.650681,-0.583783,-0.351648,-0.840731,-0.770749,-0.345363,-0.0756259,-0.521834,-0.784969,-0.490666,-0.196627,0.263314,-0.35107,-0.477297,-0.572155,-0.976855,-1.16767,-0.710712,-1.345,-0.892133,-1.44749,-0.696182,-1.05503,-1.08239,-1.40498,-1.16679,-1.34108,-1.2685,-1.19395,-1.40959,-0.643936,-1.3633,-1.06669
1.56158,1.28151,1.08638,1.00066,1.28784,1.07351,-0.0540227,-0.143082,0.892541,0.509596,-0.371868,0.160629,0.331198,-0.691437,-0.549015,-0.209457,-0.28914,-0.66851,-0.43542,-0.594174,-0.631706,-0.767097,-1.33011,-0.756661,-1.4031,-1.4137,-1.03979,-0.863719,-1.29648,-1.34964,-0.656632,-0.5291,-0.17998,-0.777075,-1.06015,-0.388282,-0.343971,-0.316088,-0.681308,-0.7433,-0.522277,0.139075,-0.4667,-0.654648,-0.416925,-1.1945,-1.18373,-0.651928,-1.60718,-0.965977,-1.36109,-1.31217,-0.761357,-1.18083,-0.976632,-1.18807,-1.16058,-1.45355,-1.32457,-1.21543,-0.837253,-0.902624,-0.629088
1.05446,0.911822,0.816118,0.880441,1.35646,1.82875,1.53136,1.28198,0.950818,-0.481643,-0.07109,0.515674,-0.112275,-0.182155,-0.174704,-0.374237,-0.610907,-0.388498,-0.414106,-0.777163,-1.03469,-1.1666,-0.834162,-0.728296,-0.859462,-1.5188,-1.11049,-0.633376,-0.268449,-1.10639,-1.30377,-0.991241,-0.458957,-1.097,-1.4511,-0.614333,-0.970704,-0.714253,-0.529493,-0.629537,-0.715987,-0.114036,-0.542273,-0.716332,-0.489098,-1.21953,-1.18141,-0.605625,-1.5404,-1.13421,-1.39711,-1.54053,-1.23738,-1.21941,-0.570567,-1.15757,-1.47511,-1.34572,-1.46051,-1.21071,-0.861958,-1.0714,-0.637381
0.981966,1.03817,1.05666,0.915191,1.01464,1.61285,1.78604,0.891796,-0.482678,0.026665,0.0614097,-0.471711,-0.524029,-0.271679,-0.585451,-0.717439,-0.504937,-0.475613,-1.13216,-1.38585,-1.26159,-0.612494,-0.975725,-1.14246,-1.0592,-1.16477,-0.9009,-0.453552,-0.804406,-1.44418,-1.77266,-1.61402,-1.36445,-1.18601,-1.32491,-1.38426,-1.11133,-0.415147,-0.55288,-0.329502,-0.550861,-0.496469,-0.733576,-0.66234,-1.01892,-1.09769,-0.916822,-0.442305,-1.46313,-1.08222,-1.46749,-1.48369,-1.49479,-1.34205,-0.908717,-0.792807,-1.29323,-1.41157,-1.19742,-0.968241,-0.55268,-0.998822,-1.01401
1.76096,1.85268,2.04564,2.01626,1.50294,0.498721,-0.0335999,-0.41128,0.289907,0.46318,-0.388816,-0.828612,-0.181371,0.272626,-0.194824,0.0765616,-0.502179,-1.01051,-1.26286,-0.9549,-0.762075,-0.406786,-1.38958,-1.68354,-1.44878,-0.867961,-1.41674,-1.07487,-1.72852,-2.30345,-1.53008,-1.68517,-1.4,-1.66038,-1.26318,-1.44434,-1.55921,-0.584626,-0.976396,-0.533752,-0.231601,-0.828613,-1.09504,-0.794743,-1.29348,-1.49273,-1.29221,-0.550925,-1.59226,-1.1657,-1.48821,-1.62878,-1.56424,-1.61556,-1.3937,-1.27124,-1.10342,-1.45087,-1.10168,-0.534445,-0.647021,-0.599914,-0.993721
1.39501,1.42735,1.27875,0.996909,0.419947,-0.470042,-0.595504,0.538871,0.737621,-0.0468938,-0.175312,0.127155,-0.119495,-0.478943,-0.0856829,0.110499,-0.948437,-0.975135,-0.633064,-0.453675,-0.551782,-0.905838,-1.24421,-1.76049,-1.47828,-0.953377,-1.82891,-1.63343,-1.11207,-1.76267,-1.56562,-1.52163,-0.870512,-1.74665,-1.72914,-1.2551,-1.64264,-1.32563,-0.961417,-0.86095,-0.561218,-0.949001,-1.52809,-1.33101,-1.08528,-1.49825,-1.95168,-1.08767,-1.87804,-1.33392,-1.65645,-1.83679,-1.77397,-1.8299,-1.80121,-1.60896,-1.54297,-1.14377,-1.07985,-0.473995,-1.02941,-0.850029,-0.888802
1.39468,1.13081,0.560583,0.276274,0.320885,0.533558,0.91005,0.695925,-0.18125,-0.247697,0.0657195,-0.122832,-0.754408,-0.737062,-0.0954513,-0.671814,-1.32988,-0.885559,-0.236501,-0.110571,-0.439027,-0.853184,-1.03695,-1.45212,-1.37379,-1.15122,-1.4509,-1.10062,-0.844834,-0.843924,-2.12805,-1.88083,-1.09218,-1.77848,-2.13748,-1.27003,-1.58154,-1.64937,-1.15436,-1.19957,-1.32476,-1.11282,-1.56589,-1.747,-1.33833,-0.927834,-1.75541,-1.20064,-1.71288,-1.96239,-1.72449,-1.96275,-1.45614,-1.67745,-2.01628,-1.36118,-1.50856,-1.16421,-1.23061,-1.09733,-1.11243,-0.98624,-0.557265
1.29698,0.77648,0.611593,0.447583,0.82734,1.5828,1.26418,0.0425584,-0.105569,-0.103681,0.437814,0.358086,0.0277823,0.432869,-0.244833,-1.06349,-1.04896,-0.502542,-0.0811432,-0.313798,-0.67186,-0.58669,-1.23038,-1.37843,-1.3288,-1.20782,-1.30348,-1.01769,-1.84692,-1.55265,-2.28895,-2.48923,-1.59822,-2.20165,-1.88314,-1.08898,-1.69435,-1.6467,-1.52523,-1.45556,-1.68078,-1.42237,-1.26843,-1.87945,-1.62056,-0.851651,-1.59503,-1.35076,-1.20886,-1.86742,-1.98208,-1.75419,-1.75146,-1.65469,-1.87541,-1.84755,-1.27347,-1.47217,-0.895761,-1.34296,-1.00032,-0.810521,-0.308086
