public/uploads/wind/vent_json/20200520/wind_field_11.json
{"header": {"parameterUnit": "m.s-1", "parameterNumber": 2, "dx": 0.051, "dy": 0.036, "parameterNumberName": "eastward_wind", "la1": 45.3082, "parameterCategory": 2,"nx": 177, "ny": 123, "refTime": "2018-09-30 00:00:00", "lo1":1.38177}, "data":
[rows 84 to 111 of 123, columns 0 to 62 of 177]
-1.19367,-1.27378,-1.42414,-1.58916,-1.75322,-1.74178,-1.80149,-1.80078,-1.67315,-1.48421,-1.63938,-1.58809,-1.50604,-1.02837,-1.3,-1.96248,-2.86809,-2.75684,-2.68353,-2.59504,-3.02447,-3.15995,-3.07615,-2.17191,-1.16483,-0.955247,-1.24054,-1.76498,-1.40321,-0.207465,0.736226,0.729856,0.82867,1.05673,1.38693,1.59983,1.36355,0.908504,0.699266,1.1375,0.73669,-1.05564,-1.97967,-1.24008,-0.26218,0.372661,0.0888359,-0.251658,-0.615609,-0.689701,-0.0594609,-0.19821,-0.0936615,-0.442441,-0.504453,-0.0564901,-0.0428591,-0.128406,0.12588,0.510375,0.382483,0.318826,0.148063
-1.26825,-1.25838,-1.31959,-1.72799,-1.84286,-1.91692,-1.8015,-1.64973,-1.40819,-1.33264,-1.38147,-1.57863,-1.64068,-1.3785,-1.21695,-1.46518,-1.95689,-1.99468,-1.74502,-1.97755,-2.35118,-2.44814,-2.4164,-2.25254,-1.81671,-1.48899,-1.74597,-2.06028,-1.39706,-0.406134,0.739967,1.44658,1.21149,1.11052,1.2184,0.903853,0.715181,1.27827,1.24398,1.79387,2.0521,0.435517,-0.90732,-0.666288,0.633092,1.25005,0.193868,-0.286058,-0.603617,-0.767969,-0.129281,0.127517,0.0960172,-0.21786,-0.183157,0.0438652,0.37578,0.114298,0.345297,0.555514,-0.0488125,-0.0351935,-0.564182
-0.738552,-0.83192,-1.03346,-1.53917,-1.64559,-1.82187,-1.84649,-1.54493,-1.28056,-1.21531,-1.46297,-1.75869,-1.58199,-1.22479,-0.709383,-0.782323,-0.935573,-0.754094,-0.673672,-0.908187,-1.32708,-1.44051,-1.54818,-1.68637,-1.80083,-1.6509,-1.42804,-1.48939,-1.1081,-0.628325,-0.158498,0.912549,1.54693,1.23778,0.960349,0.215273,-0.060265,1.15985,1.67059,2.02174,2.75333,1.33309,-0.555467,-0.26853,1.19691,1.57616,-0.198102,-1.11973,-0.99636,-0.762733,-0.198692,0.0750639,0.140823,0.0718211,0.1063,0.550889,0.470907,0.571409,0.544593,0.11675,-0.0783816,-0.68174,-0.70107
-0.424407,-0.443533,-0.353233,-0.348795,-0.593319,-0.941817,-1.19715,-1.3164,-1.01312,-1.08002,-1.54249,-1.7636,-1.30044,-0.752374,-0.0378298,0.103233,-0.126029,-0.324614,-0.531034,-0.61919,-0.718442,-0.625442,-0.615913,-0.858709,-0.953231,-1.05682,-0.611123,-0.498607,-0.461013,-0.0352505,-0.0392047,0.366948,1.19055,1.43377,0.552418,-0.146505,0.0519428,0.964426,1.90619,2.1219,2.93929,1.79499,-0.159205,0.0876837,0.977124,0.0540165,-2.12317,-2.02899,-0.983416,-0.261715,-0.0516858,-0.296619,0.0542249,0.340815,0.577762,0.849972,0.531697,0.331178,0.78618,-0.295475,-0.726375,-0.707159,-0.672159
0.0237185,0.0337876,0.00754671,0.0453611,-0.288058,-0.714209,-1.12322,-1.39523,-0.97234,-0.98549,-1.2307,-1.34043,-1.18688,-0.480164,0.495514,0.435605,-0.0685271,-0.041138,-0.155407,-0.307605,-0.149571,0.0369351,-0.0466239,-0.290714,-0.346742,-0.360812,0.0167268,0.247909,0.345069,0.41917,0.418927,0.219026,0.770224,1.12064,0.141274,0.263425,0.538877,1.09186,1.84429,2.10539,2.59182,2.01184,-0.139508,-0.816627,-0.908484,-2.22538,-2.77748,-1.4278,-0.425997,0.100663,-0.264312,-0.579628,0.100826,0.523136,0.90731,1.09877,0.364417,0.566076,0.0514132,-1.12448,-0.764874,-0.596031,-0.293914
0.184654,0.23898,0.15187,-0.039774,-0.32153,-0.893951,-1.14465,-1.38584,-0.970155,-0.791009,-0.564835,-0.776346,-0.947548,-0.319594,0.386012,0.419561,0.0627342,0.103511,0.275413,0.107595,0.337287,0.270887,0.245708,0.31057,0.453471,0.569641,0.59149,0.557978,0.124113,0.111795,0.178769,0.0349913,1.10024,1.22863,0.350032,0.756616,0.93173,1.03938,1.52036,1.99675,2.43585,0.977377,-1.6075,-1.80287,-1.34744,-1.91695,-1.7232,0.0015859,0.833974,0.238601,-0.615944,-0.395826,0.254675,0.389024,0.984653,1.37634,0.350412,0.695603,-0.310933,-1.14052,-0.503289,-0.536432,-0.377796
0.0181791,0.135864,0.175327,0.123006,-0.30501,-0.775036,-1.13496,-1.2402,-0.731076,-0.395358,-0.15245,-0.330701,-0.569865,-0.408998,-0.261616,0.37747,0.0337873,0.0719431,0.417494,0.507942,0.718635,0.614317,0.658378,1.02512,0.96175,0.960853,1.11238,0.709304,-0.000728185,-0.271916,-0.233395,-0.136175,0.487961,0.703582,0.658959,1.29976,1.06327,0.960892,1.19478,1.92226,2.46311,0.791089,-1.80137,-1.43198,-0.387478,-0.202143,-0.0629421,1.13435,1.51743,0.159546,-0.509507,0.0042815,0.409632,0.0722039,0.479046,1.58514,0.940332,0.81684,-0.488713,-0.755828,0.386017,-0.568489,-0.629237
-0.219698,-0.0847616,0.228615,0.214651,-0.236558,-0.68719,-0.85093,-0.849701,-0.555833,-0.226762,0.0129414,-0.0956588,-0.20346,-0.427891,-0.321879,-0.0318866,-0.169632,0.120657,0.41352,0.525254,0.922369,1.04249,1.17213,1.67358,1.59817,1.24569,1.83807,1.03011,-0.110221,-0.587429,-0.172961,-0.0420389,0.165018,0.392392,0.650606,1.07053,1.00592,0.860267,0.969474,1.66388,2.04854,1.34293,0.415193,-0.0355734,0.698557,1.2742,1.0521,1.28797,1.06006,-0.0264657,-0.115226,0.430676,-0.0640648,-0.735712,-0.341304,0.982588,1.49965,1.19137,0.373487,0.0246397,0.338005,-0.636418,-0.496223
-0.0246405,0.113296,0.295973,0.409425,0.191183,-0.158929,-0.173272,-0.207418,0.0524114,0.475103,0.128141,0.0923261,-0.140206,-0.358819,-0.479015,-0.431536,-0.0851883,0.367992,0.514217,0.30039,0.870247,1.22647,1.61248,1.8653,1.86406,1.78669,1.84951,1.44808,0.645464,0.284393,0.557829,0.250629,0.102729,0.245448,0.502299,0.795111,0.912102,0.787641,0.855146,1.29798,1.97567,1.24769,0.200008,0.394579,1.37683,2.09666,1.12903,0.540792,-0.0410662,-0.741133,-0.636277,-0.558896,-1.15631,-1.03563,-0.494734,0.412786,1.04021,1.31773,1.03471,0.984737,0.287788,-0.976398,-0.3156
-0.0489149,0.202394,0.473277,0.586557,0.393351,0.268918,0.500747,0.597529,0.750721,0.876363,0.464894,0.434057,0.263892,0.131257,-0.0720356,-0.312306,-0.0025478,0.588676,0.742897,0.477332,0.926484,1.35648,1.37735,2.02899,2.00243,1.44925,2.03472,1.59314,1.4251,1.13949,0.586521,-0.330446,-0.221384,0.133758,0.087165,0.206713,0.602699,0.927018,0.832171,1.28475,1.24655,-0.312981,-0.731012,0.755703,1.97021,2.46217,1.60285,0.335328,-0.241499,-0.891208,-1.24364,-1.11448,-1.06917,-0.591574,-0.307439,-0.0947801,0.417058,1.2755,1.44876,0.917953,0.952505,0.351306,-0.0389041
0.103382,0.370778,0.552317,0.61531,0.626317,0.659242,0.771162,1.02312,0.939992,0.993696,0.725109,1.00685,0.805098,0.887413,0.631709,0.215078,0.189387,0.771741,1.06546,0.807168,1.14384,1.5079,1.74906,2.06578,2.08659,1.88036,1.81135,1.86977,1.82753,1.1612,-0.0620718,-0.874953,-0.302263,-0.0427564,-0.246452,-0.24283,0.0981103,0.601427,0.720376,0.882129,0.447478,-0.654067,-0.778177,0.732364,1.68483,1.95111,2.47356,2.16098,0.605189,-0.677435,-0.861464,-0.635994,-1.11325,-1.07394,-0.522473,0.0557387,0.494476,0.937752,1.26273,1.07579,1.44819,1.08661,-0.136156
-0.201507,0.0725199,0.567077,0.626635,0.871998,0.888063,1.12012,1.21446,1.29713,0.879028,0.973594,1.25245,1.47221,1.32344,1.39487,0.897324,0.825687,0.866808,1.20617,1.12704,1.49051,1.31186,1.19952,1.59971,2.24732,1.68823,1.53131,1.70476,1.3621,0.688751,-0.707415,-1.09133,-0.388497,-0.218616,-0.470131,-0.523727,-0.092407,0.200189,0.659398,0.753047,-0.115307,-0.357554,0.160238,0.759252,1.27019,1.78166,3.18244,2.86882,-0.998973,-1.57501,-0.642714,-1.45326,-1.97953,-1.44067,-0.940439,8.71329e-05,0.0152821,0.0910563,1.1836,1.49729,1.55535,1.01595,-0.160128
-0.0630226,0.177942,0.50043,0.551694,0.888137,0.993536,1.29749,1.4227,1.28929,1.27532,0.764002,1.51042,1.57478,1.70889,1.58416,1.44216,1.30681,1.33215,1.34457,1.34752,1.6273,1.36735,0.882123,0.759603,1.15045,0.878371,-0.268501,-1.03486,-1.90404,-2.45595,-2.7038,-2.19042,-1.15288,-0.601061,-0.126925,0.00351995,0.331127,0.184669,0.706301,0.827124,0.0235736,0.168877,1.16653,2.45311,2.86637,2.71801,1.63789,-1.34682,-3.30386,-2.07725,-1.53272,-2.15551,-1.71427,-1.16961,-0.66583,-0.391261,-0.383228,-0.158332,1.23929,2.06192,1.78899,0.543087,0.166502
-0.167006,0.0704605,0.40212,0.47646,0.762786,1.03538,1.35971,1.36458,1.26222,1.1715,0.970388,1.38552,1.80303,1.79692,1.6444,1.57272,1.48002,1.71676,1.66859,1.46874,1.85652,1.64207,0.695841,0.165026,-0.00215687,-0.313455,-1.0889,-2.46406,-3.36719,-3.24924,-3.22768,-2.8785,-2.06841,-1.11383,-0.0533278,0.832892,0.819142,0.491914,1.14647,0.980305,0.660948,1.59009,2.56116,3.14072,3.21788,1.40321,-1.73423,-2.97125,-2.81283,-1.58119,-1.00784,-1.20724,-0.786629,-0.712737,-0.767308,-0.608571,-0.403101,0.3631,1.33942,2.1841,1.67144,0.680406,1.03931
-0.358153,-0.0911011,0.268567,0.363687,0.636904,0.961634,1.18167,1.45516,1.52049,1.56918,1.29015,1.35575,1.71943,1.8779,1.67461,1.56562,1.55839,1.59804,0.231833,0.139576,0.635136,0.155459,-0.300361,-0.239621,-0.23843,-1.01942,-2.05627,-3.14308,-3.56833,-3.19584,-2.78136,-2.48241,-1.62096,-1.13335,0.0852239,0.587439,0.541416,0.519699,0.692618,0.829055,0.930295,2.23234,2.98936,3.16154,2.94465,2.73027,0.608004,-1.66571,-1.54207,-0.89039,-0.366022,-0.392933,-0.670106,-1.09125,-0.966069,-0.61733,-0.105423,0.917861,1.5338,1.91148,1.65682,1.06196,1.18076
-1.12141,-0.4375,0.175808,0.323566,0.49859,0.731182,1.05348,1.10732,1.21284,1.19908,1.69011,1.49776,1.1774,2.30493,2.05081,0.0403468,-0.759997,-0.628857,-1.2219,-1.05999,-1.2561,-1.03254,-1.4513,-1.82069,-1.64599,-2.36609,-2.68151,-3.06188,-2.49653,-2.29574,-1.52579,-0.924156,-0.143015,-0.121048,-0.036659,-0.047675,0.655507,0.383223,0.143568,0.396527,0.707319,1.89528,2.69822,2.91515,2.88151,3.02764,2.39247,0.38796,-0.839191,-0.595871,-0.631126,-0.882245,-0.87558,-0.590752,-0.394524,-0.203393,0.234124,0.782986,1.31582,1.25437,1.6374,1.42222,0.833057
-0.899221,-0.382506,0.11521,0.161832,0.34751,0.345923,0.371522,0.315094,0.230882,0.139208,0.66005,1.01365,0.688289,0.482615,-0.614491,-0.822649,-0.891323,-0.793754,-1.1333,-0.912655,-0.878034,-1.43455,-2.15669,-2.38977,-2.23941,-2.17856,-2.21415,-1.83866,-1.25091,-0.371372,0.297791,1.28637,2.22537,1.57665,0.326869,-0.540265,0.317999,0.629607,0.276839,0.631731,0.814662,1.89529,2.60589,2.51882,2.44162,2.65555,2.9818,1.57639,-0.405411,-0.579135,-0.461834,-0.453865,0.0208844,0.739262,0.756334,0.116962,-0.156498,-0.234652,0.249295,0.832238,1.59596,2.03984,1.62541
-0.812212,-0.521768,-0.00130445,0.0455595,0.0640614,-0.0454732,-0.204131,-0.0829018,-0.1209,-0.312908,-0.266058,-0.571565,-0.468705,-0.438404,-0.609847,-0.609017,-0.496867,-0.128569,-0.280598,0.0195984,-0.125283,-0.998186,-1.88444,-1.965,-1.64995,-1.28463,-1.14474,-0.843897,-0.0851436,0.927148,2.20455,3.26775,3.97546,3.31687,1.10204,-0.956797,-0.131043,0.730834,0.86069,1.23981,1.71346,3.14209,3.64091,2.63137,2.13803,2.19506,2.49736,1.39745,-0.641659,-0.463819,0.450587,0.832432,0.479373,-0.0554278,-0.81713,-1.52166,-1.52,-1.10041,-0.370922,1.05667,1.85577,2.85284,2.71547
-0.727344,-0.46519,-0.100996,-0.065874,-0.250127,-0.281222,-0.354204,-0.288287,-0.213689,-0.328185,-0.762246,-0.592927,-0.259587,-0.215036,-0.34928,-0.180812,0.0504238,0.632207,0.651066,0.598742,0.389008,-0.991953,-1.29561,-1.29113,-0.962176,-0.562125,-0.20727,-0.114914,0.609507,2.05403,3.6054,4.44465,4.22117,4.21336,2.15958,-0.509055,-0.12862,0.80923,1.1012,1.60934,2.46171,4.38728,4.52746,2.90402,2.39938,2.31704,1.97863,0.490515,-0.670712,-0.290589,1.3409,0.46639,-2.01879,-2.399,-2.67748,-2.46305,-1.70253,-1.04885,-0.111117,1.39557,3.03751,3.59501,3.07167
-0.0614643,-0.00986628,-0.261957,-0.23263,-0.253408,-0.239217,-0.372522,-0.356453,-0.32153,-0.189144,-0.169163,-0.3468,-0.368047,-0.422547,-0.190271,0.338658,0.185751,0.21133,0.167531,-0.0247784,-0.38822,-0.863654,-0.331731,-0.233042,-0.070566,0.458582,0.525873,0.620145,1.42598,3.20801,4.39374,4.08078,3.90991,4.31278,3.04908,0.452482,-0.0254937,0.81519,1.15731,1.6106,2.76996,4.78972,5.03205,3.30035,2.58863,2.31367,1.65648,0.0384391,-0.176469,0.59055,1.66248,0.247398,-2.21334,-2.04873,-1.9147,-1.79892,-1.00722,-0.51396,0.259866,1.99394,3.623,3.13386,1.23342
-0.438143,-0.442735,-0.308679,-0.294863,-0.20274,-0.279819,-0.367103,-0.368448,-0.403569,-0.338711,-0.40647,-0.250914,-0.0814631,-0.413309,-0.358657,0.581719,0.210982,-0.366129,-0.626292,-0.837047,-1.0313,-0.963577,0.110449,0.974346,1.18912,1.22146,1.14728,1.40926,2.23289,3.8381,4.07115,3.482,3.95942,4.41863,3.52507,1.3199,0.165888,0.650761,0.938814,1.65897,3.39741,5.25936,5.20654,3.41281,2.79018,1.50375,0.163377,-0.289925,0.53196,1.47611,1.94249,1.68398,-0.183507,-1.38806,-1.34361,-0.70677,-0.190863,0.172893,1.21486,3.14716,3.49532,1.84993,-0.558497
-0.394818,-0.462508,-0.382044,-0.398762,-0.325088,-0.43604,-0.295152,-0.295812,-0.226814,-0.290594,-0.35454,-0.1221,-0.368512,-0.192615,-0.270033,0.424927,0.477438,-0.442944,-0.906458,-0.861836,-0.651732,-0.742121,0.210937,1.42673,2.01614,2.03994,1.90075,2.18128,3.04075,3.73128,3.38109,3.40257,3.92405,4.3594,3.90013,1.94535,0.520941,0.543525,1.10567,2.21529,4.48737,5.54998,4.96577,3.31745,2.57774,0.304127,-0.418426,0.206837,1.2111,2.02035,2.40391,2.30327,1.72632,0.207347,-1.0282,-0.41055,0.761016,1.53991,2.57554,3.22621,2.30617,1.07906,-0.604757
-0.819836,-0.915629,-0.386473,-0.426115,-0.38094,-0.435837,-0.260819,-0.221673,-0.0662656,0.0825126,0.0219133,-0.188975,-0.497822,0.000602553,-0.441017,0.225723,0.662645,-0.0495253,-0.627842,-0.760615,-0.272697,-0.32017,0.330698,1.5904,2.41572,3.00267,2.71676,3.28737,3.34168,3.63,3.41901,3.7142,3.83819,4.11477,3.93689,2.43739,0.95334,0.920986,1.69733,3.09467,5.33589,5.36355,3.95497,1.91241,0.0291442,-0.902122,0.211791,1.68919,2.32878,2.65902,2.70474,2.35985,2.31797,2.8769,2.43113,1.72191,1.8672,2.0503,2.55124,2.00481,0.720358,-0.435282,-1.12945
0.708464,0.485416,-0.480326,-0.483335,-0.506911,-0.488011,-0.188195,-0.130787,-0.00454396,0.332738,0.0519029,-0.131125,-0.314604,-0.24208,-0.726292,-0.174685,0.518754,0.425799,0.010664,-0.351021,-0.277154,-0.20861,0.509212,1.22024,2.21443,2.43691,3.6395,3.50769,3.4323,3.59472,3.50673,3.59812,4.0807,4.02383,4.09904,2.74381,1.26476,1.24265,1.67649,3.98091,5.27121,5.08246,3.45461,1.79657,0.122355,-0.139674,1.48768,2.54045,2.81714,2.43227,2.43503,2.1286,2.35508,3.4751,3.68684,2.01292,0.525186,0.738503,1.25364,0.0161842,-1.36436,-1.73617,-1.3713
0.845485,0.597128,-0.246434,-0.43663,-0.323972,-0.199199,0.0564861,0.114898,0.364578,0.40808,0.0134285,0.164295,0.104368,-0.558666,-0.864539,-0.418092,0.208014,0.522071,0.633483,0.127246,-0.11006,-0.15782,0.119185,1.06478,1.90486,2.21323,2.85246,3.44642,3.6938,3.42144,3.25897,3.22788,3.15158,3.64857,3.55007,3.49652,1.73694,1.49052,2.69133,4.62388,5.5761,4.087,3.05395,1.58811,0.851977,1.62897,3.24747,3.71531,2.92247,2.39926,2.35692,2.52557,2.85895,4.26728,3.19267,-0.602063,-2.40373,-1.75883,-2.3044,-2.88308,-2.96863,-2.16527,-1.17895
0.538211,0.329921,-0.11389,-0.352342,-0.213172,0.016968,0.159859,0.268193,0.577848,0.518013,0.116818,0.625165,0.332065,-0.403693,-0.582863,-0.426879,0.279734,0.678389,0.622195,0.273873,0.00938226,-0.0245024,-0.329217,0.588129,1.74155,2.50095,2.90864,2.72662,3.15248,3.1559,3.2011,3.05698,3.23808,2.71944,3.11188,3.0645,1.84905,2.14111,3.69049,5.44058,4.7092,2.96341,2.03768,1.28996,0.987621,2.879,4.39233,3.58581,2.54513,2.1684,2.47538,2.54054,3.13618,4.51561,3.41081,-0.666381,-2.78592,-2.94966,-3.42694,-3.03968,-2.21552,-1.13,-0.7259
0.574066,0.273794,-0.0142918,-0.209155,0.0122281,0.197311,0.373126,0.565607,0.659689,0.599324,0.401631,1.05551,0.629973,-0.108257,-0.255647,-0.279796,0.454089,0.658563,0.252965,0.106266,0.112975,-0.164932,-0.203601,0.445443,1.45153,2.55333,3.09899,3.04879,3.59462,3.41675,3.29264,3.25589,3.02074,2.93471,2.7003,2.60793,1.6921,2.8294,4.6174,5.86588,3.9026,2.37454,2.2787,1.19119,1.75236,3.87889,4.60639,2.94179,1.8452,1.41926,2.24546,2.57006,3.47392,4.71649,4.38779,0.741808,-2.06099,-2.03521,-1.98244,-1.40563,-0.614116,-0.251401,-0.102534
0.160427,0.105821,0.0821612,-0.189579,0.111231,0.296224,0.508574,0.485089,0.688801,0.947306,1.05481,1.53041,1.08401,0.334246,0.0378683,-0.132171,0.485362,0.698798,-0.00797873,0.0192211,0.00864115,-0.167919,0.0344159,0.435466,1.25703,2.49062,3.20281,3.17652,3.47967,3.57813,3.34036,3.53223,3.22612,2.89052,2.68533,2.55137,1.95178,3.68266,5.3965,5.13055,3.28068,2.10888,2.12575,1.43465,2.78615,4.24961,3.91646,2.15777,0.96893,0.631391,1.36402,2.00371,3.18463,4.22733,4.10286,2.24648,0.383107,-0.373204,0.201368,-0.454369,-0.563457,0.120022,0.727083
