public/uploads/wind/vent_json/20200520/wind_field_11.json
{"header": {"parameterUnit": "m.s-1", "parameterNumber": 3, "dx":  0.051, "dy": 0.036, "parameterNumberName": "northward_wind", "la1": 45.3082, "parameterCategory": 2,"nx": 177, "ny": 123, "refTime": "2018-10-03 01:00:00", "lo1":1.38177}, "data":
[rows 0 to 27 of 123, columns 0 to 62 of 177]
2.14945,2.52388,2.81684,3.43976,3.53667,3.4246,2.86573,2.44799,2.19104,1.97709,1.82747,1.98536,2.03585,2.49534,2.39846,2.35421,2.29143,2.63216,3.07439,3.23361,3.24555,2.82,2.62467,2.6376,3.05264,3.20424,3.17497,3.03243,2.84087,2.75723,2.65217,2.7443,2.80557,2.89451,2.91639,2.91349,2.79057,2.75238,2.74841,2.72208,2.66653,2.77438,2.92508,3.04802,3.23078,3.37509,3.48523,3.55643,3.50207,3.35757,3.21967,2.98595,2.90774,2.99231,3.22658,3.36813,3.47408,3.48867,3.68379,3.66926,3.48326,3.42617,3.40251
2.02745,2.54831,2.95446,3.21889,3.13215,3.04784,2.74096,2.44165,2.525,2.49178,2.33097,2.34654,2.19238,2.74755,2.6291,2.9123,2.74203,3.0181,2.8719,2.8679,2.9395,3.01152,2.95794,2.80358,2.94222,2.89561,2.83587,2.84457,2.64032,2.61772,2.58084,2.72119,2.81629,3.03886,2.99097,3.13465,2.97521,2.94888,3.02637,2.9577,2.84644,2.90203,2.98001,3.00128,3.23446,3.40197,3.51595,3.58688,3.34556,3.1645,3.10344,3.01079,2.9426,2.98406,3.14954,3.16399,3.19307,3.1879,3.26623,3.21701,3.08894,3.00089,2.92977
1.80852,2.22809,2.6463,2.53426,2.42512,2.36388,2.26891,2.11486,2.51762,2.58973,2.56663,2.30557,2.21806,2.37986,2.38592,2.96004,2.7943,3.00872,2.69497,2.43352,2.38466,2.70511,2.85709,2.69979,2.56973,2.4306,2.54852,2.6439,2.43899,2.43742,2.52148,2.57565,2.76965,3.01798,2.74669,2.98262,2.67659,2.54682,2.81138,2.60994,2.71548,2.60347,2.56276,2.46789,2.76421,2.86421,2.96427,3.12939,2.9258,2.79407,2.89419,2.86118,2.73836,2.62647,2.48374,2.27688,2.32907,2.36468,2.31826,2.32046,2.27723,2.16888,1.99322
1.45205,2.0718,1.98389,2.0361,1.78547,2.10413,1.78799,2.0539,1.89595,2.43628,2.28571,2.0588,1.91397,2.2183,2.15331,2.39751,2.56804,2.99037,2.94726,2.64468,2.1044,2.79944,2.61208,2.88738,2.48253,2.47985,2.72776,2.87047,2.47363,2.57318,2.42373,2.30221,3.05986,2.87051,2.85025,2.60261,2.64076,2.6848,2.49794,2.14423,2.53686,2.5523,2.54502,2.13496,2.6261,2.80745,2.87411,2.82541,2.83003,2.39915,2.71965,2.65783,2.45691,2.30952,2.21537,1.80984,1.94186,1.94978,1.93692,1.77922,1.5695,1.97068,1.7248
0.929584,1.32884,1.15649,1.55367,0.93326,2.02992,1.57169,2.15961,1.75477,2.27665,2.06321,1.78297,1.80262,2.41547,2.04398,2.10424,2.44247,2.39142,2.84317,2.92991,2.23463,2.50091,2.52442,2.72004,2.40658,2.82524,2.91966,2.86757,2.36726,2.88727,2.53833,2.01954,3.1582,2.50087,2.86858,2.62317,2.76134,2.78732,2.48594,1.8856,2.21958,2.486,2.26111,2.00323,2.21849,2.2913,2.39295,2.43273,2.54937,1.92896,2.1036,2.08692,2.17136,1.87135,1.72383,1.5655,1.94788,1.72176,1.52259,1.78428,1.60077,1.94402,1.12159
0.568914,0.580335,0.670032,0.743449,0.345375,1.30571,1.04531,1.51653,1.85542,1.92689,2.19204,1.64076,2.11733,2.32164,2.05748,2.43895,2.24878,1.96199,2.58442,2.82611,2.38151,2.2524,2.78035,2.43691,2.09562,2.76715,2.97767,2.47013,2.39692,2.92664,2.51014,2.21391,2.83875,2.54608,2.4429,2.78247,2.84394,2.64128,2.72771,2.18215,2.44221,2.20716,1.94338,2.23071,1.82214,1.89339,1.72785,2.31033,2.11625,1.85131,1.5403,1.44516,2.04073,1.73685,1.35738,1.43728,1.59832,1.82498,2.05689,2.20685,1.36293,1.02745,0.800265
0.666225,0.616372,0.558249,0.496372,0.663468,0.755234,0.630755,0.950804,1.15175,1.47682,1.62781,1.48972,1.83371,1.95194,2.28258,2.36722,2.22176,2.52674,2.70747,2.54267,2.34315,2.61496,2.7857,2.39466,2.18018,2.74958,2.72797,2.43058,2.82141,2.64828,2.37187,2.69017,2.61784,2.83421,2.16505,2.49826,2.66841,2.67408,2.70349,2.5968,2.43272,2.15669,2.24957,2.18842,1.89224,2.19802,1.74886,2.09597,1.83337,2.19083,1.7379,1.34807,1.65717,1.85664,1.51568,1.31285,1.55613,2.21373,2.29029,1.53274,0.85919,0.810076,1.33136
1.23899,1.28725,1.1529,1.27003,1.23969,1.00328,1.11178,1.33888,1.25764,1.33816,1.1752,1.63661,1.28868,1.89182,2.12635,2.05433,2.41983,2.43055,2.38846,2.35928,2.71232,2.90896,2.99197,2.40357,2.87593,3.01479,2.68528,2.89576,2.83867,2.48567,2.70534,2.54739,2.80345,2.64192,2.33601,2.56802,2.62171,2.35293,2.48163,2.71065,2.01865,2.21343,2.38033,1.69918,1.98257,1.96499,1.90559,1.69371,1.57848,2.30155,1.88862,1.43992,1.29336,1.64393,1.70716,1.6983,1.91163,1.5153,0.794147,0.208268,0.587361,1.28699,1.98772
1.85281,2.13987,2.08591,2.17163,2.15174,1.68832,1.667,1.70392,1.55365,1.45958,1.64234,1.75182,1.67058,1.92266,1.87029,2.20142,2.18056,1.88416,2.23906,2.52315,2.35478,2.82937,2.7581,2.44813,3.1259,2.56433,3.12757,3.12785,2.81265,2.92001,2.82817,2.40189,2.82917,2.48326,2.62974,2.61539,2.72106,2.00207,2.21064,2.49943,1.84612,2.09365,2.15662,1.4569,1.8404,1.60001,1.90225,1.64084,1.41824,2.07196,1.84583,1.54865,1.33158,1.23713,1.46072,1.80634,1.54941,0.954866,0.781254,1.10763,1.51505,1.73732,1.72254
3.50692,2.36237,2.2887,2.29382,2.58871,2.80575,2.76793,2.65814,2.24425,2.26513,2.21081,1.86995,2.29344,2.12664,2.36359,2.37909,2.35121,1.85391,2.4262,2.26991,1.5725,2.36986,1.99497,2.46103,2.53009,2.13996,2.88613,2.75105,3.03815,3.02903,2.71622,2.91694,2.73006,2.78524,2.75364,2.78268,2.57865,2.23588,2.47831,2.55759,1.88956,2.11383,2.09571,1.54288,1.81856,1.80749,1.755,1.5364,1.3276,1.63377,1.6976,1.77151,1.55382,1.22339,1.08208,1.25066,1.3308,1.40355,1.35819,1.50274,1.06221,0.559602,0.214278
3.12248,3.28137,3.13329,3.00653,2.77641,2.6777,3.14666,3.34767,3.27199,3.14415,3.39418,3.10964,3.04868,2.94131,3.09129,2.66373,2.97371,2.15543,2.75267,2.4543,2.00825,2.52403,1.97394,2.73558,2.46476,2.67389,2.61819,2.79839,2.85907,2.67435,3.00955,2.82859,3.08417,2.73522,2.9031,3.01195,2.52754,2.84039,2.60241,2.87842,2.18862,2.41849,2.34808,1.74868,2.1681,2.13022,1.65172,1.45036,1.3936,1.4903,1.81772,1.9481,2.14023,2.07563,1.58143,1.17938,1.37353,1.5957,1.33576,1.14541,0.894635,0.866097,1.18025
2.65919,2.80625,2.8093,2.66754,2.33041,2.64248,3.02337,3.47795,3.82404,3.75591,4.28829,4.47379,4.34413,4.15361,3.909,3.67232,3.65553,3.34734,3.64988,2.98005,2.45242,2.75442,2.15829,2.59239,2.93583,2.76274,3.02147,2.97795,2.6708,2.88039,2.92654,2.61001,3.13766,2.65504,3.02833,2.87519,2.98672,3.17854,2.71886,3.11386,2.40471,2.72578,2.80803,2.1413,2.41621,2.35288,1.85592,1.75426,1.64164,1.87821,2.17651,1.96482,2.30346,2.47196,2.1345,1.68663,1.71061,2.00346,2.04851,1.91829,1.93825,1.23459,0.837071
2.67847,3.13929,2.86622,2.77633,2.78583,2.34969,2.17024,2.19191,2.57031,2.73054,3.68891,4.86211,5.57144,5.27648,4.98833,4.84166,4.66266,4.48466,3.68226,2.85012,2.1643,2.05963,1.66411,2.15007,2.78947,2.52705,3.15545,2.61232,3.05245,2.93521,2.65509,2.90455,2.90072,3.05394,2.96791,3.11263,3.29248,3.0955,3.11984,3.33873,2.62807,2.9711,3.18315,2.53134,2.50384,2.52253,2.14227,2.01902,1.91498,2.34072,2.23271,1.79603,1.68024,1.8014,2.07263,2.22706,1.91888,1.76323,1.55676,1.14018,0.656971,-0.214893,0.149743
2.35032,2.60346,3.16425,2.79479,2.62314,2.57153,2.50802,2.50343,2.85841,3.15081,3.59112,4.0008,5.60402,6.18363,5.77799,5.34523,5.03414,4.26634,3.03329,2.58268,2.76561,2.48336,1.67682,2.30167,2.62438,2.9,2.97483,2.56644,3.21524,2.75793,2.9061,2.82008,2.96515,3.20925,3.08684,3.2554,3.14008,3.26113,3.16968,3.45448,2.83436,3.4012,3.23303,2.96272,2.84272,2.80815,2.27647,2.31291,2.19018,2.37266,2.07589,1.67492,1.44907,1.58454,1.81116,1.93841,1.71985,1.16795,0.589701,0.155181,0.17337,0.837273,1.66618
2.71119,3.3243,2.60443,2.61939,2.6079,2.3707,2.38595,2.5602,2.7181,2.82221,2.58328,3.52165,4.44493,5.84693,5.43062,3.72171,3.29474,3.90805,2.64094,2.61294,3.44015,3.64529,2.49087,2.78577,2.85003,3.22182,2.52706,3.23991,2.76638,3.10783,2.86617,2.7143,2.99752,3.02762,3.18282,2.94738,3.21856,3.15084,3.25364,3.52767,2.90291,3.80293,3.07862,3.42394,3.32567,2.81337,2.45062,2.72364,2.29267,2.15954,2.17439,2.08819,2.01982,1.93197,1.56265,1.36085,1.46354,1.31966,0.968626,0.918187,1.55072,2.14199,1.52451
2.59291,2.78475,2.84811,2.45896,2.15819,2.2823,2.46245,2.90332,2.88833,2.42193,2.26598,2.11849,3.23725,4.27917,4.44137,3.42288,2.17114,3.42228,2.98849,3.37425,3.80216,3.91039,3.23123,3.67301,3.36127,3.65343,2.77485,3.49092,2.85369,3.27969,2.7777,2.82279,2.94757,2.97863,3.0943,3.10666,3.41311,2.93039,3.50411,3.29335,3.26012,3.72739,3.25955,3.54062,3.23435,2.70094,2.82017,2.72934,2.15868,2.27196,2.6833,2.72975,2.52646,2.10695,1.62139,1.39868,1.28693,1.38621,1.6263,1.99639,1.80453,1.00801,0.535983
2.07417,2.47022,2.34677,2.1232,2.09575,2.01944,2.31421,2.6593,2.54368,2.07434,1.82634,1.85747,2.61208,3.59453,4.32766,4.16115,3.96214,4.23634,4.1518,4.54183,4.58233,4.76672,4.6448,4.89617,4.48835,4.34667,3.95101,3.60757,3.62978,3.40944,3.40425,2.96996,3.012,2.96705,2.95976,3.14486,3.23993,3.16908,3.61123,3.16517,3.63617,3.61012,3.58418,3.49859,2.80658,3.13204,2.92135,2.33704,2.20036,2.63216,3.06518,2.97765,2.58214,2.118,1.83321,1.67986,1.52615,1.5725,1.93064,1.6954,0.923846,0.636343,0.72682
1.5004,1.53907,1.61201,1.83425,1.78954,1.9442,2.34088,2.56901,2.47135,2.30287,2.20586,1.99485,1.57756,1.79311,2.0798,3.82458,4.61314,4.75672,5.42714,5.59622,5.77035,5.92815,5.90387,6.01448,5.7029,5.02812,4.63288,4.25846,4.08031,4.11672,4.26047,3.64012,3.50855,3.26988,3.11306,3.11727,3.11063,3.40885,3.58561,3.68943,3.76557,3.67725,3.59671,3.65063,2.69782,3.43917,2.80418,2.05799,2.31611,3.06677,3.17683,2.93949,2.54065,2.25548,2.20375,2.18352,2.15643,2.05703,1.8439,1.17758,0.88848,1.45378,1.47139
1.2356,1.41685,1.58788,1.61328,1.68993,1.8333,2.07953,2.30342,2.32356,2.34746,2.49631,2.43965,2.06665,1.97003,1.85202,1.61636,3.86881,4.77121,5.0679,5.0223,5.57117,6.77976,6.92342,6.54027,6.23915,5.80309,5.28158,4.93661,4.51835,4.69034,4.69455,4.58851,4.30998,3.91777,3.4828,3.20993,3.10812,3.30386,3.33838,3.76378,3.81189,3.69993,3.65188,3.44761,2.93837,3.42436,2.71848,2.0969,2.16018,3.05309,3.25473,3.01503,2.69379,2.5646,2.64722,2.68374,2.6247,2.32448,1.8089,1.46466,1.4734,1.51876,0.994493
0.657011,0.821334,0.921564,1.46084,1.64952,1.71362,1.72393,1.94731,2.10318,2.34423,2.78627,2.85515,2.66349,2.27492,2.27246,2.5091,2.59692,2.98438,4.73019,5.4898,5.94273,5.95187,6.45351,6.68106,6.16985,6.01266,5.81826,5.61254,5.29642,5.16978,5.23293,5.27665,5.07163,4.64203,4.0547,3.54276,3.27354,3.31736,3.45658,3.75162,3.41691,3.77669,3.86421,3.3186,3.51784,3.14279,2.76728,2.32317,2.04906,2.44549,3.04314,3.14163,2.96831,2.83123,2.811,2.74982,2.53969,2.21008,1.88413,1.84911,2.08693,1.51242,1.07764
0.303099,0.493733,0.886008,1.48492,1.75394,1.7249,1.39963,1.30771,1.47609,1.86291,2.56331,2.84268,2.65813,2.40781,2.55485,2.89026,3.218,3.14519,3.29581,4.70522,5.00642,6.326,5.97497,5.38417,6.41439,6.45128,6.49317,6.35776,6.50283,6.38565,6.14974,5.92971,5.60934,5.219,4.73552,4.25384,3.85891,3.69009,3.64103,3.7788,3.21635,4.07799,4.14547,3.90531,3.52106,2.92068,3.14171,2.45848,2.13595,2.01805,2.4784,3.01483,3.08889,2.91713,2.72968,2.48044,2.16736,1.98831,2.00887,2.21953,1.89295,1.10737,1.49774
0.220092,0.47497,0.714835,1.32075,1.85392,1.79584,1.60145,1.03339,0.933508,1.19132,1.77569,2.57519,2.86914,2.30443,2.53181,3.05042,3.51529,3.71056,4.30157,4.55052,4.85507,4.78718,4.75996,5.71493,5.74781,5.90122,5.96217,6.99714,7.08469,7.11815,6.76544,6.24934,5.88986,5.64989,5.41237,5.10668,4.74008,4.27359,3.83601,3.58934,3.67083,4.03232,4.35704,3.80939,3.2477,3.39819,3.20885,2.84431,2.40014,2.17251,2.2151,2.6907,2.94797,2.82831,2.54284,2.23769,2.07718,2.11982,2.29006,2.14645,1.54381,1.70386,1.99657
0.446825,0.659217,0.918857,1.52819,1.78153,1.62103,1.26866,0.929372,0.715456,0.784001,1.01532,1.80547,1.7754,1.39008,1.7429,2.25944,3.51971,5.21003,5.72882,5.05527,4.24235,5.51764,6.59484,5.9279,6.2182,6.02939,5.83275,6.14694,7.33997,6.9285,6.93569,6.95045,6.68765,6.46162,6.31187,6.03437,5.59712,4.95078,4.3598,4.01983,4.11653,3.82078,4.06984,3.45306,3.64085,3.67867,3.04093,3.43413,2.79659,2.5152,2.37749,2.50971,2.70208,2.63691,2.43987,2.35859,2.37541,2.43321,2.33258,2.0409,1.93652,2.07427,1.58087
0.716418,1.00633,1.11886,1.37485,1.7454,1.3373,1.22877,1.13855,0.915122,0.817376,0.632192,1.13299,0.987759,0.0126631,-0.695348,-0.302853,1.92497,3.96805,5.04945,5.55922,5.199,5.43873,6.25625,6.60709,5.75922,5.45739,5.17363,6.2722,6.58501,7.64242,7.39284,7.42588,7.49985,7.25574,6.91936,6.57845,6.2017,5.79114,5.30223,4.98166,4.51365,4.08321,3.89,3.81743,3.8169,3.61193,3.2288,3.85407,3.15236,2.8607,2.69624,2.63303,2.61657,2.61828,2.62155,2.56311,2.44878,2.20312,2.02047,2.05889,1.81269,1.30033,0.9979
0.993507,1.26139,1.41336,1.32072,1.30087,0.952427,0.844004,1.11641,1.12009,0.808254,0.990566,1.15553,1.13072,0.665,-0.413382,-0.375471,0.63382,0.335304,1.47479,3.72656,5.25054,5.56339,6.16013,5.86246,5.99733,6.45875,6.07319,4.92025,6.4317,6.89647,7.73106,7.35096,7.00648,7.0269,6.94568,6.77442,6.65019,6.45971,6.14814,5.63236,5.08768,4.26569,4.04164,4.09059,3.61697,4.15128,3.46096,4.17378,3.41339,3.19052,3.02767,2.92852,2.88175,2.87637,2.74744,2.37096,2.03496,1.83416,2.00115,1.98176,1.68402,1.57003,1.65497
1.68616,1.31775,1.26653,1.20915,1.35157,0.997338,0.917727,1.05413,1.05045,1.06167,1.56012,2.08514,2.13766,1.92985,1.8043,0.846667,-0.564369,-1.04449,0.230765,2.0948,3.1717,4.52047,4.7278,5.54915,5.45045,5.97396,5.34808,5.21493,4.63923,5.94588,5.9644,6.1385,6.6445,6.61117,6.83449,6.94318,6.77265,6.48006,5.89087,5.33134,4.99126,4.46753,4.21905,4.39001,4.04551,4.61427,3.9904,3.78369,3.24511,3.19426,3.07492,3.13999,3.1578,2.93857,2.53111,2.15161,1.96845,2.16011,2.23869,1.948,1.78177,1.61349,1.41189
2.07801,1.64692,1.32538,1.05458,0.948444,0.761847,0.897474,1.2306,1.57204,1.7174,1.93859,2.05701,2.53859,2.87277,2.29075,0.63423,-1.77553,-1.804,0.836357,2.10298,2.21855,3.61025,4.49906,4.52782,4.46357,5.11314,4.91312,4.93632,4.32126,4.19785,6.17581,6.3962,6.21019,7.0341,6.83572,6.68141,6.47606,5.94537,4.98958,4.51217,3.94067,4.13172,4.28923,3.95877,4.34312,3.99174,4.18727,2.76835,2.72292,2.82687,2.78671,2.99482,3.01637,2.78775,2.52316,2.46708,2.39343,2.32584,2.0299,1.708,1.5323,1.37341,1.42746
2.7777,2.18093,1.78603,1.18035,0.99463,0.640896,0.734538,1.17179,1.60835,1.95025,1.74301,1.82232,2.23057,2.03219,1.69899,0.522017,-0.399607,-0.991846,0.379794,1.47062,1.86525,3.26607,3.97368,4.29794,3.96494,3.5804,3.10451,3.38714,3.78443,4.87138,5.45292,5.54911,6.59567,6.95385,7.01608,6.45064,5.88446,4.98068,4.261,4.28489,2.89266,3.17658,2.94193,2.13024,2.70237,2.48116,2.77532,2.07829,2.36843,2.44185,2.4361,2.61274,2.69973,2.63754,2.52499,2.40128,2.20724,1.86278,1.6378,1.49348,1.59448,1.96417,1.85837
