public/uploads/wind/vent_json/20200519/wind_field_00.json
{"header": {"parameterUnit": "m.s-1", "parameterNumber": 2, "dx": 0.051, "dy": 0.036, "parameterNumberName": "eastward_wind", "la1": 45.3082, "parameterCategory": 2,"nx": 177, "ny": 123, "refTime": "2018-09-30 00:00:00", "lo1":1.38177}, "data":
[rows 0 to 27 of 123, columns 0 to 64 of 177]
7.41027,6.95157,6.17442,5.68415,5.2676,5.01021,5.07289,5.53686,5.95267,5.82631,5.00355,4.17312,3.96862,4.34771,4.92343,5.27856,5.50526,5.61218,5.55039,5.34355,5.11115,4.92,4.78096,4.7098,4.61907,4.44174,4.21868,3.8856,3.21748,2.59589,2.17598,1.87262,1.81684,1.87463,2.00513,2.06289,1.88002,1.16166,0.520298,0.612565,1.36467,2.27484,2.81102,3.0193,3.05651,3.13335,3.18004,3.2448,3.4236,3.82484,4.12743,4.07924,3.63351,3.20786,3.2072,3.65912,4.12454,4.15262,3.75109,3.3805,3.51238,4.29574,4.98402,4.9218,4.10279
7.19721,6.56711,6.35225,6.21699,5.92627,5.70084,5.3809,5.33767,5.6373,5.68097,5.56819,5.38733,5.20813,5.27133,5.3433,5.2511,5.42814,5.62215,5.34936,5.08928,5.17843,5.06718,4.58839,4.20984,4.12142,4.17533,4.25151,4.09191,3.50276,2.81167,2.30576,2.36662,2.67586,2.42254,2.47378,3.05167,2.85305,1.66578,1.13443,1.51393,2.06574,2.83232,3.31056,3.47142,3.64606,3.8553,4.09213,4.19909,4.15969,4.34402,4.58444,4.71066,4.70625,4.60732,4.49572,4.48505,4.52751,4.48999,4.22711,3.96216,3.92945,4.30866,4.79573,4.95948,4.68496
6.88673,6.62846,6.51414,6.31676,6.18529,5.99042,5.80698,5.83351,5.95597,5.79357,5.51691,5.42624,5.3621,5.38703,5.4228,5.34638,5.19298,5.04242,4.826,4.82894,4.95312,4.89878,4.65623,4.15975,3.80485,3.94214,4.16426,4.03605,3.90382,3.76332,3.04601,2.39616,2.60762,3.16739,3.4831,3.33054,2.66897,2.13896,2.05721,2.08212,2.43946,2.74911,2.85829,3.14705,3.41641,3.6246,3.89967,4.15084,4.09184,4.02007,4.26704,4.64649,4.80367,4.76721,4.52328,4.21331,4.22623,4.39398,4.3238,4.18722,4.05746,4.14302,4.53634,4.86545,4.82303
6.5025,6.69314,6.06924,5.56357,5.42231,5.35641,5.33373,5.24685,5.54225,6.01706,5.78611,5.36355,5.31363,5.3882,5.45085,5.29639,5.23291,5.60894,5.51361,4.69227,4.43791,4.63347,4.48119,4.22262,3.76043,3.66088,4.32351,4.4842,3.89588,3.80426,3.97952,3.7785,3.63041,3.14994,2.52801,2.33868,2.22893,2.29848,2.4852,2.73998,3.03781,3.04437,2.80714,2.78873,3.23308,3.68493,3.92742,4.15348,4.20496,4.18857,4.43039,4.66445,4.6325,4.56242,4.34732,4.1352,4.23254,4.3011,4.30939,4.29338,4.02208,3.85442,4.13384,4.68351,4.99689
6.44762,6.75254,6.28801,6.31827,6.18818,6.39811,6.64463,6.08522,6.11256,5.93331,5.51858,6.35238,6.79317,6.1928,6.32267,6.73935,6.30594,5.34934,4.30245,3.86527,4.54791,4.49806,3.40791,2.7314,2.85392,3.89642,4.14514,3.3416,2.8567,2.77295,2.89748,2.97685,2.85772,2.60244,2.07584,1.97101,1.92149,2.17593,3.40115,3.50403,2.5023,1.945,1.77912,1.67902,1.72866,2.0788,2.21203,2.57039,3.9016,4.13461,3.81244,4.34078,4.41987,4.19055,4.04987,3.95973,3.96411,3.98096,4.03406,4.14163,4.19333,4.46354,4.33222,3.54996,3.18106
6.29497,6.39503,6.20904,5.52139,4.89593,5.98064,6.2119,5.59736,5.95583,6.19715,6.05471,5.73125,5.45019,5.56477,6.07759,5.81514,5.01286,4.13001,3.68961,4.43115,4.28047,3.12431,3.0125,3.71659,4.00082,3.54001,3.38478,3.93545,4.10581,4.19665,3.88559,2.94363,2.4137,2.10336,2.05703,1.91782,2.25359,3.43794,3.65381,2.65408,1.9538,1.35985,1.48424,2.6241,3.15403,3.25573,3.34217,3.70771,3.55686,3.38441,4.05467,4.32464,4.1771,3.98939,3.88441,3.85476,3.84672,3.94807,4.07799,4.16357,4.40483,4.29389,3.47569,3.2033,3.30875
6.09381,6.08028,5.52219,5.10069,5.90951,5.92927,5.35371,6.08886,6.45017,6.96114,7.30761,6.36023,6.38041,6.64115,5.59376,4.10312,3.81789,5.11462,5.45323,4.77867,4.69071,3.57029,2.55004,3.47187,3.81006,3.48663,3.90811,3.84618,3.214,3.28617,3.48621,3.0156,2.30234,1.95003,1.83945,2.41894,3.70048,3.9515,3.02204,2.0822,1.31577,0.992362,0.869883,1.29597,2.45548,3.05868,3.35395,3.2019,3.10481,3.85699,3.94525,2.94066,2.86147,3.73186,3.93714,3.71333,3.7348,3.88878,4.06739,4.20394,4.28621,4.41462,4.40907,4.68849,4.57442
5.75507,5.15972,4.80195,5.48085,5.56069,5.2597,6.40334,7.46122,7.49813,7.21603,6.4768,6.37598,6.50824,5.64808,3.92641,3.4493,4.53563,5.08416,4.45903,3.38203,2.931,3.05713,3.43645,3.38113,3.22741,3.48662,3.13425,2.7128,2.81208,2.93388,3.36816,3.63644,2.66203,1.74159,1.75196,2.05751,2.45366,2.51234,2.17062,1.7551,1.72642,1.72339,1.6338,1.19669,1.36146,2.70555,3.25165,2.88913,2.7234,2.59735,2.70923,3.62859,3.42366,2.90372,3.50014,3.76783,3.72015,3.75638,3.949,4.12481,4.36291,4.14568,3.48923,3.37702,3.37844
4.53532,4.28988,3.8575,3.43804,3.93743,5.40053,6.37549,7.46833,8.04569,7.61977,6.6941,5.78129,5.91255,5.21544,3.24517,2.45438,3.00772,3.46884,3.55564,3.70052,3.4968,3.61583,3.34101,2.8798,3.39945,3.14366,2.31488,2.2445,2.97472,4.26915,4.73921,3.54692,1.9236,1.3798,1.4081,2.07548,3.40495,3.37204,2.14586,1.39024,1.07607,1.09179,0.938331,1.11562,2.40203,3.01653,2.9499,2.87048,2.75394,2.61477,2.73659,3.61696,3.61646,2.59128,2.66827,3.52466,3.76034,3.88072,3.70619,3.14497,3.23814,3.35818,3.27095,3.08522,3.49644
3.95866,2.71036,2.70023,3.48879,4.78438,5.65943,6.4938,7.14104,7.74881,7.72808,7.06924,6.32295,6.20142,5.41711,3.15014,1.94534,1.81744,2.36816,3.50333,3.62986,2.91633,2.64176,2.87338,3.3998,3.22624,2.37926,1.82227,2.53012,4.11743,4.57798,3.80453,2.47279,1.36111,1.26139,1.32625,1.3618,1.87163,2.05775,1.61507,1.10512,0.941105,0.761557,0.919957,1.83125,2.22794,2.16204,2.27886,2.41506,2.19736,2.39496,3.41589,3.58225,2.61279,2.33041,3.25913,3.57911,2.92379,2.69534,2.85479,2.84406,2.85542,2.84233,2.96537,3.02197,3.53283
1.73496,2.66409,3.03826,3.1788,4.43782,4.29597,5.71937,6.31906,6.41707,6.17434,5.58523,5.21983,5.20467,5.39052,4.52871,2.3656,1.79628,2.7779,3.04559,2.4778,2.10855,2.27063,2.80347,2.91835,2.83902,3.07225,2.50321,2.08493,3.10611,4.23593,4.03325,2.29375,0.662607,1.14384,2.87632,3.05289,2.10377,1.73734,1.52279,1.34621,1.10046,0.789516,1.3096,1.79636,1.82694,2.10472,2.53233,2.57603,2.51423,3.03736,3.25505,2.72682,2.70769,3.43298,3.45813,2.81629,2.54081,2.57703,2.78886,2.93278,2.92524,3.55573,4.46744,4.84742,4.49539
1.96786,2.50718,1.74726,2.17718,3.21149,4.22652,4.85054,4.60858,3.41446,2.41796,1.27278,2.25638,4.15827,4.66981,3.41287,1.76584,1.15518,1.62982,2.14194,2.50149,2.87266,3.18772,2.58627,2.05895,2.25362,2.14524,2.54631,3.513,4.22347,4.6932,3.92706,1.78347,1.07258,2.39406,3.2874,3.00284,2.22986,1.60441,1.06281,0.774257,0.643639,0.657265,0.69642,0.770285,1.65336,2.52584,2.57991,2.41814,2.42614,2.19794,1.78231,1.65285,1.96933,2.3584,2.51723,2.43468,2.40101,2.48212,2.65231,2.74002,2.7977,2.76555,3.11028,4.57664,4.79734
1.38066,1.6499,1.71143,1.32699,2.33664,3.62585,4.85959,3.99354,1.79018,1.08356,1.68873,2.96171,4.31994,5.36437,3.93067,1.27142,0.19208,0.59143,1.74958,2.14542,2.14974,2.29634,2.05526,1.84069,2.25307,3.07229,3.30264,3.43457,3.72307,3.50064,2.74969,1.36533,0.612927,1.38779,2.10984,1.98347,1.56902,0.976891,0.699882,0.546451,0.762905,0.990689,1.22049,2.19847,2.53192,2.3058,2.07452,1.83649,1.80191,2.33962,3.13304,2.86396,2.11273,2.00983,2.17108,2.27975,2.46789,2.62952,2.67281,2.56754,2.55276,2.46219,2.83469,4.33336,4.62611
0.894268,0.807172,1.66113,2.23446,2.78943,3.37609,3.99639,3.29841,2.9083,3.17512,4.11518,3.74305,4.28909,3.79365,3.00561,1.03639,0.253169,1.23337,1.44985,1.57043,2.38506,2.28653,1.64828,2.23528,3.18474,3.35498,3.49212,3.9874,4.31441,3.59468,2.16088,1.03964,0.526645,0.765633,1.18078,1.23878,1.11382,0.970293,1.05027,1.30875,1.41525,1.26176,1.3241,1.94597,2.51624,2.59344,2.41387,2.03692,1.65915,1.74095,1.98342,1.9579,1.80727,1.68073,1.72482,2.26168,2.95623,3.48881,3.57896,3.55269,3.67625,3.90849,4.46639,4.45461,3.58848
4.17375,4.00266,0.822967,2.2995,2.50191,2.97124,3.00254,1.54969,1.7206,3.97264,3.95009,1.76894,0.915357,1.60404,1.84892,0.941951,0.129176,0.696276,1.20969,1.47911,1.6895,1.92187,2.51712,3.05008,3.06005,3.31118,3.73283,3.54333,3.15407,2.38712,1.34866,0.8476,0.789616,0.849929,0.886144,1.01711,1.06216,1.04812,1.04138,1.05923,1.1264,1.07729,1.32205,1.58597,1.67836,1.81806,2.09064,2.26565,2.23121,2.12726,1.88324,1.79837,2.06492,2.38777,2.40954,2.34708,2.47558,2.82331,2.85098,2.67702,2.37579,2.43494,3.74974,4.09837,3.85532
5.53949,5.47587,1.14631,1.89487,2.15856,2.95648,1.87056,1.10316,1.9206,3.06825,2.03158,1.08975,1.09543,0.959378,0.357848,0.0510356,-0.148969,0.204045,0.769648,1.27816,1.68152,1.62186,2.09518,2.815,3.12834,3.56816,3.64008,2.59148,1.56844,1.12091,0.816255,0.868044,0.933819,0.685254,0.509729,0.591419,0.614456,0.667048,0.859855,0.927472,0.683953,0.356656,0.299668,0.876194,1.49945,1.46528,1.31154,1.51445,1.78461,1.89371,1.85224,1.76169,1.83555,1.96466,2.01563,2.10319,2.15318,2.17111,2.04269,2.01737,1.8471,2.44514,3.82001,4.38011,4.52393
7.05316,7.10354,0.83169,1.89461,1.5528,1.99186,1.65713,1.37022,1.34345,1.29392,0.765298,0.846,1.39124,1.04042,-0.0235034,-0.687927,-0.779339,-0.0627159,0.505218,0.732283,1.11579,1.86321,2.31255,2.35421,3.29347,3.8574,2.07423,0.419246,0.436647,0.70571,0.859577,0.979936,0.843479,0.452532,0.440767,0.701598,0.834037,1.12858,1.42237,1.22499,0.70264,0.567001,0.81325,1.1035,1.22923,1.49005,2.03837,1.81099,1.40017,1.09742,0.961037,1.44163,1.97707,2.46541,2.76327,2.89233,2.87533,2.58322,2.22704,1.81668,2.13388,3.64047,4.10349,3.79042,4.46187
7.90516,6.9579,1.07865,1.8335,1.3893,1.37645,0.786368,0.737944,0.920972,1.0732,0.898753,0.628314,0.56324,0.409129,0.25679,-0.429202,-0.739618,-0.463669,0.151332,0.775351,1.45352,1.71622,2.3371,3.35351,3.72629,2.29364,-0.0406024,-0.654016,0.0779354,0.807966,1.27981,1.16602,0.573703,0.218523,0.326387,0.702865,1.08672,1.48859,1.70896,1.38774,0.811639,0.453045,0.506926,0.573745,0.936152,1.51451,1.7368,1.82693,1.78061,1.79022,1.25056,0.902456,1.31514,2.12097,3.34511,3.59133,2.99431,2.78061,2.51962,2.6296,3.635,3.99916,3.15765,3.0779,4.05394
4.92985,4.07526,0.921662,1.3432,0.67246,-0.266157,-0.186885,0.578498,0.954573,1.42346,1.29516,0.737651,0.107195,-1.34511,-0.870698,-0.927897,-0.951553,-0.364762,-0.088164,0.145235,0.639622,1.4153,2.06415,2.03652,1.82806,0.662466,-0.789214,-0.714222,0.149585,0.918469,1.47701,1.23948,0.333689,-0.0215538,0.271762,0.647409,1.10985,1.45256,1.46986,0.949189,0.446337,0.321249,0.226097,0.643547,0.940479,1.12761,1.1769,1.28737,1.28538,1.32804,1.96874,2.31512,2.60549,2.67639,2.57543,2.49645,2.21776,2.12292,1.93314,2.17383,3.37868,3.718,3.35346,3.16269,3.32081
2.03119,2.01074,1.08585,1.1637,-0.0601489,-1.39471,-1.25245,0.477271,1.09981,1.2053,0.989566,0.0212688,-0.893808,-1.6134,-1.84437,-2.30773,-2.15122,-0.966806,-0.456431,-0.17392,0.860332,0.522043,0.218625,0.383674,0.261672,0.0666403,-0.344825,-0.634584,-0.040203,0.932974,1.56548,1.05916,0.0741101,-0.178375,0.212303,0.834615,1.50982,1.81849,1.47021,0.707997,0.0776839,0.0487506,0.0335149,0.182516,0.725814,1.122,1.17541,1.00171,1.13912,1.69181,2.12746,2.073,2.06989,2.09912,1.8796,1.94563,2.31022,2.60603,2.72458,2.67156,2.46567,2.82899,4.07332,4.05682,3.52535
-1.89128,-1.71324,1.95803,0.813365,0.0151008,-1.87386,-2.28747,-0.0845648,0.919771,1.11428,1.20185,-0.147343,-1.05054,-1.831,-1.81335,-2.14334,-1.80448,-1.96251,-1.37956,-0.354305,1.40363,1.58176,1.45594,0.609345,-0.144792,-0.25132,-0.000634414,-0.229458,-0.163262,0.511804,0.753347,0.35507,-0.248734,-0.227457,0.46347,1.12084,1.70541,1.87979,1.29664,0.565148,0.336205,0.382785,0.439237,0.277393,0.442961,0.595863,0.568759,0.268835,0.381254,1.34594,1.81169,1.92955,1.99896,2.06609,2.06941,1.97586,1.89906,1.91968,1.8498,2.0258,2.70351,3.37027,3.68186,3.65786,3.7329
-1.06109,-0.783894,1.6461,0.982235,-0.257347,-2.71031,-3.53994,-0.673761,-0.082205,0.154514,1.14829,0.522022,-0.742438,-0.992957,-1.06838,-0.866862,-0.616612,-1.5736,-1.81484,-0.565394,1.18029,2.85795,1.47809,0.246084,-0.0380051,0.0662706,0.526005,0.864596,0.808539,0.555124,0.331126,0.256962,0.273417,0.0465296,0.131822,0.881122,1.51884,1.5493,0.996058,0.653213,0.694532,0.417843,0.418271,0.416051,0.205726,0.288025,0.541023,1.3041,1.28626,0.817123,1.12727,1.62563,1.96478,2.10546,2.2528,2.35071,2.47507,2.62187,2.69968,2.49742,2.78721,3.94016,3.77245,3.42914,4.24176
-0.147103,-0.00892427,1.65411,0.900457,-0.70608,-2.52629,-3.53232,-2.49853,-2.4391,-1.12815,0.784359,0.492701,-1.17857,-0.974473,0.651541,0.990147,0.643681,0.494594,-0.0827238,-0.248719,0.804653,1.67921,-0.0366166,-0.752227,-0.522139,-0.1886,1.42711,1.63714,1.54951,1.02942,0.907634,0.855349,0.798983,0.53894,0.0370142,0.507252,1.35546,1.39458,1.01042,0.238806,-0.170241,0.00352573,-0.0095637,-0.166805,-0.21007,0.153897,0.566414,1.07886,1.3465,1.23288,1.38114,1.54534,1.51431,1.47991,1.65106,2.00478,2.2841,2.43375,2.7154,2.96238,3.74413,4.32843,4.01264,4.43599,4.30167
-0.0473047,-0.127296,2.04031,0.471268,0.0698789,-1.09199,-3.31339,-3.38325,-3.05815,-2.31667,-0.246912,0.576211,-2.45404,-2.37958,1.9669,2.0467,2.02334,2.75864,2.09176,1.03728,0.766229,0.562722,-0.740811,-1.93538,-1.22531,-0.0910715,1.45697,2.65395,1.27566,1.04832,0.886299,0.63414,0.292562,0.269213,0.49228,0.907869,1.30417,1.28872,0.951561,0.475565,0.10996,0.0300467,0.15369,0.054176,0.0341377,0.459492,0.823708,0.620596,0.3422,0.730161,1.30427,1.63285,1.72272,1.76216,1.56388,1.67867,2.46611,2.70666,2.45335,2.57531,2.65371,2.9746,4.06736,3.91563,3.36167
-3.76853,-3.59146,2.57726,0.0571091,0.282817,-0.427736,-3.04679,-3.33365,-3.10466,-2.7375,-0.64033,1.42776,-1.53352,-3.33466,1.32837,4.1217,4.50648,4.22827,2.70196,1.02431,1.37525,1.4746,0.102612,-1.06986,-0.869311,0.314409,1.15134,1.75256,1.62407,0.741472,0.35753,-0.27181,-0.442156,-0.104406,0.333529,0.712861,0.915948,1.0121,0.687741,0.284091,0.105822,-0.178094,-0.307162,-0.5576,-0.443025,0.0643111,0.931822,1.50026,0.815083,0.519616,1.11669,1.52148,1.55234,1.49688,1.51334,1.73804,2.1245,2.35533,2.6269,2.70327,2.99374,3.99544,4.00764,3.1623,3.43319
1.19558,0.805198,1.93041,0.716038,0.480914,0.562873,-1.67744,-3.13421,-3.19834,-1.84019,0.726458,2.80459,-0.985909,-2.22819,1.47062,4.22725,4.72545,3.1945,1.30926,2.20139,3.32611,2.95799,0.910887,-0.38921,-0.404111,-0.485258,-0.740343,-0.242687,1.38013,1.39553,0.269967,-0.00909836,0.120946,0.545137,0.851146,1.02511,1.13559,1.13481,1.10848,0.890852,0.445807,-0.189889,-0.790974,-0.909154,-0.313761,0.356677,0.551825,0.712031,0.910487,0.970264,0.692309,0.670655,1.14407,1.47912,1.73181,1.91113,1.79303,2.13335,3.08067,3.32929,3.05112,2.64381,2.80727,4.0978,4.12614
3.67413,3.17471,1.94734,1.23189,0.720287,-0.175099,-2.23739,-3.20481,-3.69559,-1.48353,2.34016,4.83919,1.63037,-0.586946,1.00888,2.67477,2.24673,1.85293,1.92805,2.86733,3.63186,2.36967,0.469724,-0.168569,-0.565036,-1.03602,-1.98208,-0.470675,0.829164,1.18066,1.07749,1.36492,0.920871,1.32715,1.67995,1.8234,1.68988,1.33301,0.973101,0.77056,0.473292,-0.325838,-0.915342,-0.790712,0.272847,0.783723,0.148764,-0.0219819,0.359363,0.844795,1.06622,1.21466,1.43997,1.29601,1.16221,1.3032,1.70535,2.24768,2.40177,2.82731,3.03779,3.13641,4.06635,4.10717,3.71489
3.936,3.27813,2.39428,0.696935,0.337601,-0.395472,-1.22583,-2.31652,-3.05711,-1.80213,2.75161,3.94411,0.147685,-1.05273,-0.207105,-0.324183,-0.30763,1.59848,3.93693,3.95667,3.83148,2.08031,0.464747,0.0540776,-0.63281,-1.52699,-0.68253,0.720365,0.875309,0.528015,1.75543,2.01128,2.1865,1.85066,2.32945,2.30458,1.93768,1.41985,0.905098,0.667725,0.577367,-0.0621668,-0.244146,0.201298,0.654746,0.206183,-0.255092,0.260298,1.00202,1.19096,0.718445,0.923092,1.14149,1.17442,1.55058,1.99338,2.35153,2.45842,2.53023,2.25898,2.47895,3.69952,4.25237,4.3332,4.37194
