public/uploads/wind/vent_json/20200519/wind_field_00.json
{"header": {"parameterUnit": "m.s-1", "parameterNumber": 3, "dx":  0.051, "dy": 0.036, "parameterNumberName": "northward_wind", "la1": 45.3082, "parameterCategory": 2,"nx": 177, "ny": 123, "refTime": "2018-10-03 01:00:00", "lo1":1.38177}, "data":
[rows 0 to 27 of 123, columns 63 to 125 of 177]
-0.149964,-0.348636,-0.346829,-0.192014,-0.391853,-0.546255,-1.21659,-1.45129,-1.43281,-1.03644,-1.01146,-1.11877,-1.8349,-2.17742,-2.36654,-2.11285,-2.28232,-2.55025,-2.98176,-3.23415,-3.54096,-3.5496,-3.86946,-4.03063,-4.24406,-4.39305,-4.45839,-4.4912,-4.54039,-4.58624,-4.62817,-4.67868,-4.76631,-4.90394,-5.05454,-5.1835,-5.29936,-5.41774,-5.517,-5.59866,-5.73346,-5.86768,-6.02279,-6.14607,-6.3398,-6.36777,-6.43533,-6.51181,-6.61077,-6.6259,-6.63055,-6.73115,-6.91198,-7.0209,-7.16303,-7.33877,-7.4116,-7.32478,-7.24133,-7.2328,-7.21678,-7.01028,-6.99277
-0.0660311,-0.314623,-0.444284,-0.557593,-0.824019,-0.839086,-1.10314,-1.09993,-1.04589,-0.892468,-0.889102,-1.02157,-1.47643,-1.69784,-2.06925,-2.13067,-2.44392,-2.74115,-3.05671,-3.26019,-3.50746,-3.26397,-3.78644,-3.97456,-4.19782,-4.35461,-4.39006,-4.38431,-4.41797,-4.46769,-4.53212,-4.58791,-4.683,-4.8237,-4.99055,-5.13455,-5.26029,-5.3904,-5.49083,-5.58732,-5.72508,-5.85574,-5.98739,-6.0921,-6.25443,-6.28771,-6.34917,-6.41449,-6.52041,-6.56476,-6.5727,-6.64365,-6.79652,-6.90351,-7.05493,-7.23935,-7.31902,-7.21791,-7.15538,-7.18025,-7.20645,-7.05955,-7.04297
-0.0744643,-0.283281,-0.488363,-0.732584,-0.902229,-0.882217,-0.964117,-0.764765,-0.675564,-0.73013,-0.717858,-0.890419,-1.20534,-1.42689,-1.87175,-2.26247,-2.56101,-2.84676,-3.11893,-3.34978,-3.52326,-3.31064,-3.74858,-3.96914,-4.17086,-4.30235,-4.33428,-4.29728,-4.31168,-4.36271,-4.4287,-4.50174,-4.61827,-4.76752,-4.92858,-5.08422,-5.22378,-5.35655,-5.47389,-5.6027,-5.73115,-5.85589,-5.95381,-6.03609,-6.09951,-6.19101,-6.26256,-6.32292,-6.402,-6.51658,-6.59952,-6.65598,-6.72242,-6.86598,-7.04902,-7.14413,-7.14689,-7.11237,-7.11594,-7.14832,-7.19982,-7.20057,-7.07964
0.0409738,-0.188549,-0.470398,-0.766348,-1.01307,-0.934384,-0.948347,-0.791888,-0.643523,-0.89544,-0.935598,-0.968569,-1.34937,-1.72297,-2.13946,-2.45875,-2.73429,-2.98386,-3.20529,-3.40478,-3.56529,-3.6367,-3.88453,-4.04943,-4.19888,-4.27287,-4.27096,-4.21535,-4.24366,-4.29241,-4.33773,-4.39554,-4.5323,-4.70404,-4.88452,-5.05078,-5.20508,-5.34512,-5.48062,-5.61327,-5.74781,-5.86591,-5.93943,-5.98429,-6.04221,-6.11834,-6.1877,-6.25941,-6.3521,-6.4629,-6.52281,-6.56439,-6.61435,-6.75856,-6.91776,-6.9704,-6.95891,-6.95052,-6.99665,-7.08402,-7.16067,-7.16971,-7.04429
-0.0340805,-0.323118,-0.479616,-0.754681,-0.904967,-0.76072,-0.766785,-0.743436,-0.868429,-1.08469,-1.22926,-1.40625,-1.75749,-2.14166,-2.437,-2.6754,-2.90803,-3.10662,-3.2923,-3.47169,-3.64695,-3.84606,-3.98456,-4.10219,-4.15898,-4.17448,-4.15593,-4.1407,-4.17025,-4.19684,-4.2323,-4.3091,-4.47796,-4.6744,-4.86185,-5.03373,-5.196,-5.35469,-5.50499,-5.63864,-5.76096,-5.85458,-5.91321,-5.94476,-5.98918,-6.04943,-6.11782,-6.20857,-6.30806,-6.40248,-6.45788,-6.48529,-6.54794,-6.66004,-6.74645,-6.77714,-6.79726,-6.84171,-6.92508,-7.0141,-7.06344,-7.07071,-6.99053
0.033745,-0.13275,-0.0446216,-0.284804,-0.396702,-0.451095,-0.684407,-0.806604,-1.06215,-1.26453,-1.48486,-1.77102,-2.08351,-2.43664,-2.67015,-2.85078,-3.03719,-3.21578,-3.3891,-3.56377,-3.76495,-3.92591,-4.05104,-4.09136,-4.05962,-4.04661,-4.04253,-4.07751,-4.09123,-4.098,-4.14987,-4.28683,-4.48299,-4.6869,-4.86084,-5.02386,-5.17052,-5.3296,-5.49372,-5.64577,-5.76494,-5.84333,-5.88899,-5.92648,-5.96448,-6.0118,-6.07856,-6.16718,-6.26129,-6.32191,-6.36671,-6.37732,-6.44095,-6.52477,-6.58419,-6.62891,-6.67633,-6.73714,-6.82006,-6.88881,-6.91942,-6.93354,-6.9433
0.0806936,0.00256985,-0.0330744,-0.247448,-0.376779,-0.614473,-0.813741,-0.899381,-0.989711,-1.32935,-1.70785,-2.03656,-2.42727,-2.67746,-2.82185,-2.97296,-3.13583,-3.30207,-3.47537,-3.66305,-3.85599,-4.00467,-4.05084,-3.99019,-3.94472,-3.95497,-3.96647,-3.98931,-3.99491,-4.01139,-4.11341,-4.29808,-4.50771,-4.71676,-4.8833,-5.01293,-5.12286,-5.26378,-5.43817,-5.61314,-5.75107,-5.83464,-5.88231,-5.91783,-5.95113,-5.98941,-6.03844,-6.10338,-6.19266,-6.25737,-6.28537,-6.28149,-6.33507,-6.40277,-6.44996,-6.47279,-6.50709,-6.5687,-6.65195,-6.72506,-6.77852,-6.83285,-6.8849
0.183758,0.13184,-0.0874924,-0.237424,-0.31361,-0.415637,-0.593087,-0.792932,-1.13375,-1.66269,-2.10312,-2.48179,-2.58146,-2.74544,-2.86597,-3.03947,-3.23079,-3.41032,-3.58432,-3.75227,-3.90143,-3.96404,-3.93061,-3.85467,-3.83388,-3.88052,-3.87679,-3.88963,-3.90479,-3.97082,-4.13961,-4.35659,-4.57468,-4.76704,-4.89996,-4.97706,-5.06664,-5.20525,-5.38104,-5.56066,-5.70673,-5.79833,-5.86597,-5.91575,-5.94589,-5.9604,-5.98459,-6.03442,-6.10776,-6.16479,-6.18162,-6.19803,-6.26901,-6.32511,-6.33575,-6.32148,-6.33805,-6.39777,-6.46571,-6.52704,-6.58919,-6.67776,-6.7834
0.371673,0.366535,0.227067,0.0507769,-0.104872,-0.381867,-0.639097,-1.17302,-1.52363,-1.98419,-2.24559,-2.38643,-2.36018,-2.6748,-2.89884,-3.10657,-3.31043,-3.49711,-3.651,-3.77081,-3.84002,-3.83533,-3.78164,-3.7453,-3.75398,-3.80571,-3.76258,-3.8009,-3.87323,-4.02232,-4.23639,-4.46759,-4.67133,-4.80888,-4.87731,-4.93383,-5.03669,-5.17836,-5.33978,-5.50213,-5.64137,-5.74703,-5.83103,-5.89469,-5.92104,-5.92961,-5.93714,-5.97104,-6.02317,-6.05655,-6.06259,-6.11416,-6.2137,-6.27403,-6.26348,-6.22583,-6.21016,-6.24085,-6.28066,-6.31799,-6.36746,-6.46332,-6.60358
0.153315,0.0443339,0.0889089,-0.0819796,-0.381465,-0.821714,-1.11981,-1.57944,-1.91001,-2.05475,-2.13332,-2.10875,-2.47721,-2.78308,-2.97338,-3.15048,-3.32123,-3.48336,-3.612,-3.69277,-3.70083,-3.65811,-3.6331,-3.64134,-3.67668,-3.68511,-3.66146,-3.74252,-3.89784,-4.12748,-4.37208,-4.59915,-4.74435,-4.80288,-4.83393,-4.91284,-5.03199,-5.16321,-5.2964,-5.43388,-5.5577,-5.66698,-5.76462,-5.8406,-5.88093,-5.89443,-5.89744,-5.9266,-5.95508,-5.95128,-5.95756,-6.04319,-6.17684,-6.25313,-6.237,-6.18172,-6.13457,-6.11154,-6.10291,-6.10765,-6.13617,-6.2222,-6.37663
0.60892,0.345605,0.156715,-0.104697,-0.404326,-0.961765,-1.32621,-1.68672,-2.01677,-2.24033,-2.34301,-2.41544,-2.67343,-2.80913,-2.98013,-3.14974,-3.29485,-3.42942,-3.54507,-3.59555,-3.56436,-3.52453,-3.52354,-3.54997,-3.57845,-3.54277,-3.60688,-3.75815,-3.99004,-4.26956,-4.53057,-4.7019,-4.75634,-4.75467,-4.80034,-4.90109,-5.02072,-5.13606,-5.24333,-5.34917,-5.45801,-5.56625,-5.67104,-5.75764,-5.81968,-5.85307,-5.87189,-5.89657,-5.9014,-5.87529,-5.89689,-5.99207,-6.12809,-6.21714,-6.22302,-6.16816,-6.09481,-6.02275,-5.95768,-5.91763,-5.9276,-6.00386,-6.14701
0.703127,0.336629,-0.117632,-0.529726,-0.690525,-1.21511,-1.51556,-1.84207,-2.08868,-2.22453,-2.41341,-2.47521,-2.52637,-2.7045,-2.93983,-3.15252,-3.31662,-3.43396,-3.50429,-3.49546,-3.45334,-3.42701,-3.42697,-3.43496,-3.44153,-3.44299,-3.60173,-3.84496,-4.14147,-4.43646,-4.65445,-4.72925,-4.71571,-4.71227,-4.77921,-4.87646,-4.98115,-5.08456,-5.17925,-5.26311,-5.35579,-5.45398,-5.55834,-5.65726,-5.73813,-5.7964,-5.8401,-5.86682,-5.87431,-5.86932,-5.89475,-5.96749,-6.06765,-6.14971,-6.17787,-6.14216,-6.06439,-5.96389,-5.86358,-5.78781,-5.77226,-5.83746,-5.94211
-0.107985,-0.374924,-0.608231,-0.996183,-1.09345,-1.13953,-1.67354,-1.63322,-1.92086,-2.03963,-2.16369,-2.32192,-2.50736,-2.74555,-2.99254,-3.18744,-3.32855,-3.39162,-3.38569,-3.34862,-3.33764,-3.32978,-3.30944,-3.29227,-3.31538,-3.42656,-3.67794,-3.99638,-4.31818,-4.5644,-4.68232,-4.69158,-4.66755,-4.68701,-4.75087,-4.82281,-4.91057,-5.01862,-5.12332,-5.20402,-5.27374,-5.3529,-5.44711,-5.54488,-5.62707,-5.70242,-5.78405,-5.85079,-5.89462,-5.90708,-5.90731,-5.94907,-6.01846,-6.08211,-6.10617,-6.0915,-6.03055,-5.93041,-5.81937,-5.72218,-5.6914,-5.72329,-5.76333
-0.0372835,-0.216002,-0.593567,-0.922995,-0.989459,-0.767361,-1.58299,-1.37904,-1.63333,-1.99652,-2.07765,-2.37822,-2.59703,-2.812,-3.00821,-3.18207,-3.21712,-3.1902,-3.16427,-3.17354,-3.2025,-3.18897,-3.15945,-3.17409,-3.28681,-3.52408,-3.8502,-4.18033,-4.44202,-4.58644,-4.62874,-4.62687,-4.62527,-4.66255,-4.69868,-4.73684,-4.82142,-4.95065,-5.07653,-5.16309,-5.22008,-5.2804,-5.34005,-5.40313,-5.47084,-5.57819,-5.71835,-5.84467,-5.92557,-5.92358,-5.90155,-5.94056,-6.00833,-6.04852,-6.05063,-6.03557,-5.98991,-5.91029,-5.80875,-5.7125,-5.66151,-5.63892,-5.56349
-0.396851,-0.434979,-0.811671,-1.0802,-1.04973,-1.1198,-1.76719,-1.39387,-1.99415,-1.80534,-2.21851,-2.50114,-2.69057,-2.86616,-2.98867,-2.94473,-2.99171,-2.97229,-2.985,-3.03688,-3.06247,-3.0487,-3.08264,-3.20873,-3.45267,-3.7622,-4.06245,-4.30341,-4.45177,-4.51489,-4.53097,-4.55115,-4.58588,-4.62649,-4.6327,-4.64343,-4.73292,-4.87771,-5.01784,-5.12853,-5.18559,-5.21047,-5.21375,-5.23529,-5.30093,-5.45175,-5.64461,-5.81622,-5.89435,-5.87283,-5.86253,-5.92476,-6.01323,-6.05768,-6.03042,-5.99457,-5.95349,-5.89223,-5.81426,-5.72932,-5.63092,-5.52543,-5.33754
-0.800257,-1.01353,-1.07157,-1.28864,-1.36362,-1.66828,-1.58939,-1.58985,-2.13784,-1.50435,-2.22657,-2.51401,-2.69961,-2.82291,-2.94024,-2.64515,-2.78231,-2.85916,-2.93636,-2.99505,-3.01045,-3.04206,-3.1755,-3.43355,-3.74893,-4.0152,-4.19377,-4.30338,-4.36468,-4.38884,-4.40592,-4.46084,-4.53927,-4.59187,-4.60266,-4.60428,-4.67672,-4.79406,-4.94383,-5.07946,-5.12744,-5.10938,-5.06761,-5.06626,-5.1571,-5.33575,-5.54431,-5.71454,-5.75797,-5.73862,-5.76597,-5.8816,-6.00369,-6.06744,-6.0309,-5.98069,-5.93999,-5.88529,-5.80867,-5.69412,-5.55784,-5.36226,-5.13412
-0.00114921,-0.668282,-0.699688,-0.999815,-1.28226,-1.63652,-1.29786,-1.78927,-2.12501,-1.83516,-2.3534,-2.58786,-2.67724,-2.70772,-2.5556,-2.58073,-2.75535,-2.89034,-3.03002,-3.09312,-3.12638,-3.21726,-3.42281,-3.71463,-3.97707,-4.12968,-4.19467,-4.21392,-4.22032,-4.22104,-4.25389,-4.34778,-4.47678,-4.5792,-4.64151,-4.65334,-4.68378,-4.72951,-4.86092,-4.98228,-5.01623,-4.98302,-4.9416,-4.96028,-5.07713,-5.2491,-5.41691,-5.52094,-5.53314,-5.54765,-5.64681,-5.82717,-5.98103,-6.04735,-6.04167,-6.00472,-5.94508,-5.84691,-5.72276,-5.58252,-5.42827,-5.21587,-5.00267
-0.414313,-1.07248,-0.98127,-1.21422,-1.50573,-1.69105,-1.79275,-1.7061,-1.97969,-2.24071,-2.48831,-2.59697,-2.58574,-2.56404,-2.19116,-2.57277,-2.8443,-3.05979,-3.21822,-3.28592,-3.34675,-3.47827,-3.68149,-3.89431,-4.03594,-4.0942,-4.10102,-4.07721,-4.05235,-4.04743,-4.09847,-4.22445,-4.40099,-4.56572,-4.69492,-4.74888,-4.74835,-4.7292,-4.79187,-4.85271,-4.8698,-4.86532,-4.88075,-4.95822,-5.08408,-5.20047,-5.27666,-5.28458,-5.28564,-5.35909,-5.55095,-5.77673,-5.93426,-6.00616,-6.03106,-6.00791,-5.91192,-5.74711,-5.58239,-5.45117,-5.30931,-5.14162,-4.96401
-0.632701,-0.670843,-0.938597,-1.00015,-1.36857,-1.59706,-1.91501,-1.42664,-1.68918,-2.18929,-2.42116,-2.53092,-2.51491,-2.48523,-2.46599,-2.74549,-3.02021,-3.25656,-3.3865,-3.45675,-3.54506,-3.68889,-3.84342,-3.95672,-3.99077,-3.98562,-3.96592,-3.93648,-3.91988,-3.93628,-4.00512,-4.13626,-4.31417,-4.50605,-4.68082,-4.79725,-4.82467,-4.78301,-4.75232,-4.74375,-4.75098,-4.79141,-4.87361,-4.99125,-5.11136,-5.15839,-5.13997,-5.08378,-5.08161,-5.22284,-5.48259,-5.71801,-5.84639,-5.91062,-5.93602,-5.9044,-5.79616,-5.62147,-5.47709,-5.3584,-5.25241,-5.13538,-4.9892
-0.958471,-0.581091,-1.15711,-1.01234,-1.40586,-1.70155,-1.61305,-1.50334,-2.03789,-2.12632,-2.34996,-2.45901,-2.49364,-2.59038,-2.80374,-3.03362,-3.25237,-3.4073,-3.48145,-3.54751,-3.64797,-3.77866,-3.88462,-3.93001,-3.91201,-3.87676,-3.86128,-3.87128,-3.90013,-3.95217,-4.03098,-4.12851,-4.24595,-4.3919,-4.55836,-4.72031,-4.82283,-4.82453,-4.75126,-4.70046,-4.69985,-4.75856,-4.86512,-4.99063,-5.08732,-5.11108,-5.03712,-4.94952,-4.95226,-5.13542,-5.41182,-5.60985,-5.6889,-5.70333,-5.68727,-5.65559,-5.59406,-5.5016,-5.41616,-5.31373,-5.22124,-5.12472,-5.0084
-0.648522,-0.947984,-1.2187,-0.933465,-1.32527,-1.57662,-1.20861,-1.56876,-2.15274,-1.99957,-2.29544,-2.45256,-2.63902,-2.89586,-3.11517,-3.29837,-3.41693,-3.47065,-3.50992,-3.57452,-3.65977,-3.74213,-3.78928,-3.81012,-3.81027,-3.80872,-3.8445,-3.91818,-3.99628,-4.07011,-4.13817,-4.18226,-4.21813,-4.27382,-4.37527,-4.54067,-4.71614,-4.80948,-4.78651,-4.74043,-4.72006,-4.74725,-4.8362,-4.96455,-5.05307,-5.06326,-4.97873,-4.87369,-4.88983,-5.07012,-5.29854,-5.42242,-5.43029,-5.38258,-5.32986,-5.32952,-5.35336,-5.38124,-5.36103,-5.28,-5.16343,-5.05233,-4.96332
-0.517219,-1.16591,-0.843166,-0.869279,-0.774438,-1.37559,-1.16014,-1.63115,-2.01104,-2.25201,-2.55042,-2.74882,-2.96637,-3.17541,-3.3456,-3.43475,-3.45791,-3.47422,-3.51755,-3.57688,-3.62601,-3.63676,-3.63385,-3.66088,-3.71704,-3.78856,-3.88527,-3.99167,-4.08702,-4.16841,-4.22282,-4.22886,-4.20939,-4.1958,-4.22523,-4.36423,-4.58906,-4.77411,-4.84066,-4.81696,-4.7631,-4.7546,-4.8425,-4.96343,-5.04421,-5.02673,-4.93009,-4.834,-4.86646,-5.0219,-5.16717,-5.20073,-5.14822,-5.05768,-5.00454,-5.03853,-5.13463,-5.24138,-5.27612,-5.21158,-5.06432,-4.93216,-4.86481
-1.11777,-1.22031,-1.06259,-1.48747,-1.11172,-1.75738,-1.46801,-1.85713,-2.07678,-2.56035,-2.85314,-3.04895,-3.16268,-3.25034,-3.33139,-3.38674,-3.42056,-3.46577,-3.53248,-3.59316,-3.62653,-3.60912,-3.58795,-3.61383,-3.68953,-3.78368,-3.88697,-3.98124,-4.07399,-4.16561,-4.22275,-4.22842,-4.20377,-4.17802,-4.18367,-4.29605,-4.51964,-4.73724,-4.85966,-4.84296,-4.77746,-4.77814,-4.87824,-4.98024,-5.02833,-4.9952,-4.86614,-4.79769,-4.85074,-4.993,-5.07668,-5.0611,-4.97909,-4.86589,-4.8043,-4.83162,-4.94503,-5.07431,-5.14363,-5.10028,-4.95065,-4.80609,-4.74787
-0.962685,-0.716433,-1.30105,-1.38453,-1.08037,-1.58046,-1.5028,-1.74045,-2.2002,-2.6759,-3.02398,-3.23503,-3.30726,-3.31939,-3.33191,-3.35191,-3.37858,-3.43202,-3.52654,-3.62959,-3.6986,-3.72285,-3.71549,-3.71057,-3.73229,-3.77292,-3.83078,-3.89606,-3.98061,-4.08386,-4.17156,-4.22195,-4.23116,-4.23124,-4.25237,-4.33405,-4.49737,-4.67051,-4.78355,-4.78322,-4.7498,-4.78021,-4.86973,-4.94885,-4.95899,-4.89635,-4.75736,-4.7118,-4.80776,-4.97463,-5.05514,-5.03851,-4.94703,-4.81915,-4.72145,-4.69986,-4.7633,-4.86698,-4.94154,-4.926,-4.81939,-4.68193,-4.61282
-0.926503,-0.735189,-1.10552,-1.13476,-0.714081,-1.40405,-1.78317,-2.06576,-2.51336,-2.86863,-3.16905,-3.38022,-3.48053,-3.46714,-3.40606,-3.35865,-3.34665,-3.39188,-3.50146,-3.64784,-3.75662,-3.82943,-3.85308,-3.82673,-3.78622,-3.77306,-3.7894,-3.83323,-3.92318,-4.05228,-4.18781,-4.28557,-4.31991,-4.33256,-4.3466,-4.37992,-4.44548,-4.55518,-4.63953,-4.68042,-4.68934,-4.72039,-4.77761,-4.81189,-4.77311,-4.66551,-4.55421,-4.56907,-4.73618,-4.92761,-5.03181,-5.01908,-4.92013,-4.7849,-4.66272,-4.58823,-4.57097,-4.59846,-4.63545,-4.63712,-4.59983,-4.50489,-4.41661
-0.927205,-0.810895,-0.91167,-1.31297,-0.95316,-1.69107,-2.13121,-2.45374,-2.68549,-2.91927,-3.16732,-3.39298,-3.54012,-3.56312,-3.50514,-3.42675,-3.38291,-3.41083,-3.49437,-3.61314,-3.70259,-3.77982,-3.82986,-3.83112,-3.80597,-3.7972,-3.81647,-3.87616,-4.00272,-4.16114,-4.31791,-4.40349,-4.42697,-4.42389,-4.3997,-4.37621,-4.3788,-4.43061,-4.50324,-4.57526,-4.61285,-4.63285,-4.63564,-4.59887,-4.50572,-4.3799,-4.32417,-4.4407,-4.65802,-4.82968,-4.90832,-4.87192,-4.77743,-4.66421,-4.55193,-4.44323,-4.34234,-4.26635,-4.23335,-4.23222,-4.2532,-4.22117,-4.1225
-1.22462,-0.866472,-1.30324,-1.42999,-1.2133,-2.01938,-2.33586,-2.56281,-2.75273,-2.9247,-3.0983,-3.28028,-3.43052,-3.52173,-3.55135,-3.54108,-3.52805,-3.54829,-3.57698,-3.62339,-3.65969,-3.69969,-3.73697,-3.77069,-3.80166,-3.83635,-3.89615,-3.99522,-4.13824,-4.29391,-4.41704,-4.47491,-4.50442,-4.50399,-4.45805,-4.39265,-4.35549,-4.35453,-4.392,-4.44218,-4.48695,-4.52269,-4.517,-4.44418,-4.32428,-4.2086,-4.21133,-4.3874,-4.60206,-4.70765,-4.71101,-4.63124,-4.55907,-4.49503,-4.4181,-4.29306,-4.11819,-3.94112,-3.82434,-3.79905,-3.84268,-3.85772,-3.77629
-1.20316,-1.01248,-1.50431,-1.58474,-1.47936,-2.2808,-2.39668,-2.63599,-2.74803,-2.82119,-2.91462,-3.05416,-3.2281,-3.39376,-3.55142,-3.67729,-3.75997,-3.80545,-3.81588,-3.82532,-3.82505,-3.79987,-3.76937,-3.7717,-3.80735,-3.86021,-3.93501,-4.03393,-4.15113,-4.27062,-4.36334,-4.45836,-4.55696,-4.60974,-4.56886,-4.46031,-4.35081,-4.28508,-4.24376,-4.24235,-4.30391,-4.38881,-4.44113,-4.4049,-4.29302,-4.19684,-4.23353,-4.40541,-4.58237,-4.61884,-4.54417,-4.43118,-4.36679,-4.34732,-4.30548,-4.17619,-3.95552,-3.70248,-3.50955,-3.43596,-3.46448,-3.50615,-3.47068
