public/uploads/wind/vent_json/20200519/wind_field_00.json
{"header": {"parameterUnit": "m.s-1", "parameterNumber": 3, "dx":  0.051, "dy": 0.036, "parameterNumberName": "northward_wind", "la1": 45.3082, "parameterCategory": 2,"nx": 177, "ny": 123, "refTime": "2018-10-03 01:00:00", "lo1":1.38177}, "data":
[rows 28 to 55 of 123, columns 0 to 62 of 177]
0.456759,-0.398545,-1.1966,-1.73069,-2.10774,-1.72412,-2.10985,-1.74756,0.953715,2.92665,2.71347,0.219884,-0.0151343,0.121414,0.920203,1.94051,3.45661,3.86968,2.85693,2.13663,1.63943,0.557162,-1.02555,0.388493,0.0516298,-1.66801,-1.73905,0.479529,1.10383,1.13191,1.43775,0.420285,-0.522912,-0.950624,-1.43372,-1.50066,-1.42229,-1.39195,-1.4445,-1.71623,-1.94209,-1.3197,-0.287291,0.204878,0.366832,0.101311,0.885997,1.10653,0.964755,-0.0609007,-0.302757,-0.164215,0.32326,0.566039,0.385169,0.332369,0.316784,0.263136,0.11884,-0.216989,-0.0701346,-0.954119,-0.656466
0.605809,-0.558998,-1.27669,-2.12545,-3.33918,-2.50585,-2.64849,-2.62819,-0.812431,1.59061,1.05759,-0.342975,-0.507631,0.435354,1.06584,-0.811799,-1.65491,0.615398,1.58308,1.29437,0.156919,-0.882107,-1.03587,0.416676,0.0161147,-0.793133,-0.75498,-0.776502,0.0888951,0.865277,1.23316,1.48937,0.618615,-0.333467,-0.864363,-1.11448,-1.11426,-0.852698,-0.939332,-1.25409,-1.19085,-0.803306,-0.665308,-0.868115,-0.494847,-0.117736,-0.0472111,-0.109155,-0.232128,-0.487845,-0.547045,-0.326292,-0.0191736,0.316685,0.0893982,-0.0694651,0.074129,-0.240056,0.00943776,-0.49182,-0.0759012,-1.28147,-1.0181
-0.195402,-1.31677,-2.56412,-3.64243,-3.69871,-2.95553,-2.24971,-2.42778,-0.844523,0.999715,0.912748,-0.111735,-1.08029,-0.6843,-0.600965,-1.36643,-3.73584,-2.74622,-0.5122,-0.00121247,-1.77554,-3.35225,-3.13938,-1.59261,-0.594794,0.826435,0.727356,0.37103,-0.115528,0.210637,0.352761,0.159487,-0.0222164,-0.173036,-0.374674,-0.617183,-0.906511,-0.778808,-0.224989,0.138766,0.134304,0.00650489,-0.239567,-0.410083,-0.1596,-0.450394,-0.614452,-0.388377,-0.570316,-0.537072,-0.458335,-0.138014,-0.0461949,0.10764,0.347877,-0.118066,-0.125506,-0.510411,-0.760232,-1.20563,-1.24114,-1.67497,-1.71668
-4.33317,-4.01992,-4.64581,-4.54172,-4.53255,-3.66497,-3.00479,-2.84386,-1.05426,0.94694,1.60845,0.182823,-1.09338,-0.852087,-1.34753,0.347187,0.974623,0.46179,0.97028,-0.762269,-3.06561,-3.06046,-2.60138,-2.14014,-1.34606,0.266016,0.963891,0.398747,0.310277,0.195881,0.0447671,-0.913848,-1.0106,-0.773158,-0.586694,-0.384572,-0.824377,-1.43174,-0.799243,0.00816353,-0.103492,-0.519342,-0.316297,-0.0581106,0.071095,-0.502752,-0.21571,-0.104289,-0.135054,0.118733,0.301983,0.603436,0.35075,0.165231,0.224303,-0.444708,-0.392949,-0.577462,-1.0853,-1.24501,-1.54775,-1.40354,-1.75899
-8.01174,-6.40506,-5.42363,-5.34051,-5.1999,-4.20367,-3.64125,-2.0693,-0.780899,-0.208771,0.788807,-0.0675434,-0.903628,-1.80918,-3.1267,-0.0780933,3.48652,3.20346,0.214499,-3.03254,-2.07509,0.591151,0.197881,-0.901757,-1.50473,-1.67139,-0.416732,-0.837811,-1.34806,-0.868128,-0.406186,-0.309093,-0.729231,-0.979136,-0.884033,-0.934685,-1.11042,-1.64285,-1.69259,-1.48199,-1.41706,-1.32731,-0.774195,-0.323132,-0.0903384,0.00573405,0.267672,0.259811,0.572,0.888511,0.807002,0.827499,0.308811,0.227329,-0.0770401,-0.795576,-0.401969,-1.35173,-1.19571,-1.82317,-1.60599,-2.191,-1.90591
-9.06583,-6.73524,-5.51553,-4.91337,-4.73137,-3.86929,-3.18059,-2.42344,-0.884554,-1.05991,-0.996751,-1.98821,-2.58561,-3.03271,-3.77817,-0.805373,2.24874,2.36029,-0.340388,-1.14431,-0.153427,1.80402,1.48637,-0.400692,-1.84161,-2.03026,-1.30786,-1.5563,-1.23301,-1.45215,-0.719283,-0.48068,-0.56521,-0.251311,-0.988007,-1.34621,-1.50528,-1.48938,-1.4862,-1.57505,-1.66357,-1.50888,-1.15152,-0.590462,-0.213552,0.482232,0.66277,0.85625,1.13294,1.14062,0.958788,0.534604,0.673622,0.036542,0.197054,-1.26679,-0.811878,-2.31234,-2.20137,-2.7832,-2.21207,-2.82214,-2.04351
-7.33706,-5.1784,-4.95433,-4.26775,-4.05856,-4.0042,-3.94973,-4.48003,-4.6295,-3.90859,-2.56093,-0.828712,-0.692285,-1.10655,-1.17237,-0.387949,0.123325,0.75661,1.31283,2.01456,1.4455,1.1819,1.24571,-0.216903,-0.856081,-1.35494,-1.83281,-1.54658,-1.1861,-0.644804,-1.21356,-0.940454,-0.360459,-0.52023,-0.749808,-0.984605,-1.18687,-1.3467,-1.29743,-1.03681,-0.857095,-0.656197,-0.493611,-0.445641,-0.117777,0.203434,0.216258,0.204856,0.504246,0.580021,0.661061,0.614677,0.647913,-0.722194,-1.30302,-2.44506,-1.9757,-3.05527,-3.04467,-2.99394,-2.43965,-2.25212,-1.73339
-4.10914,-4.0474,-3.75042,-3.89447,-4.02243,-4.20103,-5.24189,-4.90083,-4.22483,-3.13349,-0.80371,0.785965,1.67341,3.90268,2.6701,1.01888,0.206583,0.287991,1.46437,2.42751,1.08579,-1.64853,-1.37824,-2.15938,-1.04892,-1.44539,-2.35566,-2.35635,-1.9041,-1.80372,-1.74592,-0.66863,-0.662962,-1.72256,-1.28039,-1.32049,-1.29424,-1.43021,-1.20865,-0.51604,0.0485882,0.393713,0.605913,0.513844,0.538641,0.536741,0.644695,0.867524,0.685539,0.907893,0.325238,0.509822,-0.855919,-1.50361,-2.69601,-2.35508,-2.84029,-2.69295,-2.40234,-2.09064,-1.7829,-1.51168,-1.36207
-2.88728,-3.83589,-3.76751,-3.636,-4.09339,-3.93961,-3.50329,-2.79044,-1.64966,-1.54032,-1.04737,-1.12568,-0.842871,2.26918,3.06939,0.999592,-0.607679,-1.71186,-0.823886,0.128397,-1.47601,-4.01285,-3.60849,-3.48931,-2.12513,-2.75518,-2.52346,-1.94437,-2.22904,-2.15855,-1.65313,-0.446102,-1.70037,-3.81828,-2.35644,-1.64885,-1.19771,-0.983459,-0.690271,0.13448,0.55136,0.729251,1.06794,1.30827,1.38757,1.38964,1.045,1.11729,1.07036,0.837038,-0.363148,-1.56882,-2.57217,-2.72261,-3.04577,-2.27685,-2.85489,-1.99821,-1.69011,-1.38915,-1.14229,-1.00102,-1.022
-2.84873,-3.21229,-3.02088,-3.53185,-3.85065,-4.33065,-4.50386,-4.41733,-4.49061,-4.96397,-4.49867,-4.62686,-5.19246,-3.77611,-2.43082,-2.44355,-2.76434,-3.15176,-2.91953,-3.20924,-3.67073,-3.41642,-1.61115,-1.28286,-1.8038,-2.86307,-2.23342,-0.960951,-2.0699,-2.22035,-0.979158,-1.65283,-2.14317,-2.084,-1.8211,-1.01311,-0.502441,-0.0773733,-0.0339766,0.591998,0.980447,1.04533,1.16464,1.24347,1.35988,1.3711,1.33856,1.20447,1.47181,-0.617355,-2.06028,-2.91849,-3.17182,-2.91605,-2.55629,-2.69277,-2.15284,-1.63382,-1.43428,-1.22731,-0.968036,-1.11621,-1.06597
-1.7617,-2.85731,-2.63805,-2.66249,-3.43795,-4.565,-5.70679,-6.14522,-5.80376,-5.02051,-3.48775,-1.57199,-1.3043,-1.66505,-1.93122,-2.81933,-3.56896,-3.75493,-3.65133,-3.66099,-3.19062,-0.52245,0.555859,0.312091,-0.589974,-1.32068,-1.22767,-1.47169,-2.15562,-1.55196,-1.17866,-0.863507,0.728719,0.268021,0.278598,0.528404,0.809288,0.871686,0.491591,0.741519,1.29426,1.39714,1.38098,1.15565,0.921045,0.321831,0.861425,0.0812748,-0.179564,-3.04236,-3.26149,-2.27921,-2.9461,-2.37965,-1.91179,-2.60642,-1.80148,-1.52491,-1.44624,-1.51673,-1.25843,-2.12506,-1.95113
-3.50379,-3.40717,-3.07784,-2.59859,-2.95241,-2.27386,-3.29557,-4.18624,-5.29332,-5.63193,-4.58105,-1.41769,-0.0946842,0.27274,-1.25112,-3.03236,-4.89768,-4.22291,-2.11413,-0.609153,-0.254736,-1.75876,-2.08261,-1.81455,-1.07529,-0.789742,-1.06157,-1.93487,-2.25528,-1.39337,-1.85497,0.51411,1.5533,1.55227,1.32343,1.05285,1.02864,1.38785,0.745547,0.430674,0.468963,0.959043,0.90882,1.3975,-1.23099,-1.74765,-1.08639,-2.71166,-2.36807,-3.26623,-3.15034,-2.21042,-2.13343,-1.85568,-2.04952,-2.09983,-1.53014,-1.55563,-1.32003,-2.16387,-1.84119,-2.69122,-3.11631
-5.1728,-4.64685,-4.57522,-3.86836,-3.25138,-0.776392,1.45935,-0.663499,-3.85101,-6.10101,-7.97216,-6.94683,-5.4267,-4.59885,-5.15848,-4.79405,-4.21443,-2.20094,1.1588,2.80783,2.1245,-0.977733,-2.73468,-3.0257,-2.56951,-2.59206,-2.80177,-4.15593,-3.72581,-2.74066,-1.80624,-0.134028,0.564306,1.22341,0.889847,0.345595,0.133931,0.468113,0.391416,-0.408951,-1.1431,-0.529006,-0.243711,0.520479,-2.94254,-2.38499,-2.29197,-3.51399,-2.23821,-2.15701,-2.99802,-2.90481,-1.92763,-1.78522,-2.11627,-2.22603,-1.5115,-2.22252,-1.75435,-2.73751,-2.17762,-3.07216,-3.78432
-5.7592,-5.81067,-5.14528,-4.56684,-3.66921,-1.17813,1.71859,3.07267,2.03464,-0.939664,-4.17802,-5.86583,-5.74071,-5.12382,-4.45738,-4.07634,-3.82836,-2.55337,-0.88427,0.759703,3.36974,2.6173,0.396795,-0.92192,-0.660992,-1.33992,-3.15954,-4.11764,-3.62984,-1.68063,0.558419,0.445994,0.481671,0.577398,0.38068,0.532792,0.310193,-0.561243,-0.876651,-0.875713,-0.790672,-0.590053,-0.957784,-1.45638,-2.71823,-2.30315,-2.34757,-3.44216,-2.12429,-3.17227,-2.66123,-2.87926,-2.13936,-1.97767,-1.75796,-2.58587,-1.84576,-2.65057,-3.03506,-3.0309,-2.45173,-3.65425,-3.99947
-5.90937,-5.71248,-5.07065,-4.90753,-4.10553,-3.00262,0.436592,2.09729,4.1096,4.74552,4.0317,1.58781,0.106288,-0.115591,0.473522,-0.0552654,-3.93385,-5.87546,-4.88026,-3.2182,0.189587,3.63135,4.06612,4.00177,3.75221,1.99359,-0.406915,-0.80828,-0.378958,-0.390877,1.52623,1.56439,0.594055,0.283331,0.420092,0.201645,-0.646981,-1.2996,-1.43181,-0.867199,-0.333181,-0.408745,-1.44333,-2.29707,-2.55112,-2.61797,-2.72294,-3.49238,-2.47655,-3.46204,-2.48042,-2.37158,-2.49793,-2.19445,-1.99979,-2.56381,-2.97114,-2.86616,-3.48764,-3.76472,-3.64659,-3.92855,-4.31961
-4.93051,-5.32276,-4.29127,-4.41203,-4.00746,-4.02834,-2.61765,-1.46843,1.32056,5.33635,7.26139,7.54538,6.86563,4.91681,3.46747,4.119,-0.613526,-3.62215,-3.31384,-2.6976,-1.84063,-0.00372303,2.69775,3.34594,3.27999,3.44702,3.51861,3.7404,3.80385,3.44096,2.64798,1.42305,0.248937,-0.984637,-0.787165,-1.10696,-1.34156,-1.05991,-0.657775,-0.963948,-1.11394,-1.81496,-2.00469,-2.23224,-3.20984,-3.52509,-3.89529,-2.93572,-2.52522,-2.53647,-2.37063,-2.23238,-2.66574,-3.00749,-2.74054,-2.74541,-3.70289,-3.97543,-3.21207,-4.08941,-4.56062,-4.40061,-4.45031
-3.4063,-2.98707,-3.12762,-3.75222,-4.17386,-4.40706,-5.46584,-5.51769,-2.96041,1.34838,4.71849,5.15429,5.05056,4.79873,4.00806,5.0955,4.71708,4.02719,2.72697,1.8039,0.902118,-0.787637,-1.5741,-2.04699,-0.75249,1.42459,3.80063,3.81372,3.67464,3.22993,1.74762,0.480373,-0.754381,-1.7587,-1.6755,-1.391,-0.85712,-0.600573,-0.800804,-1.30202,-1.39741,-3.02598,-2.47471,-2.68535,-3.53136,-3.64593,-3.73765,-2.96252,-2.56057,-2.30379,-2.211,-2.303,-2.34354,-3.63011,-3.81106,-3.50471,-3.48607,-4.44197,-3.30271,-3.92203,-4.54342,-4.47448,-4.29267
-1.70067,-1.24592,-1.28562,-1.89914,-2.24772,-3.00431,-4.50441,-4.9192,-3.2934,-0.263249,2.31347,1.6343,-0.350271,-0.291683,0.247185,2.33368,4.42478,6.66929,5.01143,3.92909,2.67652,1.11301,0.104866,-0.0562988,0.349721,-0.064889,-0.0413488,-0.60867,-0.341496,-0.3844,-0.0690102,-0.566927,-1.56828,-1.54288,-1.42076,-1.38268,-1.24955,-1.26279,-1.68418,-1.66663,-1.8651,-3.9224,-2.93124,-3.72685,-3.02495,-2.69097,-2.71262,-3.14998,-2.51461,-2.44365,-2.50598,-2.61046,-2.75822,-3.48113,-4.20604,-4.43997,-4.16206,-4.39682,-3.95264,-4.52591,-4.5653,-4.49394,-4.45281
1.11224,1.07582,1.4306,0.773564,0.1607,-0.459569,-1.40905,-1.71614,-1.47031,0.507544,2.29692,-0.793936,-4.05057,-4.73943,-3.84929,-1.92629,0.554879,2.62228,3.64401,3.64128,3.27736,2.43471,1.77768,1.48118,0.416692,-0.700267,-1.26733,-1.1469,-0.229947,0.497534,0.00711773,-1.41722,-1.55011,-1.36875,-1.5815,-1.77536,-1.97085,-2.18031,-2.64097,-2.02679,-2.88879,-4.1888,-3.78256,-3.92918,-3.59989,-2.78876,-2.65666,-3.02274,-2.57244,-2.55916,-3.27525,-3.60324,-4.03271,-3.56342,-4.3654,-4.74916,-4.96807,-4.81684,-4.72379,-4.72595,-4.57069,-4.40844,-4.7396
3.12287,3.67321,3.6693,3.42068,2.89552,2.48596,2.19465,1.27599,-0.38635,-0.577952,1.16061,-3.12467,-4.47856,-3.21212,-1.58473,-0.943621,-0.098312,0.109074,-0.226233,1.53735,3.24524,3.3007,2.34948,0.521014,-0.345972,-0.954107,-0.586313,-0.58708,-0.0443955,-0.0199383,-1.03705,-1.49608,-1.40039,-1.60895,-1.94192,-2.16872,-2.66478,-2.87117,-3.06038,-2.46934,-4.15859,-3.81908,-4.34542,-3.21658,-3.87201,-3.00483,-2.72852,-2.69344,-2.94524,-2.61383,-4.03283,-4.22419,-4.37098,-4.15477,-4.73594,-4.5808,-4.90213,-4.86055,-4.74744,-4.73392,-4.87999,-4.26288,-4.57735
4.1714,4.68661,5.1334,4.92032,4.87897,4.59202,4.90942,4.67224,2.58963,0.120605,0.754783,-0.904112,-0.503485,0.228533,0.150269,-1.69139,-2.74871,-2.92934,-3.55382,-2.80515,-1.05048,1.3584,0.835945,0.445376,0.302923,0.0088973,0.240986,-0.159437,-0.591821,-0.835886,-1.21394,-1.06674,-1.46771,-2.123,-2.43543,-2.72662,-2.86566,-2.87981,-2.57485,-2.72908,-4.25851,-4.33299,-4.48465,-3.76846,-3.23544,-2.74094,-2.52818,-2.41727,-3.19301,-2.96445,-4.00812,-4.24472,-4.19893,-4.87596,-4.64814,-4.78036,-4.88245,-4.787,-4.88988,-4.77661,-4.71954,-4.62565,-4.28787
5.61192,5.33309,5.42376,5.48256,5.15636,4.67604,5.37198,4.85267,4.42932,2.90754,3.2108,4.39584,3.995,1.75661,-0.29774,-1.89809,-1.5066,-0.582702,-0.838669,-1.94728,-1.97775,-1.49507,-1.99548,-1.82293,-1.06796,-0.526752,-0.204433,-0.237669,-0.8813,-0.878368,-0.760606,-1.25693,-2.12196,-2.68832,-2.98562,-3.48696,-2.89737,-2.78595,-2.14126,-2.97725,-3.56663,-4.73273,-4.13042,-3.86092,-2.89582,-2.54206,-2.4233,-2.34146,-3.53623,-4.06545,-3.72945,-4.72006,-4.98402,-5.1402,-4.80276,-4.88828,-4.84581,-4.97014,-4.85484,-4.44472,-4.28255,-4.23453,-3.78349
6.16212,5.63286,5.72782,5.51605,4.84309,4.55516,4.52326,4.20965,3.64745,1.98463,3.27758,5.13999,4.90708,4.16843,3.00746,2.19084,2.46283,2.72256,2.80334,2.8343,1.52815,-0.291855,-1.59593,-1.93271,-1.82774,-0.770645,-0.12714,-0.225583,-0.63576,-0.379716,-1.2503,-2.24243,-2.87777,-3.19673,-3.5628,-4.01638,-3.80201,-2.86873,-2.10452,-3.74235,-4.2331,-4.55052,-3.26596,-2.8051,-2.53936,-2.33097,-2.28918,-2.30018,-3.81665,-4.39671,-4.10144,-5.13336,-5.16678,-4.89816,-4.85329,-4.85206,-4.93814,-4.84134,-4.45467,-4.32429,-3.98446,-3.66602,-2.90765
6.57731,5.99985,5.59483,5.48871,4.85007,4.14023,4.12303,4.37103,3.35729,1.49078,1.62344,3.46302,3.77931,4.63246,4.54439,4.0825,3.30785,2.67253,2.10124,1.84046,1.26761,0.53298,0.229438,-0.392828,-1.7547,-1.08262,-0.330992,0.162265,-0.0704403,-0.595457,-2.11067,-2.88104,-3.12874,-3.44979,-4.3097,-3.55868,-4.00493,-2.55597,-2.17886,-4.47608,-4.58099,-4.0575,-3.26523,-2.50651,-2.22708,-2.31792,-2.45498,-2.74235,-3.38184,-4.11069,-4.74172,-5.06278,-4.8393,-4.77664,-4.84122,-4.95344,-5.09008,-4.51324,-4.15296,-4.06137,-3.10813,-3.23881,-2.65304
6.16321,5.69082,5.46469,5.22255,4.98453,4.2297,4.52478,4.68207,4.39838,3.61809,2.7411,3.26679,3.27585,3.52994,3.4185,2.66979,0.206797,-1.11248,-1.79512,-2.02389,-2.27552,-2.35964,-2.05492,-1.69462,-1.9375,-2.26576,-2.47975,-1.85023,-0.809155,-1.52711,-2.20659,-2.66234,-3.01085,-3.45584,-4.40318,-2.81522,-2.69581,-2.02659,-2.25528,-4.33882,-4.355,-3.08587,-3.2751,-2.52538,-2.15096,-2.31923,-3.12615,-3.50674,-3.46926,-4.73801,-4.93363,-4.74902,-4.78842,-4.71926,-4.85895,-4.90489,-4.47979,-4.00645,-3.31545,-3.5959,-2.96374,-2.6374,-2.87022
5.34499,5.20099,5.15526,5.23788,5.19493,4.85204,5.20832,4.72194,3.90883,3.01593,2.33245,2.78273,3.16665,3.54589,2.34262,0.459002,-1.64086,-2.24562,-2.44543,-2.30665,-2.49248,-3.05491,-2.83121,-2.09314,-2.69886,-3.00974,-3.65458,-3.303,-2.30953,-1.40465,-1.87948,-2.27563,-2.76969,-3.04417,-3.07874,-2.02678,-1.85282,-2.24347,-2.67092,-3.73674,-3.99891,-2.74356,-2.63358,-2.36858,-2.30122,-2.45319,-3.68673,-4.26074,-4.2429,-4.91779,-4.70773,-4.589,-4.42861,-4.74572,-4.80411,-4.42119,-3.18999,-3.38654,-3.0454,-2.8699,-2.75462,-2.45713,-2.59802
4.33463,4.4986,4.57265,4.97241,5.20211,5.23,4.96855,4.36496,3.14366,1.86863,2.75074,2.58851,2.68499,3.63086,4.08394,3.41849,2.18455,1.69867,0.799531,-0.241797,-1.0859,-0.647493,-0.542766,-1.35164,-0.924508,-1.21235,-2.28452,-1.70976,-1.12194,-0.979451,-1.2475,-1.9217,-2.45461,-2.35873,-1.70811,-1.26,-1.7905,-2.40344,-2.64247,-3.75445,-3.04853,-2.64878,-2.72137,-2.53373,-2.72481,-2.77749,-3.54314,-4.60257,-4.62614,-4.4093,-4.241,-4.21971,-3.60001,-4.26112,-4.04395,-3.83432,-2.84998,-3.4433,-2.78191,-2.61302,-1.94736,-2.18228,-1.9565
2.76684,3.49741,3.83433,4.37135,4.46008,4.4153,4.08777,3.80717,3.55323,3.55481,3.75381,2.59704,1.01644,1.0786,2.53707,3.59497,4.06577,3.91288,2.96198,1.63473,0.387337,0.396601,0.615434,0.0278472,1.36724,2.27676,1.30468,0.24957,-0.249712,0.0195783,-0.670624,-1.93527,-2.19616,-1.7694,-1.13649,-1.38036,-1.95163,-2.28871,-2.29723,-3.83878,-3.10522,-2.93916,-3.11662,-2.73071,-3.27404,-3.60197,-3.63619,-4.09497,-4.48043,-3.46665,-3.82794,-3.44079,-3.34643,-3.78773,-3.02815,-3.38344,-3.41998,-3.28205,-2.25878,-2.76518,-1.59649,-1.33269,-1.27734
