public/uploads/wind/vent_json/20200519/wind_field_00.json
{"header": {"parameterUnit": "m.s-1", "parameterNumber": 2, "dx": 0.051, "dy": 0.036, "parameterNumberName": "eastward_wind", "la1": 45.3082, "parameterCategory": 2,"nx": 177, "ny": 123, "refTime": "2018-09-30 00:00:00", "lo1":1.38177}, "data":
[rows 56 to 83 of 123, columns 0 to 64 of 177]
2.69493,1.99319,1.13703,0.635233,0.25624,0.936097,1.15871,0.863099,0.456727,0.0478797,0.516882,2.88468,2.44995,1.03834,-0.559689,-2.457,-3.14264,-0.480334,1.42386,1.42565,2.20284,2.44369,2.79615,3.5003,2.11343,0.134455,1.40075,3.88209,4.56366,2.14123,-0.103207,-0.0991927,1.21736,2.10524,1.50949,0.567871,0.878158,1.18813,1.11856,1.20811,1.36341,1.91517,2.74199,3.45397,4.02209,4.12084,3.75,3.75652,3.84287,3.55622,3.59782,3.72049,3.78688,3.63693,2.57359,1.23942,0.951629,0.661152,0.0733518,0.483735,0.281,0.159823,1.33193,2.52309,2.77326
2.54,1.64435,1.07387,0.634947,0.110334,0.412874,0.825035,0.875034,-0.176479,-2.32866,-1.07312,1.47761,1.58385,0.0798504,-2.81688,-3.89026,-2.95088,0.266855,3.02919,2.75031,1.98927,1.77716,2.43701,3.68349,2.92112,0.680261,1.24364,3.33162,4.30949,2.31587,0.117198,0.348636,1.53938,1.8088,0.878504,0.430444,1.16911,1.48945,1.43103,1.39329,1.63405,2.59074,3.5886,3.63446,3.07434,3.09004,4.01171,4.06212,3.27996,2.96454,3.12182,3.6082,3.32333,2.37315,1.75539,0.936587,0.285431,-0.310736,-0.379164,0.971486,1.24107,0.693177,1.48217,2.53515,2.68972
2.87825,3.00222,0.525325,0.275345,-0.221436,-0.458955,-0.248219,-0.0874102,-2.11635,-3.4311,-1.48308,1.6827,1.21361,-0.563342,-2.31646,-2.65261,-1.43396,0.489843,2.75571,3.40065,2.30933,1.71558,1.99902,2.55201,2.86857,2.4975,2.25632,3.29123,2.42262,0.142387,-0.222142,0.661482,1.31101,1.05704,0.600241,0.880852,1.54335,1.63826,1.65748,1.58578,2.11151,3.59925,3.99337,3.66111,4.03073,4.30083,4.09864,3.70781,3.6171,3.98473,3.58241,2.87528,2.99575,2.3064,0.808195,0.132158,0.0496437,-0.443761,-0.301701,1.32631,1.85999,1.37575,1.78773,2.18305,2.41752
2.27422,1.31236,0.484227,0.112859,-0.347538,-1.15232,-0.97755,-1.18358,-2.18249,-2.36475,-0.178674,1.74386,1.41235,-0.114417,-1.34096,-1.65564,-1.46821,-0.104465,2.48189,3.42303,2.33398,1.61502,1.44204,1.47734,2.718,2.78601,1.94559,2.68379,1.63682,0.013765,-0.0560309,0.450688,0.872499,0.539917,0.734533,1.59918,2.06174,1.88596,1.77519,1.54199,2.51461,4.53012,4.71851,4.02979,3.41772,3.38948,4.01794,3.98732,3.61079,3.57453,3.60245,3.14651,2.40694,1.64752,0.749587,-0.0495043,-0.353995,-0.408019,0.154695,1.58673,1.70086,1.26778,1.76185,2.14171,2.33991
0.304811,0.00967461,-0.183526,-0.447224,-0.804821,-1.41665,-1.2023,-1.10659,-1.65943,-1.49757,0.0458889,1.9298,1.45262,0.303922,-0.161422,-1.47162,-2.28512,-0.41604,2.7757,3.56412,2.63336,2.08942,2.29194,1.6641,2.52057,2.86269,1.99526,2.99512,3.70027,0.648823,-0.855709,0.0986824,0.56745,0.588887,0.953254,1.82338,2.44705,2.40663,2.19706,2.21655,3.53282,4.43221,3.96064,3.98976,4.21141,3.86146,3.57746,4.02855,4.22743,3.76129,2.91258,2.08172,1.43195,0.803181,0.104849,-0.51728,-0.356282,-0.0738241,0.547019,1.56558,1.57806,1.38585,1.7048,1.90774,1.99061
-0.0850634,-0.412441,-0.62467,-0.675381,-0.854645,-1.3502,-1.22973,-0.984248,-0.737171,-0.061447,0.953554,1.23601,0.478002,1.199,2.40841,0.697088,-1.55545,-0.392433,2.26445,2.9571,2.42807,2.90312,2.75974,1.48461,2.22404,3.26692,1.97834,2.92033,4.05789,1.86348,-1.15539,-0.249617,0.935117,0.752717,1.35115,2.06036,2.5605,2.86409,2.8272,3.1428,4.10507,4.233,3.63333,3.88893,4.34476,3.93615,3.57762,3.34143,3.40899,3.69121,3.1557,2.62076,2.19345,1.25383,0.319386,-0.200359,-0.282497,-0.0132854,0.839065,1.57824,1.55983,1.57795,1.74387,1.79196,2.01632
-0.399032,-0.751147,-0.904633,-0.931416,-0.85954,-1.09466,-0.85073,-0.47468,-0.0548965,0.935546,1.51861,-0.021295,-0.791878,1.2874,3.45132,2.10363,-0.212181,-0.247008,0.896856,1.59342,1.97466,2.22716,2.41561,1.5363,2.05066,2.84726,2.41255,3.08524,2.76762,-0.37089,-1.67413,-0.235505,1.29644,1.54043,1.42239,2.36075,2.76236,2.68481,2.88898,3.86098,4.29128,3.87434,3.98443,4.39577,3.97848,3.64684,4.04711,4.01943,3.33448,2.67158,2.12152,1.87623,2.00627,1.50896,0.481542,0.115095,-0.186945,-0.00367034,0.84668,1.46968,2.06563,2.26882,2.06612,1.97203,2.17612
-0.357411,-0.650363,-1.03519,-1.00955,-0.651046,-0.59023,-0.445747,0.0183216,0.581399,1.5554,1.6106,0.162865,-0.464519,0.949018,2.18801,1.28396,0.79247,0.902523,1.11692,1.48804,2.04481,1.774,1.69794,1.544,1.44287,1.35365,2.56668,2.44196,1.29676,-0.30719,-0.561675,-0.117629,0.976839,1.64795,1.7515,1.93327,2.62333,2.76409,3.16002,3.92856,4.29251,4.02853,3.9835,4.31019,4.23633,3.6594,3.64236,3.95779,3.4895,3.04927,2.74642,1.92583,1.34944,1.22738,0.842698,0.370297,-0.113163,0.016866,0.860409,1.52156,1.89094,2.01464,2.33897,2.44169,2.38012
-0.593212,-0.870961,-1.03849,-0.880321,-0.353346,-0.0803056,-0.032107,0.392856,1.42787,2.20446,1.28004,0.285807,0.103225,0.106433,0.296034,0.52646,0.897815,1.12043,1.13946,1.29385,1.67385,1.62178,1.76159,1.79348,0.803202,0.800438,1.73067,2.58957,2.41553,1.54787,1.17696,0.709407,1.29302,1.70695,1.82528,1.65943,1.73884,2.39396,2.95508,3.3584,3.77427,4.12986,4.06712,3.98893,4.182,4.05729,3.70969,3.49603,2.82917,2.30593,2.4295,2.00918,1.29236,0.832725,0.678258,0.489026,0.259497,0.519214,1.09521,1.58699,1.82394,2.42766,2.96022,2.79122,2.69133
-0.871073,-0.945709,-0.965422,-0.639204,-0.0866351,0.332789,0.417858,0.791288,1.85635,1.44259,-0.0272287,-0.814301,-0.54401,-0.488581,-0.550357,-0.515826,0.335585,0.975454,0.68025,1.10494,1.36893,1.21504,1.52561,1.0288,0.362534,1.0491,2.32396,1.89589,0.911953,0.745128,0.95552,1.19119,1.72084,2.08802,1.69766,1.3561,1.79673,1.96678,2.57727,2.94102,2.39969,3.06672,3.54435,3.76535,3.45327,3.52507,3.92084,3.31772,2.71952,2.32555,1.74895,1.38691,1.10554,0.977808,0.933315,0.811255,0.64245,0.667778,1.16693,1.90767,2.35842,2.72569,3.01111,2.82239,2.83948
-1.10426,-0.957901,-0.726588,-0.283899,0.276462,0.726076,0.947197,1.38558,1.20213,0.391481,-1.07138,-1.55283,-1.00617,-0.80773,-0.543402,-0.423933,-0.476944,-0.793687,-0.316695,0.652376,1.05427,0.720235,0.736438,0.939268,0.222573,0.29703,0.88355,0.492464,-0.221787,-0.511881,0.169546,0.718128,1.16654,1.11012,1.41344,1.25825,2.16925,2.48213,2.95942,3.12357,2.52937,2.63823,2.77156,3.51013,3.58791,3.29707,2.58035,1.95689,1.78827,1.88146,1.88753,1.37528,0.915071,1.03267,1.07944,1.14213,0.92233,0.757347,1.49545,2.37095,2.77171,3.0204,2.96186,2.78193,3.21883
-1.17209,-0.930538,-0.69419,-0.0928091,0.533702,0.990271,1.38196,1.51776,0.642978,-0.804361,-2.24408,-2.08985,-1.54423,-1.0111,-0.298875,0.120566,-0.441099,-1.16705,-0.586433,0.51887,0.606257,0.590455,0.76286,1.28631,1.58112,1.08075,0.0875,0.205864,0.12172,-0.075717,0.341576,0.788688,0.86651,0.683411,1.25897,2.56084,2.73244,1.90695,3.0256,2.82111,2.79737,2.44051,3.24489,3.26159,2.6994,1.91563,1.67882,1.6992,1.84777,2.12519,2.17621,1.63666,1.01517,0.985177,1.09012,0.961384,0.659149,1.22829,2.37713,2.89578,2.78827,3.37098,2.38578,2.51155,2.2967
-1.22065,-0.991133,-0.867549,-0.254243,0.181745,0.120227,0.310792,0.0293729,-1.19827,-3.08858,-3.31066,-2.63573,-2.02824,-1.50302,-0.648689,-0.037893,-0.161635,-0.538065,0.184397,1.03676,0.851773,1.13224,1.60706,1.4227,1.73357,1.5113,1.15131,1.1189,1.00832,0.281437,0.730407,1.29208,0.644337,0.97171,2.30762,3.43021,3.05045,2.8595,2.91594,3.43303,2.92963,2.54526,1.60184,2.09578,1.21473,1.10247,0.737125,1.28652,1.98641,2.29195,2.34755,2.08315,1.21828,0.701025,0.750267,0.449466,0.47297,1.4507,2.41663,3.02174,3.47036,3.54345,2.46941,2.02926,1.92654
-1.69264,-1.57811,-1.33686,-0.980385,-0.831298,-1.56435,-1.53457,-0.723055,-1.14603,-3.69723,-4.14474,-3.40056,-2.97847,-2.51778,-1.19869,-0.0481746,-0.316221,-1.06236,0.571572,3.00357,2.29246,1.83177,2.6993,2.40272,2.0005,2.41167,2.24732,1.91443,1.75934,1.28455,0.658867,0.847687,1.21634,1.592,2.55648,3.82321,3.48983,1.42611,0.703029,1.43738,2.59268,2.72592,1.8324,1.48144,1.42975,0.85414,0.707118,1.48965,2.20531,2.54114,2.73937,1.9647,0.859002,0.572083,0.491235,0.131238,0.263842,1.7614,2.16327,2.82776,3.48925,3.13662,2.87829,1.88465,2.64182
-1.87294,-1.90182,-1.8157,-1.62505,-1.60992,-2.45604,-2.78979,-1.41009,-1.27644,-1.82767,-2.83507,-2.89718,-3.15282,-2.99399,-1.10563,0.762062,1.16683,-0.505924,-0.283536,1.73671,1.26764,-0.0755343,1.16795,2.24927,1.41013,0.914578,1.42228,2.65415,3.0628,2.00539,-0.0597301,0.212913,1.01771,1.36551,2.30639,3.41685,3.18513,1.44317,-0.456429,-0.00178144,1.55219,2.29357,2.17985,1.53954,1.16537,1.20921,1.13342,1.84941,2.56006,2.57107,2.44816,1.92982,1.06451,0.384796,0.15962,0.0748857,0.446853,1.0983,2.61149,2.54313,3.55622,3.37034,2.65783,2.02967,2.48043
-2.06986,-2.33175,-2.2929,-2.34183,-1.99507,-2.55359,-2.82291,-2.32039,-1.7003,-1.40818,-1.33838,-2.26703,-2.25255,-1.69261,-0.818856,0.313755,0.509616,-0.871861,-1.96079,-1.79875,-1.67323,-1.72844,-0.518923,0.640909,1.51363,1.46216,0.13349,0.945586,2.87935,1.01006,-1.49252,-0.0501077,1.75099,2.04049,2.44567,2.87762,3.05489,2.66063,0.403214,-1.22766,-0.610115,1.31662,2.43557,2.80177,1.66581,1.19633,1.36639,1.63215,1.96155,2.20279,2.19415,1.39672,0.995401,0.192006,-0.0612128,0.291421,0.84435,1.58745,2.36068,2.46056,2.49339,2.80037,1.77891,1.0543,0.69355
-1.27762,-2.18003,-2.5863,-2.64575,-2.72669,-3.26943,-3.36897,-2.94374,-2.64745,-2.19123,-1.7135,-1.35104,-1.52472,-1.66853,-1.25376,-1.26364,-1.15624,-3.38079,-3.99276,-3.24748,-2.41255,-2.57548,-2.0385,-0.931019,0.717707,2.29051,2.15655,0.711738,0.308778,-1.07678,-2.2365,-0.1198,2.363,2.16414,2.09778,2.00299,2.38332,3.61325,3.42192,-0.0747589,-1.80971,-0.125206,2.37251,3.95879,3.63871,1.93452,1.49623,1.32084,1.7882,1.85312,1.29962,1.5901,0.268518,0.38102,0.536306,0.607311,1.41533,1.84731,2.54623,2.79614,2.37356,1.44682,0.376187,-0.282934,-0.533349
-1.39412,-2.6017,-2.89341,-2.80156,-2.92354,-3.10766,-2.91005,-2.9196,-2.96357,-3.09715,-2.71906,-2.07219,-2.04357,-2.11779,-1.88989,-3.2946,-3.81202,-4.17713,-3.82373,-2.90369,-1.43678,-1.5148,-1.95084,-2.11202,-0.649425,1.04252,2.03314,0.817307,-0.170277,0.84299,1.8845,1.3626,1.5118,1.7732,2.34646,2.63682,2.95911,3.83254,4.53323,2.01998,-0.796454,0.0330296,1.58122,3.74927,3.86496,2.97731,1.50404,1.34077,0.942377,1.28345,1.5072,1.49083,1.17811,0.582346,0.655559,0.669569,1.42083,1.86907,2.20403,2.43926,1.71928,0.705915,-0.222481,-0.691239,-0.704688
-1.79218,-2.50932,-3.41371,-3.38459,-2.93052,-2.67956,-2.87969,-2.98311,-2.93779,-2.98306,-2.74548,-1.4778,-2.1127,-2.58149,-3.33007,-3.71461,-4.06046,-3.40404,-2.97388,-2.48811,-2.10982,-2.18672,-1.40685,-1.33041,-1.62485,-1.40282,-0.724147,0.154766,1.25738,3.13289,3.15672,2.01665,1.12456,1.12401,2.19687,3.13465,3.3103,3.79142,4.17847,2.13989,0.451501,-0.0623963,1.47306,4.38016,4.51155,3.29824,1.64281,1.17648,1.09514,1.37498,1.16315,1.36442,0.97111,0.113414,-0.104552,0.570983,1.30453,1.23655,0.811116,0.575896,0.250992,0.0900907,-0.365467,-0.674482,-0.492382
-2.33627,-2.82066,-3.57922,-3.33922,-3.07425,-3.23459,-3.12428,-3.0423,-2.79044,-2.50917,-2.56579,-1.73744,-2.91924,-2.23603,-1.23818,-2.22964,-3.83794,-3.62389,-2.55906,-2.45934,-2.92509,-2.69558,-1.38248,0.140084,0.152538,-1.65538,-1.50384,0.682686,3.04429,2.86068,2.52382,1.83949,2.19628,2.09572,2.51742,3.96989,3.88273,2.72168,2.78772,1.29107,-0.34935,-0.994068,-0.367248,2.80483,3.64001,2.95608,1.42963,0.982462,0.952459,1.14378,0.827829,1.16563,1.37598,0.0733437,-0.53956,-0.278646,-0.00800395,-0.0343624,-0.157581,0.159659,0.532945,0.140255,-0.726848,-0.777786,-0.223405
-3.33774,-3.26454,-3.5935,-3.44268,-3.29082,-3.68931,-3.30501,-2.71142,-2.34073,-2.29876,-2.88334,-2.41654,-2.63929,-3.0409,-2.95131,-3.1094,-3.69157,-2.97201,-2.19635,-2.37912,-3.16513,-3.38738,-2.59579,-0.104544,1.82365,1.13974,0.0284729,1.73504,2.94028,1.74151,1.61348,2.02987,3.10832,2.41932,2.57781,4.04681,3.82007,2.26411,0.99263,0.287873,1.0208,-0.203788,-0.845356,1.3869,2.68175,2.81546,1.97082,0.880486,0.651606,1.07374,0.895006,1.16613,1.52606,1.17211,0.35308,-0.817199,-1.30181,-0.406276,0.339362,1.01269,0.879471,-0.050419,-1.19208,-1.15274,-0.647864
-3.60243,-3.05737,-3.19253,-3.47108,-3.46652,-3.40236,-2.80842,-2.20622,-2.70562,-3.18272,-3.12268,-2.33605,-1.6849,-2.90597,-3.79575,-4.1732,-3.67157,-2.99937,-2.57955,-2.73007,-2.51144,-2.56833,-2.57562,-1.42521,0.549149,1.15851,0.713425,2.28002,2.47883,1.40887,1.79675,2.81029,2.89353,1.95416,2.31735,3.36737,2.79506,1.20567,-0.430111,-0.334556,1.90247,1.67659,-0.661261,0.688832,3.16363,3.31463,2.78189,1.45107,0.70495,1.47758,1.52121,1.14676,1.31407,1.06046,0.529399,-0.291015,-0.871348,-0.463834,0.267163,1.10819,0.507889,-0.923567,-1.40954,-1.18107,-0.981586
-2.98157,-3.1542,-2.82368,-2.64883,-2.56407,-2.24249,-1.77292,-1.88883,-3.11935,-3.56823,-2.98259,-2.15385,-1.71901,-2.6175,-3.54013,-3.58155,-3.57124,-3.84021,-3.55043,-2.86197,-2.61683,-2.73073,-2.38117,-0.944057,-0.173771,-0.931378,-0.00892219,2.40334,2.45686,1.7892,2.63858,2.81207,0.948546,-0.474154,0.427119,2.56322,1.41105,-0.31059,-1.32216,-0.186253,2.37306,3.1931,1.44795,0.476453,3.05059,3.54283,3.00507,2.10556,1.10163,1.08648,1.39905,1.02199,1.03562,0.97276,0.799958,0.955956,0.519664,0.00212862,0.0702455,-0.00337605,-0.968296,-1.36482,-0.714731,-0.248158,-0.480001
-3.0134,-3.03655,-2.80872,-2.598,-2.37048,-2.09215,-2.61266,-2.82915,-2.71801,-2.75902,-2.08296,-1.89659,-1.80378,-2.12173,-3.01486,-2.92691,-2.80235,-2.96065,-2.93139,-2.74837,-3.06452,-2.72732,-0.513873,0.457317,-0.465469,-1.30496,-0.447687,1.21608,1.46092,1.08177,1.53553,2.42249,0.902934,-0.772855,-1.07472,-0.110206,-0.465551,-1.10924,-0.255109,0.84979,2.06648,3.68032,3.32663,1.28562,2.03479,2.97411,2.68603,2.86084,2.26058,1.08962,0.99301,1.00721,0.697003,0.90439,0.832664,1.16864,1.06005,0.29108,-0.309735,-1.40352,-1.90509,-0.868802,0.149552,0.559025,0.439313
-3.42047,-3.24345,-2.91885,-2.65684,-2.53709,-1.95516,-3.09333,-3.73491,-3.12831,-2.65458,-2.63843,-2.61031,-2.50488,-2.65655,-3.06045,-3.4439,-3.09754,-2.94294,-2.85455,-2.8411,-3.21867,-1.62141,1.48154,0.99143,-0.627265,-1.06084,-0.154873,0.375534,-0.0242728,0.330162,1.08141,2.19538,1.54683,0.152152,-0.947367,-1.46177,-1.94991,-1.07846,0.661895,2.67156,2.63854,2.98614,3.59486,2.70611,2.3261,1.87618,1.88206,2.94488,2.95402,1.89952,0.342049,0.148125,0.627737,1.58142,1.6029,1.28388,0.90215,-0.111385,-0.97447,-1.78878,-1.17124,0.326891,0.792584,0.432534,0.40493
-3.98892,-3.33607,-2.94248,-2.7551,-2.55964,-1.50166,-1.21931,-2.61683,-3.60797,-3.12897,-2.21381,-2.58659,-2.48325,-2.10309,-3.05871,-3.50094,-3.30825,-3.28712,-2.34105,-2.94886,-2.48724,-0.288273,0.427982,-0.667367,-0.189382,0.514379,0.0572778,-0.766373,-0.582772,0.445777,0.786219,0.752964,0.0270479,-0.921462,-0.513078,-0.402514,-1.36786,-1.31416,1.17744,2.59744,2.91157,1.9335,2.08149,2.44248,0.936804,0.0217584,1.14104,1.7855,2.19008,2.41802,0.285119,-0.658601,0.627255,2.36681,2.18479,1.26823,0.424817,-1.64994,-1.90998,-1.22645,0.313456,1.28056,0.700236,0.284884,0.295486
-3.98769,-3.39845,-2.97061,-2.72024,-2.66097,-2.21516,-1.38194,-0.447758,-1.46362,-3.04117,-2.7424,-1.96544,-2.0735,-2.22941,-2.92032,-3.31129,-3.66233,-3.78107,-3.27788,-1.99418,-1.44331,-0.94259,-2.07979,-1.50252,0.493337,1.2704,0.0726498,-1.2159,-1.86852,-0.694173,0.124086,-0.271174,-0.672628,-0.494802,-0.797217,-0.161847,0.443994,-0.410585,0.170914,1.50964,2.33452,0.502954,0.434795,2.87668,1.64065,-0.0552049,0.942938,1.35322,1.41139,1.23908,-0.394036,-0.28052,0.894479,2.31453,2.03573,-0.259564,-1.63826,-2.76963,-2.2893,-0.244602,0.107972,-0.370666,-0.543071,0.120693,0.396462
-3.77185,-3.24976,-2.9735,-2.78084,-2.82999,-2.94578,-2.79546,-1.40916,-1.37947,-2.34868,-2.49603,-1.73172,-1.6496,-2.00122,-3.05928,-2.61321,-1.96544,-2.08485,-2.15084,-1.63166,-2.00027,-2.79752,-2.73989,-0.170698,1.12178,0.542315,-1.0876,-2.36039,-1.76146,-0.938229,-0.822794,-1.16608,-0.13409,0.345954,-0.765325,-0.428949,1.44396,1.6749,-0.305815,-0.150507,2.1752,1.90228,1.19197,0.88509,-0.869141,-0.573352,1.38884,2.22979,2.55379,2.16506,0.607336,-0.183,-0.0708535,0.20381,1.11625,0.65952,-0.814652,-1.52279,-1.33846,-0.695736,-0.996904,-1.2133,-0.749477,0.724446,0.84952
