public/cdn/js/wind_17022020_09.json
{"header": { "parameterUnit": "m.s-1", "parameterNumber": 3, "dx": 0.051, "dy": 0.036, "parameterNumberName": "northward_wind", "la1": 45.3082, "parameterCategory": 2, "nx": 177, "ny": 123, "refTime": "2018-09-30 00:00:00", "lo1": 1.38177 }, "data":
[rows 84 to 111 of 123, columns 63 to 125 of 177]
-3.65079,-3.01584,-1.81106,-1.67063,-2.42849,-1.05826,0.121244,0.28456,1.01438,2.97456,2.8145,2.37137,0.672344,-0.0173016,0.235255,-0.258921,-0.492128,-1.55146,-3.14327,-3.39292,-3.57147,-2.38662,-2.23344,-1.86001,-1.02613,-0.69032,-2.51714,-1.0629,2.36705,1.45934,0.758304,0.731585,0.614436,-0.202327,0.187307,0.0385694,-1.59058,-2.17304,-1.20747,-2.04565,-5.47589,-6.16764,-5.14003,-3.6397,-4.04627,-4.81702,-5.21682,-3.23128,-0.55702,-1.60523,-1.32579,-0.577214,-3.14188,-3.42997,-3.28784,-4.08727,-3.89341,-3.41597,-0.340346,0.277412,-2.51647,-4.65916,-4.95279
-1.42765,-1.06601,-0.610959,-1.15328,-2.6185,-1.91592,-0.376859,0.810229,1.04793,1.59019,1.18824,0.697167,0.208708,0.0595528,1.19623,1.91288,0.912777,-1.7254,-3.88829,-4.56835,-5.6998,-6.78921,-6.48195,-5.86765,-4.31271,-3.03855,-3.23775,-2.77692,-2.12481,-0.360226,0.684333,0.991809,0.310319,-2.29938,-2.42745,-0.641259,0.223711,-1.28799,-3.80767,-6.00723,-7.03966,-5.95224,-4.58703,-1.3699,-0.659059,-3.00095,-2.82974,-1.01455,-0.777951,-3.41364,-2.9311,-0.625905,-3.95222,-5.07423,-5.55154,-4.68021,-2.95097,-3.01099,-0.0484298,0.561387,-3.1002,-2.98013,-1.4514
-1.07175,-0.579672,-0.474738,-0.428972,-1.8703,-2.12366,-1.21616,-0.974224,-0.849649,-1.3828,-1.59136,-2.37901,-2.69118,-3.34279,-1.43226,0.767578,-2.19249,-3.92352,-4.61631,-4.95475,-5.12226,-5.03052,-4.89712,-4.4358,-3.72376,-3.65522,-3.09519,-2.62822,-3.63821,-3.08214,-0.796022,0.114973,0.8397,-2.21619,-4.80525,-5.33565,-3.27215,-2.47974,-3.93004,-6.43912,-5.91339,-2.41217,-1.38488,-1.27346,-2.90242,-4.89859,-5.2705,-3.86352,-3.63949,-4.86196,-5.5837,-5.52338,-6.40353,-6.08337,-5.14614,-4.42661,-3.14736,-3.05877,-4.08939,-4.79148,-3.14058,0.0271813,0.183433
-1.32386,-2.27421,-1.2369,0.343864,-2.26138,-2.21878,-2.89413,-3.94107,-3.69412,-3.53421,-3.59361,-3.99284,-4.06877,-3.88807,-2.29187,-1.00272,-2.93233,-3.60845,-3.15847,-2.80769,-0.611364,2.18034,2.69854,1.65396,0.58136,-0.677645,-0.991291,-0.737986,-1.98739,-2.77335,-1.55045,0.0339922,0.710461,2.21842,1.06265,-3.06483,-5.30824,-5.09053,-2.8338,-2.62694,-2.33052,-0.14023,-1.15948,-5.41128,-6.93251,-6.62808,-5.62773,-4.28128,-4.52576,-5.72188,-6.57081,-7.68356,-6.84598,-3.82383,-1.20077,-1.59586,-2.95172,-4.00583,-5.60535,-5.3373,-3.94109,-2.889,-4.41294
-1.01232,-2.41249,-2.23575,-0.987265,-2.86727,-2.5095,-2.08316,-3.04609,-3.04822,-1.25046,-1.83284,-2.37736,-1.49192,0.132129,0.754183,-0.895053,-1.22743,-0.204534,1.29751,1.17687,1.27118,1.49731,1.66273,1.69222,1.24641,0.223071,-1.23391,-1.13654,-2.11084,-1.7152,-1.95881,-0.737204,-0.54939,0.995963,2.48111,1.61303,-3.09384,-5.71488,-3.75252,0.647608,-1.03422,-1.92734,-5.35519,-7.15065,-5.10369,-0.654817,0.353105,-2.48111,-4.69399,-6.29686,-6.18343,-4.04652,-1.31068,0.243947,2.86674,2.19688,0.511592,-0.598234,-1.49557,-1.17474,-3.72206,-4.65105,-4.12944
-2.21104,-1.80896,-3.63976,-3.47999,-2.86224,-2.39103,-1.0213,0.117578,0.0226827,0.553517,2.57777,3.11934,3.21921,2.34392,-1.3069,-1.59661,0.103199,0.551205,1.37834,1.90216,0.705434,-1.74135,-1.73108,-1.07472,-0.191068,-0.522656,-3.24056,-3.89152,-3.78303,-4.4449,-4.83886,-4.71519,-4.80964,-3.96857,-1.67559,0.947277,-1.11058,-4.89266,-4.7476,-1.12822,-5.21486,-6.73947,-7.42865,-5.7597,-0.52925,2.72687,1.02018,-4.68462,-6.93008,-6.42576,-5.31632,-1.13113,2.66384,3.15067,4.04352,4.49573,3.80183,3.29522,2.93258,3.42626,0.619275,0.386162,0.534707
-1.62204,-1.12512,-3.87866,-3.62565,-2.81216,-2.74894,-1.76167,0.120566,1.14696,0.589171,1.14875,2.82203,2.65015,0.219868,-2.39293,-0.654502,-0.340342,-1.88082,-2.57886,-0.333664,2.04169,1.94383,0.689779,-0.481474,-1.55284,-0.854339,-1.3348,-2.9385,-3.91111,-5.02829,-6.02723,-5.64927,-4.96998,-4.59031,-3.08994,-3.20948,-4.62203,-4.7727,-4.51386,-5.21892,-7.31054,-7.43145,-5.91045,-2.94876,0.135932,-2.26828,-6.65027,-6.77439,-4.28815,-1.50539,-1.28156,-1.45727,0.986004,2.80722,4.03672,4.68937,4.14431,3.40557,3.86407,5.01278,4.79705,4.14903,3.23131
-0.991637,-1.08666,-3.52876,-4.26455,-1.5027,-2.59283,-2.86024,-1.34343,-0.232114,-0.632983,-2.7426,-3.00061,-1.56343,0.810109,0.761429,-0.562199,-1.89044,-2.32988,-2.64786,-1.4251,1.61173,2.63131,1.85964,0.291923,-2.02419,-1.13299,0.553191,1.25429,0.535312,-1.65291,-4.19883,-5.47665,-5.26152,-3.92699,-4.09306,-5.72677,-6.71638,-5.66255,-4.66282,-4.11681,-3.90772,-4.39675,-4.46949,-3.97449,-5.19175,-7.11684,-6.32868,-2.43861,2.2219,4.14027,5.33252,4.79711,3.82416,3.35203,3.45757,4.06604,3.89321,3.67949,3.96653,3.88859,4.36131,4.45676,3.66314
-2.85562,-3.28228,-4.85372,-4.87247,-2.9938,-2.3518,-2.94878,-2.93368,-0.879984,-0.412504,-2.18878,-2.68574,-1.85517,0.356903,0.181812,-0.262475,0.0838371,0.807356,0.968832,-0.937246,-0.145611,0.784661,0.184893,-0.661527,-0.87549,-1.32604,-1.15596,0.417824,1.42707,1.20891,0.300495,-3.22252,-3.95154,-2.37737,-3.0658,-3.98751,-3.84452,-3.72265,-2.30169,0.0887399,0.0807244,-2.08261,-4.81693,-6.64151,-7.09605,-4.4205,0.0811826,1.37446,1.14001,-0.173636,1.91505,2.46728,1.78666,1.62403,2.13302,2.92019,3.81669,4.90814,5.18679,4.75457,4.34398,4.39738,4.27917
-3.09362,-3.133,-4.22101,-4.2996,-3.90898,-1.31757,-1.30244,-3.30486,-2.75663,-0.668254,1.18428,1.35344,-1.47958,-2.62593,-1.42318,0.956836,1.96948,2.09522,1.85318,-1.6452,-2.38278,-1.76444,-2.54221,-3.00446,-1.48123,-0.46209,-1.18443,-2.28481,-2.22402,-1.30947,1.21798,1.21274,1.10515,-1.29063,-2.31399,1.04683,3.13045,3.38428,2.86115,3.29515,2.65264,1.35771,-1.40301,-4.16789,-3.55599,-0.566934,-0.365134,-3.9958,-5.41867,-4.79497,-4.32383,-3.82877,-3.24578,-1.89579,-0.131832,1.35426,2.32247,3.99385,4.04817,3.99609,3.67385,3.42777,3.84657
-2.44787,-1.10845,-3.29946,-4.21787,-3.42684,-2.77394,-1.46718,-4.69466,-6.69687,-5.8131,-0.786208,1.88359,-0.110917,-0.0309677,-0.460138,-2.05083,-2.89492,-2.51221,-1.11759,-2.5238,-2.37903,-2.50219,-3.36128,-4.38477,-3.73375,-2.09275,0.341078,0.12822,-1.55609,-0.953038,2.11025,2.7597,2.30286,-1.26419,-0.607212,2.22956,2.77851,2.38806,1.00661,0.604807,1.64797,2.87873,2.58464,1.94392,1.0595,-1.82898,-4.33405,-5.51945,-4.89477,-2.72532,-1.0329,0.361626,1.22611,1.49155,1.27132,1.3073,1.4988,2.26659,2.1842,2.55197,2.37961,2.60162,3.05954
-2.68509,-2.53975,-3.59977,-4.26456,-4.29519,-5.07323,-6.16842,-6.87945,-7.42109,-7.39408,-5.8149,-4.09366,-3.28725,-0.211299,0.53943,-1.89134,-3.1271,-3.40861,-4.08279,-3.59465,-2.12352,-1.27432,-1.68927,-2.83991,-3.46618,-3.48294,-0.891056,1.46979,2.47949,3.11509,2.84478,2.38672,2.23778,2.28384,2.18135,-0.279164,-3.02275,-4.4338,-4.67764,-3.47433,-2.49968,-0.662799,2.27269,3.52891,0.538293,-1.20459,0.380615,2.03579,2.61616,2.26528,2.3327,2.40998,2.87133,2.74348,2.24152,1.27423,0.881471,0.839608,1.05779,1.40191,1.62991,2.33998,2.66103
-2.80284,-2.14834,-2.27733,-4.55017,-5.03024,-7.18145,-6.8727,-6.59102,-5.71654,-4.15795,-5.03773,-5.67088,-5.31243,-3.92693,-0.509805,0.332651,-0.778156,-1.73254,-3.29849,-3.08362,-2.40698,-1.10144,-0.293931,-0.93361,-2.6444,-4.03864,-3.60456,-0.895178,2.09476,2.33632,-1.43739,-0.688933,2.21214,2.52269,1.07465,-1.12092,-1.98729,-2.42953,-3.78117,-4.65554,-3.13398,-2.00676,-1.40774,-1.16825,-0.734494,0.943044,2.25734,4.2958,4.96476,4.52045,3.12498,1.01563,-0.839655,-1.44539,-1.20861,0.153028,0.869184,0.713623,0.911485,0.950751,1.09503,0.926142,0.855715
-0.80544,0.509145,-0.773902,-3.11537,-3.4811,-5.20359,-5.5395,-4.53243,-2.74633,-1.00173,-2.06797,-2.2412,-1.94165,-3.12763,-3.45962,-3.47007,-3.63611,-2.18027,-1.02662,-1.41134,-2.29495,-2.7672,0.0639239,1.81608,0.666975,-1.70684,-1.67799,-1.76346,-0.803008,-0.0676718,-0.0885997,0.304862,0.347457,0.290777,2.57832,4.19511,3.5497,3.13557,2.22991,0.906214,-0.472585,-1.59628,-2.47001,-5.14382,-3.6839,-3.32121,-4.69396,-3.96409,-3.09494,-2.92448,-2.51748,-2.82708,-3.19953,-2.64293,-1.71836,-0.246223,1.02698,1.31043,1.15041,0.792765,1.01186,0.637974,0.302785
-2.16761,-0.165022,-1.85605,-2.20976,-0.625011,-1.91076,-3.45194,-3.37069,-2.77499,-0.515559,-0.234985,-0.692461,0.160235,-2.00101,-3.79101,-3.46331,-1.27551,-0.305269,-1.47753,-2.78539,-3.02547,-3.86496,-2.752,0.00873832,2.15549,1.98377,-0.430667,-1.74833,-0.382078,-0.11554,1.86333,0.916353,-2.07444,-2.27425,0.0729747,1.55553,3.06478,3.01568,3.24115,3.78041,0.578518,-3.58384,-3.08062,-4.28751,-5.70699,-4.72177,-3.54323,-2.58577,-3.10456,-3.1367,-1.58243,-0.743926,0.756325,1.48479,0.668342,0.626875,1.24449,1.54001,1.50206,1.34052,1.37917,1.58172,1.52792
-5.72219,-4.09317,-4.4519,-3.34022,-0.685763,-0.0136908,-2.10335,-2.78002,-1.27174,-0.461402,-0.788768,-3.44589,-1.8595,-2.32431,-2.75915,-1.00618,0.585934,-0.79393,-2.91236,-3.95187,-3.49743,-3.95238,-4.47705,-3.5214,-2.52695,-3.17128,-4.44365,-4.90597,-3.28998,-3.45767,-3.51276,-4.09427,-5.14507,-5.1652,-5.22643,-5.04523,-1.96505,0.475595,-0.60017,-0.378657,-1.71423,-5.39494,-4.02716,-1.56649,-3.63547,-3.37223,-0.561658,1.1148,0.273235,-1.19576,-1.538,-0.354714,2.06266,3.04509,1.97311,1.21595,1.30896,1.30297,1.68162,2.00722,2.03285,2.07122,1.82188
-6.60027,-4.31292,-3.24164,-2.99468,-2.27684,-2.02284,-1.50585,-1.17483,0.747363,-1.72627,-3.51594,-4.06876,-2.29085,-1.4244,-0.623004,0.94744,-0.294283,-2.13845,-1.75218,-2.04021,-2.32299,-4.22374,-4.87297,-5.5945,-6.88212,-7.27685,-6.38135,-5.76144,-4.57661,-3.42885,-3.19136,-4.23333,-4.68211,-4.9197,-5.15259,-4.26527,-2.23105,-0.348631,2.72337,1.65201,0.157729,-1.303,-0.440822,-1.10157,-3.99655,-3.55353,-1.9744,-2.22127,-4.30969,-4.07438,-2.91282,-1.57823,0.495764,2.41117,2.85146,2.06404,1.64208,1.53506,1.93466,2.15137,1.84876,1.53535,1.41887
-5.73213,-3.72457,-2.02723,-1.9792,-3.12622,-4.67296,-3.42419,-1.39471,0.697791,-1.4188,-1.73329,-0.380051,-0.432237,-1.29188,0.719667,1.85898,0.55507,0.4407,0.749989,-0.716433,-1.10535,-4.10609,-4.83141,-5.30564,-4.31278,-3.83734,-3.86232,-3.07759,-2.93929,-1.87791,-0.8384,0.964079,0.880436,-0.653147,-2.6978,-3.81549,-3.78735,-3.3288,2.33568,3.82042,3.55382,3.86617,3.58005,0.464835,-1.33004,-2.98734,-4.41196,-6.42684,-4.85346,-1.41886,1.83649,3.02875,2.98176,2.99897,3.57885,3.27054,2.73958,2.33384,2.48296,2.33382,1.94049,1.47973,1.79031
-4.34206,-2.8958,-0.476854,-0.270498,-2.82597,-4.07572,-3.52236,-0.546801,0.937954,2.16156,2.95404,2.95623,1.78128,-1.07793,-0.355227,0.0845813,0.429324,0.371713,-0.417188,-3.21639,-3.98474,-3.89083,-4.04378,-3.87847,0.383302,1.74088,-0.235014,-1.15214,-3.28998,-5.47458,-4.52834,-0.70019,1.59049,-0.467244,-2.59004,-4.00232,-3.87419,-3.30631,-1.49207,-1.11602,0.287813,3.12638,3.45758,3.29577,1.89925,-1.00565,-3.75481,-4.41396,-2.3556,0.691767,1.73785,2.5686,2.55686,1.80654,2.1116,2.31821,2.33722,1.82929,1.84225,2.31075,2.29927,1.73786,1.02807
-4.03407,-3.10444,0.786118,1.07312,0.271121,-1.39445,-2.39501,-1.53109,1.11526,2.51493,2.72617,1.88661,1.66334,1.08037,0.482447,-1.90138,-3.48661,-3.386,-3.86195,-5.13271,-3.3392,-0.974914,-1.86914,-3.05152,-0.551261,1.21793,0.887217,-1.37876,-4.32169,-6.04504,-6.56562,-5.8457,-4.71515,-4.81787,-5.21544,-2.81003,-1.05338,0.0950741,-2.18633,-2.68249,-3.4886,-0.981834,2.42534,3.38815,4.15072,1.9611,1.42254,0.456497,-0.228773,-1.17835,-1.76379,-0.58032,1.16044,1.71171,1.62116,1.19558,1.29952,1.11072,1.28652,1.42236,1.92457,1.54933,-0.286684
-5.44551,-4.1048,0.430068,2.36561,2.08157,-0.244234,-2.31626,-3.76572,-1.79704,-1.72255,-2.12753,-2.45361,-0.206939,2.34273,1.98429,-1.88059,-3.78494,-5.04466,-4.28246,-1.6808,1.39794,2.6954,0.184477,-1.5773,-2.09373,0.666172,1.17915,-0.765627,-1.84007,-2.43241,-3.40792,-5.13534,-5.4726,-5.26686,-3.98026,-1.64978,0.165255,0.0274019,-2.41032,-2.70146,-2.58056,-1.75749,0.819699,2.20559,4.44578,4.54113,3.97222,4.32243,3.50493,2.06058,1.97288,1.9942,2.04772,1.87692,0.733894,1.09256,1.6967,1.74832,1.32546,1.16931,1.42775,1.23649,0.256698
-4.38123,-4.07849,-0.709949,2.46436,0.778472,-1.06845,-2.81504,-4.64251,-5.7768,-5.61504,-5.30273,-4.92564,-2.76492,-2.28365,-2.10598,-3.66841,-4.43101,-4.07359,-1.45898,1.37812,2.49501,2.01597,1.01116,1.2879,2.40039,2.15474,-1.89719,-3.32667,-1.00879,2.79626,2.69064,0.380324,-3.08852,-3.62593,-1.37652,0.100046,0.683577,-0.59992,-1.60736,-2.18563,-2.48786,-3.43937,-3.90188,-3.17753,0.592246,1.59034,-0.205419,0.691456,2.57682,3.64839,3.7524,2.67643,1.24362,0.258978,-0.162893,0.781109,2.1227,2.46484,2.35807,1.75494,1.93525,1.86154,1.88463
-4.05845,-4.31804,-3.73711,-0.25227,-0.434205,-1.47676,-2.67083,-4.3302,-6.11432,-6.86888,-6.26625,-5.36028,-4.80722,-5.35426,-6.08688,-5.70048,-4.60517,-3.65933,-1.08053,0.578371,0.417883,0.805481,2.63226,3.55263,1.76744,-2.77858,-3.20088,-2.76771,-1.79992,-1.64008,-2.72667,-3.20279,-4.11818,-4.91612,-2.44326,-0.323041,-0.00840371,-2.30003,0.810905,1.08913,-0.47493,-2.34368,-3.93385,-4.8807,-4.55429,-3.18458,-2.75241,-3.30799,-4.16094,-3.36061,-1.85492,-1.12183,-0.891538,-0.61213,0.265607,1.22545,1.7936,2.40131,2.61377,2.51701,2.50883,2.76272,3.0858
-5.14726,-5.52533,-5.50977,-4.08306,-1.71414,-1.50822,-2.15564,-3.81632,-5.36371,-6.58139,-6.81364,-6.62623,-6.65883,-6.48768,-5.77183,-4.89095,-3.85856,-3.65458,-2.62884,-1.45115,-0.880656,-0.359589,1.93041,2.25834,-0.329108,-0.759321,1.47804,0.509403,-3.17492,-5.36859,-6.34372,-5.92494,-5.06757,-4.99409,-3.76957,-2.76212,-3.43149,-3.79083,0.23901,3.02168,2.55332,0.766963,-0.109334,-2.30802,-3.854,-3.36088,-2.25089,-2.82309,-3.93167,-3.89477,-2.85491,-1.78911,-1.30462,-0.709326,-0.208047,0.344554,0.691603,1.39289,2.30904,2.60118,2.59498,2.71886,2.9419
-5.38241,-5.70149,-4.84414,-4.62134,-2.5231,-1.56436,-1.56383,-2.00199,-3.16597,-4.89755,-6.28689,-6.70373,-6.86251,-5.69165,-4.61001,-3.26555,-2.69599,-3.10477,-2.65456,-1.2469,-1.83993,-2.99621,-1.01381,-1.07701,-2.24012,-1.0859,1.1026,-2.8175,-4.16408,-1.9073,2.18416,1.35269,-0.486117,-3.08697,-4.58329,-5.294,-4.98806,-2.92854,0.23869,0.0262412,2.49093,4.00716,4.66423,3.21047,1.04825,-0.516562,0.305408,1.44642,2.02736,2.4515,1.47177,-0.266336,-1.04404,-0.565486,-0.169398,0.0570254,0.207523,0.659357,1.52641,2.16222,2.3948,2.77735,2.71983
-4.98664,-4.57039,-4.81294,-5.4271,-3.52815,-0.653768,-0.518399,-0.382753,-1.37598,-2.7117,-4.13934,-4.06687,-4.10383,-4.59256,-3.25915,-1.7398,-1.4494,-2.41983,-1.19543,0.15341,-0.0699869,-2.37676,-3.77066,-3.93276,-3.84076,-3.87555,-3.56159,-3.4135,-1.23168,1.70159,2.42938,-0.195527,-1.32306,-3.95309,-4.36338,-4.36478,-3.41021,-3.63863,-2.33506,-0.551535,1.3402,3.31679,4.3933,4.33954,4.16853,2.6387,1.50013,1.20149,2.33308,2.76276,0.799888,-2.3851,-2.81462,-1.6439,-0.533667,-0.0981373,0.375805,0.88646,1.3504,1.26323,2.10414,2.35841,1.89051
-4.22907,-4.18727,-3.86222,-5.04898,-3.97571,-0.460418,-0.0340544,0.434972,0.0813006,-0.53865,-1.53508,-0.222642,-0.46259,-1.69031,-1.22814,-0.771293,-1.01385,-1.75079,-1.85165,-0.631287,-0.0410425,-2.46941,-3.80993,-4.1459,-3.4332,-3.66908,-3.15261,-0.377414,3.13435,2.00397,-3.22628,-6.11264,-5.85811,-4.57762,-2.22951,-1.85976,-3.0319,-4.61683,-5.25034,-0.839227,0.381391,0.774509,2.13485,3.50239,4.9931,3.7142,1.04647,-0.24348,-0.495325,-2.37711,-3.83118,-2.96529,-1.65917,-0.847652,-1.52862,-0.876091,0.278169,0.992868,0.904784,1.76217,2.79589,1.47758,-0.114318
-3.50594,-3.59313,-3.80806,-4.62816,-3.78591,-0.584903,-1.12209,0.00524684,0.582969,1.25575,0.730647,1.34054,2.10711,2.2411,1.15532,-0.0958311,-0.809118,-1.47977,-2.45882,-1.54073,0.545207,-0.241608,0.195102,-0.91361,-2.86176,-3.26739,-0.0260654,2.80016,3.58349,1.98203,1.26099,0.540439,0.482946,0.661073,-0.0823387,-2.74118,-4.76835,-4.63258,-4.28744,-2.13318,0.896256,2.00239,4.12951,5.59226,5.37968,5.14591,3.34667,1.8511,-1.22469,-4.09975,-3.66962,-0.70436,1.00237,0.989381,-0.479212,-0.635918,-0.3124,0.126645,0.663024,1.68541,0.487256,-1.16989,-2.10281
