public/cdn/js/wind_17022020_09.json
{"header": { "parameterUnit": "m.s-1", "parameterNumber": 2, "dx": 0.051, "dy": 0.036, "parameterNumberName": "eastward_wind", "la1": 45.3082, "parameterCategory": 2, "nx": 177, "ny": 123, "refTime": "2018-09-30 00:00:00", "lo1": 1.38177 }, "data":
[rows 30 to 59 of 123, columns 0 to 65 of 177]
-1.1128,-0.792041,0.178488,-0.323825,-0.632734,-1.25189,-1.64623,-1.46387,-1.66852,-2.88683,-2.77789,0.976821,2.3492,0.639631,-1.42118,-2.48071,-2.84879,0.564749,2.57001,2.99424,1.8136,1.52087,2.45035,1.07557,-0.155104,0.062116,0.628742,1.80839,2.52288,1.10609,-0.431916,1.0662,1.56886,2.14102,2.77953,2.97775,2.34311,1.64252,1.8424,2.67473,3.54771,4.18111,4.53134,4.56558,4.23065,3.79504,3.64338,3.84839,4.23853,4.76256,5.38274,5.86597,5.96182,5.76337,5.58201,5.5244,5.50486,5.45021,5.38812,5.37891,5.421,5.48581,5.53787,5.57438,5.64002,5.76053
0.521414,0.555013,0.0243492,0.0162064,0.301547,-0.00236866,-1.01147,-1.09718,-1.1702,-2.25275,-2.25812,0.977357,1.27038,-0.409683,-1.39845,-3.0503,-1.62096,1.2017,2.73825,2.07491,0.421857,1.37535,3.27986,3.23937,0.785842,-0.712209,-0.539555,0.18387,0.908069,0.306683,0.55503,1.43987,2.85699,3.20365,3.73787,3.10094,2.12172,1.83165,2.58378,3.59606,4.34757,4.70963,4.86964,4.79871,4.41942,4.02315,3.95017,4.18046,4.5473,5.04772,5.67166,6.2075,6.35861,6.17081,5.95449,5.86687,5.80269,5.65025,5.47249,5.39742,5.43046,5.5316,5.69047,5.83095,5.91164,5.99227
0.839473,0.940304,0.0909967,0.467457,1.03174,0.777959,-0.484765,-0.549073,-0.584132,-1.66273,-0.92277,1.52915,0.810987,-0.703526,-1.06176,-0.843157,-0.0829786,1.15159,1.69784,1.9297,2.00441,2.30509,3.23559,3.01166,1.04629,0.154,-0.275715,0.0728119,0.45186,1.0885,1.26292,3.13644,3.81557,4.48378,3.78957,2.67016,2.003,2.50312,3.55587,4.5255,5.03718,5.16515,5.10734,4.88368,4.48594,4.2007,4.28431,4.61788,5.01784,5.48427,6.0349,6.52353,6.6636,6.48356,6.25361,6.05151,5.87415,5.69325,5.54146,5.47802,5.50033,5.63518,5.87493,6.11002,6.25294,6.33483
0.806874,1.23373,0.724003,1.32406,1.65626,1.56646,0.0756541,-0.123162,-0.310306,-1.16777,0.296727,1.63891,-0.954277,-2.70223,-0.662261,1.80023,2.7329,0.90017,0.0899351,2.03287,2.99706,2.49046,2.27389,1.68183,0.606333,0.770201,1.09805,0.793383,1.15883,2.96472,3.17508,3.0938,4.51141,4.54425,3.0818,1.92201,2.39064,3.59041,4.6401,5.22442,5.39456,5.4131,5.30914,5.03792,4.69092,4.53999,4.76835,5.22875,5.68603,6.06947,6.44403,6.76102,6.82223,6.63079,6.3317,6.04,5.82482,5.65895,5.56424,5.57332,5.67096,5.86951,6.14429,6.42005,6.62167,6.74479
1.37567,2.16785,1.6926,2.02066,2.07577,1.84164,0.520239,-0.293336,-0.559906,-0.742293,1.23977,1.73771,-1.62449,-2.97977,-0.131557,3.18525,3.59127,0.852784,0.207623,1.99292,3.23903,2.84765,2.32317,1.91212,1.11189,1.01673,1.67482,1.40536,2.56714,2.78758,4.06445,3.99118,4.91196,3.65903,2.01435,2.09561,3.58054,4.811,5.4478,5.55969,5.5146,5.55655,5.54322,5.2993,5.03422,5.09759,5.49422,5.98858,6.37976,6.58959,6.69395,6.76437,6.7215,6.51126,6.21992,5.97046,5.82327,5.74242,5.70715,5.77363,5.95736,6.23019,6.52863,6.80098,7.0169,7.16023
1.04004,2.28955,2.69698,2.69244,2.27347,1.48535,-0.133544,-0.344135,-0.061496,0.766942,3.00749,2.09778,-1.06631,-2.14033,0.289409,3.07984,3.62106,1.19273,0.425518,2.07331,2.82579,2.4007,2.42789,2.35437,2.58872,1.79345,2.4277,3.05476,3.0731,3.19608,3.85323,4.14704,3.92586,2.18226,1.89441,3.18435,4.78145,5.73728,5.96724,5.79025,5.71669,5.83895,5.83395,5.60842,5.50976,5.76804,6.22471,6.64588,6.8791,6.88429,6.75116,6.60921,6.49153,6.36938,6.20064,6.04429,5.97708,5.94727,5.94826,6.0617,6.32844,6.68303,7.00651,7.24503,7.40905,7.50915
-0.163349,0.801425,3.41687,2.83762,2.39201,0.994701,-0.6439,0.020473,0.879826,2.069,2.68941,0.971323,-1.09349,-0.842343,0.775299,3.55876,3.7795,2.15597,1.66596,2.50053,1.29239,0.377681,2.46523,3.13443,2.42428,1.24673,2.85029,3.19312,2.99567,2.97346,4.00555,2.81345,1.61619,1.97012,2.75032,4.30966,5.77287,6.44163,6.38749,6.10267,6.08375,6.2109,6.12849,5.89492,5.89504,6.25465,6.71299,7.04896,7.17797,7.07542,6.83911,6.6452,6.56621,6.50669,6.39785,6.30489,6.24316,6.18646,6.20093,6.38736,6.74914,7.15712,7.46687,7.6554,7.74557,7.74949
-0.271786,0.623079,3.22493,2.90689,2.03701,0.736735,-0.324038,-0.011713,0.0583856,0.844477,1.5497,-0.79174,-1.2283,1.03388,2.19551,3.12739,3.08811,2.33798,1.56883,0.66073,-0.320418,0.399015,3.05452,3.67748,2.67784,2.31791,3.18358,3.02744,2.90042,2.3045,1.68557,0.707172,1.31546,2.73464,4.33976,5.12128,6.51977,6.992,6.83627,6.5707,6.53484,6.51241,6.25631,6.00582,6.12739,6.5476,6.99683,7.329,7.45283,7.33742,7.09753,6.92123,6.85682,6.81039,6.70775,6.57349,6.44981,6.37467,6.44529,6.72832,7.17544,7.60322,7.85814,7.96031,7.94665,7.83586
0.0651578,0.819599,2.77991,2.46191,0.954377,-1.3705,-1.38058,-0.182988,0.525362,1.54346,1.94273,-1.2603,-2.59554,1.49704,3.00342,2.7982,2.49663,2.02624,0.97162,0.42436,0.957042,2.51971,3.71994,3.24024,2.6037,3.36433,3.57646,3.06407,1.68237,1.34038,1.40807,2.02057,2.28387,3.87164,5.06193,6.09216,7.16022,7.53363,7.34651,7.06061,6.87397,6.5768,6.1696,6.05457,6.38207,6.89201,7.36358,7.69357,7.79306,7.63796,7.40096,7.27027,7.19458,7.06934,6.92003,6.81019,6.74383,6.71803,6.80879,7.1144,7.56735,7.93712,8.09209,8.08506,7.96321,7.74632
0.956684,1.92089,0.657172,0.686622,-0.575667,-3.38774,-3.08432,-1.41823,0.237129,2.00974,1.88902,-1.47426,-2.15098,2.49846,3.70304,2.70607,2.53979,2.45273,1.84323,2.01202,2.86326,3.16424,3.49239,2.69291,1.89106,1.7425,2.2705,1.93512,1.7953,1.72634,2.78514,2.83652,3.87834,4.23553,6.14643,7.09046,7.75022,7.93383,7.69824,7.41685,7.0798,6.57137,6.18898,6.28806,6.78869,7.34052,7.75336,7.97442,7.96742,7.77872,7.59946,7.53039,7.44065,7.31168,7.2545,7.24965,7.22659,7.19122,7.25057,7.50385,7.85092,8.09529,8.16638,8.07693,7.8639,7.60126
0.492813,0.497438,-0.413981,-0.684262,-1.24065,-2.20024,-3.54337,-2.74927,-1.59525,0.300483,1.89009,1.06728,0.983692,2.64718,2.62347,2.19365,2.65649,3.43933,3.0202,2.6514,1.66704,1.47754,2.32669,2.28495,1.74112,1.29013,1.43103,1.70491,1.96193,2.36447,3.1212,4.26284,3.89559,5.5621,6.85556,7.91925,8.22219,8.01848,7.7769,7.63576,7.32137,6.84134,6.60247,6.8185,7.25726,7.62412,7.85896,7.96274,7.93093,7.8575,7.85092,7.87509,7.83076,7.76074,7.74519,7.73242,7.66745,7.59404,7.6066,7.75988,7.97587,8.12521,8.12491,7.97221,7.75047,7.53768
-2.81164,-1.81153,0.470348,0.501219,-0.343963,-0.985071,-2.85241,-3.37849,-3.43158,-2.85378,0.559104,2.56792,3.06933,3.71591,3.53975,2.86044,3.18273,3.2258,3.18491,2.54043,0.18116,-0.711333,0.532902,1.46473,1.56181,0.952522,0.839966,1.58686,2.70128,3.01727,3.91754,4.87494,4.60795,6.59406,7.99683,8.58675,8.4465,8.09463,7.90765,7.77792,7.4375,7.04397,6.99033,7.28453,7.60366,7.81274,7.94474,8.03159,8.09594,8.176,8.27382,8.32238,8.32363,8.30324,8.19678,7.99688,7.81503,7.7438,7.77878,7.87695,7.99628,8.06855,8.02694,7.87533,7.72869,7.64353
-3.72539,-2.01166,1.35757,1.58741,3.01254,1.50535,-1.27575,-2.50616,-2.83684,-3.87961,-2.36711,1.23173,4.36297,5.00647,4.7201,4.13643,3.34579,2.15152,2.18841,3.12195,2.05463,-0.529555,-1.0103,-0.0607072,0.109012,-0.996837,-0.618813,1.7887,3.81245,5.13137,4.91823,5.71197,5.46313,7.73796,8.55326,8.74359,8.51717,8.18264,7.89322,7.52647,7.15925,7.0448,7.24732,7.62326,7.97748,8.23419,8.41673,8.5368,8.62197,8.68477,8.67451,8.66743,8.73313,8.65128,8.29132,7.90424,7.76099,7.81345,7.91203,7.97918,7.99992,7.98439,7.91914,7.85306,7.88133,7.89083
-3.50741,-2.17179,1.7903,2.07932,3.73073,4.49742,3.17023,-0.0103613,-1.71536,-2.64099,-1.69628,0.968778,3.22774,4.36348,4.34539,2.89557,2.5119,3.3117,3.58484,4.43923,3.84899,2.19302,0.744952,0.1763,-1.15636,-3.12556,-1.38091,1.98994,4.656,6.03474,5.83091,6.77868,6.70188,8.59337,8.66843,8.55313,8.28153,7.8403,7.41378,7.1365,7.06911,7.23968,7.6271,8.11967,8.57764,8.90057,9.0822,9.15571,9.14973,9.07019,8.95448,8.95942,8.98053,8.68583,8.19442,7.87434,7.8321,7.97509,8.09707,8.09458,8.05468,7.99825,7.93952,7.99719,8.12764,8.12844
-4.51198,-2.64704,1.88872,2.94972,3.5883,4.64042,4.88191,4.18017,1.75617,-0.55449,-0.242202,1.22505,2.24872,2.9785,2.8959,-0.0420797,-1.77554,1.69934,4.98563,4.21885,3.79823,3.02322,2.27983,1.90333,-0.0642169,-1.78151,-0.413936,2.36983,4.47244,5.41367,6.92702,6.71938,8.79536,8.80913,8.62449,8.36178,7.92303,7.47216,7.18848,7.15815,7.3763,7.78202,8.29327,8.78144,9.12153,9.29228,9.38053,9.45116,9.47561,9.3851,9.24926,9.17391,8.99856,8.60693,8.19144,7.98877,8.04942,8.19908,8.25984,8.26115,8.26388,8.22713,8.21435,8.31314,8.40802,8.37265
-2.96328,-0.829177,1.90222,3.18855,3.87148,4.18635,4.13572,5.44311,6.96102,5.5681,1.26461,2.47163,4.42724,4.08243,2.97591,0.454084,-1.742,0.481898,3.21473,3.22764,3.09089,3.18883,2.79457,2.15926,1.20768,1.99569,3.02294,3.84886,4.23779,5.25133,5.78035,7.86229,8.12392,8.32922,8.4069,8.21974,7.87479,7.6805,7.70547,7.8656,8.13712,8.48561,8.86254,9.15315,9.27063,9.2831,9.36797,9.5239,9.58625,9.47738,9.31034,9.16595,8.88367,8.47689,8.19173,8.16622,8.28785,8.39847,8.51012,8.60722,8.58595,8.48212,8.46908,8.56,8.61758,8.57782
-1.1295,0.391437,2.4826,3.99124,4.43811,3.96966,3.67174,4.99182,7.18275,9.46963,5.76602,3.16233,4.19229,4.80658,4.69217,3.54748,0.89266,-0.308064,0.196088,0.667326,2.05421,3.22737,2.74925,1.93764,2.20463,3.83239,4.93003,5.22387,5.46981,6.04329,6.27336,7.62211,7.53454,7.6627,7.83626,7.83232,7.90424,8.25911,8.69882,8.97343,9.04902,9.10552,9.24827,9.29,9.19438,9.16186,9.28874,9.43386,9.39819,9.22376,9.0873,8.93422,8.63532,8.33433,8.24845,8.34729,8.5218,8.76609,8.9447,8.96215,8.88274,8.76605,8.70203,8.71297,8.73449,8.69416
1.22986,2.06725,2.55888,3.98337,4.50343,4.05825,3.46369,4.94468,7.40365,11.0435,7.99482,5.10936,5.95882,7.0372,5.00206,4.07982,2.98186,0.788676,-0.542013,-0.19092,1.97134,3.83051,3.87903,3.48938,4.19015,4.12199,4.6856,5.13845,5.81787,7.26451,6.69078,7.83338,7.6289,7.46921,7.34797,7.47477,7.96606,8.65813,9.26636,9.63304,9.76451,9.74891,9.60594,9.33039,9.08202,9.02809,9.06148,9.04996,8.96103,8.80624,8.70998,8.61403,8.42461,8.29981,8.34165,8.5328,8.92229,9.32817,9.41566,9.18902,8.92824,8.78717,8.75365,8.79329,8.82963,8.78261
4.01484,3.97738,3.2498,3.93902,3.92191,3.8346,3.46028,4.09579,6.75041,10.4048,9.87819,6.21039,8.4251,10.1782,7.92417,4.85334,3.24746,2.8345,3.20092,3.98154,4.80309,5.45818,5.92085,5.7569,5.18461,4.70646,5.18142,5.58413,6.84818,6.50552,8.04863,8.15798,8.04968,7.80222,7.66463,7.81293,8.23177,8.76959,9.26244,9.62903,9.86879,9.94322,9.8229,9.61012,9.43391,9.30931,9.14571,8.84362,8.53146,8.44725,8.51535,8.49352,8.39035,8.34852,8.46864,8.83756,9.38631,9.70538,9.51805,9.17205,8.96412,8.86172,8.85071,8.92519,8.95451,8.81889
4.88615,4.2784,3.54168,3.77101,4.11412,3.5594,2.79319,3.88422,6.07188,10.2645,9.10693,6.98363,8.09902,10.283,10.541,9.12275,8.72215,5.93693,5.00949,5.24813,6.34131,7.38672,6.79816,7.21113,5.3061,5.26396,5.27027,5.90803,5.99501,6.65694,6.38214,8.1631,8.05629,7.91122,8.00749,8.23705,8.53128,8.88602,9.15686,9.34861,9.51835,9.61127,9.67204,9.71241,9.69367,9.56595,9.24265,8.81616,8.55965,8.57656,8.65992,8.602,8.45411,8.4426,8.70025,9.22375,9.68447,9.62307,9.29707,9.10682,9.02953,9.00834,9.04748,9.11893,9.06771,8.81863
5.29296,4.37171,3.53889,3.51299,4.06641,3.156,2.36967,4.23174,7.48818,9.34813,7.49263,6.2131,7.14725,8.3325,8.89197,9.60151,10.1619,9.34566,8.16159,7.39148,7.36488,7.09226,6.75207,6.71068,6.2208,5.68631,5.31145,5.81145,6.20223,7.01962,6.6079,8.16408,7.89014,7.79816,8.05593,8.48917,8.98916,9.36215,9.43502,9.26887,9.0884,9.11456,9.35145,9.61158,9.73032,9.59307,9.23577,8.93511,8.90456,9.02158,9.00557,8.74908,8.50676,8.59052,9.05503,9.59988,9.70232,9.35995,9.09103,9.04589,9.05772,9.1035,9.1816,9.1746,9.02799,8.79597
0.940313,0.324574,3.55291,3.49517,3.73517,3.60577,4.18649,5.71574,8.58144,8.42547,7.11913,6.66954,7.86826,7.8139,8.66392,9.90111,9.87137,10.2652,10.4804,10.3196,9.60985,7.73631,6.36261,5.73692,5.8286,5.39594,5.00019,5.95026,6.43648,7.17555,6.55258,7.5767,6.934,7.34866,8.09,8.7226,9.39485,9.79716,9.71647,9.35847,9.0858,9.1104,9.35891,9.60077,9.61576,9.34883,9.05233,9.03135,9.25149,9.3865,9.17104,8.76879,8.63394,8.97382,9.57165,9.83304,9.5203,9.12828,8.97414,8.95369,8.98759,9.05896,9.07893,8.9935,8.87921,8.74869
3.01589,2.57632,3.53071,3.36681,4.06377,4.68906,5.89092,6.76461,8.10508,7.7555,7.41874,8.30154,8.6945,8.20997,8.90908,9.28654,9.40639,10.0333,10.7242,10.6312,10.9316,9.88964,6.37228,5.21978,4.21362,5.61575,5.15685,6.27937,6.30227,7.20296,6.1074,5.60087,4.61148,6.5011,8.19805,9.08852,9.7504,9.9232,9.67491,9.34586,9.21533,9.33726,9.54326,9.5842,9.33436,8.94893,8.80237,9.06956,9.43941,9.4632,9.08186,8.68815,8.77032,9.41391,9.96109,9.87993,9.49382,9.17903,8.98037,8.87051,8.79485,8.71752,8.65984,8.65449,8.66418,8.56816
3.87033,3.51793,3.72959,4.3268,4.56738,6.08423,6.50015,7.5681,7.86592,7.35823,8.64407,9.08795,8.37755,7.69381,9.35583,9.71537,9.05143,10.1799,10.4045,11.019,10.6278,11.3854,9.4734,7.18189,4.93188,6.39983,6.82037,6.84347,7.8629,5.78379,5.8036,4.61922,6.32214,7.91117,8.56309,9.26639,9.62453,9.67902,9.49344,9.25996,9.22645,9.37825,9.47133,9.30141,8.91854,8.6115,8.70374,9.1516,9.46029,9.30628,8.90641,8.75195,9.16912,9.88428,10.2217,10.0147,9.59737,9.2199,8.96715,8.76797,8.54735,8.37852,8.33604,8.39433,8.41034,8.28808
3.92917,3.81857,4.83046,4.68404,5.94929,6.51197,7.26238,7.85173,8.09445,8.63961,9.45218,9.02024,7.16395,6.68048,8.45813,9.11779,9.5662,10.2574,10.6569,9.76232,10.2884,10.179,10.6287,8.90903,8.55476,7.42717,9.0924,9.31679,8.54503,8.89013,6.27881,8.22106,8.06219,8.1895,8.58287,8.99222,9.35891,9.45856,9.2546,8.99568,8.95123,9.01937,8.98285,8.7723,8.48724,8.41896,8.73427,9.15598,9.26239,9.02662,8.82163,9.01893,9.63268,10.2272,10.3404,10.0273,9.58593,9.19669,8.88173,8.5565,8.28297,8.17945,8.18948,8.19518,8.14582,8.0846
5.02485,5.72918,5.33959,5.69248,6.26438,6.92571,7.19859,7.48708,8.02801,8.80228,8.94864,9.26776,7.62397,7.41949,8.00381,8.54896,9.1979,9.94486,10.3565,9.80317,10.3394,9.87341,10.3771,8.79357,7.60006,7.03064,9.31281,9.85887,10.676,10.3797,9.15422,9.50451,8.85988,8.51644,8.42073,8.47913,8.62932,8.71089,8.62305,8.58986,8.73717,8.85853,8.74648,8.47988,8.32117,8.44555,8.74755,8.93168,8.87201,8.77531,8.88774,9.31475,9.93119,10.3277,10.2827,9.93059,9.46847,9.04925,8.66777,8.31309,8.09071,8.00325,7.96633,7.95437,8.01498,8.10729
4.43455,4.69566,6.12505,6.04711,6.30201,7.55001,6.97229,8.30339,7.68332,8.98347,9.39302,9.18428,7.41379,7.69673,7.39638,8.41866,8.72607,10.1483,8.91805,9.043,8.88704,9.39365,9.89663,9.84031,8.05625,7.80353,9.33474,10.6742,11.2937,10.5834,9.33597,9.9418,9.4985,9.08805,8.74314,8.37413,7.98648,7.72983,7.7439,8.13619,8.63861,8.84865,8.71223,8.47496,8.4166,8.55565,8.65141,8.56803,8.48722,8.67511,9.13863,9.67669,10.1162,10.2858,10.1359,9.74427,9.25752,8.79967,8.4083,8.12135,7.94451,7.81838,7.72927,7.80459,8.08231,8.2929
7.26532,6.65697,5.84648,6.14326,6.01789,7.20915,7.07453,8.23868,6.9995,8.29616,9.05096,8.36586,7.06111,5.86294,7.35259,7.86313,9.93432,9.77906,9.85449,7.75291,7.7571,7.86902,9.14732,9.95249,8.80314,7.99843,9.92264,10.6159,10.9041,9.53779,8.62392,9.66254,10.3333,10.2282,9.59887,8.73362,7.93317,7.47674,7.52903,8.00118,8.45683,8.55973,8.41083,8.28271,8.35361,8.4887,8.48936,8.38288,8.45718,8.88208,9.4309,9.87656,10.118,10.1236,9.90611,9.50402,8.98235,8.50381,8.17455,7.8969,7.68268,7.57402,7.58452,7.8671,8.30476,8.4532
5.77909,7.05694,6.03329,6.34179,6.19178,7.16321,7.98839,7.52,8.26599,7.78645,9.75842,7.94623,6.88835,6.56689,7.06915,8.04286,9.45558,10.8832,10.1123,8.38059,6.56391,6.93912,8.17273,8.89699,8.72784,8.98086,10.3068,11.0283,10.3872,7.62166,9.11609,8.63735,10.6891,10.1883,9.50875,9.00634,8.5476,8.15832,8.14667,8.38028,8.4065,8.12158,7.79651,7.74556,8.04954,8.39816,8.45612,8.35043,8.54833,9.15106,9.70145,9.91837,9.93206,9.8475,9.63519,9.2102,8.64908,8.18756,7.78528,7.45309,7.35699,7.41667,7.63907,8.09948,8.5162,8.49312
7.47369,5.78608,6.53581,5.57806,6.4222,6.45781,7.11274,7.5437,6.42614,8.59495,8.37815,8.03467,6.65176,6.63482,6.91629,7.78932,9.17564,10.3955,10.4457,9.05256,7.07163,6.88591,7.49916,7.76322,8.21931,8.60011,9.00909,9.42553,10.2217,8.90085,11.1872,10.2464,9.39921,9.18683,9.15182,9.26201,9.13564,8.92843,8.90875,8.91009,8.5829,7.93304,7.5476,7.75962,8.22902,8.31275,8.05404,8.14079,8.80386,9.55793,9.85373,9.76003,9.62558,9.52985,9.29315,8.7979,8.22573,7.67262,7.21244,7.05152,7.19795,7.47672,7.84217,8.29366,8.55756,8.33575
