public/cdn/js/wind_17022020_09.json
{"header": { "parameterUnit": "m.s-1", "parameterNumber": 2, "dx": 0.051, "dy": 0.036, "parameterNumberName": "eastward_wind", "la1": 45.3082, "parameterCategory": 2, "nx": 177, "ny": 123, "refTime": "2018-09-30 00:00:00", "lo1": 1.38177 }, "data":
[rows 0 to 29 of 123, columns 0 to 65 of 177]
8.52264,7.89298,6.99948,6.22907,5.3695,4.67752,4.37759,4.25319,4.11858,3.90127,3.01969,1.81972,0.896954,0.069147,-0.669907,-1.05182,-1.16315,-1.29634,-1.36021,-1.35365,-1.39468,-1.64313,-2.07443,-2.58649,-3.05686,-3.51629,-3.83512,-3.86667,-3.58733,-3.46504,-3.6961,-4.31601,-5.14736,-5.57251,-5.78915,-6.02274,-5.71149,-4.91476,-3.93798,-3.17477,-2.56297,-2.07676,-1.66402,-1.35395,-1.11363,-0.905933,-0.727173,-0.546225,-0.336742,-0.0895729,0.167257,0.403937,0.618653,0.843024,1.10653,1.40238,1.68507,1.90494,2.06455,2.16455,2.19177,2.21994,2.27892,2.46945,2.94235,3.31938
8.03756,7.26467,6.18176,5.56579,4.89599,4.29109,3.74026,3.53426,3.68888,3.36768,2.26906,1.04295,0.108666,-0.484924,-0.815934,-1.19545,-1.65762,-2.14692,-2.42289,-2.42437,-2.70396,-3.21472,-3.57789,-4.0147,-4.30286,-4.36089,-4.49752,-4.447,-3.98953,-3.77714,-4.10341,-4.88304,-5.81166,-6.20235,-6.21413,-6.17556,-5.60536,-4.7039,-3.68038,-2.92318,-2.49538,-2.18779,-1.81344,-1.50359,-1.28774,-1.04601,-0.815954,-0.611905,-0.373608,-0.118866,0.10142,0.275525,0.419473,0.625303,0.956531,1.36053,1.73112,1.96672,2.11874,2.249,2.36225,2.49327,2.60745,2.74117,3.06729,3.32569
7.17286,6.50732,5.43524,4.72142,4.10853,3.22822,2.55564,2.5336,2.67006,2.28665,1.13442,-0.235544,-1.25928,-1.54367,-1.54463,-1.98792,-2.57779,-2.96505,-3.1863,-3.38593,-3.63085,-3.95076,-4.4164,-4.75459,-4.66888,-4.57125,-4.45799,-4.2233,-4.0995,-4.08419,-4.3336,-5.22771,-6.46192,-6.71644,-6.4346,-6.21025,-5.56003,-4.72205,-3.99735,-3.16975,-2.56308,-2.18266,-1.86785,-1.61109,-1.34885,-1.14116,-0.877259,-0.544965,-0.30282,-0.0798845,0.130097,0.282252,0.406157,0.60706,0.981442,1.40864,1.76314,2.00649,2.11795,2.21826,2.42294,2.67258,2.81338,2.8868,3.09527,3.25686
5.81509,5.32121,4.49845,4.12551,3.54291,2.74145,1.90823,1.33791,1.15669,0.663882,-0.56339,-1.91499,-2.45351,-2.40597,-2.71142,-3.18987,-3.32363,-3.86449,-4.51696,-5.03037,-5.66682,-5.94618,-5.5605,-4.8371,-4.68087,-4.72119,-4.27576,-4.45307,-5.36487,-5.95972,-6.26126,-6.78648,-7.32266,-6.99548,-6.52701,-6.14096,-5.61243,-5.18994,-4.48451,-3.54487,-2.72244,-2.15504,-1.92795,-1.58782,-1.34033,-1.17585,-0.81033,-0.414964,-0.153905,0.04775,0.260852,0.454977,0.60739,0.772964,1.22393,1.7545,1.89843,1.87244,1.86897,1.96881,2.34814,2.76752,2.83227,2.72862,2.79457,2.823
4.33856,3.68746,2.70993,2.8401,2.53402,1.51247,1.02592,0.331642,-0.27932,-0.578552,-1.87295,-3.19275,-2.89919,-2.36385,-2.81539,-3.18338,-3.57472,-4.64191,-5.48497,-6.0007,-6.71756,-6.88515,-6.37055,-5.46432,-6.04279,-7.19171,-5.86129,-4.28106,-5.25524,-7.42548,-7.21903,-6.94556,-7.36237,-6.77884,-6.4384,-6.11725,-5.69115,-5.5743,-4.8169,-3.66919,-2.9531,-2.57096,-2.23421,-1.94506,-1.73482,-1.6056,-1.34696,-0.789193,-0.37594,-0.167243,0.211528,0.580361,0.885875,1.04821,1.23071,1.69527,1.87692,1.77188,1.84064,2.17726,2.45971,2.75537,3.28256,3.39097,3.35959,3.2025
4.0248,3.11256,0.548036,0.02606,-0.156812,-1.06599,-1.58021,-1.05203,-1.12287,-2.05168,-3.16008,-3.34298,-2.96402,-3.55206,-4.44084,-4.63621,-4.98081,-5.52375,-5.50872,-5.89186,-6.138,-5.79126,-6.01114,-6.39945,-7.49419,-8.2056,-7.15899,-5.3632,-6.03168,-7.75643,-7.25269,-6.69163,-6.89442,-6.70343,-6.31892,-6.01566,-5.49348,-4.82299,-4.22014,-3.78695,-3.38875,-3.02043,-2.56717,-2.13767,-1.89129,-1.83018,-1.7237,-1.10254,-0.654949,-0.423466,-0.0259873,0.291855,0.737575,1.03195,1.06888,1.2034,1.49337,1.73664,1.81819,1.99689,2.28374,2.56002,2.918,3.06275,3.20157,3.22974
2.37587,1.09587,-2.08713,-2.4175,-2.35958,-2.55848,-2.34942,-2.32356,-3.06428,-3.9873,-4.05266,-3.89626,-4.73698,-5.29741,-5.03679,-4.97812,-5.27533,-5.06003,-4.66922,-5.37339,-5.62332,-5.81636,-7.15185,-8.12483,-8.67912,-8.63674,-6.55962,-4.02845,-5.19555,-7.35051,-6.97572,-6.67762,-6.93332,-6.7474,-6.43423,-6.12527,-5.39272,-4.46379,-3.86035,-3.58644,-3.44016,-3.23014,-2.92731,-2.43159,-2.00766,-1.8656,-1.62193,-0.960782,-0.627233,-0.460014,-0.0626736,0.206919,0.462396,0.742739,1.03328,1.2628,1.63948,1.9904,2.17895,2.25713,2.43269,2.71449,2.86773,2.91151,3.12501,3.56532
-0.676858,-2.12133,-3.45279,-4.5075,-4.86626,-4.49757,-3.91859,-3.2876,-3.52353,-4.34194,-5.33208,-5.99423,-5.5338,-5.05572,-5.32098,-5.20427,-4.74837,-5.41817,-5.98493,-5.6988,-6.36327,-7.73909,-8.71784,-9.34384,-9.44968,-8.67351,-6.35109,-4.20477,-5.28722,-6.80347,-6.50211,-6.73166,-6.59712,-6.25382,-6.25674,-5.95515,-5.48003,-4.99247,-4.38278,-3.90522,-3.6467,-3.3054,-3.03226,-2.63465,-2.13813,-1.79997,-1.30763,-0.825436,-0.556899,-0.2483,0.210902,0.570024,0.851493,1.1472,1.38235,1.67792,2.02442,2.37021,2.60733,2.82464,3.14204,3.42956,3.56199,3.61459,3.98141,4.19033
-1.53651,-2.69404,-4.0219,-5.63889,-5.92476,-4.99261,-3.47713,-2.93416,-4.15835,-4.83104,-4.93715,-5.11494,-5.44326,-5.48696,-4.9432,-5.18666,-6.04824,-6.31849,-6.32041,-6.7396,-7.18305,-7.58987,-8.33302,-9.20102,-9.43081,-8.2148,-5.54693,-4.71778,-5.99919,-6.64567,-7.15337,-7.60191,-7.00254,-6.38673,-6.13811,-5.97989,-5.87972,-5.49481,-4.6415,-3.87329,-3.48705,-3.20469,-3.00471,-2.66454,-2.18465,-1.76415,-1.30863,-0.907291,-0.571897,-0.141237,0.42264,0.95102,1.39632,1.81728,2.15104,2.35996,2.47712,2.58633,2.87508,3.34634,3.8201,4.16413,4.40305,4.726,4.97991,5.12245
-2.77384,-2.46365,-3.27046,-4.62171,-5.68208,-5.57958,-4.4725,-3.25165,-3.61129,-4.26559,-4.19256,-4.78785,-5.4405,-5.87303,-6.5888,-7.04723,-6.74962,-6.50999,-6.79134,-7.08888,-7.60346,-7.84787,-7.6587,-7.31339,-7.19901,-7.26456,-5.95713,-5.03845,-5.57318,-6.63181,-7.53075,-8.14078,-7.6314,-6.39343,-5.68301,-5.67425,-5.84745,-5.40624,-4.54445,-3.89527,-3.66467,-3.54736,-3.09818,-2.5393,-2.12806,-1.73538,-1.38609,-1.00163,-0.469895,0.123313,0.717125,1.30661,1.87004,2.32422,2.68681,2.88498,2.93889,2.99237,3.27951,3.85509,4.43023,4.8342,5.17053,5.50328,5.72548,5.74585
-2.51647,-3.475,-4.29962,-3.86981,-5.72639,-4.97574,-3.43688,-2.42283,-4.07885,-4.68963,-4.19256,-5.34551,-6.2012,-6.21601,-7.03085,-7.25724,-7.25341,-7.25859,-7.03016,-7.19986,-7.89623,-8.03179,-7.68049,-6.90478,-6.27523,-6.07681,-5.6486,-5.39997,-5.83206,-6.70471,-7.88062,-8.65238,-7.9394,-6.53655,-5.48429,-4.99476,-4.99512,-4.83097,-4.50342,-4.21906,-4.03856,-3.86512,-3.166,-2.47337,-2.10858,-1.77834,-1.49893,-0.992296,-0.201044,0.574934,1.19177,1.67113,2.05476,2.456,2.90078,3.27834,3.49676,3.65131,3.96277,4.44843,4.97417,5.45703,5.83561,6.13607,6.33828,6.43057
-2.45891,-3.2867,-3.76723,-4.33549,-4.78913,-5.03254,-4.10448,-3.14321,-3.01342,-4.94122,-5.1734,-6.66698,-7.0179,-7.15426,-7.28099,-7.36439,-7.60638,-6.95695,-6.55841,-7.45585,-8.36983,-8.55021,-8.23137,-7.8403,-6.32879,-4.4239,-4.58458,-5.18078,-5.76694,-7.09762,-8.11812,-8.3901,-7.69046,-6.80888,-5.73684,-4.93888,-4.64576,-4.43687,-4.32479,-4.17621,-3.89477,-3.54447,-3.06607,-2.59711,-2.24374,-1.94331,-1.59273,-0.791386,0.23471,1.0416,1.60924,1.94067,2.14333,2.41996,2.89326,3.47604,3.98167,4.35167,4.67029,5.05316,5.46635,5.86255,6.1986,6.47661,6.80328,6.98329
-1.41744,-2.61743,-3.85345,-4.2755,-4.39105,-4.84414,-4.40877,-3.94449,-3.39476,-5.60376,-5.84191,-6.44823,-6.38869,-6.47788,-7.32869,-7.49689,-7.10027,-6.75355,-6.3463,-7.40225,-8.10206,-8.42447,-8.52628,-6.88485,-4.3102,-3.95403,-4.34386,-4.4371,-5.82559,-6.99951,-7.58752,-7.82833,-7.47417,-6.81103,-6.15415,-5.67077,-4.99536,-4.3693,-4.1231,-3.86494,-3.33765,-2.85621,-2.71131,-2.59448,-2.3588,-2.00582,-1.35227,-0.304324,0.606561,1.11991,1.60807,2.02936,2.32395,2.56836,2.947,3.48346,4.04201,4.55678,5.01568,5.43041,5.72177,5.93475,6.14865,6.38377,6.74105,7.01333
-0.701051,-1.94557,-3.34701,-3.79333,-4.52915,-4.86712,-4.4323,-4.20347,-4.65134,-4.4591,-4.59517,-4.43467,-6.31356,-6.80039,-7.12855,-7.18025,-6.55193,-6.45599,-6.90665,-7.40953,-8.05775,-8.19106,-7.46311,-5.46586,-4.24912,-4.03301,-3.18385,-3.58135,-5.1482,-6.29817,-6.92986,-6.97582,-6.79701,-6.80515,-6.91656,-6.36696,-5.21795,-4.20693,-3.74869,-3.50409,-3.05589,-2.45768,-2.20079,-2.29259,-2.12433,-1.66024,-0.901964,-0.0242787,0.465905,0.839663,1.46255,2.075,2.52106,2.79911,3.05247,3.36245,3.7575,4.25389,4.78158,5.23517,5.50049,5.61691,5.74632,5.93182,6.23817,6.48026
-0.794516,-2.18113,-1.91846,-2.29095,-3.19976,-3.97687,-4.20953,-4.97962,-5.33491,-4.68295,-3.67327,-3.64421,-3.34389,-5.23151,-5.71369,-4.41356,-3.46365,-4.25029,-6.24225,-7.72038,-7.67351,-7.36042,-6.88391,-5.41496,-3.46478,-2.1134,-1.85671,-3.66108,-5.19021,-5.77719,-6.10942,-5.91839,-6.12962,-6.87378,-7.13036,-6.34319,-5.25615,-4.16498,-3.3888,-3.0763,-2.78776,-2.26668,-1.87716,-1.82328,-1.47268,-1.09994,-0.575396,-0.021877,0.226819,0.754346,1.41162,2.02634,2.52823,2.88573,3.14675,3.36851,3.61088,3.96174,4.40928,4.89249,5.27086,5.42715,5.48195,5.54616,5.67365,5.85454
-0.792297,-2.08697,-2.28086,-2.43305,-1.97897,-3.56368,-4.77979,-5.18618,-5.10822,-4.32011,-3.51553,-4.32658,-3.63696,-3.43785,-2.65196,-2.45468,-2.63962,-4.53405,-6.93745,-7.77049,-7.1691,-6.33287,-5.34455,-2.78638,-1.00857,-1.86272,-3.71526,-4.44522,-4.44755,-5.30614,-5.6101,-5.54171,-6.03385,-6.55696,-6.36637,-5.7875,-5.26996,-4.45435,-3.32156,-2.56792,-2.23732,-2.02753,-1.76484,-1.1918,-0.7047,-0.588473,-0.244611,0.0276628,0.210359,0.755455,1.33075,1.9243,2.47661,2.93138,3.25738,3.5027,3.70808,3.94994,4.26603,4.68734,5.0791,5.30602,5.36501,5.28344,5.24276,5.2414
0.605408,-0.598381,-2.14824,-2.94233,-2.94792,-3.12497,-3.95521,-4.96469,-4.90761,-3.73425,-3.34967,-3.80006,-4.17158,-3.65181,-4.19277,-3.43231,-3.0861,-3.49273,-5.59448,-6.8743,-7.18801,-5.94492,-3.43478,-2.93693,-3.26994,-1.91091,-2.40901,-4.25744,-5.09375,-5.19032,-5.17495,-5.54629,-6.06474,-6.06854,-5.41193,-4.82323,-4.45963,-4.20966,-3.41876,-2.30383,-1.57056,-1.42129,-1.34308,-0.688027,-0.192335,-0.0179794,0.213119,0.233396,0.350837,0.709769,1.2465,1.91678,2.57133,3.11696,3.45918,3.71256,3.92118,4.07875,4.20009,4.42769,4.75206,5.04169,5.10452,4.9859,4.86222,4.75498
0.787041,-0.310158,-1.84978,-2.45465,-2.68097,-3.23235,-4.25005,-4.94982,-4.43094,-3.67835,-3.44348,-3.85852,-4.64452,-4.99597,-4.17589,-4.73352,-3.89447,-3.43182,-3.18576,-5.03858,-6.25768,-4.79837,-3.63713,-3.40834,-2.11017,-3.4789,-5.85142,-6.1273,-5.64943,-4.9708,-5.00488,-5.54092,-5.93907,-5.74483,-5.09276,-4.26079,-3.45581,-3.08783,-2.85512,-2.06642,-1.11037,-0.580965,-0.434668,-0.3141,0.0162757,0.446346,0.698833,0.717619,0.66533,0.792977,1.32491,2.08654,2.82572,3.41251,3.77568,3.98488,4.13563,4.2263,4.2144,4.22705,4.41821,4.69205,4.83558,4.82395,4.68623,4.58596
-0.367295,-1.14408,-2.33439,-2.6205,-2.94989,-3.9362,-4.64455,-4.67215,-4.20873,-3.61909,-3.2174,-2.91175,-2.83588,-3.74981,-4.66196,-4.48817,-3.93336,-3.74942,-2.46223,-2.57935,-2.08971,-1.66482,-1.62311,-1.14685,-2.12717,-4.92669,-5.89282,-5.83246,-5.4593,-4.40756,-4.60516,-5.27101,-5.5603,-5.6206,-5.08615,-4.2511,-3.23878,-2.25974,-1.68267,-1.28371,-0.693047,0.116147,0.539347,0.298132,0.159587,0.517398,1.06096,1.29659,1.14351,1.18269,1.62467,2.2943,3.00513,3.61256,4.01347,4.17578,4.26158,4.36782,4.36792,4.28096,4.3027,4.44101,4.60434,4.66653,4.65172,4.63245
0.0386336,-0.337986,-1.7479,-2.57221,-3.10217,-3.81522,-4.81701,-4.92249,-4.22603,-3.63485,-3.43098,-3.15037,-2.63655,-2.08444,-3.07742,-4.76788,-4.30516,-3.16752,-2.76705,-2.10585,-0.708405,-0.150297,0.825287,0.178693,-4.41125,-6.02366,-4.94209,-5.1897,-5.30555,-4.4548,-4.01765,-4.38906,-4.67752,-4.97175,-4.48222,-3.88906,-3.43308,-2.37358,-1.15111,-0.406531,0.0121829,0.622461,1.05847,0.8279,0.355155,0.425016,1.09194,1.58215,1.67888,1.76422,2.05759,2.55995,3.12613,3.65499,4.06069,4.24465,4.30493,4.42852,4.53002,4.51594,4.42845,4.3875,4.4369,4.504,4.62044,4.8095
0.517215,0.173609,-1.17575,-1.71449,-3.45257,-4.49606,-4.4935,-5.34357,-4.65468,-3.8178,-3.6142,-3.74168,-2.94224,-2.54588,-2.23209,-2.72353,-2.84231,-2.78885,-2.13824,-0.76901,0.724785,1.52745,1.80623,-0.39488,-3.64692,-4.97888,-5.1587,-5.22024,-4.63371,-3.90046,-3.72061,-3.81287,-3.96746,-3.95955,-3.28721,-3.07707,-3.14475,-2.4155,-1.19713,-0.156294,0.472575,0.887871,1.08298,0.885026,0.566525,0.570845,1.0932,1.78012,2.20587,2.3999,2.64655,2.966,3.31642,3.70619,4.06523,4.28254,4.36657,4.46424,4.6402,4.7469,4.66657,4.4942,4.42203,4.50232,4.69752,4.96608
0.444168,0.63574,0.379392,-0.267626,-3.35136,-5.05158,-4.36829,-4.16623,-4.96283,-4.62327,-3.74572,-3.23321,-2.99074,-2.94993,-2.89129,-2.36813,-1.34527,-1.35463,-1.42263,-0.438302,1.4112,2.2839,1.64859,0.0692832,-1.86604,-2.94794,-3.08851,-3.38106,-3.18034,-3.03546,-3.25136,-3.25594,-2.77419,-2.38128,-2.15323,-2.15759,-2.48651,-1.90206,-0.849036,-0.097392,0.380043,0.649119,0.618176,0.547061,0.785128,1.10464,1.55206,2.13451,2.61308,2.94603,3.20142,3.41988,3.64257,3.90141,4.14224,4.31552,4.40666,4.4899,4.677,4.87098,4.86098,4.6651,4.50786,4.59027,4.85427,5.11668
-2.58081,-1.61629,1.53168,0.225327,-1.91051,-3.82245,-4.70984,-4.27678,-4.98306,-4.97461,-3.72087,-3.12899,-3.46334,-3.87486,-3.84588,-2.8727,-1.32242,0.465111,0.93254,0.470538,1.01384,1.24785,0.700441,-0.460923,-1.54955,-1.29532,-1.88674,-1.94781,-2.59493,-2.50398,-2.40576,-2.5358,-1.61084,-0.840565,-1.10464,-1.36724,-1.72762,-1.25193,-0.338552,0.132539,0.248873,0.162601,0.000185159,0.355406,1.2164,1.85391,2.20769,2.56242,2.9636,3.31235,3.58866,3.80251,3.97257,4.12202,4.23218,4.30474,4.39507,4.52066,4.68754,4.89881,5.01889,4.91326,4.70923,4.70936,4.95479,5.22961
-0.605581,-0.0811042,1.51995,0.518878,0.0045672,-0.777379,-3.1291,-4.24328,-4.28714,-4.1803,-2.6837,-1.90299,-3.19508,-4.59665,-3.96998,-3.17768,-1.30419,0.297098,1.89011,1.73057,0.75054,0.362794,0.0432979,-0.86196,-2.10985,-1.19404,-0.968923,-0.970965,-1.21132,-1.72606,-1.78825,-1.80849,-1.32561,-0.441413,-0.532939,-0.863463,-0.965708,-0.556911,0.0987828,0.277707,0.162749,-0.106202,-0.0707586,0.727678,1.76884,2.39724,2.63514,2.8846,3.26505,3.60805,3.84967,3.99954,4.09834,4.18373,4.23307,4.26368,4.38621,4.58054,4.74267,4.92126,5.13449,5.20446,5.06019,4.92688,5.00668,5.19877
0.421775,0.689519,1.44842,0.623932,0.144292,0.290222,-1.48805,-3.55926,-3.80289,-3.44672,-2.07115,0.499671,-0.168711,-4.14366,-4.23537,-3.13723,-1.42194,1.11615,2.11797,1.63456,1.85197,1.74765,-0.0283031,-1.1081,-1.52394,-0.594171,0.141497,1.49054,1.54907,-0.118351,-0.845762,-0.920744,-1.30737,-0.827636,-0.0267536,-0.156818,-0.159263,0.12359,0.5302,0.456526,0.194421,0.0580903,0.404447,1.2827,2.11389,2.56782,2.79919,3.1155,3.54627,3.8841,4.02695,4.04546,4.06222,4.14311,4.22953,4.27791,4.42251,4.67436,4.84625,4.93365,5.13442,5.43361,5.50079,5.29537,5.12721,5.13521
-1.54559,-0.708303,1.58824,0.85253,0.467183,-0.145453,-1.06063,-2.44833,-4.31533,-3.68288,-1.79868,0.399567,0.641886,-2.29463,-3.59275,-2.2373,-0.459416,1.5147,2.12142,2.0975,3.06337,2.7918,0.772078,-0.69758,-0.939976,-0.458385,0.0242619,0.405979,0.717016,0.30485,-0.235106,-0.996166,-1.95895,-1.09255,0.494675,0.650328,0.49769,0.729475,0.948566,0.690808,0.378781,0.43333,0.996833,1.81613,2.43541,2.73183,2.94973,3.28697,3.70374,4.04785,4.19235,4.14338,4.10222,4.19032,4.29008,4.35875,4.48832,4.70388,4.8915,5.00094,5.19892,5.55592,5.78629,5.64777,5.3669,5.24436
2.33916,2.34967,1.07938,1.31703,0.644134,-0.304173,-0.251786,-1.20466,-3.82385,-3.74325,-1.28805,1.58368,1.5176,-0.260859,-2.61105,-2.98837,-1.37821,0.535698,2.15496,2.74874,3.29935,2.6883,0.711608,0.0170112,-0.62099,-0.850431,-0.796598,-0.515701,-0.738491,-0.779376,-0.0630446,0.00224365,-0.286647,0.385118,1.05199,0.986787,0.834868,1.15073,1.24433,0.895411,0.658985,0.939213,1.78226,2.63789,2.96075,2.94412,2.99957,3.26048,3.69662,4.14044,4.36883,4.3708,4.34972,4.39202,4.41446,4.41197,4.47738,4.65269,4.89768,5.14164,5.3483,5.57049,5.77931,5.79417,5.61433,5.47729
-1.06077,-0.763624,1.48731,0.288869,-0.564171,-0.997506,-1.1748,-1.16035,-2.69686,-3.45297,-0.924702,1.85682,0.975139,0.0197487,-1.35201,-2.84115,-2.45719,-0.189128,1.89057,2.78722,3.07485,2.19278,1.26294,0.761416,-0.842009,-1.11054,0.197598,-0.170807,-1.36427,-1.2605,-0.60778,0.421947,0.964077,0.960934,1.19709,1.12028,1.13146,1.45114,1.33797,1.06502,1.17389,1.83573,2.82244,3.46717,3.42797,3.09653,2.992,3.23203,3.69079,4.19757,4.59114,4.75439,4.72581,4.65288,4.58976,4.54532,4.54455,4.6454,4.88737,5.19719,5.42956,5.53935,5.62315,5.68553,5.65951,5.63044
-1.02552,-1.00382,1.23926,0.433218,-0.599668,-1.66742,-1.8235,-1.27953,-1.29328,-2.86041,-1.97468,0.925825,0.0896979,-1.01341,-0.240206,-1.08675,-2.0622,-0.955201,0.622533,2.09061,2.88619,2.37854,1.74879,0.609007,-1.75309,-1.30718,1.09038,2.3675,0.109385,-1.2911,-1.3435,-0.332422,1.32991,1.76624,1.90567,1.53233,1.68145,1.64505,1.29662,1.36047,1.98665,2.87579,3.68222,3.97761,3.69669,3.22848,3.0736,3.32135,3.77975,4.33834,4.85857,5.13986,5.11343,4.95208,4.85129,4.81111,4.76565,4.79291,4.98687,5.26853,5.47707,5.53947,5.49871,5.46827,5.52737,5.62151
-0.38099,-0.305688,0.564558,-0.317728,-0.931163,-1.58272,-1.91586,-1.41356,-1.022,-2.98069,-2.81002,0.620457,1.64728,0.570607,-0.307627,-2.03299,-1.99819,-0.191756,1.13194,2.99061,3.30181,2.32859,2.23736,1.0985,-0.867475,-0.360195,1.6118,2.75021,2.2588,0.60077,-0.778723,-0.494289,1.48875,1.84031,2.20073,2.30252,2.25445,1.67065,1.41156,1.92562,2.79811,3.63448,4.18372,4.29387,3.96217,3.49886,3.32806,3.55305,3.99497,4.53914,5.11383,5.50392,5.53334,5.33484,5.19495,5.15186,5.11781,5.12804,5.19783,5.34931,5.48343,5.48265,5.43265,5.42246,5.49675,5.62845
