public/cdn/js/wind_17022020_09.json
{"header": { "parameterUnit": "m.s-1", "parameterNumber": 3, "dx": 0.051, "dy": 0.036, "parameterNumberName": "northward_wind", "la1": 45.3082, "parameterCategory": 2, "nx": 177, "ny": 123, "refTime": "2018-09-30 00:00:00", "lo1": 1.38177 }, "data":
[rows 0 to 27 of 123, columns 63 to 125 of 177]
-4.00312,-3.76773,-3.87282,-4.13719,-3.82087,-3.20927,-2.55562,-1.66957,-1.64728,-1.60893,-1.54973,-1.44116,-1.22194,-0.885873,-0.901223,-1.0855,-1.16797,-1.12075,-0.774256,-0.468835,-0.452929,-0.47555,-0.476629,-0.372975,-0.165992,0.138075,0.201457,0.356576,0.293849,0.305106,0.259808,0.141171,-0.24432,-0.854529,-1.19226,-1.37582,-1.3927,-1.44816,-1.53795,-1.56456,-1.7388,-1.76708,-1.75306,-1.81223,-1.86727,-2.04402,-2.15146,-2.13592,-1.98979,-1.95664,-1.98554,-1.99053,-2.23629,-2.29561,-2.26351,-2.38726,-2.2912,-2.45567,-2.30338,-2.30409,-2.10203,-2.15674,-2.02512
-4.45762,-4.2399,-4.2731,-4.05698,-3.61616,-3.60293,-3.29876,-2.74993,-2.25153,-1.63031,-1.40131,-1.49004,-1.6797,-1.50125,-1.5618,-1.21613,-1.19454,-1.20173,-1.20369,-1.08045,-1.00835,-0.894315,-0.741243,-0.759583,-0.554009,-0.120748,-0.277825,-0.00677619,0.0638166,0.215139,0.234158,0.414369,0.35463,0.0418295,-0.132205,-0.252515,-0.35101,-0.488237,-0.606479,-0.531761,-0.721076,-0.906817,-1.04189,-1.1847,-1.34782,-1.70615,-1.93264,-2.00326,-1.90004,-1.84644,-1.80251,-1.56655,-1.83681,-1.95344,-2.00785,-2.17724,-2.01197,-2.14378,-2.06991,-2.01791,-2.15696,-2.16416,-2.22403
-4.7274,-4.80424,-4.60195,-3.917,-3.71323,-4.20863,-3.33012,-3.33735,-2.50228,-1.94559,-1.67176,-1.76446,-1.85905,-1.8389,-2.2552,-1.75885,-1.70444,-1.7556,-1.62226,-1.89952,-1.82764,-1.53415,-1.11649,-1.24665,-0.941112,-0.59002,-0.86733,-0.709997,-0.405725,-0.0972029,0.268913,0.402122,0.673972,0.690231,0.665974,0.594224,0.51835,0.260708,0.201118,0.185064,0.129541,-0.209044,-0.211288,-0.285986,-0.629818,-1.21867,-1.57556,-1.74096,-1.72161,-1.47694,-1.60728,-1.40083,-1.43667,-1.70691,-1.79027,-1.83656,-1.58203,-1.78038,-1.96532,-1.76322,-2.20509,-1.95791,-2.35117
-4.89508,-5.49417,-4.28015,-5.04538,-4.73727,-5.26893,-4.83351,-3.50659,-4.02696,-3.45901,-2.94372,-3.77863,-4.076,-2.92462,-3.23213,-3.26642,-3.56602,-3.7764,-2.53369,-2.80833,-2.90472,-1.73263,-1.91389,-1.40944,-1.6121,-1.11022,-0.820723,-0.831277,-0.0320248,0.363058,1.17778,0.631645,0.601037,0.596389,1.01273,0.639793,0.580866,0.355916,0.673084,0.634387,0.646833,0.203656,0.0728891,-0.183658,-0.773109,-1.15734,-1.34372,-1.46864,-1.54983,-1.25101,-1.39761,-1.11841,-1.30074,-1.67957,-1.92096,-2.00677,-1.36146,-1.58972,-1.80272,-1.5319,-2.0608,-2.02292,-1.87944
-6.86971,-7.36251,-5.57713,-5.7829,-5.75124,-6.32184,-6.617,-4.54467,-5.55661,-5.67933,-5.63921,-7.22693,-7.40572,-5.37567,-4.71893,-5.31538,-5.29643,-4.98047,-4.03272,-4.19419,-4.1889,-2.91237,-3.04015,-2.43402,-2.82821,-1.93412,-1.59092,-1.74354,-0.875013,0.310283,0.289367,-0.539021,-0.260923,0.182578,0.47085,-0.223359,-0.365094,-0.567574,0.192464,0.128466,0.258485,-0.0572865,-0.270781,-0.781434,-1.41994,-1.36914,-1.52453,-1.46256,-1.37505,-1.33046,-1.60974,-1.41258,-1.88846,-1.99896,-2.13444,-2.02751,-1.63558,-1.83718,-2.14289,-1.75591,-2.22744,-2.33731,-2.39447
-8.00934,-8.22002,-7.39944,-5.40046,-5.20021,-5.87661,-6.2114,-5.71662,-5.82699,-6.12406,-7.28249,-8.22366,-8.42906,-7.78851,-6.36285,-5.42254,-4.91903,-4.50511,-4.74984,-5.05705,-4.90532,-4.55798,-3.79843,-3.48601,-3.51937,-2.622,-3.04154,-3.24615,-2.56161,-1.63153,-2.15948,-2.7492,-2.38909,-0.760706,-1.42203,-1.23717,-1.57826,-1.35445,-0.608171,-0.423202,0.0731313,0.047133,-0.0248867,-0.206358,-0.627992,-0.70485,-1.04728,-1.1929,-1.05645,-1.18809,-1.36175,-1.56464,-1.73226,-1.81498,-1.80583,-1.72518,-1.83119,-2.05983,-2.10504,-2.13779,-2.34412,-2.60929,-3.04179
-8.20829,-8.47795,-7.94758,-5.84177,-4.94267,-5.56959,-5.49847,-5.2721,-5.09458,-5.3378,-6.7944,-7.42991,-7.70828,-7.97782,-7.2102,-5.09654,-4.18511,-4.39909,-4.20648,-4.72266,-5.14501,-5.23802,-4.8886,-4.11426,-4.25205,-3.60572,-3.53726,-3.78237,-3.23447,-3.31097,-2.369,-3.22621,-3.49501,-1.57623,-2.70544,-1.5928,-2.17405,-1.84456,-1.32922,-1.24984,-0.524877,-0.359347,-0.100572,0.125366,0.148585,-0.368682,-0.706857,-1.11261,-1.20004,-1.26099,-1.1143,-1.37038,-1.30834,-1.63527,-1.66941,-1.70204,-1.77896,-1.85704,-1.82181,-2.03213,-2.32294,-2.68178,-2.84144
-8.94076,-8.55356,-8.12604,-6.98209,-6.30954,-6.12079,-5.44651,-4.79949,-4.30408,-5.21633,-6.66599,-7.22945,-7.22635,-7.23577,-7.23317,-6.4952,-5.12647,-4.75869,-4.39433,-4.74101,-5.35686,-5.84335,-5.93009,-5.4787,-5.40446,-4.94162,-3.9284,-4.0318,-4.15002,-3.07823,-2.63643,-3.10923,-3.44451,-1.86706,-3.07526,-1.90129,-2.79555,-2.52816,-2.22301,-2.06408,-1.91362,-1.63948,-1.09461,-0.476851,-0.226327,-0.337481,-0.688854,-0.938809,-1.22748,-1.3473,-1.4006,-1.43855,-1.71538,-1.47724,-1.7914,-1.5955,-1.57275,-1.61724,-1.80329,-2.00984,-2.36367,-2.67979,-2.7656
-8.39324,-7.75161,-7.49205,-7.26395,-6.84202,-6.24212,-5.12662,-4.51525,-4.31821,-5.14125,-6.60866,-7.17522,-7.19476,-6.97188,-6.96594,-7.20627,-6.97174,-6.48295,-6.08936,-5.76817,-5.75858,-6.1476,-6.32251,-6.21376,-5.89021,-5.62065,-5.12617,-5.0955,-5.21063,-3.93241,-4.50283,-4.04352,-3.59212,-2.97726,-3.21755,-2.82431,-3.11565,-2.73932,-2.90053,-2.51318,-2.34414,-2.32991,-1.5589,-0.772761,-0.407508,-0.221232,-0.351187,-0.688656,-1.00412,-1.29564,-1.48214,-1.57123,-1.84641,-1.37268,-1.64463,-1.66446,-1.51702,-1.61407,-1.80071,-2.10719,-2.28293,-2.73991,-2.15152
-7.75719,-7.28912,-6.92135,-6.67755,-6.34093,-5.93318,-4.78691,-4.04105,-3.84585,-4.77593,-6.07047,-6.73359,-6.74649,-6.5664,-6.58959,-6.76815,-7.08447,-7.26405,-7.07634,-6.69747,-6.24771,-6.07963,-6.18473,-6.05415,-5.77621,-5.56164,-5.60684,-5.81875,-6.01597,-6.22459,-6.224,-5.927,-4.47877,-4.7907,-3.63474,-4.08747,-3.6133,-3.86073,-4.00572,-3.76133,-2.92063,-3.22039,-1.70419,-1.68085,-1.13654,-0.802221,-0.732907,-0.847547,-1.00776,-1.13459,-1.24533,-1.38652,-1.46402,-1.6256,-1.47004,-1.5897,-1.64576,-1.6896,-1.80916,-1.82276,-2.1073,-2.6277,-2.14611
-7.48738,-7.16213,-6.77304,-6.23634,-5.93539,-5.58437,-4.86587,-3.62732,-3.19069,-3.90323,-5.13231,-5.91959,-5.86125,-5.89867,-6.16389,-6.3579,-6.3842,-6.39656,-6.42791,-6.28262,-5.87567,-5.59177,-5.67237,-5.7197,-5.43046,-5.12929,-5.13171,-5.5538,-6.15962,-6.59181,-6.76407,-6.81126,-6.26912,-6.24582,-5.29891,-5.48746,-5.29065,-5.47519,-5.22864,-4.93296,-4.30844,-4.10496,-2.58297,-2.32124,-2.06738,-1.12991,-1.04043,-0.855921,-1.01424,-0.931276,-0.916243,-0.975189,-1.17008,-1.46874,-1.58166,-1.22791,-1.54768,-1.5484,-1.55178,-1.7197,-1.59204,-2.18287,-2.46934
-6.9646,-6.89745,-6.6855,-6.31752,-5.85701,-5.47614,-4.77091,-3.5668,-3.16053,-3.36177,-3.92205,-5.02927,-5.38532,-5.60512,-5.96832,-6.25252,-6.31331,-6.17384,-5.96661,-5.7044,-5.35085,-5.11723,-5.22821,-5.51108,-5.46224,-5.03706,-4.78989,-5.06054,-5.61406,-6.08961,-6.40667,-6.49461,-6.64831,-6.50173,-6.34202,-6.21386,-6.07618,-5.85422,-5.7615,-5.58813,-5.40514,-4.89786,-4.24236,-2.96444,-2.76054,-1.96519,-1.08761,-1.21198,-1.14382,-1.02996,-0.831499,-0.839088,-0.961808,-1.34117,-1.49543,-1.24315,-1.35596,-1.25561,-1.34165,-1.73324,-1.49261,-2.10864,-2.42556
-6.80471,-6.76117,-6.61947,-6.44028,-5.89092,-5.33638,-4.51262,-3.9047,-3.27884,-3.20679,-3.34494,-4.69414,-5.44113,-5.69873,-5.8483,-5.96361,-6.0616,-6.06486,-6.10993,-5.9915,-5.72556,-5.22676,-5.00793,-5.32905,-5.59766,-5.36777,-4.96395,-4.92027,-5.25308,-5.68868,-5.92473,-6.08029,-6.05777,-6.06918,-5.99328,-5.85166,-5.6222,-5.4999,-5.51621,-5.63103,-5.63718,-5.48808,-5.10538,-4.18554,-3.7106,-2.78215,-1.73736,-1.6671,-1.31443,-1.20675,-0.942749,-0.8852,-0.85031,-1.11669,-1.04587,-1.16707,-1.16147,-1.2301,-1.07981,-1.60755,-1.87543,-2.14722,-2.50835
-6.94229,-6.82295,-6.61446,-6.48942,-5.99172,-5.53437,-4.88066,-3.86574,-3.60792,-2.46134,-3.79559,-5.17747,-5.72681,-5.82355,-5.78411,-5.6122,-5.58263,-5.66051,-5.83994,-6.02064,-6.0487,-5.66036,-5.21963,-5.13445,-5.32678,-5.39603,-5.2267,-5.0628,-5.06594,-5.17125,-5.32671,-5.40199,-5.48096,-5.47855,-5.40057,-5.24973,-5.06166,-4.84431,-4.79939,-4.96613,-5.21636,-5.31919,-5.09003,-4.67969,-4.07622,-2.93321,-2.39407,-1.9207,-1.80953,-1.19203,-1.37501,-0.878062,-1.23791,-0.903939,-1.26654,-1.00764,-1.21391,-1.48974,-1.269,-1.72223,-2.15025,-2.15672,-2.41251
-6.92956,-6.84653,-6.60637,-6.38176,-6.17687,-6.03763,-5.23434,-3.84472,-3.45632,-2.79705,-4.69658,-5.64935,-5.9328,-5.89626,-5.72754,-5.58572,-5.54498,-5.57288,-5.60039,-5.65324,-5.67618,-5.65688,-5.42182,-5.088,-4.92851,-4.94934,-4.94809,-4.8441,-4.75015,-4.70971,-4.63442,-4.60775,-4.65118,-4.77209,-4.82612,-4.76638,-4.57298,-4.33206,-4.18207,-4.30594,-4.62488,-4.89049,-4.84666,-4.48672,-3.92291,-3.29977,-2.54729,-2.19471,-2.27068,-1.52934,-1.82024,-1.32866,-1.58487,-1.40548,-1.63935,-1.39011,-1.60547,-1.59178,-1.78563,-1.83879,-2.05984,-2.28317,-2.25298
-7.00906,-6.97529,-6.77595,-6.4929,-6.31963,-5.94862,-5.38299,-3.94619,-3.68974,-3.86689,-4.95637,-5.72724,-6.033,-5.93576,-5.71195,-5.60962,-5.65945,-5.73211,-5.78605,-5.69775,-5.54954,-5.40718,-5.26835,-5.0753,-4.86066,-4.69876,-4.5802,-4.46613,-4.4001,-4.36572,-4.29796,-4.19647,-4.17781,-4.25673,-4.34103,-4.34987,-4.2777,-4.1119,-3.9332,-3.91662,-4.15698,-4.46915,-4.54552,-4.22552,-3.73869,-3.22669,-2.73777,-2.02394,-2.24117,-2.19871,-2.19498,-2.16679,-1.85002,-1.8765,-1.72911,-1.76201,-1.94435,-1.81072,-2.04311,-2.13129,-2.06195,-2.33175,-2.42944
-7.04243,-7.0296,-6.97506,-6.86817,-6.15811,-5.80317,-4.89408,-4.00793,-4.42326,-4.52804,-5.28551,-5.8547,-5.99448,-5.83569,-5.61775,-5.48448,-5.48072,-5.62505,-5.75506,-5.74309,-5.5778,-5.3215,-5.10015,-4.9324,-4.79887,-4.64928,-4.45274,-4.25442,-4.13426,-4.12853,-4.16175,-4.1441,-4.09168,-4.04926,-4.03075,-4.03804,-4.02056,-3.92608,-3.77734,-3.71941,-3.86487,-4.1147,-4.23198,-3.99503,-3.49659,-2.82458,-2.81067,-1.71329,-2.26925,-2.3857,-2.45768,-2.46409,-2.38443,-1.66216,-1.9709,-1.87695,-1.99481,-2.13091,-2.23931,-2.31659,-2.2727,-2.42392,-2.60225
-6.9971,-6.85566,-6.86494,-6.93645,-6.27516,-6.26003,-4.50931,-4.85622,-5.15993,-5.3524,-5.63099,-5.67753,-5.57401,-5.46839,-5.41191,-5.33713,-5.30371,-5.37838,-5.4778,-5.45007,-5.28141,-5.08388,-4.90768,-4.6892,-4.46924,-4.31216,-4.19355,-4.05369,-3.93466,-3.90243,-3.9443,-3.97469,-3.92934,-3.8286,-3.77816,-3.80221,-3.80624,-3.72359,-3.6075,-3.58233,-3.73307,-3.94762,-4.07112,-3.89596,-3.4115,-2.60771,-2.49363,-2.00474,-2.27199,-2.38179,-2.45794,-2.47795,-2.42408,-1.78555,-2.05983,-2.11274,-1.91043,-2.1017,-2.23132,-2.24716,-2.36665,-2.44923,-2.52779
-7.06659,-6.82322,-6.6842,-6.6069,-6.56037,-6.40205,-5.36327,-5.6383,-5.3511,-5.18506,-5.08286,-5.09459,-5.13584,-5.17462,-5.2195,-5.20926,-5.21045,-5.27993,-5.34477,-5.28654,-5.03398,-4.80009,-4.65155,-4.49476,-4.20992,-3.90847,-3.74898,-3.69258,-3.65871,-3.65647,-3.66181,-3.61735,-3.53106,-3.46409,-3.50437,-3.62989,-3.68855,-3.5818,-3.40051,-3.35645,-3.52596,-3.79637,-3.98257,-3.93652,-3.46028,-2.79769,-2.3213,-2.42527,-1.90526,-2.3157,-2.36202,-2.54167,-2.2128,-2.34572,-2.15782,-2.19035,-1.9838,-1.99681,-1.981,-2.19104,-2.30215,-2.34988,-2.38354
-7.24236,-6.98974,-6.6994,-6.42894,-6.17378,-5.92876,-5.70011,-5.35905,-4.96169,-4.76558,-4.8583,-5.00375,-4.95348,-4.85613,-4.81631,-4.84345,-4.94835,-5.10507,-5.22372,-5.20967,-4.9707,-4.70403,-4.54756,-4.45479,-4.23523,-3.8708,-3.55964,-3.43273,-3.43746,-3.4804,-3.43461,-3.21397,-2.9947,-2.99401,-3.22593,-3.4921,-3.60425,-3.50731,-3.28913,-3.17221,-3.31015,-3.6293,-3.90813,-3.97771,-3.59713,-3.05076,-2.38316,-2.47622,-1.88487,-2.16331,-2.37489,-2.44883,-2.45782,-2.5031,-2.31588,-2.19034,-2.05053,-2.0503,-1.81563,-2.06239,-2.17431,-2.22361,-2.30702
-7.3326,-7.03858,-6.72695,-6.40063,-6.04226,-5.79145,-5.49461,-5.25435,-5.0608,-5.0206,-5.08044,-5.09923,-4.88319,-4.59464,-4.44209,-4.48156,-4.66202,-4.89864,-5.0775,-5.07482,-4.88335,-4.62232,-4.45999,-4.41602,-4.33704,-4.08359,-3.71914,-3.44469,-3.33346,-3.27801,-3.09871,-2.72464,-2.43647,-2.54369,-2.98286,-3.39647,-3.53567,-3.42774,-3.20585,-3.04285,-3.12618,-3.46251,-3.84056,-3.98,-3.71029,-3.17536,-2.43806,-2.22036,-2.18429,-2.00056,-2.00325,-1.89708,-2.13664,-2.15261,-2.1238,-2.03823,-2.0105,-2.02818,-1.98165,-2.0934,-2.11972,-2.23334,-2.3645
-7.29951,-6.93133,-6.57482,-6.36091,-6.2178,-6.03751,-5.89228,-5.71846,-5.52703,-5.32334,-5.21606,-5.23494,-5.13823,-4.83208,-4.55259,-4.50512,-4.68705,-4.9672,-5.11937,-5.02559,-4.74876,-4.44045,-4.24203,-4.19973,-4.15567,-3.98106,-3.65558,-3.28152,-2.97606,-2.74371,-2.50574,-2.24275,-2.14061,-2.41682,-2.9603,-3.40864,-3.51858,-3.35675,-3.10293,-2.93517,-2.96459,-3.25198,-3.69914,-3.95499,-3.82948,-3.29255,-2.73905,-1.79169,-2.08597,-1.8619,-1.58077,-1.624,-1.7577,-1.83662,-1.8894,-1.92172,-1.9828,-2.02723,-2.09471,-2.10231,-2.14153,-2.23916,-2.36084
-7.30078,-6.91355,-6.48534,-6.2264,-6.0898,-6.00356,-5.91689,-5.84037,-5.73549,-5.61832,-5.56393,-5.58093,-5.52915,-5.29737,-4.99998,-4.84064,-4.90942,-5.08495,-5.11968,-4.88494,-4.50698,-4.17776,-3.97027,-3.80906,-3.558,-3.25776,-2.9671,-2.65324,-2.31934,-2.08749,-2.01048,-2.04681,-2.20292,-2.58243,-3.09049,-3.46058,-3.50604,-3.28795,-2.99714,-2.82521,-2.84522,-3.04708,-3.46525,-3.81118,-3.87397,-3.42202,-3.08206,-1.45055,-2.01489,-1.46321,-1.60202,-1.73799,-1.73302,-1.77881,-1.8428,-1.87629,-1.90113,-1.96581,-1.98751,-2.04588,-2.12037,-2.2466,-2.41834
-7.3221,-7.07388,-6.65114,-6.31193,-6.14413,-6.03053,-5.93094,-5.85729,-5.79252,-5.71574,-5.63357,-5.57475,-5.53054,-5.44704,-5.28609,-5.13367,-5.05145,-5.01287,-4.90872,-4.60994,-4.23192,-3.94347,-3.74141,-3.40806,-2.97455,-2.66169,-2.52216,-2.42191,-2.28993,-2.18648,-2.14365,-2.17647,-2.34651,-2.68661,-3.08636,-3.35209,-3.36878,-3.16884,-2.90519,-2.73511,-2.7568,-2.92967,-3.21026,-3.5454,-3.67669,-3.46903,-3.15037,-2.06778,-2.22751,-1.58538,-1.80595,-1.77499,-1.75538,-1.78166,-1.82709,-1.86404,-1.85782,-1.88153,-1.95775,-2.05599,-2.16865,-2.30362,-2.47845
-7.25916,-7.21407,-6.97041,-6.69349,-6.48573,-6.32621,-6.1655,-5.98566,-5.76142,-5.5449,-5.43637,-5.45208,-5.46155,-5.4184,-5.30928,-5.18196,-5.02606,-4.82768,-4.64383,-4.42421,-4.13824,-3.88685,-3.62928,-3.21377,-2.9178,-2.83132,-2.85343,-2.94097,-3.00717,-2.90779,-2.66726,-2.46247,-2.44419,-2.61088,-2.88852,-3.0843,-3.1249,-2.99427,-2.80277,-2.66071,-2.65768,-2.80305,-2.98474,-3.17993,-3.31989,-3.26536,-3.01666,-2.81051,-2.45159,-2.26456,-2.05876,-1.81514,-1.74517,-1.76862,-1.81686,-1.87941,-1.92304,-1.92418,-1.99682,-2.11149,-2.23756,-2.34979,-2.47206
-7.24912,-7.3326,-7.22821,-6.96102,-6.67573,-6.42001,-6.17065,-5.90136,-5.64365,-5.49271,-5.53145,-5.67013,-5.70366,-5.59697,-5.40473,-5.24038,-5.06142,-4.80762,-4.57141,-4.4174,-4.35183,-4.14028,-3.90256,-3.54911,-3.28065,-3.08129,-3.01063,-3.16076,-3.35216,-3.3052,-3.05982,-2.77771,-2.55445,-2.52175,-2.65034,-2.8706,-2.93202,-2.85482,-2.69771,-2.55177,-2.49114,-2.57447,-2.73422,-2.83899,-2.90155,-2.90857,-2.77595,-2.6777,-2.61544,-2.60685,-2.34283,-2.03328,-1.82419,-1.78466,-1.80327,-1.84192,-1.95864,-2.07484,-2.17193,-2.27536,-2.35555,-2.43935,-2.48217
-7.42996,-7.5231,-7.47971,-7.28009,-6.98786,-6.62997,-6.25704,-5.91757,-5.70859,-5.70889,-5.86731,-5.97842,-5.96961,-5.82403,-5.57836,-5.36599,-5.23356,-5.09204,-4.86144,-4.70234,-4.29568,-4.53457,-4.51512,-4.27889,-3.82467,-3.30114,-3.01774,-3.11081,-3.3279,-3.37797,-3.24635,-3.0109,-2.7201,-2.56554,-2.68463,-2.64583,-2.80054,-2.75227,-2.58563,-2.39651,-2.2743,-2.27519,-2.41722,-2.55803,-2.57466,-2.53916,-2.4929,-2.38846,-2.43016,-2.49778,-2.47696,-2.31413,-2.07659,-1.91038,-1.84993,-1.8725,-2.00229,-2.22864,-2.39227,-2.45615,-2.44154,-2.37672,-2.35225
-7.73528,-7.81769,-7.76998,-7.62381,-7.42858,-7.10736,-6.66672,-6.25207,-6.01646,-6.02665,-6.1357,-6.14604,-6.11433,-6.00388,-5.76714,-5.50492,-5.39042,-5.36776,-5.25092,-5.0141,-4.18862,-4.39748,-4.75912,-4.71937,-4.42506,-3.90617,-3.52061,-3.31632,-3.30257,-3.33369,-3.26791,-3.13367,-3.04884,-2.89874,-2.67451,-2.45071,-2.63004,-2.60339,-2.44551,-2.2433,-2.07673,-2.01791,-2.10733,-2.28761,-2.36751,-2.28017,-2.16601,-2.12621,-2.11651,-2.18083,-2.21067,-2.15116,-2.04882,-1.96081,-1.93848,-2.00869,-2.16101,-2.35464,-2.525,-2.54095,-2.40967,-2.21226,-2.13474
