uploads/wind/20200722/wind_field_08.json
{"header": {"parameterUnit": "m.s-1", "parameterNumber": 3, "dx":  0.051, "dy": 0.036, "parameterNumberName": "northward_wind", "la1": 45.3082, "parameterCategory": 2,"nx": 177, "ny": 123, "refTime": "2018-10-03 01:00:00", "lo1":1.38177}, "data":
[rows 0 to 27 of 123, columns 0 to 62 of 177]
-1.24906,-1.23251,-1.20047,-1.2385,-1.20815,-1.21135,-1.21285,-1.15453,-1.1,-0.964998,-0.942544,-0.853099,-0.805956,-1.01907,-1.04351,-1.02998,-1.03192,-1.052,-1.01684,-1.02653,-1.02717,-1.02604,-1.01161,-1.09283,-1.16308,-1.23873,-1.31941,-1.39109,-1.44627,-1.57385,-1.73064,-1.58923,-1.57779,-1.69058,-1.67743,-1.55362,-1.59121,-1.82896,-1.93604,-2.01275,-1.97095,-1.92973,-2.05003,-2.11364,-2.06389,-1.88976,-1.81352,-1.84303,-1.79155,-1.72741,-1.65807,-1.60676,-1.48416,-1.39709,-1.27485,-1.16811,-1.06842,-0.952699,-0.883546,-0.786757,-0.809263,-0.819575,-0.804581
-1.0973,-1.12493,-1.12581,-1.09533,-1.0433,-1.03722,-1.02755,-0.9604,-0.906703,-0.758135,-0.737728,-0.626909,-0.551217,-0.759228,-0.800517,-0.831275,-0.858942,-0.887926,-0.855236,-0.85868,-0.833762,-0.792423,-0.762011,-0.847705,-0.944076,-1.04134,-1.13953,-1.21613,-1.27123,-1.39185,-1.53552,-1.38336,-1.366,-1.48223,-1.47083,-1.3475,-1.38858,-1.62747,-1.73578,-1.8122,-1.78381,-1.76897,-1.9258,-2.01319,-1.97118,-1.82093,-1.76463,-1.8014,-1.74764,-1.6749,-1.58804,-1.51262,-1.35889,-1.23585,-1.07701,-0.941252,-0.813718,-0.680764,-0.60474,-0.509577,-0.542613,-0.568857,-0.572978
-0.946959,-1.02435,-1.04154,-0.946818,-0.895454,-0.854456,-0.813637,-0.749594,-0.680831,-0.577743,-0.549862,-0.504095,-0.482433,-0.489183,-0.529765,-0.601693,-0.647014,-0.658333,-0.652498,-0.629902,-0.579642,-0.514694,-0.507388,-0.549586,-0.640556,-0.748911,-0.864508,-0.976746,-1.06901,-1.13077,-1.15729,-1.18297,-1.2127,-1.25174,-1.27935,-1.30054,-1.31985,-1.35398,-1.40515,-1.47105,-1.56616,-1.67751,-1.79675,-1.86104,-1.855,-1.82348,-1.7819,-1.70901,-1.62569,-1.53318,-1.42176,-1.29591,-1.15381,-1.00775,-0.862943,-0.746279,-0.649229,-0.584866,-0.540931,-0.514336,-0.508512,-0.518724,-0.537503
-0.804518,-0.839701,-0.824435,-0.817945,-0.803487,-0.753487,-0.680716,-0.610235,-0.529636,-0.454467,-0.41838,-0.367794,-0.341666,-0.349485,-0.402834,-0.48135,-0.563635,-0.616106,-0.613522,-0.547908,-0.45627,-0.368878,-0.34016,-0.375801,-0.456033,-0.556253,-0.659682,-0.762309,-0.857547,-0.902934,-0.910024,-0.92444,-0.963299,-1.00879,-1.04402,-1.07413,-1.10936,-1.15286,-1.20579,-1.27818,-1.39854,-1.5413,-1.67353,-1.7758,-1.80847,-1.78947,-1.73211,-1.66873,-1.61721,-1.56234,-1.47771,-1.34932,-1.19054,-1.03408,-0.896324,-0.776396,-0.680434,-0.602264,-0.537072,-0.491885,-0.477606,-0.490665,-0.514164
-0.692697,-0.683607,-0.682334,-0.701741,-0.502723,-0.510637,-0.40525,-0.376795,-0.329399,-0.291923,-0.24979,-0.194869,-0.147124,-0.130448,-0.161565,-0.224841,-0.31353,-0.407597,-0.470391,-0.467855,-0.406707,-0.319913,-0.250519,-0.220583,-0.209187,-0.236905,-0.308233,-0.402964,-0.499487,-0.56315,-0.61147,-0.662199,-0.725876,-0.785066,-0.837474,-0.8919,-0.952076,-1.01266,-1.08433,-1.17759,-1.28824,-1.39956,-1.50228,-1.60433,-1.67372,-1.70214,-1.69362,-1.68884,-1.68724,-1.66624,-1.60044,-1.48644,-1.34336,-1.19645,-1.06955,-0.951463,-0.836143,-0.718631,-0.609225,-0.526266,-0.477912,-0.465383,-0.47884
-0.527718,-0.513403,-0.511694,-0.616974,-0.453778,-0.296668,-0.209081,-0.1287,-0.0826099,-0.029438,0.00934874,0.0588994,0.120138,0.178312,0.20694,0.187542,0.13643,0.0519533,-0.0730047,-0.214821,-0.306396,-0.297932,-0.223948,-0.128987,-0.0100982,0.103561,0.142748,0.0935166,0.00356061,-0.0955765,-0.20792,-0.34158,-0.475138,-0.596237,-0.700894,-0.802603,-0.910616,-1.01861,-1.13239,-1.24033,-1.31755,-1.35179,-1.38227,-1.44268,-1.54298,-1.65745,-1.75957,-1.8341,-1.87015,-1.85345,-1.77185,-1.66076,-1.54184,-1.40524,-1.27228,-1.16625,-1.0644,-0.942238,-0.797273,-0.65074,-0.53555,-0.465602,-0.443142
-0.240031,-0.215339,-0.259865,-0.478815,-0.767366,-0.357779,-0.251998,-0.0391964,0.0466324,0.145209,0.199853,0.248411,0.288913,0.350191,0.402167,0.426499,0.40887,0.35698,0.254016,0.0964804,-0.0899283,-0.201267,-0.194322,-0.118848,0.00816175,0.186452,0.363383,0.449365,0.432001,0.357108,0.246209,0.0866759,-0.103173,-0.304606,-0.498005,-0.693345,-0.877822,-1.04011,-1.1894,-1.30693,-1.38299,-1.40102,-1.41559,-1.48638,-1.61151,-1.75799,-1.88223,-1.96328,-1.9984,-1.98961,-1.93072,-1.85578,-1.77595,-1.65903,-1.51304,-1.39049,-1.31987,-1.27965,-1.21237,-1.09601,-0.956516,-0.8336,-0.729885
0.166326,0.164499,0.117559,-0.0215035,-0.526833,-0.329621,-0.230015,0.0125449,0.150649,0.258049,0.302383,0.308184,0.289857,0.272733,0.26684,0.271406,0.27378,0.256865,0.214791,0.1257,-0.0150515,-0.160749,-0.235383,-0.226721,-0.154808,-0.0298513,0.155563,0.371238,0.526099,0.571184,0.516968,0.395917,0.225592,0.0113462,-0.239269,-0.492395,-0.69605,-0.870128,-1.03229,-1.17296,-1.27143,-1.3449,-1.45734,-1.58888,-1.69461,-1.78306,-1.84741,-1.89569,-1.91856,-1.92059,-1.91557,-1.91444,-1.92088,-1.90483,-1.83617,-1.73461,-1.63798,-1.59971,-1.61518,-1.63322,-1.58381,-1.46265,-1.3078
0.500661,0.49139,0.513547,0.566937,0.210667,0.0146277,0.0326012,0.14087,0.247192,0.271014,0.258164,0.193482,0.0633844,-0.0835845,-0.215293,-0.318096,-0.357174,-0.34076,-0.287964,-0.249087,-0.262869,-0.333428,-0.429651,-0.496982,-0.518113,-0.497458,-0.418999,-0.249362,-0.0175821,0.184652,0.288325,0.292856,0.239448,0.144785,-0.0251994,-0.225225,-0.377344,-0.509393,-0.652984,-0.803177,-0.941088,-1.09677,-1.28373,-1.41516,-1.4911,-1.55168,-1.60127,-1.66525,-1.70321,-1.71992,-1.74683,-1.80091,-1.88246,-1.972,-2.02987,-2.04097,-2.01352,-1.97258,-1.95201,-1.9633,-1.96277,-1.89268,-1.77889
0.962674,0.571735,0.612677,0.733926,0.527721,0.151327,0.0663528,0.0299257,0.0323994,0.0039261,-0.0733301,-0.17131,-0.34845,-0.550017,-0.733205,-0.872144,-0.932099,-0.916071,-0.838836,-0.737552,-0.668612,-0.656719,-0.689343,-0.741274,-0.790205,-0.813126,-0.804241,-0.765064,-0.669618,-0.511317,-0.322192,-0.144775,0.00709779,0.15106,0.222846,0.154097,0.0176771,-0.0815238,-0.175346,-0.299954,-0.462804,-0.637213,-0.756436,-0.873302,-1.05791,-1.19922,-1.30563,-1.39505,-1.46169,-1.52002,-1.59323,-1.69448,-1.81028,-1.91713,-2.00987,-2.08546,-2.14842,-2.17085,-2.17002,-2.16088,-2.14744,-2.10408,-2.02127
0.654607,0.634821,0.651854,0.670692,1.1072,1.00982,0.919607,0.936743,0.742126,0.08008,-0.905574,-0.592368,-0.871983,-0.915115,-1.02698,-1.07776,-1.13145,-1.18456,-1.22061,-1.18389,-1.08807,-0.988605,-0.894817,-0.811328,-0.737241,-0.664701,-0.613264,-0.605214,-0.634046,-0.650313,-0.613732,-0.502137,-0.312595,-0.00929195,0.379433,0.642554,0.586842,0.449929,0.357143,0.228874,0.0490921,-0.123733,-0.25092,-0.438216,-0.682725,-0.870486,-0.99808,-1.09181,-1.19934,-1.31892,-1.44859,-1.58208,-1.6952,-1.77465,-1.84335,-1.90951,-1.96996,-2.022,-2.07944,-2.13021,-2.15723,-2.1376,-2.06618
0.0268833,0.135229,0.114983,-0.0643234,0.27601,0.955554,1.27352,1.00632,0.447593,-0.325539,-1.27758,-1.14898,-1.13976,-1.19187,-1.25691,-1.36339,-1.49891,-1.61123,-1.69401,-1.6688,-1.50509,-1.2627,-0.988613,-0.728243,-0.510968,-0.343126,-0.242874,-0.209011,-0.243126,-0.315802,-0.40045,-0.492137,-0.522824,-0.420722,-0.131567,0.323746,0.756661,0.861421,0.774778,0.591362,0.357041,0.151779,-0.0308528,-0.221755,-0.366736,-0.506595,-0.625967,-0.752679,-0.908012,-1.07653,-1.23086,-1.36289,-1.45264,-1.49885,-1.53852,-1.58411,-1.63984,-1.70378,-1.75405,-1.78707,-1.80549,-1.80036,-1.77191
-0.76316,-0.485524,-0.32046,-0.335114,-0.207598,-0.38547,-0.110342,-0.0969481,-0.162704,-0.223892,-0.773725,-1.64853,-1.30047,-1.43457,-1.56818,-1.71764,-1.95351,-2.11768,-2.21529,-2.21111,-2.04255,-1.72895,-1.29878,-0.874711,-0.532148,-0.275002,-0.113449,-0.0419507,-0.0522187,-0.126137,-0.211466,-0.308654,-0.423115,-0.542822,-0.631056,-0.599294,-0.259632,0.185422,0.39903,0.396174,0.303066,0.206611,0.108478,0.00694297,-0.0663827,-0.133869,-0.235846,-0.397394,-0.581995,-0.764334,-0.912762,-1.02379,-1.10294,-1.13816,-1.16462,-1.19544,-1.23397,-1.27139,-1.28765,-1.28641,-1.27045,-1.27514,-1.28928
-1.30524,-0.963193,-0.881929,-0.503603,0.0911772,0.0692743,0.524402,0.998311,1.13392,0.556653,-0.15926,-0.948777,-1.73663,-1.4976,-1.81563,-1.6747,-1.92793,-2.20966,-2.39865,-2.51989,-2.48371,-2.28903,-1.88388,-1.38242,-0.951406,-0.604773,-0.344178,-0.191639,-0.136745,-0.169946,-0.228915,-0.250698,-0.254026,-0.26077,-0.359682,-0.593058,-0.828999,-0.735004,-0.464929,-0.190425,0.0786314,0.243824,0.281995,0.270139,0.237155,0.208649,0.135929,-0.0109999,-0.199665,-0.36758,-0.500897,-0.605231,-0.688871,-0.735234,-0.76628,-0.788468,-0.79409,-0.780751,-0.755663,-0.749503,-0.754781,-0.779195,-0.813094
-1.97468,-1.74101,-1.0879,-0.664755,-0.451595,-0.227658,-0.0126449,0.419928,0.442664,0.169372,0.238405,-0.390842,-1.1772,-1.28808,-1.5852,-1.45727,-1.43981,-1.71136,-1.82186,-1.99878,-2.12944,-2.18103,-2.04709,-1.67627,-1.32149,-1.07348,-0.815262,-0.597895,-0.460915,-0.386668,-0.322242,-0.229823,-0.119732,-0.000408124,0.03444,-0.0390328,-0.228466,-0.463289,-0.504765,-0.322286,-0.00951211,0.246038,0.379866,0.466735,0.52148,0.523376,0.471933,0.364765,0.225518,0.0986603,-0.0248668,-0.142229,-0.240707,-0.311346,-0.349315,-0.358124,-0.342098,-0.331976,-0.356765,-0.439728,-0.550199,-0.600732,-0.590023
-2.18202,-1.83012,-1.36393,-0.63385,-0.212257,-0.259408,-0.221348,-0.19852,0.126669,0.548548,0.995511,1.04893,0.530667,-0.392228,-0.849703,-1.03243,-0.67415,-0.629323,-0.616069,-0.800332,-1.10135,-1.39511,-1.55597,-1.41469,-1.15659,-1.156,-1.08062,-0.925127,-0.742754,-0.54593,-0.32987,-0.0971349,0.125966,0.286581,0.33647,0.283605,0.203217,0.107776,0.031628,0.00502435,0.0407551,0.143695,0.29421,0.451087,0.616263,0.714604,0.724962,0.672458,0.62796,0.576152,0.46789,0.324002,0.178528,0.0662255,0.0194602,0.0178614,0.0223956,-0.0144909,-0.108273,-0.242903,-0.403516,-0.524018,-0.532728
-1.9184,-1.85284,-1.21106,-0.338891,-0.0714806,-0.121941,0.0999169,0.138491,0.350121,0.977888,1.62968,1.85066,1.54655,1.07401,0.335366,-0.14698,0.392206,0.763949,0.47711,0.0550482,-0.547254,-1.17015,-1.42038,-1.32269,-0.787003,-0.609794,-0.702379,-0.745392,-0.638389,-0.391058,-0.0990722,0.145906,0.337553,0.431556,0.397458,0.304941,0.251997,0.269005,0.276893,0.21192,0.169478,0.205291,0.31657,0.469924,0.643346,0.789973,0.872016,0.89945,0.929238,0.941731,0.879525,0.738241,0.549683,0.39664,0.315539,0.277149,0.242921,0.198222,0.140476,0.0953332,0.0598962,-0.0207616,-0.115108
-1.46793,-1.33244,-0.853969,-0.127816,0.167279,0.625819,0.490179,0.596754,0.629306,0.814151,0.771212,0.522116,0.721263,1.13747,1.15511,1.41805,1.24229,1.31129,1.49574,0.949977,-0.377683,-1.59918,-1.97684,-1.88965,-1.18181,-0.332271,-0.151566,-0.284176,-0.425542,-0.288176,0.0764201,0.274428,0.288936,0.190609,0.0800295,0.0556718,0.133652,0.246884,0.288204,0.28984,0.383256,0.507105,0.601607,0.707489,0.792051,0.850216,0.89953,0.964623,1.02833,1.05988,1.05464,0.985055,0.851081,0.710072,0.587013,0.48048,0.400029,0.35929,0.353335,0.387246,0.447721,0.481631,0.412282
-1.62121,-1.4851,-0.954653,-0.0509777,0.466165,1.36984,0.921808,0.891373,0.892507,1.01552,0.817782,0.481371,0.586948,1.15026,1.5093,1.91973,2.02866,1.83016,1.901,1.26162,-0.193455,-1.20583,-2.00997,-2.03566,-1.68919,-0.9593,-0.60981,-0.885743,-1.31056,-1.28467,-0.650633,-0.259416,-0.23563,-0.296479,-0.231957,-0.0711315,0.10744,0.23218,0.260947,0.295365,0.43544,0.575531,0.657412,0.715342,0.733633,0.718054,0.725232,0.794567,0.872428,0.920087,0.943279,0.949448,0.952119,0.930906,0.841647,0.702076,0.56662,0.477449,0.457245,0.494857,0.539652,0.565548,0.511385
-1.33808,-1.26422,-0.740164,-0.145043,0.31925,1.73319,1.63429,1.33858,1.29198,1.17234,1.21073,1.14023,1.10069,1.16036,1.29561,1.17458,0.53984,0.192284,0.308604,-0.64648,-1.41466,-0.515939,-1.08272,-1.0218,-1.08122,-1.25517,-1.41505,-1.98291,-2.6604,-2.74218,-1.9155,-1.20387,-0.858694,-0.517162,-0.235049,-0.0276324,0.124111,0.181332,0.126314,0.0791806,0.114275,0.161614,0.178133,0.217307,0.288449,0.357711,0.434808,0.545074,0.630525,0.673908,0.664663,0.672186,0.743831,0.835432,0.864752,0.809832,0.681797,0.548304,0.472699,0.461414,0.469003,0.433584,0.30939
-1.06887,-0.940673,-0.757558,-0.193679,0.407083,1.45318,2.02724,1.68397,1.38717,1.28329,1.52419,1.59986,1.41892,1.03953,0.615236,0.0821216,-0.594159,-1.20387,-2.29323,-3.4456,-3.49599,-2.40558,-1.30686,0.530575,0.274099,-0.476366,-1.18843,-2.06388,-2.94267,-3.13332,-2.57775,-1.84171,-1.30507,-0.775519,-0.448751,-0.273967,-0.220926,-0.323534,-0.423706,-0.465189,-0.425156,-0.377921,-0.332345,-0.195603,-0.0867454,0.0257024,0.123743,0.207931,0.264848,0.304466,0.333985,0.302753,0.336377,0.409311,0.493475,0.54801,0.533411,0.46492,0.393015,0.348746,0.306866,0.206132,0.00176652
-0.702422,-0.823942,-0.580798,-0.372718,-0.443832,0.143246,0.854936,1.21064,2.14192,2.01792,1.78348,2.06809,2.10616,1.69866,1.01232,0.118491,-0.0184693,-0.930352,-1.88896,-2.65353,-4.11666,-4.1978,-2.71066,0.432614,0.467433,0.655772,-0.313093,-1.47189,-2.60963,-2.91821,-2.89484,-2.51697,-2.1338,-1.62516,-1.32057,-1.24188,-1.32511,-1.42399,-1.35427,-1.12091,-0.817627,-0.558922,-0.275908,-0.154575,-0.0907585,-0.037711,-0.00164497,0.000120267,-0.00223223,0.00328811,-0.00667802,-0.0314344,-0.0300905,-0.017435,0.0230445,0.0821232,0.153319,0.207191,0.220805,0.197945,0.113968,-0.0635014,-0.30563
-0.295388,-0.364331,-0.482274,-0.572504,-1.03267,-0.586977,-0.332661,-0.085175,0.779656,1.71805,2.53251,3.20958,2.9506,2.36688,2.27691,2.07037,1.47998,-0.300775,-0.985524,-1.22407,-2.33791,-3.48243,-4.32826,-3.1551,-1.27695,0.289551,0.0896006,-0.879878,-2.13936,-2.69478,-3.04961,-3.08131,-2.98121,-2.57821,-2.416,-2.45336,-2.44568,-2.2526,-1.84094,-1.33469,-0.887397,-0.527508,-0.216601,-0.0876717,-0.0317795,-0.00834487,-0.0218491,-0.0634601,-0.0982677,-0.11051,-0.163207,-0.19723,-0.194436,-0.204112,-0.211125,-0.21671,-0.148696,-0.0111067,0.104584,0.120601,-0.00143458,-0.221069,-0.413455
0.195071,0.0653229,-0.179443,-0.497406,-0.959332,-0.477809,-0.0976483,-0.276544,-0.720128,0.197398,1.47771,1.74904,0.542147,-0.674403,-0.252534,1.80321,1.49309,-0.182046,0.109725,-0.206127,-1.03316,-1.88567,-2.65071,-2.98682,-2.39884,-1.75881,-1.25278,-1.14203,-1.43466,-2.12529,-2.64615,-2.95428,-3.18,-2.97604,-2.8786,-2.86627,-2.63882,-2.27046,-1.83335,-1.40701,-1.04192,-0.762138,-0.56498,-0.34901,-0.162595,-0.0280796,0.0545441,0.0814367,0.0617502,0.0219475,-0.0367237,-0.0525585,-0.0524048,-0.0844314,-0.15359,-0.209819,-0.146058,0.0320941,0.195857,0.222146,0.0822777,-0.088865,-0.16894
0.634388,0.573151,0.281605,-0.250443,-0.609687,-0.30983,-0.110309,-0.0482081,-0.5555,-0.178923,0.614521,0.376788,-0.912516,-1.52465,-1.95613,-0.76731,-1.23687,-0.432173,0.371143,-0.563829,-1.2832,-0.807301,-1.19612,-1.60833,-1.81421,-1.83571,-1.57796,-1.63112,-1.51672,-1.21003,-1.67465,-2.25493,-2.70749,-2.55105,-2.40755,-2.47182,-2.37271,-2.26023,-2.11468,-1.90956,-1.64411,-1.36361,-1.10811,-0.843598,-0.493913,-0.129838,0.124521,0.285139,0.34871,0.336684,0.331166,0.312219,0.314504,0.280199,0.200316,0.180681,0.291084,0.465853,0.590784,0.565645,0.435204,0.353689,0.372341
1.34568,0.948503,0.759809,0.345493,0.00205798,-0.0603038,0.142046,-0.0770112,-0.329206,0.440341,1.10875,0.0222694,-0.602196,-0.170845,-0.382108,-1.6623,-2.23947,0.514452,-0.239276,-2.19224,-2.4428,-1.20917,-0.592463,-1.35469,-0.677985,-0.588654,-1.17622,-2.17373,-1.88166,-1.35221,-0.633161,-1.21121,-1.66757,-1.71042,-1.61704,-1.82579,-1.93531,-2.05843,-2.14233,-2.1641,-2.07577,-1.86377,-1.54536,-1.15061,-0.735857,-0.27182,0.0709249,0.309054,0.455237,0.559819,0.674266,0.70825,0.735443,0.76386,0.843892,0.994634,1.13529,1.18965,1.15665,1.02893,0.928492,0.929037,0.988851
1.98987,1.60651,1.23217,0.788943,0.35496,0.225467,0.174472,-0.088501,-0.377102,0.193445,0.788898,-0.268682,-1.17533,-0.612488,-0.777403,-1.7859,-1.68658,-0.0541349,-1.3675,-2.82425,-3.19015,-2.71934,-2.57902,-1.9168,-0.191682,0.110221,-1.73009,-2.42745,-1.70821,-1.4993,-1.13927,-0.96889,-0.618933,-1.09943,-0.926671,-1.04483,-1.1098,-1.22738,-1.35787,-1.48085,-1.53986,-1.48988,-1.29551,-1.00182,-0.667849,-0.303077,0.0379369,0.282911,0.447095,0.571053,0.795258,0.983611,1.14938,1.34567,1.59441,1.73125,1.65812,1.49286,1.30192,1.17005,1.19042,1.2932,1.36038
2.87696,1.82047,1.55582,1.05783,0.733801,0.586466,0.456244,-0.212646,-0.586388,-0.240904,-0.258046,-0.0397429,-1.20497,-0.657831,-0.422318,-0.940806,-1.79708,-1.87776,-2.17698,-2.53828,-2.83592,-3.01342,-2.95274,-1.98898,-1.04444,-0.621356,-1.59907,-0.880715,-0.260046,-0.794451,-0.946314,-0.529319,-0.277075,-0.79196,-0.561376,-0.596412,-0.599322,-0.628839,-0.632505,-0.653098,-0.635576,-0.583306,-0.49926,-0.346146,-0.158649,0.0241475,0.212612,0.391588,0.529845,0.640609,0.83378,1.13379,1.39247,1.68835,1.79153,1.56233,1.30848,1.17434,1.07505,1.07449,1.19227,1.33423,1.38285
