uploads/wind/20200722/wind_field_07.json
{"header": {"parameterUnit": "m.s-1", "parameterNumber": 2, "dx": 0.051, "dy": 0.036, "parameterNumberName": "eastward_wind", "la1": 45.3082, "parameterCategory": 2,"nx": 177, "ny": 123, "refTime": "2018-09-30 00:00:00", "lo1":1.38177}, "data":
[rows 84 to 111 of 123, columns 64 to 127 of 177]
-1.1186,-1.06321,-0.921005,-0.427641,-0.779186,-0.834072,-0.887806,-0.27014,0.296416,0.427398,1.19908,1.83081,1.40815,1.01925,0.240838,-0.0349152,-0.160198,-0.840687,-0.674813,-0.835777,-1.12454,-0.905857,-0.464635,-0.710706,-1.82787,-1.0293,0.810043,0.879927,1.14007,1.26592,0.645204,-0.242679,-0.41962,-0.389086,-1.12744,-1.25119,-0.639231,-1.09372,-1.22345,-1.09311,-1.16779,-0.929599,0.770718,1.78367,-0.0383329,-0.920197,-0.637425,-1.09036,-0.118414,0.738373,-0.862422,-1.57115,-0.0515422,1.69888,0.872325,-1.46754,-0.164374,0.920063,-1.26904,-1.5234,-0.365877,-0.389505,-0.962672,-1.6242
-0.666967,-0.766024,-0.792505,-0.606542,-0.856924,-1.25768,-1.52604,-0.455265,0.56944,1.15563,1.78313,2.28727,1.97911,1.47555,1.24998,1.21364,0.290467,-0.968271,-1.39323,-0.80768,-0.645931,-0.798342,-0.779674,-0.659731,-1.6996,-0.779896,1.6739,1.36448,0.657591,0.176988,0.21856,1.07609,0.777244,-0.811244,-2.00333,-1.68947,-0.589473,-0.6891,-0.889343,-0.400832,-1.19998,-1.37364,-0.225532,1.97449,0.237389,-1.86572,-1.37087,-1.45702,0.184499,1.60613,0.943385,-0.123045,0.758614,1.23153,-0.316705,-1.70882,-1.70273,0.612291,1.21623,-0.869004,-0.775564,-0.531834,-1.53078,-1.76042
0.024082,0.0631044,-0.470726,-1.08028,-1.31012,-1.48808,-1.49138,-0.346806,0.620935,1.63748,2.26385,2.2908,1.50542,0.313224,0.931072,2.0564,-0.0647481,-1.66032,-1.9857,-1.52745,-1.18754,-0.700418,0.441774,0.941842,-0.0139123,0.406699,1.76532,0.759532,-0.644069,-0.826603,0.0331679,0.725432,1.22066,0.0513455,-1.99219,-2.28915,-0.470882,0.477542,-0.130132,-1.05356,-1.75532,-1.27645,0.86397,2.2152,0.749999,-0.739829,0.127567,1.26261,1.58721,1.14804,0.0335814,0.703123,1.46822,0.189398,-1.84601,-2.54844,-1.48388,1.30703,-0.118132,-0.39361,0.355468,-1.79889,-1.59267,-0.654209
0.325364,0.100786,-0.248003,-0.952387,-1.23254,-0.793923,-0.76893,-0.378229,0.793953,1.95691,2.36826,1.25446,-0.911934,-0.478609,1.73733,0.624739,-1.74729,-2.26049,-2.08374,-1.92365,-1.93106,-1.1855,1.04015,1.75559,1.6227,1.60195,2.07021,0.979134,-0.660849,-0.823402,-0.392505,0.560537,1.42897,1.39345,-0.224286,-1.80888,-0.98533,1.00387,0.394292,-1.82076,-1.75402,0.525867,1.4994,1.02409,-0.463601,-0.617981,0.044216,0.964092,1.88341,0.0959886,-0.970195,-1.0801,-1.39928,-0.809387,-0.191665,-0.954024,-1.08717,0.622606,-1.0658,-0.681864,0.522883,-1.22339,-0.732388,0.143336
-0.109734,-0.196691,-0.184108,-0.603206,-0.62729,-0.290196,-0.450461,-0.416134,0.0306615,1.09351,0.815368,-0.335392,-0.688527,0.942409,1.1346,-0.921336,-2.13299,-1.82499,-1.43332,-1.30011,-2.01988,-1.57001,0.484133,0.543393,1.16286,1.94681,2.04693,1.04018,-0.660351,-1.33438,-0.766906,0.210136,1.0029,1.50758,1.56078,-0.561153,-1.29349,0.345082,-0.274231,-1.88138,-1.31619,0.354507,-1.0486,-2.18733,-0.624427,-0.190274,-0.900399,-0.151101,-0.257353,-1.90948,-2.68478,-2.48468,-1.57095,-0.0303367,0.11115,-0.0872597,0.0730977,1.76763,1.57925,0.0974073,1.12221,0.885503,0.0967366,-0.614464
-0.546213,-0.575994,-0.408205,-0.39818,-0.385755,-0.584908,-0.946305,-0.594516,0.00366262,0.46168,0.378291,0.572188,1.31378,1.40676,-0.34551,-2.23511,-2.19301,-1.19979,-0.288849,-0.204979,-1.15187,-0.975604,-0.425163,-0.462089,0.988383,2.04996,1.37323,0.761287,-0.0837078,-1.19959,-1.05765,-0.445813,-0.266811,0.664156,1.0713,1.01201,-0.88571,-2.21659,-1.71459,-1.41259,-0.663619,-0.596374,-2.56446,-1.36696,1.68758,-1.15735,-1.98863,-0.719534,-1.50227,-2.5788,-2.7931,-1.8725,-0.52476,0.51043,0.390826,0.00623337,0.717605,1.78323,1.93671,2.65745,3.58798,3.34612,1.33406,-0.632474
-0.333855,-0.867341,-1.20929,-1.25262,-1.32551,-1.67759,-1.36761,-1.04705,-0.391601,0.403384,0.919854,1.66581,2.30998,0.379726,-1.29294,-1.70751,-2.0178,-1.28802,-0.681738,-0.915238,-1.13522,0.0989332,0.333944,0.103731,1.17767,2.08344,1.35547,0.748903,0.313657,-1.56144,-2.00031,-1.12104,-0.776343,0.0663746,1.20229,-0.5888,-3.14545,-2.87239,-1.09964,-0.804651,-1.11548,-1.03825,-1.43681,0.00173529,0.949737,-2.09149,-3.29007,-2.38218,-1.35791,-0.60238,-1.43759,-1.09668,0.613545,0.98788,0.245744,-0.382145,1.01269,1.3028,1.05697,1.72372,1.6417,0.880838,0.851944,1.55035
0.142167,-1.0685,-1.56137,-1.69902,-1.90488,-2.18776,-1.84946,-1.35361,-0.403277,0.670153,0.937439,1.35249,2.05756,1.05127,0.50233,-0.315919,-1.69846,-1.74685,-1.34362,-0.951882,-0.191904,1.06703,1.83089,2.11703,1.77102,2.11681,1.90227,1.00426,-0.263271,-1.88958,-2.10521,-1.04368,-0.236569,1.6122,2.05412,-1.06779,-3.09136,-2.42009,-1.05166,-0.377196,-1.16617,-0.78031,0.00514908,0.165386,-0.222767,-1.98976,-2.61793,-2.15739,-1.44687,0.532514,0.308928,-0.501133,0.513527,1.04977,0.480098,0.253018,2.03478,1.07744,-0.850397,-0.287246,0.400159,0.622602,0.720173,1.08177
0.208362,-0.784401,-1.34794,-1.74912,-1.96577,-2.02363,-1.72851,-1.02355,-0.268964,0.700579,0.574936,0.766793,1.7261,1.48219,0.770694,0.156689,-0.81443,-1.22685,-0.749329,-0.640046,0.318369,1.63556,2.09556,2.08477,1.75747,1.56726,1.89153,1.00295,-0.942347,-1.9817,-2.10116,-1.46684,0.225108,1.40991,-0.858539,-2.86542,-2.46722,-1.2438,-0.513568,-0.0799704,-1.50481,-2.78965,-1.80326,-1.55439,-2.569,-1.34769,0.310479,0.347874,0.594971,1.2918,0.999745,1.51285,2.11913,1.57152,0.170774,0.179805,0.914764,-0.166943,-0.916877,-0.500762,-0.241691,0.219504,0.746903,0.866784
0.4551,-0.680404,-1.54586,-1.67903,-1.51014,-1.55806,-1.46728,-1.1809,-0.609741,0.090863,0.416206,1.0698,1.03547,-0.130785,-0.328598,0.062658,-0.290101,-0.543132,-0.290387,-1.08588,-0.0223258,1.4338,1.26958,0.873112,0.801519,0.724803,-0.0861841,-1.84156,-3.02758,-2.39746,-1.99557,-1.49091,0.421494,-0.83752,-3.14385,-4.02718,-2.20094,-1.30512,0.412715,1.18851,-0.1998,-2.22664,-2.49661,-2.748,-2.02506,-0.573043,0.903345,1.67387,0.988003,0.866776,1.72566,2.00292,1.70111,0.228624,-0.653096,-0.00884215,0.342945,-0.331276,-0.770465,-0.802064,-0.34005,0.262246,0.524421,0.489179
1.25512,0.317265,-1.30089,-1.72943,-1.50448,-1.24434,-0.783827,-0.65466,-0.808336,-0.45377,0.589963,1.23264,0.533056,-0.10989,0.155233,-0.0108752,-0.0573626,0.670154,0.405797,-0.929218,0.0614092,1.10723,-0.0436501,-1.18492,-1.67471,-1.32317,-1.33673,-2.54196,-3.07116,-1.95635,-1.24707,-0.690614,-1.07769,-2.32658,-2.56011,-3.51434,-3.2159,-1.0683,0.213205,0.632723,0.802464,0.344429,-1.17872,-1.98858,-1.51285,-0.0936536,1.23816,0.377312,-1.09054,-0.560249,0.213505,-0.0953922,-0.70182,-0.904707,-0.239516,0.32531,0.768662,0.535579,-0.259947,-0.924795,-0.784949,-0.0348481,0.292425,0.147401
1.61629,1.1804,-0.665111,-1.96654,-1.78179,-1.39633,-0.169055,-0.0344579,-0.659626,-1.00672,0.272401,0.745432,0.112318,0.654691,0.765121,-0.0264444,0.41533,0.78187,-0.160665,-1.02187,0.309797,1.83327,0.347267,-2.05844,-2.28508,-2.09872,-1.66889,-1.2217,-0.866727,0.309906,0.427042,-0.616463,-1.10129,-1.22693,-1.29008,-2.37077,-2.86757,-1.94065,-1.90387,-0.746732,0.488545,2.04701,1.49573,-0.435354,0.103657,1.02794,0.507345,-0.281179,-0.344136,1.27717,0.771969,-1.59887,-0.981658,-0.810392,-0.580005,-0.0162729,0.352916,0.253983,-0.273922,-0.848166,-0.935104,-0.901234,-0.608246,-0.439165
1.52592,1.36222,-0.433761,-1.6991,-2.04788,-1.0011,0.141248,0.135805,-1.32797,-1.14789,-0.0937862,0.343891,0.0943795,0.450026,1.2234,0.765914,0.71475,0.442935,-0.205891,-0.695701,0.360614,1.89063,0.989829,-1.7728,-2.2511,-2.003,-1.56811,-0.723429,0.308059,0.869536,1.17561,0.987114,-0.292206,-0.198622,0.836806,0.482863,-0.166905,-1.20677,-1.76247,-0.581821,0.942762,1.27927,2.17111,0.499224,-1.14152,-1.02437,-0.127703,0.399754,1.08877,2.63129,1.22108,-1.60757,-1.88498,-1.72382,-1.10205,-0.0495222,0.322084,0.547464,0.36401,-0.416797,-1.09739,-1.23936,-1.07122,-0.573305
0.966137,1.04367,0.742151,-0.82381,-1.39055,-0.812675,0.441255,0.543796,-0.59969,-0.858146,-0.0176407,0.212827,-0.0474319,0.433038,1.42277,1.20093,0.31523,0.146156,-0.0602492,-0.325657,0.256985,1.40059,1.68819,-0.672836,-2.71916,-1.73287,-0.69047,-0.0972301,0.246827,0.877401,0.75234,-0.114487,-2.23943,-1.69395,1.27753,1.28139,2.0311,1.63514,-0.306207,-1.48383,-0.198164,0.980963,-0.169029,-1.56682,-1.83834,-0.313386,0.875962,0.936579,1.66616,3.85844,3.22167,0.333647,-1.61134,-2.21285,-1.65457,-0.525329,0.137024,0.401035,0.386059,0.0124435,-0.353729,-0.59929,-0.452886,0.379298
0.982252,0.878061,1.43658,1.37504,0.0733329,-0.674075,0.000844851,0.52468,0.528859,0.0762818,0.224576,0.631813,0.874688,0.63808,0.174601,-0.0201037,-0.155806,0.251784,-0.0546102,-0.406423,-0.28533,0.352613,0.752986,-0.654733,-1.66359,-1.02019,-0.08139,0.193464,0.309281,1.12353,1.54413,-1.24508,-2.97528,-1.57791,-0.386421,-0.042402,1.51457,2.05984,-0.237874,-1.52027,0.00416935,-0.240555,-2.5078,-2.65094,-2.22312,-2.462,-0.66762,0.308721,2.05233,3.51443,1.89235,0.320901,-1.10264,-1.81541,-0.882564,-0.478572,-0.364375,-0.235453,-0.203289,0.0836111,0.32771,0.0851073,0.127611,0.998308
0.817914,0.944148,1.66333,2.37079,2.01761,0.463881,-0.288522,0.0790009,0.302621,0.565803,0.230668,0.368607,1.49462,0.331644,-0.872811,-0.184261,0.547081,1.05418,0.243669,-0.448384,-0.768181,-1.64662,-1.8999,-2.13798,-1.9154,-0.494509,0.588823,1.05023,0.653116,0.975585,0.72058,-1.06674,-2.22292,-1.33133,-1.04923,-1.22333,1.17458,1.17955,-1.4112,-2.82288,-2.11451,-1.923,-1.78355,-1.10272,-2.67773,-2.82247,0.629962,2.67798,2.85196,0.887119,-1.42865,-1.1927,-1.3097,-1.91086,-1.53272,-1.0356,-1.15077,-0.749536,-0.509824,-0.0562496,0.63521,0.483233,0.084213,1.07028
0.068327,0.301654,1.12019,1.31051,1.86036,1.31072,0.219097,-0.417755,-0.108523,0.683236,-0.191986,-0.0556215,1.00956,-0.303961,-1.16996,0.0384877,0.35766,-0.477671,-0.968805,-1.02688,-0.872985,-1.6811,-1.12088,0.219214,0.259192,0.234667,1.43173,1.02892,1.05521,1.96888,1.13857,-0.279752,0.146023,0.46022,-1.07421,-2.11322,-0.102654,0.424138,-0.155712,-0.763,-1.80831,-1.61685,-0.148206,2.27325,0.273445,-1.40194,1.83227,3.31135,2.22613,0.154789,-1.75637,-1.3631,-0.710848,-1.28965,-1.44494,-1.32319,-1.0458,-0.669813,-0.562702,-0.00758621,0.69385,0.478169,-0.0500866,0.947486
-0.289548,-0.263553,-0.106444,-0.275644,0.608326,1.03252,0.528883,0.0352828,0.351807,0.441881,-0.612153,-0.238005,-0.0425212,-1.20653,-0.116863,0.659885,-0.692217,-1.40753,-1.11381,-0.175829,0.253352,-0.0443641,-0.286756,1.16964,2.27853,0.572778,-0.849572,-0.630521,1.4678,1.62447,-1.32802,-0.789151,1.55199,1.69045,0.902428,-1.12209,-2.29303,-1.16756,0.775397,0.76741,-0.969847,-0.581201,2.14197,3.70524,2.46617,1.54597,2.64646,0.69142,-1.41403,-1.06814,-1.48619,-0.824207,0.00447624,-0.623308,-0.88606,-0.902391,-0.731534,-0.44454,-0.469696,0.202661,0.650518,0.277345,0.341147,1.09685
-0.79448,-0.678018,-0.550622,-0.6069,0.199898,0.472095,0.332796,0.251564,0.944179,0.539754,0.0128027,0.237107,-0.653939,-0.785607,0.930625,1.61722,0.729812,-0.178701,-0.865672,-0.250372,0.578937,1.39533,-0.245429,0.0501282,2.63894,0.591495,-1.7001,0.0815758,0.565893,-1.9774,-2.42803,0.564333,1.52304,0.157307,1.4844,1.71192,-2.24249,-0.822836,1.55624,-0.118927,-1.76107,1.53352,4.28135,5.01916,3.84484,3.32473,1.44842,-1.48395,-1.10345,0.154228,-0.684848,-0.617265,-1.01097,-1.22163,-0.708774,-0.58983,-0.844371,-0.359542,-0.0992878,0.298123,0.373715,0.0376589,0.643196,1.62556
-1.5,-0.266645,0.142679,-0.27268,-0.284961,-0.377217,-0.478292,-0.789832,-0.567688,-0.818863,-0.0244489,0.757966,-0.412385,-0.342183,1.01961,1.13668,0.789728,1.0073,-0.170179,-0.880005,0.117025,1.6239,0.427763,0.330666,0.605375,-1.18047,-1.14809,1.50144,1.65644,-0.897694,-1.92691,-0.428191,1.49128,0.245027,1.56652,2.37186,-1.34686,-0.514119,0.221659,-3.7862,-1.96724,4.28976,5.06853,4.58556,2.98329,2.51096,2.33996,1.09136,-1.10849,-1.68438,-0.571303,-0.66375,-1.30325,-1.04535,-0.875766,-0.718741,-0.682334,-0.417522,-0.204933,0.0675019,0.0200527,-0.178312,0.570223,1.63281
-0.960234,0.488792,0.956244,0.328695,-0.872679,-1.83568,-2.34958,-2.09343,-0.943174,-0.734106,-0.461457,0.399765,0.700531,0.881649,1.21906,0.784707,0.485865,0.234803,-0.413379,-0.67518,0.310394,1.87143,1.38066,-0.24684,-1.11187,-0.917436,-0.134549,0.599751,0.202563,0.275384,1.3347,1.92647,2.62264,0.210855,0.0149618,-0.413588,-0.897745,1.2196,-0.762444,-2.90952,-1.38838,2.07375,2.54574,1.38499,1.8226,3.04088,2.82816,1.57179,-0.0740713,-1.13203,-1.29888,-1.43453,-1.84422,-1.45535,-1.08907,-1.15008,-0.475404,0.0473157,-0.0199196,-0.0345567,-0.233503,-0.103461,0.554899,1.41345
-0.588103,0.613476,1.03873,0.825766,-0.592359,-1.96329,-2.48642,-2.04371,-0.89151,-0.36444,-0.355152,0.154998,0.619765,1.24314,1.3143,1.83852,0.670512,-1.34126,-0.714536,0.16336,1.13817,2.24611,1.06139,-1.10243,-0.600212,0.10968,0.902457,-0.0453693,-1.41246,-0.630048,1.0749,3.06173,3.36783,0.705795,-1.62333,-1.41414,0.13807,1.93304,0.0959619,-1.62613,-1.22068,-1.02,-0.15548,-0.33248,1.89048,4.16842,1.87949,-1.2608,-1.55135,-0.875288,-0.707517,-1.01741,-1.01171,-0.834939,-0.945216,-0.88115,-0.3181,0.235445,0.218133,-0.0701641,-0.0145258,0.299876,0.856094,1.23828
-0.711148,0.750606,1.5421,1.31827,0.563926,-1.05035,-1.47356,-1.58314,-1.63474,-1.25315,-0.764052,-0.123501,0.316967,0.725639,1.08509,2.7067,1.22388,-1.63844,-1.09441,-0.0463426,0.780614,1.16164,0.39802,-0.00666388,0.609173,0.873342,-0.587453,-1.6294,-1.18926,-0.304121,0.0295709,1.64001,1.97501,0.360361,-1.56561,-1.00799,0.174151,1.69845,1.37611,-0.579718,-0.62479,-0.090962,-0.714521,-0.706019,1.96896,3.23928,0.786029,-1.25365,-0.680014,-0.294689,0.364531,-0.389527,-0.880936,-0.697208,-0.865957,-0.678622,-0.268155,0.148612,0.276993,0.029815,0.359833,0.650063,0.995351,1.31127
-0.288155,1.17455,1.61828,1.76644,1.68191,0.652322,0.289392,0.523669,-1.21626,-1.93559,-1.27118,-0.558822,-0.168198,0.388039,0.490301,2.64739,1.92334,-1.11969,-1.39786,-0.0658469,0.524119,0.127021,0.728794,0.766231,0.566161,0.687391,-0.270632,-0.33372,0.11373,0.170744,-0.134833,0.219532,0.547443,-0.60835,-1.29765,-0.591283,-1.06079,-1.23422,1.11924,1.03121,0.765182,2.22274,3.95561,3.01647,0.99403,-0.331221,-1.18892,-1.32403,-1.05929,-0.336834,0.432129,-0.640419,-1.21282,-1.17251,-0.896985,-0.362832,-0.271791,-0.0469947,0.283425,0.2231,0.53097,0.805779,1.08287,1.34217
0.584694,1.38111,1.35087,1.81787,2.1852,2.04853,1.85573,2.40662,2.08292,0.257729,-1.11284,-0.669331,-0.21911,0.269824,0.462568,2.63186,2.381,-0.587831,-1.55796,-0.167998,-1.0461,-1.28984,0.907947,1.27795,0.984596,1.04446,0.484828,0.974362,0.843143,0.0273795,0.744776,1.67376,2.2003,0.261079,-0.512072,0.913061,-0.688443,-1.8952,0.532706,0.883953,1.03356,3.72762,4.70414,4.27721,0.810686,-1.97668,0.113891,0.609185,-1.37874,-0.720076,0.84157,-0.372577,-0.709307,-0.663824,-0.492022,-0.450891,-0.543807,-0.185993,0.300098,0.418899,0.499781,0.722454,0.981408,1.34171
1.14201,1.08201,1.06816,1.56409,1.99726,1.89452,1.76701,1.2962,1.72181,1.7799,0.522861,0.325765,0.53562,0.155325,0.404407,2.47283,2.22836,-1.24823,-1.21235,-0.0243227,-1.3761,-1.2491,0.519235,0.214814,-0.517908,0.417165,1.43308,-0.00712405,-2.12544,-2.34191,-0.195228,1.22958,0.300008,-0.59713,-0.780288,-1.20179,-1.13279,-1.08056,-0.120139,1.52693,0.0517049,0.261359,2.25694,3.26233,1.49828,-2.1353,0.297343,2.435,-0.672943,-1.14384,-0.498938,-0.651513,-1.1597,-0.85606,-0.632861,-0.685106,-0.692596,-0.306833,0.350839,0.442181,0.604022,0.824022,0.985309,1.15943
0.859809,0.700579,0.981437,0.987623,1.26322,1.42511,0.961828,0.5383,0.726145,1.51507,0.940613,0.296722,0.888611,0.413065,0.151713,1.96175,1.68763,-1.3148,-0.891903,0.727838,-0.235578,-0.793546,-0.395337,-0.361238,-0.835572,0.0162758,-0.650693,-1.96201,-0.525268,0.665167,0.455258,0.384138,0.3019,1.35697,1.02304,-1.03218,-0.561888,-0.560238,-0.0405427,0.969006,-1.04727,-0.955665,0.537249,0.840435,1.79452,1.71806,1.17853,0.00729244,-0.733646,0.258764,0.70356,-0.200586,-1.45893,-1.32822,-0.684567,-0.984027,-0.902496,-0.601548,-0.247108,0.287428,0.968207,1.06611,1.31858,0.99852
0.491262,0.50878,0.323409,-0.363343,0.379181,1.13566,0.98711,0.900724,0.934094,0.98329,0.169966,-0.462359,0.244912,1.10095,0.921064,1.40366,1.64151,-0.186684,-0.959089,0.541838,1.03983,0.755923,0.378953,-1.27211,-2.30025,-2.16999,-1.64204,-1.06383,1.00048,0.600202,0.0784156,0.918077,2.09839,3.12809,3.6389,2.63457,1.26504,-0.574563,0.0990075,0.400071,-1.68988,-0.374039,1.38614,1.0178,2.45203,4.33694,3.85172,1.23498,0.0693117,0.897791,-0.520453,-1.5878,-0.946191,-0.763931,-0.937102,-1.04455,-0.892426,-0.879301,-0.450869,0.323585,0.902361,1.08705,1.37251,0.883333
