uploads/wind/20200722/wind_field_20.json
{"header": {"parameterUnit": "m.s-1", "parameterNumber": 2, "dx": 0.051, "dy": 0.036, "parameterNumberName": "eastward_wind", "la1": 45.3082, "parameterCategory": 2,"nx": 177, "ny": 123, "refTime": "2018-09-30 00:00:00", "lo1":1.38177}, "data":
[rows 29 to 57 of 123, columns 0 to 64 of 177]
1.893,2.77575,1.99162,1.13248,0.998797,0.192114,-0.462312,0.49505,0.569239,-0.539817,0.557208,3.54975,2.94582,1.01359,0.885261,0.610533,0.822628,1.04484,1.13021,2.58549,1.18769,-0.860108,-0.387021,-0.297178,-0.367878,0.164525,2.08468,2.97775,2.3576,2.2193,2.08688,1.3258,1.50645,1.90208,2.66205,3.02192,3.20041,3.06488,2.85124,2.74376,2.74811,2.82995,2.91582,2.9898,3.06189,3.11626,3.16277,3.21556,3.2706,3.31097,3.29928,3.21472,3.08001,2.94982,2.84852,2.75273,2.66114,2.60599,2.61192,2.64538,2.65539,2.63091,2.59837,2.58444,2.58077
1.00664,1.45249,1.89105,1.5583,1.37804,0.345581,-0.447423,0.383474,0.886003,0.10496,0.46047,3.50919,2.95128,0.269792,-1.11207,-0.35997,2.54048,3.53014,2.3082,0.732112,-0.736073,-0.638739,0.722711,0.483373,0.671402,1.3316,1.36465,2.09577,2.45068,2.79095,2.30755,2.56308,2.01346,2.55253,2.42904,2.67764,2.89626,2.87264,2.72811,2.62616,2.65393,2.77371,2.89204,2.97036,3.01743,3.07583,3.16265,3.2414,3.28136,3.29309,3.25463,3.15178,3.03172,2.95007,2.89763,2.83644,2.76619,2.71182,2.69528,2.70543,2.71103,2.70024,2.68976,2.68248,2.66749
2.10782,2.10772,2.19709,2.31961,2.56411,1.26473,0.172083,0.306584,0.730105,0.41119,1.24974,3.26596,0.603183,-1.79892,-2.84526,-0.829241,2.95493,4.27919,2.72749,0.329057,-0.978606,-0.195744,2.21751,1.37289,1.3215,1.21439,0.618766,1.24098,2.63198,2.48421,2.4438,2.73006,2.15199,1.40505,2.04697,2.4569,2.84091,2.85305,2.65597,2.53398,2.60811,2.78127,2.92016,3.00157,3.06685,3.14785,3.22826,3.26784,3.25536,3.19044,3.05973,2.94477,2.93108,2.99109,3.02383,2.98329,2.92154,2.88476,2.86762,2.85769,2.8258,2.76946,2.73175,2.72648,2.73181
1.21251,1.93256,1.713,2.46013,2.67244,2.38478,0.85475,0.754645,0.933686,1.11992,2.39177,2.20643,-0.0945982,-1.13698,-1.31414,0.771601,3.83902,3.39803,1.71352,0.762529,0.427399,1.10133,2.12178,1.55389,0.925528,1.31116,1.44689,1.23911,2.07085,2.15164,1.92213,2.71693,2.11824,2.12408,2.1853,2.46819,2.71788,2.70286,2.66064,2.6218,2.65525,2.83913,3.04966,3.16255,3.21953,3.2799,3.32626,3.30712,3.18701,3.01022,2.9028,2.9648,3.1438,3.26685,3.24816,3.12808,3.01401,2.98486,2.99695,2.95981,2.89138,2.83173,2.7953,2.78573,2.79402
2.0074,2.72588,2.65368,2.72216,2.74935,2.53447,1.33076,0.856626,0.917159,1.27943,2.77307,1.52437,-1.70201,-2.3284,0.415408,3.39578,3.7252,1.65417,0.303642,1.78866,2.71403,2.09341,1.52556,0.795728,1.06366,1.81689,1.46535,1.16616,1.37357,1.35992,1.66542,1.98461,2.60253,2.61114,2.40897,2.48064,2.56177,2.61257,2.6978,2.68979,2.80425,3.0351,3.14081,3.16281,3.22433,3.30347,3.34603,3.29652,3.20172,3.1266,3.10979,3.19696,3.3325,3.47519,3.40698,3.15952,2.96583,2.94882,3.01369,2.99398,2.89176,2.84824,2.85154,2.83266,2.81366
2.8596,3.25301,2.63556,2.69108,2.93351,2.31267,0.930076,0.572188,0.700963,1.92107,3.98972,1.70314,-2.60169,-2.17957,1.31304,4.18344,3.53852,1.15065,0.00840629,1.72463,2.98187,2.54372,1.33567,0.612161,1.24584,1.31459,0.657513,0.475157,0.909666,0.685936,0.923894,1.59487,2.89183,3.08413,2.5795,2.35131,2.38708,2.53038,2.66169,2.83049,3.05004,3.08412,3.05708,3.18055,3.36791,3.50168,3.53513,3.49257,3.35685,3.27523,3.27972,3.33549,3.60023,3.66671,3.49222,3.14126,2.93047,3.00287,3.03771,2.98523,2.92058,2.7486,2.6781,2.76756,2.8698
2.83052,3.27898,2.63794,2.97714,2.82172,1.95776,1.20242,1.45103,1.82856,3.55497,3.85738,0.42742,-2.25004,-1.45544,1.75118,3.63111,3.19821,1.10093,-0.136077,0.761953,1.91929,0.843139,0.2686,0.66294,0.941329,0.399333,-0.0953882,0.0348348,-0.145431,-0.409832,-0.00291322,0.811137,1.91387,3.03964,3.16067,2.46304,2.20251,2.38556,2.68406,2.97898,3.10853,3.18146,3.3726,3.53968,3.61318,3.68505,3.63588,3.53671,3.59322,3.57191,3.66692,4.10299,4.2784,4.19296,3.49665,2.90325,2.99773,3.18437,3.24849,3.13051,3.18803,3.69636,3.54697,2.99833,2.79974
2.82786,3.16884,2.61241,2.46494,1.89854,0.958786,0.837204,1.2159,2.31028,3.47522,2.81857,0.182376,-0.705225,-0.413226,0.771349,3.35707,3.2225,1.58118,0.223985,0.515027,-0.163764,-1.72518,-0.958676,1.05269,1.63122,0.448125,-0.2795,-0.847058,-2.07824,-2.17225,-1.19953,-0.54837,1.0175,4.25947,4.3374,2.9802,2.27425,2.50691,2.85783,3.06734,3.25979,3.60674,3.79725,3.93931,4.18018,4.08025,4.1608,4.29253,3.97988,3.8735,4.26012,4.4965,4.49191,4.21426,3.5502,2.84732,2.92543,3.34052,3.41867,3.47043,3.85342,3.81059,3.26485,3.15747,3.75721
2.56644,2.60079,2.26725,1.83973,0.702291,0.146905,-0.137172,0.23666,1.11559,3.13608,3.22989,0.923306,0.892123,2.25218,2.50614,2.76081,2.60939,1.90463,1.06255,0.187839,-0.615287,-0.854114,0.403912,2.10677,1.83226,0.330962,-0.123317,-1.06777,-1.67278,-1.30535,-0.609112,-0.179855,2.02086,5.12139,5.89214,3.11334,2.17391,2.755,3.18103,3.35581,3.64281,3.88276,4.12077,4.42322,4.38239,4.3666,4.21611,3.92718,4.05146,4.46169,4.63966,4.70312,4.47242,3.72904,3.09776,3.12639,3.57149,4.07805,4.08432,4.11506,4.33575,4.30472,3.9095,4.01144,4.05287
1.31095,1.80211,1.80882,0.731449,-0.57014,-1.46068,-0.364566,0.662437,1.57495,3.45399,3.27549,-0.19069,0.239428,3.53265,3.63857,2.80878,2.55767,2.0288,0.995802,0.566071,0.80929,1.11568,2.28005,2.38236,2.20555,0.888443,-0.0582981,-1.0146,-0.901126,-0.353941,0.0165881,1.40432,2.81657,4.60783,4.67518,2.74263,1.79797,2.8683,3.49084,3.8813,4.34981,4.69092,4.7626,4.6028,4.52071,4.3468,4.31857,4.61784,4.72646,4.56545,4.54303,4.49569,4.23896,3.10692,2.12355,2.75672,3.89379,4.26482,4.43181,4.37472,3.85822,3.82683,4.23292,3.86618,3.82341
0.132457,0.48632,0.379338,-0.212848,-1.03634,-1.47966,-1.10338,-0.315369,0.633009,2.66655,2.33925,-0.557719,0.190514,3.61645,3.07819,2.04705,2.62071,2.82243,2.22839,2.08017,1.86235,1.57266,1.95175,2.06429,2.10074,1.70326,0.21847,-0.579087,-0.422931,0.336976,2.13722,3.77091,4.66989,3.79431,3.85555,2.01088,1.72695,3.32016,4.40756,4.60859,4.69101,4.65892,4.4879,4.44803,4.32947,4.27823,4.26685,4.16366,4.14322,4.15958,4.23766,4.41869,3.73919,2.31873,2.06187,3.13428,4.03232,4.43308,4.16744,3.99492,4.47167,4.59259,4.28867,4.34948,3.92443
0.159201,0.368043,-0.471767,-0.962317,-0.958802,-0.364679,-0.794605,-1.6703,-2.08436,-0.0500364,2.29041,1.63749,2.15517,3.37957,2.06744,1.44629,2.24786,3.95918,3.29238,1.5247,-1.1977,-0.5373,1.45715,2.21545,2.64675,1.09386,-0.482041,-0.368902,0.272827,0.973097,3.20442,5.35293,4.14046,4.34018,3.80774,2.32597,2.15519,3.45975,4.25798,4.50661,4.40507,4.05416,4.14427,4.31,4.27741,3.94099,3.55074,3.6243,3.9842,3.9953,3.99623,4.33534,3.99188,2.98938,2.79645,3.39648,3.98962,4.37161,4.47965,4.27144,4.50869,4.72832,4.64746,4.53424,4.59178
-1.01154,-1.08347,-0.726169,-0.769353,-0.297132,0.792028,0.986329,-0.923529,-3.94933,-2.9298,1.60178,4.40675,4.97158,5.25215,2.99331,1.62744,3.11347,3.54573,1.7418,0.358379,-1.31364,-1.85283,0.591567,2.75746,2.93718,-0.115438,-2.16623,-0.230536,1.86514,3.35329,4.71932,6.25154,5.47274,5.13199,4.34832,3.39666,2.91995,3.27855,3.50516,3.21008,3.16827,3.81374,3.99686,3.60187,3.3145,3.10682,3.22978,3.87448,3.98569,3.87569,4.20729,4.2516,3.45447,2.49589,2.47684,3.17116,3.85552,4.34813,4.50213,4.58798,4.61638,4.77011,4.65855,4.50972,4.21398
-2.21009,-1.70546,-0.516885,-0.523313,0.0636202,1.18228,3.30642,1.23928,-2.66633,-4.57968,-0.552883,4.62395,6.39012,6.40768,3.04613,0.516807,1.99308,3.63436,2.62606,1.71513,1.44355,0.242128,0.157493,1.49436,0.772852,-2.10586,-2.76979,-0.109264,3.25603,5.08905,5.68563,6.73272,5.33578,5.47166,4.95843,3.86056,2.63997,2.45889,2.66854,3.06124,3.47534,3.59915,3.2895,2.85649,2.68812,3.08826,3.84393,4.04384,3.83184,4.08635,4.47935,3.82799,2.51397,2.08825,2.81757,3.39655,3.41442,3.71294,4.28483,4.46927,4.54274,4.48057,4.55206,3.87489,3.18061
1.7035,2.26784,-0.264073,0.315333,0.500603,0.760369,1.42398,1.47,-0.908772,-3.20378,-0.97287,3.92476,5.9134,4.96447,0.645466,-3.13514,0.863082,5.81155,5.29241,3.47412,3.46473,3.24183,1.93712,1.07638,-0.730577,-2.41334,-1.97704,0.649109,3.16191,4.92512,5.30491,5.05862,3.49971,4.00564,4.45674,3.46302,1.68079,1.52837,2.09178,2.63,2.96107,2.90696,2.59132,2.42338,2.55673,3.06367,3.71481,3.98441,4.11593,4.31081,4.4508,4.00693,2.94582,2.63395,2.97111,3.04102,3.27803,3.84554,4.11798,4.1949,4.19869,4.28898,4.07975,3.95941,3.7815
1.11748,1.44737,0.715715,1.11397,1.27356,1.25528,1.37846,2.12514,1.1476,-1.00577,-0.213235,3.11967,4.71031,3.26375,-0.148665,-2.92795,0.280472,4.85696,5.95466,3.55048,3.11103,3.75492,3.52303,1.97045,0.274276,-0.621037,-0.240447,0.988903,1.88512,2.67198,2.8402,1.3135,1.32417,2.22775,3.11845,2.46781,0.990284,1.35522,2.13945,2.79487,3.14634,2.71824,2.18122,2.56874,3.52515,3.82627,3.84686,4.14147,4.42574,5.03335,4.88997,3.41342,2.17337,2.15707,2.53919,2.97628,3.64342,3.62762,3.28592,3.41898,3.67399,3.40159,3.25923,2.84504,2.17654
3.77235,3.33696,1.74107,2.55614,2.37594,0.78339,0.858908,2.62127,3.13404,2.35582,0.646638,2.9742,5.01502,1.94563,0.160174,-0.371178,0.174178,3.5255,4.2349,2.59876,2.30978,3.42549,3.94034,2.60926,1.67351,1.76378,1.05537,-0.192694,-0.490876,-0.56107,-0.559009,-0.497069,0.129333,1.19552,2.15038,1.71826,1.10102,1.48222,2.07877,2.36264,2.41599,2.30737,2.25147,2.66793,3.31199,4.05584,4.7544,4.9917,5.09117,4.49057,3.16998,2.11097,1.77954,2.01419,2.49456,3.07476,3.30305,3.38603,2.77983,2.15691,2.45325,2.34382,2.31043,2.24819,1.83881
2.32952,1.56404,2.79369,3.39751,3.45329,1.7431,0.284469,3.19748,4.22172,3.02213,0.0781061,1.69959,4.71896,2.74863,2.10708,3.04842,2.24508,1.70481,1.37222,0.640629,1.21467,2.62371,3.34926,2.82121,2.4128,2.46069,0.39428,-0.696373,-0.65336,-1.13348,-0.885402,-0.806663,-0.202266,0.746526,1.48832,1.45491,1.18328,1.34408,1.63572,1.80945,1.88864,2.01315,2.31938,2.78027,3.35987,3.94116,4.60927,5.02362,4.18295,2.87576,2.16879,1.92479,1.96134,2.32006,2.64698,2.89639,3.17424,2.60391,1.78299,1.83083,1.76675,1.13378,0.76445,1.0017,1.4328
2.64944,2.88037,2.39961,2.97081,2.93931,1.96495,0.507687,3.24411,5.45154,3.28974,-1.61443,-0.578396,3.31324,3.62471,3.24823,3.97176,3.46075,1.4343,-0.251635,-0.300115,0.738036,2.03687,2.90183,1.93354,1.56017,1.47645,2.01242,1.66202,0.315086,-0.671165,-0.378797,-0.315439,-0.0677141,0.4756,1.12947,1.37994,1.18055,1.10111,1.25452,1.41773,1.52593,1.79718,2.3247,2.93428,3.51404,3.95344,3.80845,3.00615,2.34665,2.2049,2.27796,2.22786,2.27655,2.4414,2.69368,3.13375,2.75476,1.83007,1.51439,1.30523,0.904917,0.866018,1.13786,1.38586,1.58806
1.74625,1.78186,2.70321,2.90073,2.97126,2.67681,1.60236,3.40237,5.69783,4.15897,-0.860528,-1.68682,2.36737,4.27199,4.16228,3.55807,2.3379,1.87678,1.97278,1.29413,1.88694,2.09243,1.98421,1.24586,-0.10278,1.09161,3.14787,2.94977,2.17241,0.739315,0.27158,0.0676935,0.152589,0.478737,0.966275,1.22272,1.08381,0.949704,1.00714,1.10441,1.30985,1.80925,2.49013,3.21262,3.81131,3.76888,2.94508,2.18344,2.03091,2.13718,2.22703,2.2755,2.32571,2.36587,2.13811,2.02073,2.32103,1.99787,1.14374,0.615951,0.597741,0.865513,1.21465,1.53494,1.78251
2.24558,2.11945,2.46523,2.48127,3.16943,2.80514,1.51895,2.32202,3.35663,3.18531,0.58135,-0.6824,1.29726,2.46475,3.1168,2.19113,3.10507,3.21357,3.25082,2.93104,2.73733,2.48816,1.43172,1.04902,0.297339,1.13415,1.99135,2.43937,2.87862,1.87994,0.415373,0.204771,0.293247,0.63626,1.05524,1.23038,1.08251,0.895551,0.846425,0.971686,1.44448,2.17424,2.99306,3.64157,3.64388,2.99357,2.14741,1.78994,1.82847,1.84064,1.85459,1.96998,2.12175,2.16791,2.05321,1.80464,1.63139,1.51161,1.29546,1.15782,1.16922,1.31643,1.55547,1.81383,2.01904
3.40193,3.06067,2.11037,1.73902,2.68264,2.40567,0.15956,0.00304695,2.05423,3.63421,2.56296,0.525232,0.588224,0.54731,0.785681,1.99375,2.84337,3.30908,2.90847,2.73337,2.66721,2.24521,1.2979,1.00286,1.35527,1.54714,1.69752,1.61227,2.2141,2.53225,0.994392,0.426964,0.373808,0.794573,1.30355,1.41102,1.17811,0.936252,0.835236,1.13278,1.87286,2.75942,3.38606,3.5771,3.30021,2.37065,1.71523,1.66482,1.58765,1.45512,1.40571,1.52065,1.73765,1.92501,2.05057,2.09305,2.05969,2.06244,2.04268,1.93744,1.84293,1.86651,1.99857,2.15907,2.2591
0.122166,-0.310302,1.59553,1.1115,1.53464,0.999547,-0.794753,-0.572917,1.59799,3.40091,3.06354,2.03141,1.78432,0.32005,0.0671833,1.47898,2.41876,3.0044,2.81065,2.47177,2.5473,1.87268,1.04602,0.680934,1.03234,1.52375,2.10631,2.12413,2.00147,2.29223,1.00239,0.484047,0.515794,0.949721,1.3865,1.44278,1.21302,0.96133,0.971899,1.5221,2.42976,3.15181,3.3747,3.10034,2.38583,1.80456,1.67548,1.62632,1.40774,1.11562,0.892887,0.862765,1.09625,1.52392,1.95219,2.2769,2.51821,2.66071,2.65094,2.49908,2.33782,2.29703,2.37576,2.46521,2.48122
1.91116,1.10383,0.845707,0.530084,0.370231,-0.299643,-0.463077,0.581079,1.63098,2.36864,2.05976,2.22523,2.66076,0.724976,-0.0548073,1.93641,2.57455,2.32135,2.38634,2.03703,1.37756,1.0781,0.653172,0.481446,0.762293,1.47702,1.75609,2.436,2.63661,2.31173,0.786962,0.474455,0.568112,0.793687,0.9622,1.06415,1.08622,1.13619,1.4808,2.1924,2.89581,3.13997,2.85721,2.2909,1.89251,1.77621,1.72393,1.57408,1.21448,0.660767,0.215855,0.181712,0.575017,1.21037,1.84288,2.35843,2.73746,2.94264,2.94174,2.78344,2.60359,2.5443,2.60266,2.68547,2.6873
3.7679,2.82344,0.606524,0.381012,-0.620322,-0.71788,0.514138,1.32431,2.26659,1.83665,1.50767,2.60878,2.49327,-0.624575,-1.12149,0.866696,1.41186,1.67496,2.12588,1.89054,1.40751,1.28933,2.09425,1.90779,0.607352,1.68308,2.73281,3.50865,3.77972,1.55853,1.07013,0.677651,0.39225,0.220395,0.319095,0.579428,0.991725,1.60075,2.34948,2.93404,3.05683,2.77256,2.34851,2.11721,2.12472,2.09984,1.87245,1.44018,0.697049,-0.103285,-0.406755,-0.120847,0.506378,1.20597,1.8379,2.36322,2.75428,2.98678,3.03991,2.93552,2.79138,2.72029,2.74569,2.7641,2.75075
1.16384,0.294274,0.795243,0.421628,-0.389181,0.00912698,0.908387,0.896424,1.73427,1.6818,1.81078,3.4358,2.32787,-1.11782,-1.7315,-0.965906,-0.768359,0.517816,2.32022,2.44885,2.17867,1.71699,3.06171,2.82315,0.717828,0.954039,3.27713,4.45679,4.36651,3.18615,0.692305,0.532108,0.0892004,0.0183695,0.305254,0.652997,1.11438,1.97534,2.87581,3.17972,2.86313,2.39154,2.20251,2.27201,2.3076,2.1829,1.68894,0.506838,-0.562701,-0.829383,-0.37102,0.327405,0.98189,1.52705,1.98419,2.37746,2.7138,2.97601,3.11149,3.0985,3.00368,2.87691,2.75452,2.6432,2.58679
2.94244,2.49396,0.765846,0.656753,0.173476,0.690227,1.06307,0.596681,1.11447,1.53809,1.84152,3.37015,2.89183,-0.0121924,-1.69069,-1.70054,-1.65902,0.255754,1.32896,2.01221,2.8033,1.9283,2.64116,3.11618,1.8736,1.05455,2.68506,4.36749,4.73148,2.3038,0.302002,0.286844,0.0623724,0.351975,0.704574,1.08968,1.53897,2.16363,2.77969,2.85716,2.45997,2.12804,1.99412,1.514,0.797301,0.674393,0.69479,0.103934,-0.42769,-0.253836,0.459667,1.31052,1.77218,2.02133,2.21485,2.45098,2.75059,3.04947,3.24284,3.26066,3.10446,2.85039,2.61104,2.4128,2.21203
0.848057,0.234492,1.11626,1.22145,0.974672,1.26954,1.11501,1.10725,0.706259,1.01458,1.91784,2.81606,1.46128,-0.0590146,-1.68467,-3.12298,-2.56186,-0.0534274,1.29571,1.37044,2.17097,1.98959,2.29654,3.2529,2.59782,1.55621,2.15432,4.00064,4.44256,1.82022,-0.0215192,0.140562,0.330459,0.682325,0.834171,1.14243,1.88653,2.51507,2.39927,1.94523,1.81439,1.77421,1.04586,0.0603787,-0.407199,-0.0948041,0.435749,0.720633,0.750446,0.895241,1.52774,2.06528,2.31007,2.34977,2.40358,2.62043,2.95231,3.25978,3.40816,3.33715,3.05368,2.65581,2.2659,1.90248,1.55825
1.91591,1.58329,1.30147,1.53791,1.56464,1.86217,1.57083,1.83509,0.353398,-1.21204,0.129874,2.18291,0.390952,-0.44143,-3.15038,-3.91597,-1.99393,1.30818,2.71106,2.13813,1.56945,1.11161,2.14703,3.03692,3.17767,2.50651,2.72402,3.94221,3.76315,1.21457,0.241874,0.353747,0.504671,0.558804,0.598499,1.0994,1.8699,2.31273,1.92821,1.66339,1.85465,1.43643,0.440173,-0.146747,-0.174884,0.243028,0.82929,1.37316,1.81762,1.97075,2.09777,2.34186,2.50085,2.55166,2.65977,2.90973,3.22128,3.4464,3.47684,3.30239,2.94143,2.40979,1.7521,1.11123,0.704638
