uploads/wind/20200722/wind_field_15.json
{"header": {"parameterUnit": "m.s-1", "parameterNumber": 2, "dx": 0.051, "dy": 0.036, "parameterNumberName": "eastward_wind", "la1": 45.3082, "parameterCategory": 2,"nx": 177, "ny": 123, "refTime": "2018-09-30 00:00:00", "lo1":1.38177}, "data":
[rows 0 to 28 of 123, columns 0 to 65 of 177]
-1.58009,-1.52482,-1.49087,-1.53049,-1.55772,-1.53351,-1.56561,-1.65201,-1.81458,-2.07743,-2.4336,-2.77377,-2.96633,-3.05286,-3.11584,-3.20272,-3.27451,-3.29927,-3.2987,-3.28212,-3.23999,-3.17239,-3.08834,-3.01807,-2.96332,-2.90431,-2.83604,-2.75863,-2.67667,-2.57906,-2.45681,-2.31054,-2.16156,-2.03119,-1.9224,-1.83641,-1.77122,-1.72507,-1.70433,-1.70609,-1.72231,-1.7406,-1.745,-1.73499,-1.71616,-1.69603,-1.67363,-1.65572,-1.64882,-1.65392,-1.67022,-1.69699,-1.73595,-1.77731,-1.81216,-1.83834,-1.86368,-1.89587,-1.93134,-1.96063,-1.96952,-1.96402,-1.93856,-1.88208,-1.79817,-1.69836
-2.22501,-2.3582,-2.09134,-1.80813,-1.56787,-1.52974,-1.5594,-1.80845,-2.0807,-2.06854,-2.13048,-2.39894,-2.65191,-2.87011,-3.03669,-3.16038,-3.24258,-3.2745,-3.2619,-3.21701,-3.15923,-3.10352,-3.05042,-2.99876,-2.94316,-2.88264,-2.81479,-2.7351,-2.64429,-2.54153,-2.42163,-2.2859,-2.14962,-2.02456,-1.91511,-1.82643,-1.75904,-1.71329,-1.68445,-1.67163,-1.67163,-1.66893,-1.65374,-1.62414,-1.58909,-1.55613,-1.52562,-1.50388,-1.49548,-1.50265,-1.52391,-1.55597,-1.59538,-1.63731,-1.67538,-1.70773,-1.74292,-1.78723,-1.82837,-1.85906,-1.87373,-1.87183,-1.84878,-1.79392,-1.71199,-1.6138
-2.4372,-2.39585,-1.96818,-1.8389,-1.73063,-1.65699,-1.61753,-1.63158,-1.72203,-1.88583,-2.12384,-2.3901,-2.67739,-3.01691,-3.29591,-3.45888,-3.52465,-3.49516,-3.39174,-3.28478,-3.2114,-3.1502,-3.11301,-3.08012,-3.03329,-2.97158,-2.89543,-2.80555,-2.70072,-2.58293,-2.4477,-2.29913,-2.15113,-2.01597,-1.89651,-1.79821,-1.7264,-1.6773,-1.64558,-1.62771,-1.61699,-1.60124,-1.57101,-1.52578,-1.47709,-1.43064,-1.38622,-1.3543,-1.343,-1.35099,-1.37326,-1.40544,-1.44564,-1.48888,-1.52703,-1.56074,-1.59929,-1.64471,-1.6884,-1.72189,-1.7386,-1.73952,-1.71866,-1.67304,-1.6071,-1.51953
-2.27344,-2.2925,-2.03474,-1.97981,-1.90304,-1.81794,-1.76428,-1.75798,-1.84121,-2.09724,-2.4738,-2.81688,-3.17272,-3.67821,-4.08896,-4.2775,-4.59531,-4.63562,-3.97988,-3.49899,-3.417,-3.31118,-3.24093,-3.17836,-3.12617,-3.07276,-3.0049,-2.91647,-2.80419,-2.67038,-2.5105,-2.32495,-2.14845,-1.99239,-1.84637,-1.72715,-1.64441,-1.59836,-1.5767,-1.56549,-1.55929,-1.54476,-1.50974,-1.45298,-1.38463,-1.31522,-1.24947,-1.20253,-1.18786,-1.19736,-1.2189,-1.25007,-1.2889,-1.32916,-1.36544,-1.39712,-1.43311,-1.4745,-1.51041,-1.53778,-1.55185,-1.55379,-1.54102,-1.5171,-1.48231,-1.41797
-2.42524,-2.48448,-2.29909,-2.27269,-2.2399,-2.08971,-1.98452,-1.99341,-2.07838,-2.77297,-4.25319,-4.53157,-3.59265,-3.79824,-4.97625,-5.15504,-4.19163,-3.82523,-3.83624,-3.60043,-3.46032,-3.40338,-3.34517,-3.21853,-3.17306,-3.10553,-3.02109,-2.92973,-2.80591,-2.66697,-2.49452,-2.30282,-2.10995,-1.93261,-1.78099,-1.65595,-1.56371,-1.51323,-1.49388,-1.48438,-1.47146,-1.44977,-1.4139,-1.35747,-1.27711,-1.18313,-1.1029,-1.05351,-1.03728,-1.04249,-1.05635,-1.07949,-1.11124,-1.14379,-1.1744,-1.20258,-1.2306,-1.26284,-1.29753,-1.32914,-1.34873,-1.35041,-1.34096,-1.33497,-1.32,-1.2673
-2.39787,-2.60299,-2.65517,-2.13996,-2.0064,-2.00113,-1.90081,-1.89696,-1.82329,-1.81206,-2.0287,-2.35948,-2.87376,-3.80284,-4.98881,-5.0291,-4.28183,-4.28968,-4.16588,-4.09817,-3.94446,-3.37176,-3.32027,-3.36067,-3.28789,-3.2451,-3.16854,-3.05606,-2.91566,-2.75236,-2.56167,-2.34484,-2.1253,-1.92275,-1.74742,-1.60089,-1.48748,-1.42237,-1.40095,-1.39382,-1.37871,-1.3595,-1.33558,-1.28816,-1.20906,-1.10986,-1.01562,-0.948442,-0.912947,-0.894562,-0.884515,-0.887056,-0.906863,-0.943421,-0.985537,-1.02242,-1.04545,-1.06308,-1.08792,-1.11552,-1.13372,-1.1341,-1.11679,-1.09889,-1.08468,-1.04931
-2.36024,-2.31864,-2.85045,-2.26101,-1.67099,-1.76605,-2.03853,-2.61224,-3.53609,-3.41349,-2.4396,-2.42919,-2.70305,-3.11872,-4.02347,-4.09624,-3.84197,-3.82539,-3.46052,-3.29715,-3.41217,-3.32459,-3.26562,-3.24126,-3.18927,-3.15569,-3.1106,-3.02753,-2.8984,-2.72544,-2.51438,-2.27567,-2.03252,-1.81454,-1.6351,-1.49239,-1.38582,-1.31944,-1.29302,-1.28203,-1.26726,-1.25722,-1.25101,-1.22183,-1.1521,-1.04842,-0.937465,-0.843765,-0.777367,-0.730554,-0.685642,-0.644366,-0.628917,-0.658585,-0.721744,-0.788419,-0.836798,-0.867939,-0.890133,-0.902518,-0.903672,-0.894695,-0.868737,-0.82563,-0.784103,-0.757779
-3.34609,-3.65219,-3.6553,-3.40747,-2.28776,-1.63136,-1.65128,-1.7026,-2.05325,-2.24959,-2.42117,-2.70896,-2.94741,-3.175,-3.47136,-3.49254,-3.51717,-3.73936,-3.69428,-3.57222,-3.54874,-3.48201,-3.47375,-3.3961,-3.29143,-3.18383,-3.04549,-2.90528,-2.73595,-2.55553,-2.35884,-2.15202,-1.93481,-1.71901,-1.52701,-1.37267,-1.25514,-1.17915,-1.14607,-1.13374,-1.12529,-1.12804,-1.14109,-1.13868,-1.08952,-0.990518,-0.869203,-0.752294,-0.656196,-0.576125,-0.495974,-0.412934,-0.348641,-0.337787,-0.383649,-0.462198,-0.545167,-0.611041,-0.653242,-0.672734,-0.664795,-0.631712,-0.588304,-0.53288,-0.476627,-0.447904
-2.88762,-3.35905,-3.6927,-2.9709,-2.15576,-1.95558,-1.71028,-1.67212,-1.79732,-2.08728,-2.35656,-2.36067,-2.46134,-2.9996,-3.70307,-4.41076,-4.50197,-3.68863,-3.31246,-3.46606,-3.44549,-3.42257,-3.38216,-3.32189,-3.24028,-3.12401,-2.97421,-2.79238,-2.58502,-2.37243,-2.16635,-1.97189,-1.78304,-1.59571,-1.41938,-1.26369,-1.13558,-1.04651,-1.00375,-0.988128,-0.976553,-0.97529,-0.992381,-1.00815,-0.984087,-0.908416,-0.803681,-0.686476,-0.57103,-0.464816,-0.360695,-0.244013,-0.130379,-0.0639319,-0.0613597,-0.115655,-0.198001,-0.281677,-0.350332,-0.396907,-0.408698,-0.372568,-0.309091,-0.242373,-0.188106,-0.163301
-1.8835,-1.95897,-3.49231,-4.14147,-3.12624,-2.29127,-2.24216,-1.94255,-1.9546,-1.99981,-2.08205,-2.28945,-2.6587,-2.93544,-3.17605,-3.32146,-3.39505,-3.39331,-3.24367,-3.16334,-3.1799,-3.15274,-3.11812,-3.08502,-3.01116,-2.91044,-2.77613,-2.60242,-2.40307,-2.19127,-1.98609,-1.80071,-1.63848,-1.48622,-1.3357,-1.19,-1.05574,-0.95007,-0.886296,-0.85269,-0.831475,-0.824309,-0.836295,-0.85296,-0.845916,-0.799297,-0.723513,-0.62674,-0.513689,-0.387358,-0.265166,-0.139461,0.00183075,0.118497,0.17531,0.16643,0.115584,0.0431581,-0.0326756,-0.0934331,-0.126076,-0.115304,-0.0678694,-0.0105077,0.0359482,0.0597966
-0.634551,-1.53211,-3.30523,-3.08425,-3.90733,-3.13933,-3.25317,-3.01541,-2.379,-1.98783,-2.0463,-2.23265,-2.60241,-2.94832,-3.12516,-3.18913,-3.136,-3.02918,-2.96486,-2.9167,-2.90608,-2.89156,-2.8329,-2.76053,-2.66767,-2.56392,-2.44858,-2.3072,-2.142,-1.95093,-1.7515,-1.57016,-1.42629,-1.312,-1.21407,-1.12233,-1.02804,-0.936305,-0.847324,-0.764677,-0.70432,-0.679355,-0.686973,-0.711074,-0.724488,-0.700685,-0.635207,-0.538489,-0.43189,-0.317843,-0.201372,-0.0763257,0.0728503,0.212106,0.304754,0.343915,0.340575,0.30616,0.25725,0.212991,0.178341,0.155313,0.148995,0.157284,0.168232,0.176894
-0.343092,-1.27973,-2.58744,-2.29048,-2.61484,-2.75099,-2.48771,-2.7862,-3.1974,-3.91506,-1.89324,-1.98297,-2.39462,-2.55301,-2.85327,-2.91075,-2.89393,-2.78212,-2.76452,-2.7169,-2.66756,-2.6044,-2.5266,-2.44066,-2.35228,-2.26483,-2.17404,-2.06106,-1.91807,-1.73729,-1.53655,-1.35354,-1.20844,-1.10074,-1.02563,-0.975638,-0.936935,-0.894588,-0.829824,-0.729553,-0.627586,-0.567955,-0.562343,-0.596426,-0.629371,-0.624542,-0.56376,-0.455456,-0.337375,-0.232786,-0.145042,-0.0461001,0.0875088,0.227934,0.347339,0.4442,0.510218,0.531041,0.526774,0.515199,0.491947,0.446001,0.374237,0.307096,0.266418,0.248864
0.202868,-0.837779,-2.41016,-2.15564,-2.09856,-2.23447,-2.55603,-3.0264,-3.79464,-4.10026,-1.58979,-1.82688,-2.26353,-2.13864,-2.4323,-2.48827,-2.66242,-2.65446,-2.62139,-2.5434,-2.49198,-2.40817,-2.32487,-2.25489,-2.19674,-2.13418,-2.04486,-1.91264,-1.73997,-1.54416,-1.35315,-1.18978,-1.05775,-0.955382,-0.882695,-0.838966,-0.811182,-0.774275,-0.717854,-0.641966,-0.561475,-0.503364,-0.48123,-0.500079,-0.537783,-0.54658,-0.490296,-0.376749,-0.258178,-0.163631,-0.0989374,-0.0336443,0.0617016,0.183382,0.339366,0.510685,0.653045,0.737211,0.776127,0.792251,0.780659,0.719284,0.608602,0.491091,0.403714,0.355539
-0.474695,-1.13286,-2.09347,-1.9372,-1.91226,-2.39797,-3.10081,-3.19305,-3.45456,-3.55816,-3.59038,-1.66836,-1.96073,-2.24557,-2.17035,-2.23545,-2.27421,-2.38437,-2.38987,-2.36632,-2.36811,-2.36384,-2.31531,-2.23708,-2.16189,-2.06436,-1.90971,-1.71016,-1.50194,-1.32573,-1.17783,-1.02974,-0.900743,-0.824511,-0.793371,-0.78241,-0.76432,-0.715382,-0.634409,-0.542405,-0.465251,-0.419769,-0.405913,-0.421888,-0.45728,-0.467729,-0.412675,-0.297332,-0.1761,-0.0857487,-0.0404769,-0.011661,0.036782,0.128847,0.31185,0.553773,0.761583,0.899015,0.979992,1.00959,0.992797,0.929978,0.823555,0.704938,0.600733,0.520217
-0.288322,-0.901825,-1.61086,-1.53725,-1.84178,-2.85711,-2.98153,-2.61549,-2.78037,-3.26078,-3.61603,-3.54903,-1.8456,-2.04118,-2.33746,-2.18054,-2.06324,-1.94488,-1.98844,-2.04993,-2.15808,-2.2588,-2.30793,-2.22665,-2.07329,-1.91987,-1.73772,-1.51215,-1.30328,-1.1394,-0.999406,-0.871315,-0.767324,-0.702492,-0.687707,-0.711474,-0.72464,-0.689317,-0.617043,-0.530109,-0.443591,-0.37071,-0.329377,-0.330775,-0.36237,-0.381269,-0.334373,-0.222801,-0.103352,-0.0123533,0.035815,0.0597395,0.0708941,0.111236,0.275658,0.538645,0.79583,0.989459,1.10241,1.14107,1.13156,1.08472,1.00301,0.903438,0.799406,0.6978
-0.995497,-1.20503,-1.34929,-1.45142,-1.70612,-2.63596,-2.37392,-1.94484,-2.66931,-3.26259,-3.81176,-4.3299,-2.15541,-2.16046,-2.16912,-1.89103,-1.83766,-1.69681,-1.71507,-1.83684,-1.95895,-2.0172,-2.05269,-2.02043,-1.93099,-1.80228,-1.6343,-1.40397,-1.16642,-1.01928,-0.949887,-0.857908,-0.728987,-0.630202,-0.593475,-0.612075,-0.646945,-0.645928,-0.599633,-0.537299,-0.475709,-0.409987,-0.341697,-0.287736,-0.266566,-0.258427,-0.222714,-0.143658,-0.0442486,0.049952,0.113619,0.142548,0.150169,0.169363,0.269702,0.478605,0.73974,0.965212,1.11488,1.194,1.21917,1.19813,1.14045,1.0571,0.952822,0.838864
-0.980271,-0.968758,-1.07976,-1.3127,-1.82225,-2.13509,-1.74469,-1.87666,-2.77738,-3.04296,-3.44009,-3.64389,-3.41637,-3.5976,-3.63315,-1.48702,-1.1902,-1.24069,-1.05929,-1.36035,-1.75544,-1.83324,-1.77603,-1.73797,-1.71042,-1.68387,-1.58811,-1.42759,-1.28097,-1.20394,-1.1167,-0.954648,-0.769778,-0.619421,-0.517368,-0.466412,-0.465786,-0.493166,-0.513696,-0.505904,-0.473651,-0.431523,-0.39281,-0.350357,-0.275117,-0.167444,-0.076746,-0.0281984,0.0236592,0.119488,0.200334,0.214164,0.205181,0.23473,0.322736,0.463867,0.654696,0.858503,1.03445,1.16369,1.23576,1.25473,1.23184,1.16972,1.07087,0.94528
-1.65903,-1.36265,-0.780149,-1.27798,-1.63805,-1.67045,-1.45288,-2.09274,-2.72322,-2.58918,-2.51966,-2.53863,-2.96385,-3.40299,-3.54858,-3.30819,-1.35591,-1.05316,-0.417574,-0.0676641,-0.791151,-1.34893,-1.61205,-1.64654,-1.58083,-1.53408,-1.5174,-1.46303,-1.43191,-1.39382,-1.23746,-0.982289,-0.772131,-0.629385,-0.473961,-0.320374,-0.224045,-0.198548,-0.233763,-0.303499,-0.377401,-0.416673,-0.415425,-0.408412,-0.364165,-0.220723,-0.0348252,0.0854835,0.144857,0.228021,0.307162,0.298906,0.242419,0.246158,0.359334,0.512465,0.642341,0.772249,0.921321,1.07001,1.18775,1.25534,1.26989,1.23072,1.13903,1.00931
-2.3295,-1.59888,-0.512026,-0.957566,-1.31863,-1.64832,-1.69836,-2.4006,-2.53468,-2.08811,-1.77391,-1.70088,-2.31427,-3.23779,-3.39876,-3.08226,-2.64331,-2.65725,-0.615211,0.487149,0.253684,-0.11385,-0.898439,-1.49774,-1.48804,-1.37121,-1.40133,-1.54763,-1.66463,-1.60913,-1.30054,-0.855283,-0.483978,-0.369554,-0.397599,-0.303005,-0.13072,0.00286665,0.0800971,0.0615477,-0.0475908,-0.210111,-0.370071,-0.469398,-0.476006,-0.359174,-0.14078,0.088241,0.247865,0.355274,0.42135,0.40132,0.311248,0.256645,0.346192,0.533797,0.692454,0.789665,0.877972,0.988262,1.1097,1.20464,1.2405,1.21197,1.12435,1.00029
-0.582101,-0.447788,-0.647307,-0.436402,-1.24744,-1.89197,-2.14367,-2.6233,-2.23084,-1.87402,-1.27422,-1.09039,-2.16621,-2.79802,-2.69712,-2.72801,-2.4441,-2.26126,-1.73712,-1.2659,-1.49621,0.12115,0.292557,-0.979806,-1.39565,-1.31877,-1.27049,-1.41149,-1.69808,-1.7041,-1.27224,-0.735014,-0.308474,-0.0217452,0.0351282,-0.000416772,0.0461794,0.139678,0.239703,0.244977,0.16144,0.0614138,-0.125373,-0.337808,-0.446356,-0.40646,-0.242915,0.000730128,0.250719,0.42,0.471507,0.431734,0.351722,0.29964,0.353637,0.518873,0.703709,0.831668,0.910046,0.986947,1.07628,1.14369,1.16009,1.11991,1.03488,0.925511
-0.993809,-0.64351,-0.609625,-0.592544,-1.45658,-2.10162,-1.93646,-2.44416,-2.20269,-1.83932,-1.03624,-1.60134,-1.76951,-1.87982,-1.56934,-2.09373,-2.01995,-2.08594,-1.6741,-1.22856,-1.38762,-1.21894,-1.90396,-1.24952,-0.984573,-1.15741,-0.96549,-1.00675,-1.3356,-1.49647,-1.22912,-0.739641,-0.287215,0.0666323,0.275954,0.271641,0.244012,0.328422,0.457916,0.411749,0.159462,0.00991569,-0.0131885,-0.0734029,-0.16026,-0.211966,-0.187678,-0.0530362,0.155613,0.315524,0.364936,0.347973,0.315802,0.314168,0.378731,0.515004,0.688158,0.841958,0.956493,1.04432,1.10757,1.12754,1.09389,1.02221,0.925502,0.822172
-1.33936,-1.3027,-0.882723,-0.998599,-1.70608,-1.66177,-1.53426,-2.03009,-2.23705,-1.741,-1.52098,-1.66865,-1.30683,-1.08475,-1.01244,-1.524,-1.61747,-1.17513,-1.11031,-1.00564,-1.64257,-1.93613,-2.39344,-2.27541,-1.06561,-0.879891,-0.568171,-0.403783,-0.831019,-1.36565,-1.12623,-0.622655,-0.253099,0.0872961,0.352896,0.375778,0.342661,0.479924,0.647231,0.568355,0.182131,-0.171699,-0.240759,-0.112008,0.000492324,0.00943212,-0.0342663,-0.0516674,-0.013831,0.0435709,0.0890806,0.134621,0.193552,0.280452,0.406149,0.552244,0.700149,0.851454,1.00044,1.11848,1.16655,1.13387,1.05863,0.964808,0.856038,0.747443
-0.646521,-0.673232,-1.23036,-1.24984,-1.75249,-1.11211,-0.943602,-1.73233,-2.26909,-1.95287,-1.89275,-1.51846,-0.869271,-0.820234,-1.37243,-1.34248,-0.867954,-0.728982,-0.885882,-1.35934,-1.82166,-2.12631,-2.19232,-2.13848,-1.71143,-1.31839,-0.927896,0.175795,-0.0264581,-0.798881,-0.776416,-0.729486,-0.281774,0.139882,0.371749,0.478701,0.561126,0.691409,0.767161,0.600129,0.198428,-0.193138,-0.40321,-0.392024,-0.275063,-0.153843,-0.0943874,-0.125373,-0.206862,-0.253458,-0.215123,-0.121976,-0.0110988,0.134854,0.342793,0.569202,0.753195,0.895104,1.03612,1.16308,1.20219,1.13227,1.01437,0.905581,0.804695,0.708309
-1.49512,-1.35895,-1.2693,-1.02558,-1.36256,-0.90415,-0.65265,-1.60624,-1.82455,-2.37368,-2.04394,-1.33922,-0.539505,-0.860915,-1.73819,-1.1009,-0.431975,-1.01412,-1.90548,-2.69392,-2.01132,-1.58747,-1.38878,-1.46755,-1.2563,-0.866808,-0.594255,-0.562709,-0.0231611,-0.38027,-0.875866,-0.283853,0.034741,0.132497,0.467683,0.773522,0.94785,0.965096,0.829306,0.491425,0.122949,-0.137914,-0.344124,-0.482587,-0.537985,-0.501015,-0.426801,-0.401985,-0.453467,-0.486032,-0.410266,-0.25871,-0.0980365,0.0413384,0.207099,0.435057,0.682202,0.87998,1.03345,1.14227,1.15569,1.0756,0.959577,0.855507,0.764146,0.692791
-1.21492,-1.05667,-1.29088,-0.978219,-1.09786,-0.874581,-0.680131,-1.2606,-1.58012,-2.18252,-2.05876,-1.3049,-0.395643,-0.869822,-1.79834,-1.01834,-0.937438,-2.0607,-2.33835,-2.12036,-1.67683,-0.558994,-0.498272,-0.711005,-0.551319,-0.572173,-0.895623,-1.0847,-1.23059,-0.259637,-0.147416,-0.53141,-0.190195,0.424843,0.840089,1.09502,1.22793,1.17494,0.833617,0.312143,-0.065596,-0.222287,-0.34188,-0.490516,-0.610955,-0.670206,-0.671938,-0.672514,-0.696936,-0.689473,-0.581216,-0.358996,-0.0857249,0.13559,0.254654,0.321038,0.434364,0.631654,0.862948,1.03275,1.06647,0.992819,0.90769,0.855154,0.807619,0.767419
-1.6156,-1.1836,-1.21556,-0.72118,-0.959952,-0.732006,-0.773404,-1.03042,-1.15576,-2.10732,-1.84024,-1.28459,-0.250615,-0.271254,-1.28773,-2.08202,-2.78027,-2.90131,-2.11857,-1.41169,-1.16776,0.0157743,0.353329,0.0946651,0.0814194,-0.568325,-1.43479,-1.48398,-0.950923,-0.7801,-0.575128,0.361006,0.945475,0.93357,1.0798,1.25729,1.32509,1.21431,0.754941,0.118011,-0.254908,-0.371754,-0.451566,-0.554592,-0.651219,-0.712065,-0.73387,-0.75023,-0.779429,-0.779915,-0.703488,-0.515171,-0.2208,0.0884171,0.301989,0.37162,0.35765,0.409144,0.59058,0.797901,0.898738,0.897206,0.887419,0.910041,0.936145,0.955517
-0.306845,-0.337246,-1.41654,-0.666364,-0.781403,-0.716174,-0.662462,-0.676508,-0.624285,-1.4683,-1.46962,-0.887713,0.129538,0.276947,-2.06417,-3.41972,-3.54217,-2.29969,-0.820762,-0.567126,-0.734109,0.139036,0.60957,0.495066,0.521011,-0.369812,-0.935055,-1.0878,-0.457607,-0.70707,-0.528246,-0.192952,0.352023,1.51667,1.52314,1.35106,1.27382,1.11497,0.58245,-0.0722682,-0.378213,-0.493616,-0.591337,-0.695711,-0.77139,-0.79771,-0.77303,-0.733305,-0.710982,-0.68844,-0.633165,-0.542847,-0.40838,-0.203486,0.0722992,0.338443,0.502687,0.566384,0.600642,0.662779,0.70617,0.729638,0.806201,0.941911,1.06734,1.15079
-4.22163,-2.77326,-1.12695,-0.907532,-0.646164,-0.520675,-0.422979,-0.0665842,0.210734,-0.549388,-0.963386,-0.722169,0.412688,-0.471638,-3.30328,-3.48909,-2.80138,-1.35559,-0.0107423,-0.282932,-0.668263,-0.149769,0.336618,0.548363,0.747605,0.0949588,-0.259797,-0.598547,-0.590761,-0.93846,-0.787828,-1.04718,-0.69005,1.24702,1.62948,1.43993,1.08942,0.67791,0.273238,-0.0652227,-0.32116,-0.520813,-0.683201,-0.832805,-0.907556,-0.911596,-0.855156,-0.758313,-0.652583,-0.552987,-0.453991,-0.387599,-0.363882,-0.315199,-0.166237,0.0886748,0.396588,0.658071,0.792974,0.769613,0.660189,0.622122,0.747492,0.975343,1.17932,1.29638
-2.29307,-1.76431,-1.31592,-0.957789,-0.535967,-0.199679,-0.016335,0.580445,1.07765,0.210309,-1.00862,-0.58565,0.902523,-0.296773,-3.30788,-2.72075,-1.28771,-0.737554,-0.513546,-0.950154,-1.33532,-0.800029,-0.228522,0.132888,0.770722,0.631187,-0.0553672,-0.519886,-0.616556,-1.21516,-1.51113,-1.67535,-1.3188,0.710515,1.5054,1.30343,0.565649,-0.0449218,-0.0489788,0.120164,-0.0394313,-0.359323,-0.622869,-0.818527,-0.925524,-0.967195,-0.917695,-0.815233,-0.687811,-0.535585,-0.3595,-0.200114,-0.123006,-0.131781,-0.151857,-0.0899753,0.111058,0.416862,0.696813,0.835185,0.839655,0.795895,0.902622,1.13279,1.32303,1.38365
