uploads/wind/20200722/wind_field_21.json
{"header": {"parameterUnit": "m.s-1", "parameterNumber": 2, "dx": 0.051, "dy": 0.036, "parameterNumberName": "eastward_wind", "la1": 45.3082, "parameterCategory": 2,"nx": 177, "ny": 123, "refTime": "2018-09-30 00:00:00", "lo1":1.38177}, "data":
[rows 29 to 57 of 123, columns 65 to 129 of 177]
2.15197,2.19018,2.21954,2.22934,2.20915,2.15611,2.08749,2.0442,2.06576,2.12386,2.14946,2.12668,2.10614,2.12893,2.16469,2.15693,2.12596,2.15826,2.309,2.54176,2.7283,2.79831,2.79335,2.79114,2.83372,2.92422,3.01301,2.97018,2.73285,2.44556,2.28163,2.24867,2.26422,2.27067,2.24247,2.19324,2.17971,2.23331,2.30796,2.31927,2.19313,1.87971,1.40674,0.953903,0.747706,0.845951,1.12836,1.43902,1.6743,1.82567,1.92964,2.02715,2.13023,2.21213,2.24376,2.19974,2.05022,1.77998,1.46123,1.21817,1.12809,1.16608,1.22957,1.27855,1.3772
2.24586,2.28135,2.29729,2.29673,2.27231,2.21675,2.15983,2.13108,2.13765,2.14961,2.14232,2.13765,2.16404,2.21351,2.24033,2.21637,2.17528,2.20527,2.35642,2.5749,2.74077,2.78984,2.75873,2.72157,2.75123,2.86544,2.95722,2.86588,2.59419,2.31555,2.18488,2.19939,2.29372,2.41971,2.49682,2.49085,2.44591,2.42751,2.43707,2.38548,2.19063,1.83905,1.43578,1.14711,1.08003,1.23614,1.52668,1.82454,2.0157,2.08837,2.10989,2.14181,2.21967,2.33092,2.39836,2.34807,2.1438,1.79961,1.41869,1.1401,1.05378,1.13427,1.23901,1.27937,1.34358
2.3835,2.37816,2.37795,2.36852,2.33716,2.28222,2.22042,2.17581,2.15875,2.14697,2.1281,2.12954,2.17282,2.24342,2.28184,2.24887,2.19795,2.23174,2.39895,2.61334,2.75475,2.77483,2.6965,2.59874,2.59315,2.71743,2.83343,2.78082,2.56643,2.3448,2.24224,2.28746,2.42047,2.57608,2.70829,2.7567,2.72386,2.65803,2.57373,2.42981,2.17897,1.87295,1.60653,1.45253,1.45555,1.61931,1.89919,2.17704,2.33128,2.33454,2.27918,2.28861,2.39316,2.51264,2.53948,2.41662,2.13078,1.73182,1.36045,1.13626,1.09197,1.18844,1.29192,1.27276,1.23517
2.60995,2.55581,2.52974,2.50389,2.44845,2.35729,2.23888,2.13081,2.06683,2.0487,2.07296,2.12977,2.20812,2.28348,2.31113,2.27727,2.23829,2.28283,2.42521,2.5919,2.70038,2.70123,2.61391,2.52832,2.5169,2.60286,2.70133,2.67543,2.51261,2.33603,2.27109,2.34767,2.51137,2.67658,2.79569,2.85616,2.84485,2.76218,2.61997,2.43479,2.22809,2.03445,1.88642,1.81028,1.84511,2.01217,2.26652,2.50065,2.61136,2.57761,2.50546,2.5156,2.59355,2.63894,2.57995,2.38482,2.05329,1.6779,1.39682,1.25445,1.2102,1.24683,1.30141,1.22274,1.07508
2.84256,2.78337,2.74154,2.66792,2.54452,2.36033,2.1478,1.9827,1.90786,1.92391,2.00108,2.11184,2.23663,2.33533,2.37127,2.35281,2.32743,2.35868,2.46319,2.57887,2.63115,2.57687,2.46817,2.39877,2.40216,2.46948,2.51983,2.47276,2.36204,2.29305,2.32545,2.44176,2.60198,2.76384,2.87876,2.90971,2.85003,2.71704,2.54214,2.38437,2.29907,2.27807,2.27161,2.26303,2.31292,2.47397,2.68332,2.81213,2.80335,2.70788,2.61315,2.59165,2.65603,2.72152,2.65668,2.38731,1.97929,1.62386,1.46341,1.42616,1.37784,1.31766,1.283,1.14632,0.915329
3.11866,2.9685,2.81129,2.66047,2.45073,2.18265,1.93774,1.80295,1.80234,1.89839,2.03757,2.18318,2.32135,2.42917,2.48022,2.48396,2.47465,2.4936,2.54654,2.58465,2.54852,2.42618,2.28936,2.22364,2.2644,2.35917,2.42024,2.40692,2.35937,2.35348,2.41969,2.56406,2.73556,2.87621,2.95581,2.94666,2.84193,2.65059,2.4583,2.39084,2.47613,2.63203,2.73844,2.75138,2.7537,2.83731,2.97866,3.05094,2.97644,2.80283,2.64067,2.59837,2.69099,2.79264,2.73664,2.45154,2.05857,1.75848,1.58167,1.44425,1.33466,1.26505,1.21963,1.04696,0.746725
2.89274,2.89684,2.81951,2.63641,2.38936,2.10721,1.86774,1.75423,1.78517,1.91924,2.10327,2.28918,2.44379,2.55774,2.62557,2.65147,2.65438,2.64349,2.61871,2.56496,2.46442,2.33442,2.22452,2.18249,2.23863,2.35213,2.42702,2.424,2.39514,2.40403,2.48202,2.62364,2.78814,2.91368,2.96594,2.92921,2.79883,2.64056,2.54893,2.58939,2.75946,2.97386,3.14167,3.20377,3.20189,3.20796,3.22632,3.24747,3.15925,2.91213,2.66694,2.54866,2.56965,2.66655,2.67029,2.47363,2.17849,1.92749,1.73397,1.53561,1.35061,1.207,1.08909,0.88829,0.586615
3.55271,2.90994,2.66058,2.62303,2.43585,2.13504,1.88337,1.76115,1.77712,1.88456,2.04451,2.22585,2.39729,2.54332,2.65051,2.71453,2.73274,2.69965,2.62357,2.52,2.41489,2.34091,2.30826,2.31088,2.34633,2.40108,2.44367,2.45891,2.45931,2.47949,2.53455,2.62243,2.73153,2.82364,2.87903,2.88438,2.8514,2.8149,2.81363,2.89084,3.04682,3.26822,3.45719,3.55214,3.55712,3.51181,3.45999,3.25317,2.98553,2.81634,2.63677,2.5282,2.57487,2.62861,2.62296,2.5652,2.45363,2.29318,2.04356,1.73007,1.46835,1.26787,1.06764,0.818302,0.519906
3.16861,3.06571,2.97581,2.54819,2.22343,2.02854,1.84346,1.74047,1.75312,1.84281,1.96143,2.09404,2.22753,2.34938,2.45683,2.53188,2.56693,2.56008,2.51653,2.44706,2.38187,2.35716,2.39189,2.45722,2.50028,2.51645,2.53585,2.56814,2.5862,2.57173,2.55696,2.58274,2.65928,2.77366,2.89344,2.97034,2.98692,2.98063,3.02,3.11761,3.29983,3.4441,3.67871,3.68694,4.18787,4.80194,4.53262,4.88437,4.81034,3.634,3.03081,2.89458,2.77604,2.59014,2.23054,1.97215,2.04863,2.21465,2.1836,1.91696,1.61882,1.40842,1.20872,0.934513,0.597669
2.83992,2.6565,2.63586,2.39885,1.91204,1.63618,1.63523,1.69395,1.7416,1.7946,1.85786,1.93229,2.0011,2.05343,2.09916,2.15369,2.22651,2.30588,2.36861,2.3944,2.39246,2.40351,2.44966,2.51802,2.58418,2.62135,2.64493,2.66458,2.65569,2.6209,2.59124,2.62024,2.67229,2.76025,2.93213,3.10285,3.17355,3.17916,3.18705,3.27529,3.37197,3.93702,4.28011,4.25786,5.13596,5.17714,3.99695,3.63954,3.7955,3.67386,3.33895,3.16637,2.89642,3.13204,4.35854,4.45439,3.26468,2.45363,2.10606,1.89608,1.68192,1.46838,1.28037,1.04513,0.704714
2.70926,3.13382,2.91158,2.29079,1.956,1.69393,1.57887,1.63442,1.7196,1.76595,1.78318,1.78219,1.75907,1.73212,1.74666,1.82779,1.96272,2.12306,2.266,2.36444,2.42309,2.45783,2.4942,2.56195,2.65124,2.73492,2.77408,2.76703,2.72296,2.73538,2.52248,2.81839,4.05807,4.36557,3.66366,3.25266,3.16884,3.24411,3.29093,3.53534,3.40866,3.81049,5.11103,5.29267,5.42726,5.29998,4.49708,4.81137,4.61035,3.62664,3.50515,3.60739,3.3677,2.99434,2.96058,3.20918,3.17862,2.87624,2.46482,2.03455,1.64448,1.33822,1.13522,0.946269,0.68918
3.19728,3.07351,2.33022,1.7311,1.50957,1.44237,1.43758,1.50676,1.6097,1.69273,1.72492,1.70287,1.64808,1.60767,1.62394,1.71698,1.87025,2.04876,2.22606,2.37276,2.46461,2.51224,2.57012,2.643,2.78725,2.88654,2.98316,2.87261,3.05424,4.10212,4.3308,3.42976,2.93253,3.08018,3.29452,3.35204,3.17202,3.15132,3.15318,3.71254,5.12748,5.40263,4.60831,4.10843,3.72172,3.94464,5.18342,5.4401,4.35405,3.56813,3.46289,3.53808,4.03761,5.13949,4.94309,3.63615,3.05356,2.99004,2.87468,2.56565,2.05795,1.4851,1.0875,0.874982,0.684929
2.0351,1.83639,1.75637,1.84852,1.70253,1.45039,1.35676,1.39969,1.4852,1.55632,1.59638,1.6158,1.62148,1.63749,1.6869,1.77227,1.89392,2.04028,2.19789,2.35243,2.48077,2.56989,2.64413,2.74993,2.86193,3.01316,3.07868,3.16696,2.98471,3.11915,4.26004,4.4479,3.66271,3.10632,3.00208,3.76375,4.47168,4.03894,4.01989,5.10549,5.45267,4.67891,4.55485,5.33546,5.43226,5.46418,4.87832,4.59836,5.18898,5.15323,5.41811,5.64054,5.59057,5.40493,5.46422,5.0909,3.74835,2.87343,2.47192,2.19087,1.97152,1.65867,1.24282,0.85943,0.650712
2.22189,2.06012,1.48246,1.30249,1.40207,1.44689,1.43762,1.44339,1.44443,1.42054,1.40345,1.43527,1.50927,1.63083,1.74164,1.82857,1.91029,2.00818,2.14918,2.32089,2.49372,2.63946,2.74997,2.85515,2.95451,3.03987,3.11227,3.09927,3.02066,2.80259,2.58413,2.61676,2.71765,2.78105,2.79337,2.90285,3.17197,3.53102,3.70705,3.91013,3.89692,4.23644,5.46008,5.52916,4.49734,4.37111,5.25937,5.0599,4.40398,5.26862,5.35676,4.73462,5.44663,5.45175,4.81171,5.55299,5.35991,4.39002,4.76058,4.32565,2.81608,1.93071,1.53167,1.14783,0.75599
1.13873,1.08583,1.14413,1.18661,1.26722,1.38122,1.47456,1.50087,1.4327,1.30184,1.2085,1.22793,1.35724,1.54649,1.7118,1.82531,1.91251,2.01157,2.15916,2.3387,2.53685,2.72597,2.87359,2.98021,3.04715,3.06896,3.04414,2.94702,2.77282,2.57072,2.3926,2.31648,2.36745,2.50722,2.72513,2.95464,3.25368,3.30356,4.24201,5.3641,5.46099,5.77473,5.70986,5.73553,5.43091,4.94508,4.97974,4.66614,5.26969,5.3216,4.62556,5.3402,5.40437,4.86374,5.69395,5.62517,4.90567,5.42653,5.17304,3.74052,2.56158,1.79498,1.13374,0.686007,0.590284
1.01842,0.9158,0.989165,1.11646,1.24967,1.3698,1.46019,1.46863,1.36615,1.2079,1.10442,1.12345,1.26697,1.45855,1.63144,1.76271,1.87163,1.99141,2.14618,2.34829,2.57155,2.77607,2.93933,3.04435,3.08954,3.0676,2.96766,2.81421,2.65451,2.51837,2.44376,2.45387,2.53769,2.6934,2.87449,3.14232,3.35858,3.57422,4.28546,5.47803,6.19377,6.12486,6.23653,5.63277,4.81114,5.46265,5.31925,4.5534,5.26344,5.23903,4.55708,5.38028,5.47518,5.06773,5.84609,6.10459,6.07972,5.37661,4.34973,4.83907,4.3255,3.04237,3.21768,2.55226,1.09151
1.42376,1.30119,1.27699,1.29854,1.34183,1.3886,1.40423,1.33398,1.17661,1.01551,0.961616,1.04703,1.19847,1.34229,1.45879,1.56904,1.70255,1.8733,2.07752,2.3104,2.54774,2.76407,2.94252,3.06404,3.12444,3.10172,2.98809,2.83176,2.69902,2.63416,2.6564,2.73589,2.88476,3.02543,3.12466,3.25202,3.4797,3.53728,4.0227,5.54707,5.90596,5.54437,6.01862,6.17868,5.91619,5.74939,5.74064,5.58477,5.51973,5.47836,5.64845,5.42673,5.03823,5.95861,5.99243,5.40317,5.99156,5.71418,4.32171,3.04551,2.74818,3.68988,3.53665,2.23209,1.37586
1.47639,1.52659,1.57226,1.56321,1.52957,1.48865,1.41029,1.23535,0.988557,0.794042,0.766635,0.888476,1.04312,1.15214,1.22003,1.30758,1.46763,1.69872,1.97627,2.26328,2.53305,2.78033,2.99839,3.16525,3.24898,3.22598,3.10027,2.95571,2.83323,2.83524,2.86111,3.03657,3.08597,3.46704,4.87393,5.16959,4.88624,5.64706,5.52774,5.21464,5.95025,6.40432,5.73083,5.17169,5.7704,5.56821,4.89646,5.58871,5.54122,5.03498,5.64549,6.08266,6.19531,6.24181,6.47311,5.96007,5.16804,5.7416,5.30129,4.13579,4.38997,3.9184,2.27591,1.23654,0.829818
1.716,1.75535,1.74455,1.70537,1.6732,1.62442,1.49729,1.24229,0.916135,0.671713,0.60933,0.708756,0.867116,0.995567,1.08316,1.17738,1.33674,1.58157,1.8914,2.22452,2.55101,2.85962,3.13238,3.33313,3.4096,3.33087,3.1833,3.02394,2.99828,3.02428,3.1653,3.17592,3.69714,5.12315,5.625,5.49267,6.25216,6.73727,6.41325,6.53325,5.76598,5.14532,5.71502,5.75805,5.84348,5.8406,5.84851,5.49358,5.01245,5.75176,5.71146,5.39051,6.1921,6.43078,6.65632,7.01888,6.64189,5.51398,4.64688,5.13266,4.61169,3.2356,3.35172,2.96347,1.50796
1.99476,1.93305,1.82725,1.76223,1.75624,1.72976,1.57817,1.27533,0.914593,0.640758,0.541226,0.60199,0.751031,0.906652,1.03267,1.14881,1.30162,1.52664,1.8247,2.17969,2.56128,2.9574,3.26955,3.59011,3.50826,4.00577,4.7812,4.66257,5.01435,5.50804,5.74632,5.48725,4.60869,4.87859,6.0404,7.00178,7.25928,7.1525,7.09855,7.00935,6.61114,5.86434,5.8498,5.82709,6.13069,6.35859,5.98813,6.07623,6.03567,6.09501,6.21757,6.26473,6.35077,6.47508,6.33941,6.37579,5.85575,5.03511,5.46544,5.03533,3.80037,3.85013,3.52805,2.02857,0.861498
2.15221,2.10155,1.97361,1.85953,1.7809,1.67562,1.47747,1.17537,0.852506,0.622945,0.54328,0.612214,0.775763,0.940939,1.04473,1.11382,1.23022,1.46106,1.80871,2.23623,2.69457,3.09139,3.50525,3.62142,3.99851,5.07752,5.46977,4.94863,4.79737,4.77308,4.9448,6.03681,6.40677,6.23621,6.93199,7.50951,7.22677,7.52595,7.68987,7.37927,6.9975,6.71641,6.45605,6.42123,6.468,6.51734,6.57372,6.52397,6.047,6.29874,5.94962,5.57474,6.22725,6.48136,6.35667,6.15806,6.04326,5.78421,5.7699,5.41995,4.78441,3.87521,2.92921,3.14619,2.67622
2.2199,2.26629,2.16342,1.92017,1.63668,1.40348,1.19609,0.953456,0.702722,0.556735,0.57286,0.717828,0.919584,1.09552,1.1883,1.218,1.28701,1.50265,1.85764,2.35145,2.78464,3.32171,3.54065,4.04455,5.25514,5.70565,5.85102,5.63049,5.19123,5.74391,6.43886,6.73793,7.15748,7.61137,7.79173,7.94162,7.87671,7.75902,7.57179,7.22809,6.8673,6.64961,6.54366,6.55672,6.56199,6.66437,6.61596,6.07024,6.43986,6.82792,6.35335,6.26061,6.32677,6.25744,6.1251,6.16189,6.25175,6.24492,5.99877,5.68308,4.7024,2.93739,1.54236,1.50813,1.72803
2.28754,2.30573,2.14708,1.84574,1.49811,1.20991,0.983338,0.761938,0.572421,0.509758,0.602709,0.798885,1.02518,1.22674,1.36989,1.45392,1.5482,1.73634,2.07611,2.49808,3.0318,3.3407,4.20547,5.1354,5.28144,5.67977,6.09653,6.28054,6.28282,6.4444,6.82096,7.29679,7.92386,8.07922,8.13514,8.09139,7.98718,7.77032,7.43943,7.10787,6.82324,6.63301,6.56488,6.62273,6.70896,6.79263,6.88399,6.9407,6.87352,6.3945,6.51868,6.35806,6.48334,6.71506,6.71775,6.59234,6.12726,6.28657,6.06941,5.68511,4.58671,3.20898,3.19684,2.30193,1.50272
2.20618,2.07594,1.90015,1.71778,1.51251,1.2449,0.942773,0.686402,0.531708,0.496755,0.57528,0.751969,0.983584,1.22768,1.45543,1.65504,1.84104,2.07335,2.37157,2.83872,3.12427,4.0114,5.22392,5.57915,5.81715,6.18323,6.35303,6.39688,6.56884,6.84497,7.54392,8.31442,8.29231,8.22632,8.18275,8.1351,8.00239,7.74666,7.42921,7.14606,6.93592,6.8138,6.7408,6.7435,6.79618,6.92793,7.01255,7.10557,7.06049,6.57467,6.70361,6.9079,6.80869,6.90254,6.77549,6.36295,6.55792,6.52577,6.44163,6.26743,4.99462,3.6532,2.92647,2.29332,2.35818
1.85776,1.62748,1.59739,1.63292,1.51588,1.22877,0.903502,0.648247,0.490219,0.417723,0.426322,0.544852,0.754494,1.00655,1.27164,1.56206,1.88566,2.30199,2.68668,3.23757,3.51901,4.19516,5.47306,6.24687,6.34305,6.12603,6.31686,6.58182,6.95107,7.25894,7.86504,8.37192,8.32096,8.30709,8.27821,8.11397,7.84903,7.58118,7.42726,7.34982,7.20201,7.02942,6.93497,6.93798,6.9954,7.09749,7.1956,7.23353,7.24737,7.13551,6.99549,6.96157,6.95579,7.00414,7.10614,7.07709,6.95795,6.9404,6.07249,5.25918,5.02659,3.90253,2.97924,3.16752,2.92698
1.18296,1.22724,1.54083,1.71954,1.47362,1.00403,0.636679,0.387945,0.210362,0.0979915,0.0708657,0.15487,0.328653,0.557551,0.872281,1.32117,1.91549,2.52893,3.11412,3.49961,3.84396,3.92562,4.58084,5.9428,6.55798,6.56216,6.45971,6.59883,6.89948,7.57656,8.35739,8.45522,8.47845,8.38948,8.26289,8.08833,7.92496,7.86687,7.85888,7.7393,7.46479,7.19218,7.07374,7.10487,7.21226,7.33976,7.43293,7.42778,7.34209,7.22912,7.11593,7.06417,7.1014,7.2227,7.27799,7.31717,7.16633,7.0871,6.60229,5.30401,4.85639,4.32238,3.48384,2.82409,2.45602
0.778449,1.31789,1.65719,1.57751,1.10334,0.461828,0.0814272,-0.144068,-0.293737,-0.393858,-0.411287,-0.354835,-0.230254,0.0462147,0.596217,1.36994,2.15615,2.7629,3.14286,3.30049,3.39773,3.72612,4.14325,4.87552,6.28638,6.89866,6.41034,6.70677,7.4573,8.03173,8.46854,8.6524,8.60583,8.50453,8.30907,8.13418,8.135,8.253,8.33449,8.26235,8.00325,7.66272,7.43082,7.3723,7.44521,7.59384,7.67194,7.57501,7.39289,7.26208,7.20248,7.22455,7.30262,7.39892,7.3935,7.3031,7.26983,7.00425,6.27671,6.02432,5.54202,4.35927,3.72438,2.98131,2.71228
0.912145,1.48684,1.54763,1.20915,0.593712,0.0443372,-0.341607,-0.609418,-0.78682,-0.876082,-0.929923,-1.00722,-0.950161,-0.443524,0.524073,1.54114,2.20675,2.47872,2.59483,2.61084,3.05836,3.62289,4.73383,6.17116,6.68987,6.63752,6.86983,6.7042,7.24764,5.72289,5.17228,6.77156,7.75262,7.9336,8.04881,8.18549,8.3768,8.53858,8.63103,8.62315,8.44488,8.08251,7.68161,7.49326,7.63403,7.88855,7.89757,7.64904,7.42272,7.33664,7.32729,7.37564,7.46318,7.49431,7.46016,7.36864,7.35739,7.23642,6.87801,6.10594,5.17597,4.53389,3.68291,2.88168,2.18098
1.06549,1.3759,1.30758,0.908839,0.283214,-0.251638,-0.657889,-0.963255,-1.18137,-1.3354,-1.5098,-1.65184,-1.38906,-0.439917,0.808249,1.64293,1.94154,2.0842,2.29597,2.57944,3.26759,4.08408,5.098,6.35926,6.76825,7.17735,7.76862,8.17133,8.30234,8.09454,7.9044,7.70314,7.67972,7.81708,8.05694,8.32195,8.54263,8.71562,8.8285,8.85983,8.74293,8.39151,7.90495,7.60308,7.70128,7.96257,7.97828,7.75584,7.55642,7.46773,7.45545,7.4912,7.55044,7.56745,7.56162,7.54177,7.51734,7.29197,6.72613,6.20641,5.63414,4.87404,3.56683,2.58088,2.61787
