uploads/wind/20200722/wind_field_19.json
{"header": {"parameterUnit": "m.s-1", "parameterNumber": 3, "dx":  0.051, "dy": 0.036, "parameterNumberName": "northward_wind", "la1": 45.3082, "parameterCategory": 2,"nx": 177, "ny": 123, "refTime": "2018-10-03 01:00:00", "lo1":1.38177}, "data":
[rows 29 to 57 of 123, columns 65 to 129 of 177]
2.23965,2.29082,2.44864,2.66759,2.83405,2.86746,2.77919,2.62331,2.44581,2.28846,2.16711,2.08495,2.03363,1.97302,1.85445,1.7025,1.61228,1.60166,1.61539,1.63806,1.72873,1.88759,2.03319,2.09081,2.04074,1.92537,1.80017,1.70221,1.62307,1.55236,1.44556,1.29501,1.14069,1.04808,1.01979,1.04122,1.09988,1.16716,1.20356,1.18902,1.1423,1.10408,1.07772,1.05587,1.02831,1.01267,1.02977,1.06221,1.09197,1.11707,1.15924,1.21744,1.24547,1.17798,1.01958,0.858156,0.790699,0.813058,0.870654,0.933255,0.956419,0.900074,0.750772,0.524169,0.283961
2.28217,2.23607,2.28263,2.41611,2.55113,2.62414,2.62645,2.56729,2.45583,2.29379,2.12953,2.02921,2.00963,1.99755,1.92639,1.84647,1.84363,1.87364,1.87976,1.92243,2.07558,2.29043,2.45377,2.48224,2.36052,2.14136,1.90081,1.7148,1.59477,1.52238,1.46951,1.42258,1.38537,1.34399,1.30216,1.2838,1.29431,1.30302,1.27486,1.22391,1.18814,1.21519,1.2906,1.3601,1.36808,1.31431,1.24445,1.20253,1.1866,1.19124,1.20742,1.22592,1.21281,1.10773,0.925955,0.746322,0.651643,0.640766,0.656723,0.674165,0.698677,0.713158,0.651786,0.484076,0.276607
2.396,2.30141,2.28079,2.3342,2.41937,2.48786,2.52195,2.51475,2.4357,2.28305,2.11254,2.01002,1.99108,1.99763,1.99887,2.03171,2.11115,2.18805,2.24494,2.34247,2.51463,2.68827,2.77249,2.72345,2.55522,2.31299,2.04725,1.80646,1.62846,1.51429,1.4759,1.49284,1.53196,1.56799,1.57984,1.57562,1.54508,1.48443,1.40722,1.34647,1.33638,1.39345,1.49543,1.59287,1.61789,1.54632,1.418,1.30267,1.22725,1.17536,1.10424,1.02185,0.939012,0.841421,0.71615,0.608432,0.548436,0.530136,0.50379,0.469923,0.478774,0.537474,0.569707,0.502526,0.371064
2.48351,2.37069,2.30386,2.30872,2.36901,2.43832,2.48234,2.47808,2.40779,2.28145,2.15266,2.08291,2.07383,2.09223,2.12887,2.19428,2.26375,2.32181,2.38251,2.46214,2.5521,2.62139,2.63726,2.58845,2.46173,2.27903,2.06758,1.8431,1.64331,1.51629,1.46861,1.49296,1.55399,1.64058,1.72617,1.768,1.73974,1.67226,1.60972,1.57381,1.56808,1.57447,1.58703,1.62116,1.66754,1.65983,1.54953,1.36877,1.18109,1.00719,0.827879,0.662851,0.543394,0.499521,0.492685,0.492773,0.491408,0.475141,0.420292,0.337062,0.29951,0.371499,0.49886,0.572628,0.565348
2.53003,2.43183,2.35367,2.32674,2.34701,2.37934,2.39226,2.37351,2.32549,2.26777,2.2298,2.23439,2.26881,2.29919,2.31514,2.34185,2.38307,2.43129,2.46952,2.46653,2.40762,2.33063,2.27647,2.23487,2.16775,2.06432,1.93359,1.80029,1.67884,1.60673,1.57908,1.59016,1.62519,1.67756,1.73254,1.75566,1.75209,1.76034,1.79391,1.8148,1.79066,1.70638,1.61231,1.5546,1.56616,1.58598,1.52327,1.33943,1.07898,0.826274,0.613917,0.373391,0.163473,0.128833,0.261496,0.403917,0.46455,0.433221,0.34079,0.223023,0.162805,0.246252,0.438502,0.641231,0.772482
2.60157,2.556,2.51508,2.48837,2.4684,2.44052,2.40116,2.35984,2.33531,2.34901,2.39742,2.46049,2.50858,2.51331,2.47977,2.4557,2.47142,2.50384,2.49698,2.42239,2.27094,2.10178,1.96798,1.87635,1.81697,1.76871,1.72276,1.69457,1.69648,1.7209,1.76169,1.79295,1.80574,1.80586,1.79127,1.78188,1.81207,1.88176,1.95506,1.96269,1.87243,1.69479,1.5153,1.38184,1.31331,1.27882,1.22929,1.09961,0.884186,0.672432,0.490912,0.286406,0.105734,0.0589089,0.161469,0.318333,0.410941,0.39577,0.305138,0.197614,0.150061,0.249315,0.478423,0.733865,0.947786
2.79996,2.80158,2.81474,2.80761,2.77713,2.72779,2.66781,2.60535,2.57355,2.59714,2.66103,2.71796,2.72462,2.6658,2.56143,2.45973,2.41083,2.38951,2.33825,2.23112,2.07612,1.90319,1.73864,1.61226,1.55056,1.54805,1.57925,1.6199,1.68026,1.74921,1.83971,1.92888,1.99776,2.03465,2.04239,2.03273,2.03072,2.02826,1.99112,1.89689,1.74092,1.53398,1.32965,1.15094,1.00909,0.897259,0.811911,0.711862,0.585547,0.434878,0.300729,0.255713,0.278745,0.256266,0.226121,0.315812,0.468953,0.534117,0.467643,0.34264,0.280537,0.391011,0.643438,0.894376,1.11227
3.14334,3.18774,3.20603,3.20323,3.16344,3.10464,3.03466,2.94731,2.87379,2.84335,2.84443,2.83172,2.76985,2.64588,2.47376,2.29778,2.18053,2.12335,2.07991,2.01258,1.92025,1.79924,1.66289,1.54762,1.50867,1.54635,1.61998,1.68036,1.72029,1.75015,1.82106,1.94703,2.09637,2.21786,2.26152,2.22782,2.11803,1.97393,1.82534,1.68851,1.54407,1.37609,1.18112,0.977008,0.775307,0.613537,0.456603,0.351834,0.252522,0.122108,0.0730979,0.165429,0.28737,0.344001,0.350004,0.36437,0.430712,0.53991,0.589907,0.553317,0.535529,0.6144,0.796628,1.02908,1.25148
3.53803,3.60799,3.60983,3.59674,3.53041,3.44906,3.34067,3.20959,3.07105,2.96538,2.88673,2.81176,2.71803,2.57639,2.38622,2.19757,2.06994,2.01688,1.99998,1.98349,1.94077,1.85635,1.75048,1.6764,1.66851,1.7193,1.78702,1.83244,1.84062,1.82217,1.83776,1.92905,2.08375,2.21932,2.26987,2.19192,2.01521,1.80005,1.63,1.50703,1.40754,1.26829,1.08253,0.866626,0.645545,0.445258,0.254975,0.152226,0.0440622,-0.0232005,0.0395521,0.150549,0.230538,0.369525,0.435093,0.432547,0.410082,0.468896,0.519423,0.480997,0.505143,0.662547,0.896931,1.16553,1.39634
3.84011,3.89533,3.90541,3.88206,3.7987,3.70848,3.54984,3.36563,3.17262,3.02734,2.9194,2.83866,2.75794,2.63614,2.46947,2.31091,2.20767,2.15952,2.1406,2.11305,2.04904,1.95175,1.86397,1.82618,1.84042,1.88416,1.93249,1.96273,1.96225,1.93747,1.90688,1.92317,1.99113,2.08835,2.13805,2.11039,1.97477,1.80352,1.63349,1.51989,1.3974,1.27026,1.09354,0.879342,0.666323,0.447683,0.243789,0.0490046,-0.0153969,0.0577126,0.150669,0.186311,0.308654,0.45204,0.436209,0.495334,0.526532,0.499998,0.489033,0.468567,0.456259,0.594871,0.893827,1.20392,1.41609
3.99114,4.00196,4.00866,3.97559,3.88851,3.7824,3.60841,3.40861,3.22837,3.11085,3.02338,2.94185,2.84111,2.70224,2.54939,2.43018,2.35214,2.29773,2.25442,2.2012,2.12272,2.02686,1.94196,1.89293,1.89537,1.94043,2.00301,2.0511,2.06984,2.05488,2.01674,1.97051,1.96035,1.9588,1.99338,1.99028,1.98759,1.90163,1.75859,1.56611,1.43527,1.28424,1.15183,0.965288,0.822487,0.676342,0.441421,0.125901,0.113395,0.212501,0.298508,0.261578,0.359795,0.563277,0.558015,0.564537,0.594474,0.545773,0.614939,0.734249,0.711227,0.784332,1.02896,1.25363,1.3845
4.02829,3.97486,3.94814,3.86674,3.7529,3.63602,3.49995,3.35852,3.25332,3.18609,3.12083,3.01273,2.84778,2.65677,2.49951,2.41497,2.37166,2.3227,2.26358,2.21108,2.17061,2.1328,2.0846,2.03952,2.02158,2.05262,2.10671,2.16252,2.18547,2.16948,2.14067,2.10181,2.03031,1.97366,1.92706,1.94968,1.83643,1.7493,1.63914,1.57332,1.34516,1.24828,1.12324,1.01901,0.962706,1.02078,0.881732,0.659595,0.575149,0.489607,0.518466,0.529231,0.502829,0.617869,0.62125,0.620973,0.709208,0.773002,0.846421,0.99153,1.00695,1.04725,1.19472,1.34768,1.47646
3.91456,3.8437,3.73526,3.58331,3.43597,3.36494,3.3045,3.26829,3.21117,3.15215,3.06871,2.95574,2.77744,2.59313,2.46033,2.4041,2.38876,2.36959,2.33539,2.30727,2.3036,2.32079,2.34018,2.35559,2.36252,2.37086,2.37254,2.35744,2.31187,2.28641,2.21382,2.16169,2.0576,1.97758,1.96707,2.004,1.60547,1.45151,1.24978,1.39162,1.05236,1.19136,1.07215,1.12486,1.1694,1.2621,1.35922,1.30157,1.08986,0.923387,0.834335,0.821261,0.711432,0.713995,0.650467,0.687714,0.782506,0.953023,1.11986,1.23759,1.34846,1.35017,1.36532,1.40488,1.48309
3.70766,3.5936,3.48671,3.31149,3.21093,3.18354,3.18732,3.18582,3.11552,3.01247,2.8949,2.80046,2.67984,2.57868,2.51096,2.48407,2.4905,2.51126,2.52872,2.54336,2.56357,2.59295,2.62753,2.6564,2.67174,2.66523,2.61256,2.54263,2.42777,2.34365,2.20596,2.07408,2.04993,1.78914,1.85686,1.67629,1.26843,1.06184,0.858841,1.01697,0.803386,0.955151,0.994197,1.18621,1.38702,1.46061,1.65402,1.5411,1.40864,1.30661,1.28973,1.05301,0.87351,0.911409,0.823666,0.860289,0.913348,1.17826,1.41349,1.43763,1.55091,1.66635,1.63485,1.63009,1.64986
3.45389,3.33145,3.28707,3.23046,3.22595,3.23407,3.21872,3.15916,3.03203,2.87225,2.73254,2.63774,2.58196,2.56413,2.56728,2.58152,2.61845,2.68521,2.76248,2.82107,2.84815,2.84671,2.81826,2.7716,2.77802,2.64998,2.54006,2.46004,2.33231,2.21065,2.05764,1.87934,1.78967,1.51089,1.45824,1.09938,0.802952,0.646651,0.509816,0.782212,0.772946,0.802374,0.970124,1.1526,1.2873,1.68689,1.66146,1.47222,1.60695,1.47285,1.48279,1.33727,1.1888,1.16628,1.08486,1.13075,1.15003,1.43484,1.63037,1.65513,1.77263,1.86457,1.92089,1.79948,1.87441
3.15676,3.03326,3.07389,3.18303,3.31084,3.36448,3.32598,3.20137,3.02802,2.83886,2.69922,2.60132,2.56562,2.5829,2.62842,2.67592,2.73264,2.81332,2.90682,2.96946,2.9688,2.90473,2.78163,2.65387,2.60548,2.33901,2.15791,2.02489,1.92076,1.8236,1.68256,1.56609,1.40457,1.26248,1.0773,0.75625,0.511657,0.421623,0.355154,0.637615,0.747079,0.778649,1.03302,1.07149,1.20554,1.57925,1.58095,1.36993,1.76119,1.5163,1.55268,1.63952,1.45789,1.53058,1.35522,1.35623,1.53366,1.54539,1.77654,1.83328,1.97176,2.12988,2.23927,1.91513,1.87953
2.74698,2.71542,2.85008,3.02862,3.20346,3.29004,3.27582,3.17755,3.02667,2.88449,2.77969,2.70353,2.66899,2.67325,2.70492,2.73299,2.74507,2.74451,2.73999,2.71413,2.64218,2.52226,2.36323,2.20624,2.04868,1.80571,1.61293,1.47601,1.40948,1.3726,1.27848,1.20733,1.11898,0.92094,0.781397,0.543174,0.442513,0.487753,0.514617,0.69182,0.816681,0.93305,1.09303,1.00691,1.231,1.37937,1.56887,1.51035,1.80346,1.73357,1.82013,1.91762,1.65674,1.81441,1.70804,1.62865,1.84468,1.77058,1.89773,1.84402,2.01584,2.32779,2.20965,2.03517,2.02512
2.24923,2.44158,2.65316,2.79993,2.89506,2.94137,2.94745,2.91717,2.86073,2.80171,2.7529,2.71616,2.68724,2.659,2.62572,2.56838,2.47069,2.32875,2.15954,1.98169,1.8069,1.63514,1.47075,1.30819,1.14188,1.01259,0.941645,0.917302,0.945183,0.975208,0.896513,0.770866,0.628608,0.437549,0.408853,0.359604,0.406538,0.677195,0.765926,1.01177,1.01152,1.27505,1.33332,1.24171,1.39699,1.57406,1.63637,1.81552,1.84545,1.95492,2.03418,2.04054,1.84851,1.97451,2.12321,1.95564,2.06157,2.14649,1.95295,1.86966,2.08203,2.09372,2.0973,2.11553,2.26176
1.59384,1.96873,2.27594,2.45165,2.51446,2.51472,2.51176,2.50963,2.50041,2.46818,2.43883,2.42657,2.39923,2.33193,2.21222,2.03699,1.80188,1.51029,1.18117,0.859485,0.584249,0.374864,0.219451,0.107316,0.0481641,0.0448568,0.117935,0.235866,0.332472,0.366467,0.28948,0.11154,-0.06832,-0.012761,0.0567393,0.176678,0.432173,0.79365,1.11332,1.3796,1.46167,1.52927,1.80948,1.65775,1.91498,1.91752,1.92868,1.94452,1.91729,1.98479,2.02247,2.07521,1.7999,2.20623,2.18279,2.19919,2.37574,2.23737,2.03026,2.0434,1.90711,1.84711,2.22391,2.14853,2.36817
0.795761,1.16614,1.50622,1.77497,1.94105,2.01652,2.0568,2.07805,2.07075,2.03617,2.00016,1.96885,1.90158,1.7564,1.51246,1.17601,0.776728,0.348947,-0.0692832,-0.422582,-0.683501,-0.835019,-0.902723,-0.898409,-0.841586,-0.735614,-0.57561,-0.436334,-0.315682,-0.325367,-0.389815,-0.534513,-0.482083,-0.270558,-0.0733509,0.121536,0.483404,0.845118,1.28098,1.57365,1.8377,1.82421,2.15339,2.00616,2.26297,2.16394,2.06899,1.96812,1.66926,1.93134,1.90936,1.96611,1.79166,2.1903,2.1513,2.40308,2.52678,2.21262,2.17728,1.90251,1.74424,2.01686,2.22533,2.3493,2.31683
0.318729,0.518513,0.721154,0.940823,1.14829,1.31356,1.43994,1.51932,1.56114,1.57843,1.5779,1.53618,1.41207,1.16376,0.781107,0.301427,-0.19662,-0.649112,-1.0163,-1.27114,-1.41377,-1.45802,-1.42913,-1.34533,-1.21197,-1.03499,-0.914636,-0.7636,-0.697665,-0.620049,-0.659497,-0.570568,-0.305419,-0.116604,0.078852,0.330034,0.606536,0.975651,1.32737,1.67296,1.88497,2.12347,2.23816,2.22474,2.2177,2.1502,2.02499,1.92598,1.63174,1.89955,1.83887,1.78095,1.91918,1.99316,2.26616,2.46092,2.31499,2.33593,2.05139,1.72156,1.91487,2.1164,2.01606,2.63055,2.40587
0.493566,0.519792,0.52033,0.545836,0.60594,0.687667,0.773643,0.840576,0.903593,0.966143,1.00746,0.987286,0.848695,0.55542,0.128078,-0.344363,-0.767452,-1.09517,-1.31307,-1.42642,-1.4604,-1.44396,-1.38309,-1.27385,-1.11014,-0.934896,-0.91151,-0.630787,-0.629041,-0.400825,-0.345618,-0.118558,0.185765,0.409115,0.500704,0.722458,1.00282,1.22222,1.58465,1.79023,2.00162,2.15177,2.15004,2.14486,2.10891,2.05309,2.07108,1.93169,1.99007,1.97668,1.79467,1.74329,1.79488,1.98162,2.07551,2.36276,1.84843,2.24758,1.77444,1.93177,1.89994,1.89964,2.03224,2.33553,2.3705
1.13623,1.02647,0.867464,0.708982,0.576529,0.465209,0.363568,0.275817,0.226462,0.22035,0.223676,0.176952,0.0210876,-0.252681,-0.57438,-0.854271,-1.04685,-1.14918,-1.17343,-1.14837,-1.10188,-1.04521,-0.959607,-0.82439,-0.677598,-0.458924,-0.375104,-0.0912607,0.0620717,0.277574,0.35631,0.564915,0.800109,1.06608,1.17014,1.3703,1.58779,1.69776,2.0078,2.08993,2.18503,2.17578,2.15949,2.15511,2.20544,2.33592,2.39153,2.37856,2.52369,2.06082,2.04202,1.84883,1.83581,1.85473,1.94575,2.06147,1.7059,2.04263,1.63009,2.0991,1.71138,1.70603,2.18766,1.94512,2.25383
2.03067,1.78267,1.50753,1.23201,0.964447,0.690292,0.40782,0.145972,-0.0447936,-0.16151,-0.255864,-0.390229,-0.587957,-0.802173,-0.959627,-1.02241,-1.0137,-0.954471,-0.861957,-0.758727,-0.653121,-0.537958,-0.377203,-0.155653,-0.00349272,0.296406,0.523067,0.737864,0.976402,1.18401,1.26824,1.3502,1.50826,1.719,1.8922,2.06509,2.20852,2.37012,2.47694,2.51323,2.49561,2.48704,2.49436,2.56652,2.68096,2.8509,2.99702,2.97403,2.87615,2.43479,2.54886,2.34618,2.21471,2.04609,2.03676,1.85258,1.89221,2.09934,1.58044,1.96423,1.70339,1.82233,1.98676,1.92876,2.53009
2.97042,2.75359,2.42481,2.0627,1.69358,1.31827,0.954261,0.640347,0.423127,0.275878,0.13141,-0.0604208,-0.269598,-0.426976,-0.497411,-0.491963,-0.454185,-0.400066,-0.342186,-0.273231,-0.17221,-0.0187537,0.194621,0.503029,0.771309,1.09735,1.37784,1.59725,1.71706,1.82059,1.84151,1.74773,1.90074,2.06703,2.19443,2.35574,2.52099,2.69709,2.82463,2.89599,2.9466,3.00616,3.09544,3.24369,3.40893,3.36776,3.58958,3.43303,3.00526,3.06739,3.12768,3.05546,2.90278,2.7429,2.40193,2.21784,2.23314,2.34671,2.11805,1.92167,2.08176,2.06953,2.06459,2.44769,2.68086
3.77308,3.60134,3.34334,2.99684,2.58663,2.18641,1.83982,1.59278,1.42901,1.28259,1.1034,0.902384,0.738328,0.62296,0.546652,0.491127,0.457691,0.436546,0.426217,0.43924,0.527926,0.704829,0.955145,1.13971,1.3086,1.43239,1.52845,1.63516,1.66691,1.58405,1.4725,1.48574,1.49912,1.79193,2.05415,2.32718,2.64331,2.93576,3.18163,3.36852,3.50011,3.63345,3.79947,4.01218,4.16451,4.15923,4.10301,3.88274,3.61527,3.73373,3.79437,3.81553,3.79452,3.59644,3.27325,2.98597,2.99584,3.02936,3.17229,2.81599,3.06545,2.53223,2.81468,3.03573,3.05909
3.92352,3.66092,3.64978,3.57917,3.35234,3.10241,2.87103,2.66485,2.44859,2.20998,1.9669,1.75408,1.60525,1.54365,1.52971,1.49212,1.40809,1.29934,1.185,1.12062,1.09696,0.940794,0.817878,0.638332,0.71288,0.813362,1.01587,1.17681,0.850144,0.730072,1.01123,1.34256,1.68005,1.95483,2.27589,2.67847,3.10948,3.50828,3.82739,4.05671,4.19812,4.32272,4.47774,4.65632,4.73599,4.70316,4.55392,4.44775,4.48196,4.51419,4.57826,4.60261,4.50388,4.29043,3.86973,3.90025,3.86044,4.08029,4.12536,4.10964,4.0946,3.37304,3.70767,3.76779,4.1134
2.70222,2.68926,2.99098,3.34531,3.58109,3.67968,3.60903,3.39356,3.08399,2.73699,2.45499,2.34607,2.38325,2.39677,2.2587,1.98117,1.64241,1.27969,0.946886,0.632143,0.0217296,-0.563342,-0.63285,-0.3962,-0.154674,0.257496,0.642157,1.01383,0.870812,0.790118,1.09843,1.57009,2.05513,2.34309,2.63558,3.0655,3.50279,3.88934,4.15786,4.28573,4.35015,4.45636,4.6105,4.72492,4.74059,4.66655,4.66543,4.78402,4.92332,5.01806,5.04597,4.99509,4.81987,4.59343,4.39824,4.45801,4.7133,4.84931,5.04389,5.13707,4.7707,4.51735,4.85901,4.93185,5.09744
1.52873,1.73783,2.11157,2.60734,3.12085,3.51628,3.66931,3.61621,3.45362,3.31216,3.24046,3.11039,2.77761,2.20403,1.50309,0.838055,0.265364,-0.122731,-0.478761,-0.702058,-1.44955,-1.42289,-0.936701,-0.249897,0.285314,0.533905,0.688343,0.682024,1.1595,1.57695,1.85227,2.08741,2.0853,2.2993,2.56893,2.98422,3.43745,3.77255,3.8643,3.81786,3.82526,3.95792,4.13933,4.22265,4.19487,4.18237,4.33257,4.57944,4.80281,4.95245,4.98325,4.89494,4.74358,4.67047,4.81121,5.00658,5.33131,5.49964,5.6436,5.64933,5.44698,5.37966,5.56275,5.28265,5.51214
