uploads/wind/20200722/wind_field_07.json
{"header": {"parameterUnit": "m.s-1", "parameterNumber": 3, "dx":  0.051, "dy": 0.036, "parameterNumberName": "northward_wind", "la1": 45.3082, "parameterCategory": 2,"nx": 177, "ny": 123, "refTime": "2018-10-03 01:00:00", "lo1":1.38177}, "data":
[rows 56 to 83 of 123, columns 0 to 62 of 177]
1.80591,1.45405,0.827703,0.746547,0.727217,0.31575,-0.251809,-0.45333,-0.87434,-1.32829,-1.18296,-0.851075,1.07072,2.33485,1.92239,0.376663,-0.905538,-1.32904,-1.20639,-2.15841,-3.543,-4.15441,-3.75609,-3.9606,-3.67396,-3.06631,-3.25228,-4.20743,-4.77165,-4.65203,-3.31088,-3.49461,-3.67118,-3.66378,-3.65474,-3.55814,-3.58788,-3.65377,-3.64934,-3.49199,-3.28907,-3.05776,-2.48259,-1.6268,-0.988308,-0.870579,-0.714433,-0.452594,-0.146381,0.225635,0.620662,0.884693,0.890183,0.659216,0.314779,-0.0679508,-0.482683,-0.881524,-1.20166,-1.432,-1.57295,-1.69036,-1.81237
2.51485,1.93959,0.97833,0.695864,1.20262,0.581988,-0.271527,-0.779767,-0.846813,-1.43754,-1.70895,-1.81739,0.0693697,0.913835,0.855573,-0.341388,-0.736603,-1.53024,-2.2148,-2.23501,-3.14693,-3.31411,-3.21307,-3.35707,-3.36864,-2.39842,-1.75336,-2.72069,-3.42065,-3.39965,-2.4137,-2.98236,-3.20458,-3.17456,-3.19372,-3.25965,-3.35311,-3.58045,-3.70835,-3.66492,-3.49835,-3.31307,-3.04577,-2.51942,-1.7406,-1.1562,-0.968568,-0.80955,-0.640863,-0.431487,-0.156255,0.121405,0.275181,0.201868,-0.0796887,-0.444943,-0.857654,-1.27561,-1.62163,-1.8005,-1.78719,-1.69866,-1.66802
1.58627,1.76525,0.85642,0.397028,0.571421,-0.13081,-0.691894,-0.991547,-1.02123,-1.10534,-1.4289,-1.64775,-1.72369,-1.61599,-1.52326,-1.27359,-1.24447,-1.99741,-2.76987,-2.51602,-1.93064,-1.70442,-2.07057,-2.64241,-2.83774,-1.78706,-1.24133,-1.83276,-1.96086,-2.28198,-2.79992,-2.439,-2.40958,-2.49397,-2.7041,-2.82385,-2.93319,-3.32566,-3.55031,-3.61036,-3.55098,-3.37728,-3.14299,-2.95796,-2.57844,-2.0527,-1.78537,-1.69909,-1.52658,-1.35448,-1.19436,-1.00498,-0.88256,-0.889117,-1.0161,-1.26441,-1.53639,-1.72832,-1.7673,-1.66952,-1.55219,-1.52031,-1.60032
1.29484,0.968794,0.600642,0.116966,0.125565,-0.679576,-1.15931,-0.997755,-0.931301,-0.869459,-0.497631,-0.5043,-0.594233,-0.945163,-1.04346,-1.1131,-1.8284,-2.5555,-2.81417,-2.48363,-1.22823,-0.870757,-1.18285,-1.78115,-1.76323,-1.63242,-1.3073,-1.53479,-1.45898,-1.40021,-1.98719,-1.86241,-1.46934,-1.77871,-2.20731,-2.36546,-2.46929,-3.0338,-3.282,-3.33771,-3.43238,-3.40189,-3.16808,-2.958,-2.80559,-2.59178,-2.37875,-2.31706,-2.16071,-1.9704,-1.89564,-1.93622,-2.02996,-2.05367,-1.95983,-1.87824,-1.82043,-1.68686,-1.52967,-1.42432,-1.42628,-1.52462,-1.65811
0.248485,0.279568,0.0311183,-0.19869,-0.25058,-0.78808,-1.22336,-0.839986,-0.512198,-0.00373007,0.0448226,-0.445499,-0.280692,0.129432,-0.024337,-0.39401,-1.18461,-1.68186,-1.95713,-2.17888,-1.81595,-1.49021,-1.39616,-1.33275,-1.2546,-1.21889,-1.21673,-1.4364,-1.74104,-2.1334,-1.89481,-2.35025,-1.23753,-1.32711,-1.64423,-1.8406,-2.05744,-2.76047,-2.99131,-2.9451,-3.10373,-3.25004,-3.18211,-2.99302,-2.76066,-2.54254,-2.38644,-2.35344,-2.35149,-2.24581,-2.16086,-2.15793,-2.15328,-2.06461,-1.89935,-1.67073,-1.3931,-1.16882,-1.1465,-1.29665,-1.49166,-1.61411,-1.63247
-0.509745,-0.511882,-0.406463,-0.427064,-0.363578,-0.562066,-0.715155,-0.66616,-0.332458,-0.107661,-0.131969,-0.864177,-1.14388,-0.755189,-0.411528,-0.546419,-0.571369,-0.569967,-0.837897,-1.48961,-1.65582,-1.46325,-1.21779,-1.27021,-0.980012,-0.903233,-0.908573,-0.919214,-1.47556,-1.70258,-1.88485,-2.19804,-2.04242,-1.28822,-1.05944,-1.25049,-1.68013,-2.38597,-2.61689,-2.55726,-2.73946,-2.91345,-2.99474,-2.99496,-2.80568,-2.4749,-2.16671,-2.01247,-2.06404,-2.06008,-1.97077,-1.81797,-1.59518,-1.38797,-1.27759,-1.11376,-0.864834,-0.751814,-0.866411,-1.15934,-1.47979,-1.65516,-1.65962
-1.08465,-1.01629,-0.746944,-0.60596,-0.491134,-0.578821,-0.799634,-0.853342,-0.737041,-0.687564,-0.895892,-1.33591,-1.75486,-1.59568,-1.33736,-1.09936,-0.314494,0.273668,0.167551,-0.643721,-0.867732,-0.513163,-0.620946,-0.798973,-0.625262,-0.349767,-0.128325,-0.286917,-0.754419,-0.742708,-0.962562,-1.47484,-1.97588,-1.70714,-0.806265,-0.747405,-1.34419,-1.84511,-2.06918,-2.19421,-2.49242,-2.59665,-2.77022,-2.86306,-2.7604,-2.55946,-2.29188,-2.05673,-1.95343,-1.81919,-1.58438,-1.30523,-1.00577,-0.835663,-0.792437,-0.709217,-0.611407,-0.610354,-0.691055,-0.875652,-1.15602,-1.39255,-1.53625
-1.31674,-1.19191,-0.931051,-0.85967,-0.820092,-0.88877,-1.18633,-1.18778,-0.993686,-1.06775,-1.31999,-1.57237,-1.50879,-1.47595,-1.54911,-0.844943,0.320422,0.863141,0.735166,0.715885,0.613893,0.565756,0.550925,0.470687,0.438687,0.435762,0.587636,0.424883,0.138492,0.0320712,-0.11343,-0.370956,-1.21266,-1.47444,-1.14269,-0.398143,-0.774933,-1.06936,-1.35579,-1.65101,-2.16518,-2.28276,-2.6576,-2.75658,-2.61948,-2.51681,-2.47747,-2.37309,-2.15631,-1.83206,-1.42915,-1.02752,-0.691615,-0.520529,-0.46965,-0.438519,-0.412601,-0.393351,-0.417689,-0.51497,-0.750961,-1.08388,-1.40338
-1.29974,-1.07884,-0.925599,-0.831659,-1.05568,-1.32517,-1.38844,-1.27564,-1.21263,-1.43446,-1.71416,-1.65516,-1.11669,-0.790284,-0.528362,-0.0372181,0.912047,1.31501,1.40136,1.4026,1.39835,1.47114,1.59833,1.65526,1.19685,0.858914,1.02332,1.14621,0.792958,0.598542,0.572753,0.29482,-0.306995,-0.835342,-0.950448,-0.865571,-0.466363,-0.769532,-0.650533,-0.741929,-1.50453,-1.7693,-2.51192,-2.53828,-2.3667,-2.17957,-2.15515,-2.16619,-1.99972,-1.66187,-1.31399,-1.00491,-0.707553,-0.49139,-0.397082,-0.352229,-0.248416,-0.112693,-0.0589403,-0.177937,-0.482523,-0.87671,-1.28896
-1.1791,-0.807422,-0.681016,-0.687761,-1.09313,-1.43706,-1.41334,-1.34223,-1.54196,-1.90914,-1.989,-1.46923,-0.602313,0.185997,0.863486,1.33222,1.68681,1.63749,1.67115,1.74636,1.69836,1.67067,1.97087,1.97462,1.50148,1.20756,1.33679,1.45613,1.25608,1.22811,1.17815,0.951678,0.33473,-0.463919,-0.416238,-0.808596,-1.07192,-1.59551,-1.37619,-1.28992,-0.748617,-0.927636,-2.20533,-2.0533,-1.91775,-1.66439,-1.50142,-1.57154,-1.59903,-1.36764,-1.15812,-1.03348,-0.866452,-0.691568,-0.579203,-0.418369,-0.238236,-0.126654,0.00161356,-0.0265214,-0.280054,-0.593273,-1.04151
-0.951632,-0.633152,-0.581081,-0.651844,-1.05859,-1.42144,-1.48424,-1.59207,-1.90996,-2.13768,-1.69902,-0.743017,0.20334,0.894122,1.40855,1.60792,1.9863,1.6719,1.63888,1.47765,1.58852,1.69082,1.55256,1.8823,2.30272,2.07196,1.40417,1.35477,1.65306,1.76084,1.77544,1.67878,1.12257,0.557736,0.31329,0.0999874,-0.484571,-1.21121,-1.16834,-1.21782,-0.998852,-1.27609,-1.5985,-1.35714,-1.43261,-1.23419,-0.98859,-1.1013,-1.3868,-1.32608,-1.14905,-1.09635,-1.00174,-0.919066,-0.832657,-0.5582,-0.460287,-0.5655,-0.485627,-0.292101,-0.233064,-0.224159,-0.585933
-0.702085,-0.604069,-0.633604,-0.747039,-1.11189,-1.44993,-1.65519,-1.82664,-2.17656,-2.19426,-1.3963,-0.553697,-0.0288466,0.109535,0.0250378,0.54748,1.02293,0.126932,-0.037564,-0.271685,-0.576926,-0.811141,-0.624603,0.0528479,1.10544,1.8794,1.93247,2.05333,2.11407,2.18979,2.21046,2.146,1.62201,0.832104,0.545392,0.590905,-0.0333879,-0.66602,-0.411052,-0.76772,-0.802684,-0.387404,-0.648043,-0.60681,-0.713861,-0.574035,-0.510051,-0.767384,-1.25666,-1.33604,-1.1544,-1.17284,-1.17515,-1.15489,-1.03669,-0.671544,-0.433271,-0.735249,-0.94686,-0.757201,-0.587589,-0.485623,0.0809153
-0.466793,-0.578052,-0.671193,-0.802502,-1.1161,-1.55179,-1.80873,-1.93374,-2.29902,-2.45485,-2.25763,-2.17096,-2.29537,-2.10146,-1.9234,-1.58231,-1.76839,-2.96952,-3.77197,-4.38994,-4.85606,-4.83196,-4.44029,-3.70332,-2.31933,-0.481683,1.49446,2.44926,2.3102,2.30944,2.11181,1.81501,1.48272,0.681451,0.359246,0.317946,0.19878,-0.112614,-0.409545,-0.914338,-0.804458,-0.0935164,-0.000553231,-0.55981,-0.190949,-0.0813234,0.120549,-0.543837,-1.02608,-1.16395,-1.04851,-1.16683,-1.23771,-1.21973,-0.982008,-0.67348,0.0337707,-0.0771371,-0.725677,-1.01417,-0.827562,-0.509064,0.266249
-0.274407,-0.436517,-0.575674,-0.706472,-0.938684,-1.47271,-1.79849,-1.79757,-2.00772,-2.18448,-2.67171,-3.80128,-4.46425,-4.57833,-4.0127,-3.35984,-3.57361,-3.79559,-4.10711,-4.04144,-4.18564,-3.84291,-3.43573,-3.09074,-2.86588,-2.24992,-0.66097,2.13002,2.43024,2.54971,1.8,1.31015,1.5186,1.62834,0.619866,0.560438,0.692477,0.617296,0.650609,-0.040501,-0.523678,-0.238583,0.911553,0.246291,0.297238,0.0477101,0.568735,-0.132073,-0.63387,-0.780398,-0.811589,-0.93689,-0.931365,-0.755651,-0.515993,-0.226323,-0.311205,-0.448538,-0.15401,-0.891233,-0.957821,-0.502264,-0.401922
-0.135188,-0.201491,-0.277524,-0.392258,-0.593695,-1.24988,-1.6571,-1.57073,-1.39334,-1.13103,-1.24928,-1.52424,-2.5221,-3.27026,-3.65149,-3.67737,-2.64888,-1.67574,-1.53123,-1.89065,-1.594,-1.8566,-2.11641,-1.45283,-0.435914,0.144421,-0.580754,0.000974846,1.60928,2.5692,2.26194,1.77737,2.36438,1.38801,-0.473808,-0.471984,1.44043,1.09128,0.906444,-0.213533,-0.808345,-0.856346,0.385596,0.855085,0.515468,0.340017,0.792797,0.385195,0.0109098,-0.196583,-0.38709,-0.419133,-0.466796,-0.246873,-0.175168,0.238953,-0.702756,-0.866946,-0.852329,-0.454103,-0.859897,-0.844087,-1.08409
-0.0122708,0.0599786,0.02913,-0.0904641,-0.281437,-0.793968,-1.17489,-1.055,-0.673002,-0.620205,-0.59455,-0.580946,-1.2058,-1.13416,-1.69144,-1.7752,-0.604266,0.149447,-0.706224,-1.56756,-1.56069,-2.44035,-3.77456,-3.94989,-2.15309,0.601206,1.44713,0.453044,1.23405,2.89918,2.48118,2.01793,1.61053,-0.47465,-2.62614,-3.24614,-0.360429,-0.687416,-0.217166,-0.606132,-0.826405,-1.41171,-1.3142,0.435485,0.879776,0.466832,0.428686,0.348941,0.304723,0.217096,0.0727806,0.142794,0.0976265,0.248112,-0.0778295,-0.184692,-0.508682,-1.11694,-1.3934,-1.02504,-0.304879,-0.536207,-0.570998
0.143217,0.209332,0.152619,0.0527991,-0.0595151,-0.249067,-0.654524,-0.602636,-0.615797,-0.522947,-0.883653,-1.19696,-1.45751,-1.26569,-1.24632,-0.860852,-0.330219,-0.711329,-1.22011,-1.76522,-2.10036,-2.74973,-3.54465,-4.7374,-5.18725,-3.06046,0.0936892,1.82255,2.0184,2.34509,1.72265,0.833113,-0.624007,-2.1699,-3.67783,-4.88024,-4.40035,-4.03438,-2.18743,-0.570446,-0.30127,-1.12733,-1.81781,-0.603211,0.356732,0.0168992,-0.0242715,-0.271316,0.218053,0.29205,0.413928,0.466717,0.318647,0.319372,0.35871,-0.611143,-0.695322,-1.07948,-0.920413,-0.925659,-0.949164,-1.21078,-1.1433
0.275084,0.207881,0.121599,0.0338263,-0.01792,-0.0403855,-0.511505,-0.927283,-0.619171,-0.68367,-0.956076,-1.4753,-1.00593,-1.53244,-1.4505,-0.596575,-0.310991,-0.804266,-1.38384,-2.05906,-2.50097,-2.52349,-2.73655,-3.09555,-3.583,-4.8143,-3.77783,-0.798089,-0.0685528,-0.255248,0.0285446,0.502514,-0.679725,-2.46251,-3.61165,-4.55033,-5.01702,-4.56323,-3.29881,-0.791855,0.246574,-0.191946,-0.638504,-0.437956,-0.646233,-0.159465,0.191485,0.0208076,0.304082,0.358599,0.274559,-0.0882258,-0.523417,-0.989941,-0.165217,-0.648981,-0.483731,-0.277321,-0.786391,-0.530266,-0.961341,-1.1845,-0.952687
0.411629,0.142548,-0.0155772,-0.15113,-0.242561,-0.312648,-0.606146,-1.29391,-0.774176,-1.37724,-1.83216,-1.29767,-1.249,-0.907933,-0.617742,-0.201385,-0.314117,-0.463085,-0.411653,-0.945445,-1.50472,-2.39237,-3.01363,-2.67876,-2.07512,-3.45563,-5.47253,-5.34536,-4.46403,-4.08403,-3.28647,-1.0981,-0.582507,-3.06601,-5.1666,-5.10943,-3.74009,-3.10768,-1.70939,-0.706652,0.411564,0.388962,-0.0823956,-0.426888,-1.19495,-0.266465,-0.207559,0.411429,0.510274,0.593304,-0.111975,-0.557452,-0.800278,-1.1168,-1.04171,-1.05206,-0.823919,0.0808999,-0.489874,-0.638688,-0.698558,-1.03416,-0.681864
0.104659,-0.141047,-0.324268,-0.475549,-0.647686,-0.754032,-0.886441,-1.0676,-1.70141,-1.2041,-1.99059,-0.98931,-0.689435,-0.283605,-0.048521,0.276455,-0.229756,-0.391966,-0.221621,-0.540118,-1.186,-2.88948,-3.94757,-3.55569,-2.50496,-2.64583,-3.5385,-4.10383,-3.97657,-4.07044,-4.43127,-4.06639,-3.94286,-5.01704,-5.83248,-6.27515,-3.66215,-1.87139,0.441462,0.611744,-0.0134127,-0.328893,-0.220331,-0.759507,-0.74282,0.262673,0.231452,0.217444,0.181865,0.285129,0.141137,-0.49311,-0.500425,-0.274087,-0.605875,-0.467024,-0.642297,-0.247936,-0.220985,-0.194066,-0.644199,-0.883652,-1.04377
-0.954588,-0.874318,-0.918117,-0.882447,-0.935977,-0.972563,-0.937487,-0.660407,-1.87908,-1.41003,-1.36247,-1.01246,-0.509777,-0.179401,0.275183,0.736849,0.7935,0.30307,0.0522282,0.164347,0.0981584,-0.567722,-1.14268,-1.99123,-2.77202,-2.43618,-2.06029,-1.42126,-1.89398,-3.42021,-4.29745,-4.50021,-5.62891,-5.89155,-6.06789,-5.50853,-3.59317,-2.01567,-0.638943,0.732725,0.388065,0.180542,-0.164857,-0.2885,-0.0523566,0.171471,0.638011,0.535135,0.391949,0.368056,0.271705,-0.186084,-0.157214,0.275508,0.405892,0.0449391,-0.117011,-0.555221,-0.0859945,0.324097,-0.269486,-0.287797,-0.641024
-1.76834,-1.48405,-1.3687,-1.15363,-1.01986,-1.00622,-0.87758,-0.967972,-1.5803,-2.04782,-1.55141,-0.301237,-0.229953,0.075512,0.769016,1.02751,1.12582,1.02468,0.883447,0.925865,1.06602,1.1532,1.07352,-0.346005,-1.36114,-1.94137,-2.76478,-2.94299,-3.03751,-3.14427,-3.39042,-3.57105,-4.48089,-5.38962,-5.43134,-5.37719,-4.30542,-4.04395,-3.94783,-3.36592,-1.76776,0.347191,0.585439,0.18675,0.101886,0.217357,0.498562,0.689145,0.729913,0.393617,0.263614,-0.0411476,0.0440832,0.749781,0.591389,0.195358,0.0177857,-0.117165,-0.263326,0.52774,0.128828,-0.118293,-0.552411
-1.21588,-1.52258,-1.3406,-1.09314,-0.9755,-1.14983,-1.21828,-1.48686,-1.59601,-1.6899,-1.086,-0.214044,0.422667,0.666921,1.14537,1.34662,1.22945,1.44789,1.68284,1.80918,1.42569,1.1545,0.828678,0.291485,-0.0817681,-0.959626,-2.18521,-2.43267,-2.22645,-1.60304,-2.33006,-3.93624,-4.6809,-5.0657,-5.75274,-5.67924,-5.91393,-5.82374,-4.38384,-3.50198,-3.37176,-1.82772,0.689134,1.4315,1.21944,0.838586,0.456479,0.818386,0.593119,0.535774,0.64211,0.308274,0.260517,0.329853,0.726557,0.600532,0.309586,0.168144,-0.0254875,0.661418,0.560252,0.213963,-0.0838915
-0.384706,-0.970931,-0.891382,-0.658653,-1.02039,-1.28132,-1.32969,-1.1462,-1.18098,-0.959691,-0.709317,-0.510014,0.036255,0.169052,0.448793,0.592306,0.809139,1.33772,1.50124,1.59004,1.59069,1.51423,0.711695,-0.0892383,-0.528511,-0.625914,-0.399808,-0.671401,-0.435954,-1.43776,-2.49186,-3.97344,-4.35373,-5.02461,-5.36862,-5.53415,-5.9556,-5.5219,-3.943,-2.68746,-2.62426,-2.95302,-1.09526,1.8821,2.30271,2.2927,1.26597,1.06577,0.961008,0.746934,0.910076,0.698527,0.457488,0.526605,0.815931,0.482046,0.531344,0.412212,0.40853,1.22021,1.06899,0.674434,0.523414
0.225821,-0.468175,-0.50029,-0.028511,-0.71036,-0.637487,-0.808108,-0.484581,-0.34219,0.0483205,-0.115144,-0.258047,-0.282711,-0.120441,-0.110199,-0.194814,0.942881,1.18952,1.56832,1.95017,2.38339,1.42782,0.0706862,0.105471,-0.0117233,-0.487343,-0.201767,-0.402332,-0.605792,-1.90684,-1.99774,-2.43902,-2.86546,-2.92149,-3.83255,-4.223,-4.39942,-4.66565,-4.28767,-3.19192,-2.44772,-1.87579,-1.48575,0.90526,2.93756,2.90786,2.04537,1.48654,1.74708,1.62473,1.54034,1.03416,0.920556,0.789722,0.6624,0.284179,0.0209416,0.343677,0.527711,0.912589,1.09653,0.974903,0.960978
-0.757686,-1.3559,-1.2947,-0.507997,-0.480931,0.87265,0.560202,-0.136498,-0.37284,0.0583499,1.05247,0.785361,1.05568,0.903017,0.65863,0.574742,0.925553,1.39571,1.35353,2.29545,1.31577,-0.251551,0.494573,1.27401,1.16158,0.0771841,-0.541536,-1.18815,-1.96664,-2.39694,-2.05899,-2.46116,-2.30069,-2.40714,-2.35437,-3.7665,-3.93286,-3.84805,-4.13224,-4.14011,-2.82998,-1.67081,-0.907108,0.345217,2.59455,2.08433,1.8266,1.81621,1.92255,1.5443,1.2465,0.943313,1.18653,0.641928,0.466442,0.39875,0.390944,0.31405,0.215291,0.276198,0.177856,0.792294,1.21306
-4.08349,-3.84626,-3.57534,-2.95009,-1.6574,-0.000528772,0.229117,0.836535,0.0831589,-0.168862,0.831416,1.45143,1.60006,1.28059,1.15228,0.847799,0.473558,1.27853,0.627871,0.716062,-0.107308,-0.414576,0.484825,0.412195,-0.292849,-0.516644,-0.618343,-0.981848,-1.40966,-1.85696,-2.22321,-3.03497,-3.1736,-2.87233,-2.35209,-3.64857,-3.99682,-4.34273,-4.62209,-4.15483,-2.67289,-1.54759,-0.880395,0.099192,1.71338,0.915391,0.767447,1.11684,0.927153,0.934625,0.468121,0.323206,0.200271,0.318146,0.591291,0.669402,0.73221,0.613581,0.326557,0.0132499,0.345709,1.07903,1.12672
-7.04207,-6.25551,-5.9383,-5.70009,-4.6517,-3.38391,-2.66457,-0.181905,1.21729,0.474745,0.368118,0.65487,0.542209,0.432642,0.458552,0.415805,0.385453,0.30737,-0.033485,-0.398119,-0.761165,-0.578954,-1.4155,-0.98416,-1.37683,-0.821316,-0.358382,-0.0579293,-0.509848,-1.41915,-2.22771,-2.80204,-2.91457,-3.42834,-2.70945,-3.08418,-3.63163,-4.64027,-5.05197,-4.79949,-2.74955,-1.25791,-0.636379,-0.15397,0.217419,0.145941,0.757562,1.41133,1.01317,0.578622,0.380422,0.104219,-0.181568,0.0410779,0.686423,1.00243,1.03065,1.06113,0.883871,0.202424,0.167344,1.37122,0.876916
