uploads/wind/20200722/wind_field_19.json
{"header": {"parameterUnit": "m.s-1", "parameterNumber": 2, "dx": 0.051, "dy": 0.036, "parameterNumberName": "eastward_wind", "la1": 45.3082, "parameterCategory": 2,"nx": 177, "ny": 123, "refTime": "2018-09-30 00:00:00", "lo1":1.38177}, "data":
[rows 58 to 86 of 123, columns 66 to 131 of 177]
2.93865,2.98705,2.98079,2.85352,2.59925,2.27741,2.00824,1.89494,1.88747,1.79596,1.52391,1.17329,0.937029,0.914677,1.11169,1.48282,1.97714,2.43921,2.73896,2.78502,4.57664,5.17844,4.58333,5.84412,7.66885,7.61557,7.81487,5.21501,7.56517,7.86268,7.87058,7.94558,8.30266,8.82875,9.21167,9.26117,8.79339,8.07783,7.63271,7.61284,7.77816,7.7779,7.4967,7.11389,6.877,6.85351,6.94843,7.05641,7.13705,7.14244,7.08454,7.07984,7.10248,7.01937,6.82696,6.59479,6.33738,6.08891,5.91088,5.93389,5.65284,4.94592,4.62494,4.09727,3.57469,3.96258
2.97742,2.98751,2.92737,2.80441,2.64871,2.42559,2.12921,1.75283,1.2493,0.630946,0.0756932,-0.142098,0.0217049,0.527851,1.18206,1.94296,2.62168,2.89919,3.0609,3.08674,4.86774,5.26823,6.05631,6.40132,6.09698,5.57882,5.1028,5.05363,4.42715,4.60075,6.31511,5.48545,8.10076,9.12403,9.66028,9.68601,9.05768,8.27197,7.87004,7.80824,7.77242,7.59185,7.31969,7.16598,7.19874,7.30082,7.4096,7.48433,7.46592,7.37481,7.38432,7.49716,7.43362,7.15711,6.76826,6.28353,5.75949,5.70995,5.733,5.54684,5.66474,5.16818,4.78568,4.22825,4.28884,4.6973
2.96434,2.8323,2.62431,2.39667,2.21721,2.01807,1.67139,1.08425,0.31246,-0.2127,-0.616399,-0.687053,0.0324912,1.22451,2.12667,2.83358,3.26324,3.0396,3.96308,3.76631,4.15554,4.8172,5.60698,5.57004,4.27141,3.48792,3.81554,3.94176,2.84791,2.00566,3.43308,4.81182,6.19577,6.26145,8.38427,8.87222,9.07835,9.11795,8.84457,8.55976,8.22572,7.78254,7.40628,7.28822,7.37839,7.52028,7.63705,7.66669,7.62834,7.63816,7.68995,7.69707,7.59548,7.24903,6.3,5.50504,5.30793,5.25224,5.93766,5.87689,5.2686,5.07284,4.68861,4.44076,3.93219,3.63403
2.78607,2.52036,2.24365,1.9515,1.6959,1.43894,1.15261,0.793685,0.231123,-0.552685,-1.07341,-0.595703,1.04645,2.49074,2.85629,3.96198,3.97909,3.89493,3.3491,2.91738,3.00861,3.72048,5.26756,5.06535,2.50987,1.19786,1.35042,1.35274,-0.0140398,0.217001,2.94595,4.34824,4.90679,5.02286,5.87791,5.33032,6.04972,6.72807,8.20773,8.33905,8.16832,7.81711,7.51533,7.41921,7.5038,7.63784,7.70626,7.71407,7.72171,7.75792,7.82243,7.87349,7.56835,6.6338,5.67304,5.23526,5.36818,5.89307,5.77698,5.71802,5.49633,4.96756,4.83927,4.65337,3.99276,3.90627
2.41453,2.19546,1.95301,1.65509,1.31029,0.96534,0.662575,0.208578,-0.41412,-1.04167,-0.484448,1.50637,2.52467,3.31541,2.98585,3.10179,3.45196,3.16123,2.2084,1.78912,1.35289,3.26299,5.75553,5.67312,3.04102,0.942786,0.204767,-0.781129,-1.34923,-0.385734,2.14205,4.94721,5.33871,4.69533,4.22897,4.24799,4.33539,4.90595,6.673,7.56768,7.78039,7.73881,7.60977,7.54693,7.56025,7.55835,7.47822,7.43962,7.48815,7.5875,7.74403,7.5875,6.81596,5.90107,5.57022,5.80341,6.09274,6.1402,5.9796,5.76411,5.31424,4.93719,4.6941,3.90515,3.19535,3.78088
2.08601,1.95925,1.71375,1.42186,1.02289,0.440954,-0.128053,-0.698722,-0.927187,-1.15559,-0.373114,1.81644,2.96793,3.24366,2.84346,2.65154,2.97458,2.70738,1.03323,0.688644,1.35752,3.48123,5.61772,5.52544,4.76456,3.89977,1.55595,-0.646762,-1.43037,-0.106268,1.98205,4.70682,5.95448,4.76939,3.62565,3.87409,3.35565,3.44104,3.9314,6.12663,7.07232,7.31881,7.4555,7.52033,7.47188,7.30706,7.1037,7.04082,7.17696,7.41141,7.47627,7.04659,6.27849,5.82207,5.86847,6.07535,6.18013,6.14622,5.99213,5.27133,4.60811,4.41493,3.60861,2.85916,3.27796,3.1938
1.92175,1.77896,1.45362,0.975866,0.172747,-0.561081,-1.12467,-1.58859,-1.82065,-1.60715,-0.317972,2.04772,3.17826,3.60654,3.5201,3.11157,3.06044,2.64805,3.00101,1.98097,1.99858,3.91574,5.27743,5.01237,4.4194,4.31224,2.88195,0.491766,0.0911011,1.3135,2.47168,3.84453,5.20415,4.54165,3.319,3.42087,2.963,3.16514,2.93042,4.30367,5.89834,6.70604,6.94744,7.13432,7.1773,6.95125,6.74643,6.74056,6.88614,7.08671,7.10025,6.70667,6.17843,5.93585,5.9953,6.03961,6.0795,5.90044,4.84611,4.04545,4.25851,3.49283,2.68359,2.83888,3.00692,3.21797
1.80635,1.47207,0.935182,-0.13856,-0.894955,-0.750652,-0.779575,-1.19163,-1.48864,-1.58212,-0.202505,2.24425,2.81295,3.43992,3.55114,2.57557,2.32326,2.81719,2.58368,2.81156,3.48469,4.45763,5.3896,5.0059,3.09,2.35076,2.47963,1.64318,1.93186,2.4766,3.09429,3.00538,3.10387,4.55654,4.26503,3.35944,2.65463,3.23441,2.72233,3.57485,4.80393,5.84053,6.54982,6.91631,6.96017,6.7012,6.45967,6.43876,6.55552,6.70387,6.70699,6.47428,6.11913,5.92486,5.88814,5.95182,5.66756,5.11044,4.59326,3.34826,2.97808,3.41348,2.84863,2.74002,2.33716,1.66467
1.79143,1.45467,0.566495,0.22921,2.10225,2.52929,2.62407,2.02123,1.05046,1.62046,1.85774,2.05502,1.69806,2.92495,3.31703,2.74778,2.39572,2.39457,2.8044,3.0247,3.92952,4.58152,4.45053,3.53156,2.25606,1.84154,2.77233,3.48287,3.26483,3.38011,3.7299,3.19908,2.57212,2.79988,3.9485,4.36154,4.18438,3.69401,2.85106,3.37045,4.16776,4.9298,5.64937,6.25108,6.45363,6.37161,6.19518,6.07159,6.09442,6.2589,6.34041,6.1368,5.89104,5.79192,5.7523,5.49893,4.36345,3.39841,3.9937,4.10743,3.47637,3.3432,3.02099,2.51733,2.27984,2.03103
2.67959,0.275007,0.369773,2.02975,2.98727,2.87405,2.55799,1.79637,1.4901,2.05643,2.31918,2.17947,1.89433,2.69205,2.86425,2.61207,2.40246,1.99044,2.18382,3.91792,4.3279,4.54266,3.45905,3.16112,3.64543,3.8138,3.21528,2.85624,3.07972,3.25309,3.48645,3.09749,2.73772,2.95467,3.6249,4.86106,6.04311,4.59602,3.61638,2.03767,2.91925,4.208,5.33623,5.87723,5.88144,5.65329,5.53884,5.55915,5.80091,6.02444,5.87255,5.43225,5.12809,5.31968,5.32452,4.19965,3.0994,3.56821,3.72381,3.2983,3.43582,2.69751,2.10743,2.46977,2.03741,1.39337
2.9446,2.45084,2.06089,2.56578,3.04577,2.1218,2.53275,2.16021,2.53759,2.69465,2.82121,2.66857,2.57064,2.31736,2.65802,3.42807,3.32737,2.12149,2.26619,3.60067,4.49639,3.34997,3.73623,4.214,4.97328,4.88761,3.79125,2.65978,2.37643,3.32855,3.5167,3.35223,3.17409,2.66056,2.6174,3.72565,4.06829,3.33271,2.70483,1.36967,1.29998,3.28224,3.5484,4.46825,4.94541,4.963,4.90117,5.07975,5.20225,5.26416,5.15417,5.16568,5.01239,3.85457,2.49455,2.42703,3.39094,3.43498,2.95925,3.19174,3.22049,2.85028,1.8794,1.62362,2.1429,2.02441
2.8925,3.10874,2.51286,2.57395,2.83705,1.60539,2.26403,2.63421,3.48227,3.52785,3.47276,3.3165,3.5457,3.47255,3.57959,3.87681,3.03817,2.57747,3.52681,4.026,4.822,4.64908,4.10403,4.14294,4.62808,4.19657,2.52371,2.18219,1.22693,2.02665,2.39003,3.35892,3.92832,4.20689,4.8065,3.07494,1.59346,0.525522,0.304221,-0.413328,0.386679,2.9503,3.71366,2.2644,2.76072,3.18219,3.1527,3.45016,4.38385,4.73028,3.86146,2.92584,2.94447,3.15167,2.70837,2.87944,3.52122,3.76249,3.41141,2.79984,2.82666,2.54606,1.77261,2.04225,2.38645,2.30892
1.80397,2.28393,3.46027,2.78833,0.967643,1.07832,2.07339,2.50241,3.31403,3.93583,4.03196,3.44003,4.02696,3.79461,4.12519,4.33932,3.9742,3.35271,2.2217,3.0786,4.03711,4.5411,3.42343,2.20281,2.00634,3.15314,2.84465,1.83545,0.973768,0.960719,1.91239,2.92999,3.13804,3.86839,3.60768,0.914116,-0.766556,-0.373723,-0.381864,-0.97014,-0.0695893,2.29033,0.976152,-0.350664,0.019142,1.04479,1.76775,2.62256,2.98861,3.01271,1.70335,-0.0306228,0.0698967,1.21922,2.38445,3.27328,3.39183,3.32935,2.93226,2.5115,2.16255,1.95109,2.36441,2.47377,2.32984,2.38542
2.39391,3.2879,3.61119,3.76276,2.37173,1.78057,1.74904,2.32731,2.90621,3.91662,3.7335,3.70038,4.14654,3.99308,4.01004,3.51398,3.85642,3.5278,2.96649,2.99161,4.09764,4.83511,4.2271,1.76669,1.99239,3.45827,3.4962,2.02807,0.635658,0.787313,2.31465,3.21709,3.315,3.85102,2.7159,-0.0194202,-1.19144,-0.655721,-0.0249671,-0.772249,-0.336073,0.249525,-1.50714,-1.85754,-1.31695,-0.11649,-0.0404827,0.322172,-0.101388,-0.813618,-1.04032,-0.683849,0.343584,1.66119,2.53633,3.12163,3.24256,2.79417,2.48158,2.03982,1.9033,2.44882,2.68765,2.39155,2.30151,2.33711
2.23458,2.67968,2.71939,3.81039,3.61763,2.35028,0.85299,2.14107,2.62416,3.58593,3.53884,4.03252,4.13485,3.77408,3.33407,3.64754,3.81353,3.41592,2.84056,2.68917,3.30807,3.74975,3.39981,2.50211,3.14229,3.51171,2.371,1.1352,0.714645,1.16068,2.76218,3.14189,3.52014,3.53364,1.7052,-0.0403173,-0.21898,-0.291557,-0.174577,-0.495465,-0.442332,-0.575543,-1.53696,-2.21809,-1.76949,-0.736361,0.0634708,0.67775,0.683392,-0.136145,-0.613814,-0.16804,0.871553,1.9431,2.29574,2.21398,2.05198,1.52042,1.3541,1.49352,1.6799,2.32489,2.74646,2.42587,1.54372,0.964022
1.93079,1.8442,2.51295,2.92542,3.7809,2.51526,1.14033,1.09994,2.61803,2.83833,3.11101,4.22105,4.09232,3.16783,2.08965,2.18576,2.76218,3.17655,3.02692,3.56816,3.49621,3.2664,3.2082,3.63881,3.95416,3.48653,1.89371,0.686299,0.150271,1.11709,2.71878,2.97462,2.87828,2.00788,0.305616,0.086805,0.619916,0.265651,-0.29209,-0.741561,-0.553773,-0.960447,-0.952306,-1.02342,-0.786141,-0.603009,-0.439026,-0.415605,-0.655597,-0.903197,-0.632598,0.19969,1.24924,2.20067,2.74769,2.43687,1.2746,0.359652,0.685048,1.5306,1.95301,1.80114,0.984549,-0.00146857,-0.300081,-0.060596
1.52708,1.58217,1.88226,1.67292,2.47683,3.69278,3.39013,2.67952,2.36039,2.53493,3.69637,4.45832,3.50634,1.85553,2.18155,3.19709,2.85781,3.13677,3.68011,3.57618,3.95071,3.70052,3.99808,3.8789,4.03626,2.81649,2.33514,0.946058,0.483392,1.29564,2.39072,2.8652,2.47718,1.50783,0.102317,-0.0578338,0.949949,1.27475,0.761619,-0.404253,-0.432619,-0.54423,-1.13192,-0.891111,-0.909595,-0.779757,-1.57828,-1.89557,-1.87355,-1.15495,-0.215523,0.900456,1.85117,2.48456,2.29679,1.01114,-0.084442,-0.0123359,0.725353,0.998336,-0.0269361,-1.61404,-2.4445,-2.00769,-1.07905,-1.32807
1.21201,1.41047,1.99749,2.15515,2.5516,3.31664,3.81998,2.94709,2.30032,2.97318,3.01516,2.68465,2.45977,2.95727,3.82151,3.91338,3.91532,3.72559,3.33294,3.20975,3.05857,3.11777,3.32539,3.47628,2.81653,1.78901,0.72524,0.0974618,0.80354,2.2692,2.39738,2.99634,3.13428,2.21721,0.526196,0.248566,1.30635,1.78016,0.920408,-0.142951,-0.0143595,0.727258,-0.111956,-0.564151,-0.0913711,-0.500329,-1.0806,-0.883643,-1.25938,-1.00568,0.180935,1.69556,2.48087,2.3604,1.07587,-0.0240297,-0.114188,-0.142028,-0.764485,-1.93387,-2.95211,-3.34978,-3.38559,-3.12698,-2.65301,-2.36519
1.17661,2.27604,2.54787,2.98299,2.78912,2.99676,2.89722,3.0429,2.82011,2.85514,2.45887,2.16747,2.72523,3.95056,4.13246,3.90864,4.4759,4.82622,4.70977,3.77663,3.271,2.93775,3.32467,3.54005,3.39637,2.87487,1.88965,0.56602,0.916097,2.85662,3.91527,3.24114,3.17644,1.93926,0.596683,0.73704,1.91429,2.35086,1.54406,0.686483,1.23088,1.74978,1.03129,0.291339,0.941644,0.839227,-0.688696,-0.525447,-0.43983,-0.589597,-0.307819,1.40886,2.63046,2.40928,0.512122,-1.21088,-2.12913,-2.74624,-3.1819,-3.37143,-3.33333,-3.11265,-2.89477,-2.77292,-2.62515,-2.41631
1.31032,2.45777,2.49417,2.16683,1.47497,0.850196,2.22476,3.09633,4.20824,3.50044,2.69126,2.11303,2.8465,3.91102,4.14081,3.55858,4.72714,5.2144,5.87387,3.96564,3.25648,3.47432,3.80286,4.08988,3.8142,4.00984,3.5211,1.15452,-0.44934,1.36584,3.54845,3.21817,1.47661,0.202635,0.41179,0.920039,1.23286,1.39975,1.68407,1.73769,2.25534,2.92562,1.73421,1.00842,1.8628,1.90632,0.274111,-0.596835,-0.360503,-0.731645,-0.314183,1.48419,2.35103,-0.57153,-3.08601,-3.51308,-3.51745,-3.18912,-2.90556,-3.07304,-3.08413,-2.80125,-2.67372,-2.74098,-2.65888,-2.36736
1.95751,2.32215,2.35444,1.62543,1.04767,0.858657,1.75567,2.91129,3.55372,2.61559,1.63169,2.26688,3.98884,4.25261,4.31143,3.36974,3.69734,4.77131,5.46006,5.17897,3.50014,2.97987,3.45775,3.65718,3.61999,3.74236,3.3131,0.636484,-1.09566,1.04543,3.3398,3.04084,1.54526,0.301836,0.617522,0.937099,1.30166,1.32438,1.86849,2.68003,3.24317,2.20345,0.835441,0.998711,2.60211,2.74944,0.435436,-0.214204,-0.0876651,-0.784973,-0.665655,0.830535,2.29882,-0.132065,-2.28194,-2.0374,-1.80441,-2.23978,-2.3425,-2.92254,-3.11446,-2.96906,-2.75323,-2.86247,-2.82312,-2.39614
2.03264,2.31007,1.84125,1.08024,1.27945,1.89661,2.47339,2.29225,2.17683,1.32288,0.82596,1.84757,2.99629,3.58736,3.19631,2.54857,2.34763,3.62563,4.77387,5.45004,4.02994,3.43188,3.18729,3.81058,3.7439,3.80365,3.11418,0.898722,0.832801,2.76185,3.52745,3.03678,1.72148,0.369176,-0.309339,0.325347,1.70765,2.23872,1.93122,2.23895,2.25928,1.14566,0.681065,1.44024,1.72616,1.10911,0.212499,-0.341077,-1.07915,-1.15272,-0.55195,0.174623,2.73227,2.13569,-0.893569,-1.03535,-0.907928,-1.15469,-1.5571,-2.41043,-3.57782,-2.81612,-2.96978,-2.91167,-2.65732,-2.30922
1.76385,2.3792,1.84016,1.71424,1.73476,1.86539,2.42134,2.73497,2.73696,2.27073,2.00656,2.78431,2.67574,2.80791,2.84162,2.56355,3.01111,3.88438,5.45597,5.70508,5.5565,3.55332,2.22147,2.21068,3.02474,3.18539,1.28101,-0.0860972,0.273274,2.23243,2.86387,2.61658,1.42764,1.10686,0.197056,0.580982,2.23583,3.05889,2.58712,2.6059,2.14867,1.61168,1.10739,0.590896,-0.292746,-0.994557,-0.968129,-1.01138,-1.98222,-1.75296,-0.67967,1.89311,3.7768,0.317275,-0.882065,-0.0181431,-1.18766,-2.35321,-0.891039,-0.35136,-0.861776,-2.01471,-2.41883,-2.13138,-2.39394,-2.36523
2.22704,2.63021,2.09095,1.77265,1.23362,0.605255,2.01503,3.68911,3.84284,2.75251,2.34749,2.96851,3.03351,3.42918,4.264,4.0577,4.171,5.41732,5.82562,5.08581,5.05889,4.16726,0.734267,-0.130189,1.38665,1.57984,0.569253,0.0364978,1.01811,2.73849,2.98882,1.8524,0.753196,1.26198,0.796423,0.47092,2.32242,2.94929,3.07747,2.75406,2.57496,2.51545,-0.315408,-1.47212,-0.948189,-1.60968,-0.962814,-0.906905,-1.80121,-1.80232,-0.549668,2.76249,3.9042,0.528758,-1.61582,0.158018,-0.166433,-2.20995,-1.19147,0.452419,-0.191355,-0.632432,-0.751902,-1.64083,-2.47128,-1.95264
2.02771,2.7743,2.75434,1.3845,0.469153,0.575053,1.79122,3.53365,3.68229,2.03062,1.36116,1.53865,1.87819,4.29682,4.78768,4.6609,4.31977,5.40671,6.06671,5.52376,5.09156,4.07642,1.481,0.588082,0.935384,1.90077,0.941839,-0.101464,0.131032,1.69324,2.33661,0.704478,-0.0195445,0.429563,0.454382,0.908841,3.13169,3.2604,2.67724,2.34582,2.07253,0.584117,-0.368048,-0.356687,-1.29905,-0.596908,-0.256232,-1.09365,-0.634154,-0.977976,-1.81239,0.985318,4.07499,1.67408,-2.06195,-0.521069,0.286258,-0.991462,-0.384442,0.584512,0.626365,0.847656,0.499011,-0.519333,-1.0302,-2.01785
2.12052,2.73338,2.94035,1.14135,0.432092,0.965012,1.68127,2.26202,1.79254,0.774276,0.869515,1.08066,2.23314,3.98302,4.51375,3.73329,3.35824,3.97261,4.46562,5.01396,4.83243,3.0132,0.0325771,0.27522,1.45447,2.20835,1.56938,0.162857,-0.227291,0.525518,0.558542,-0.691231,-0.919805,0.096893,0.419538,1.44146,2.91962,2.95587,2.04611,0.245371,-1.43547,-0.47051,1.0671,0.447024,-0.642165,0.961372,-0.0017686,-1.18393,1.72406,0.103999,-2.85213,0.178273,5.10464,3.89614,-0.707188,-2.3264,0.0741988,1.23078,0.0697583,-0.228684,1.74314,2.81656,1.65946,0.166379,-0.691885,-1.02597
2.63277,3.00599,2.75224,0.902154,0.402907,1.43044,1.6739,1.36014,0.0125067,0.0541105,0.96447,1.83444,2.71932,3.69547,3.61353,3.00792,2.72921,2.38969,2.01436,2.29339,2.20122,0.777185,0.0577758,0.690063,1.83328,0.825788,0.180365,-0.493688,-0.772687,-0.673187,-0.515655,-1.27955,-1.19476,-0.212462,0.709849,1.30955,1.14701,0.827071,1.04494,0.121461,-1.72406,-0.24383,1.27932,0.658051,0.643937,1.63539,-0.724367,-0.843704,2.34753,0.231464,-2.27293,1.19235,4.27059,3.58455,0.784487,-2.4256,0.00391622,2.08127,0.67205,0.902976,2.77518,2.44676,1.0115,0.857193,-0.0673441,-0.710482
3.24933,3.52522,3.00201,1.23566,0.740147,1.81152,1.89813,0.458192,-0.767274,-0.134435,1.38985,2.00945,2.36587,3.51036,3.5774,3.07052,2.82986,1.41451,1.17097,1.47862,1.1956,1.03923,0.671253,0.274839,-0.00846014,0.260833,0.475571,0.18091,-0.551214,-1.39541,-1.13716,-1.08735,-0.957503,-0.057017,0.338154,0.156604,0.0101964,0.690163,1.99625,2.42631,-0.854324,-1.01518,0.815232,0.798923,2.28847,2.09137,-0.761985,0.552969,1.24549,-0.806678,-1.21977,1.72236,3.11244,2.99099,2.87193,-0.603688,-1.89157,0.218458,1.29325,2.87348,2.61501,1.16103,1.09132,0.636775,-0.606094,-1.49468
3.19457,3.92687,2.31343,0.451222,0.931033,1.70507,0.367937,-0.790925,-0.624848,1.07678,2.84859,2.97066,2.90462,2.8622,2.2873,1.92141,1.9892,1.08148,1.04218,2.30588,2.42491,2.61403,2.19851,0.740335,0.19848,0.730588,0.83085,0.790648,-0.566381,-2.44278,-2.71078,-1.3879,-0.143632,0.582516,-0.266961,-1.56094,0.116862,2.45746,3.65464,3.52988,-0.331202,-1.80004,0.379056,1.46992,2.16585,-0.0709756,-1.17446,1.01912,0.701501,-0.89701,-0.0178795,1.33164,2.60579,3.1442,3.40923,0.343074,-2.70393,-0.912793,2.58927,3.06956,2.07478,1.80887,2.8432,1.9131,-0.026037,-0.829741
