uploads/wind/20200722/wind_field_16.json
{"header": {"parameterUnit": "m.s-1", "parameterNumber": 3, "dx":  0.051, "dy": 0.036, "parameterNumberName": "northward_wind", "la1": 45.3082, "parameterCategory": 2,"nx": 177, "ny": 123, "refTime": "2018-10-03 01:00:00", "lo1":1.38177}, "data":
[rows 29 to 57 of 123, columns 66 to 131 of 177]
2.9276,2.98671,3.02886,3.03506,2.97084,2.87296,2.82153,2.8381,2.87018,2.85629,2.7865,2.6829,2.57225,2.4704,2.38567,2.30955,2.22344,2.12893,2.03521,1.94855,1.86664,1.7872,1.72701,1.67582,1.62238,1.54915,1.45606,1.35875,1.26133,1.15855,1.03202,0.895845,0.777779,0.690003,0.630516,0.57634,0.501632,0.388945,0.251952,0.12474,0.0337341,-0.0168651,-0.0586786,-0.120771,-0.205804,-0.290433,-0.356445,-0.401712,-0.418491,-0.404122,-0.379451,-0.356629,-0.323479,-0.253539,-0.153835,-0.0683517,-0.0290678,-0.00327599,0.0487223,0.0968989,0.0849649,0.0157874,-0.098177,-0.246626,-0.411416,-0.511982
2.39166,2.44939,2.51979,2.59731,2.66161,2.7053,2.7362,2.76695,2.81874,2.86006,2.85722,2.78474,2.66992,2.56113,2.48121,2.41603,2.3491,2.28515,2.22377,2.14266,2.02247,1.90241,1.82198,1.77988,1.74871,1.69458,1.62094,1.53054,1.42593,1.30417,1.15955,1.00038,0.846266,0.711987,0.602632,0.512248,0.421176,0.311499,0.200786,0.10871,0.0425566,-0.0133707,-0.0694163,-0.128145,-0.181838,-0.222671,-0.26322,-0.313975,-0.371202,-0.415667,-0.425914,-0.3975,-0.326526,-0.205519,-0.0614463,0.0723415,0.174456,0.249852,0.314949,0.380865,0.399151,0.338349,0.19844,0.00214465,-0.175105,-0.258981
1.66724,1.73713,1.77644,1.81393,1.94039,2.15249,2.34987,2.4796,2.56692,2.60097,2.57325,2.51118,2.44071,2.37204,2.28809,2.18974,2.09902,2.03659,1.9943,1.95262,1.90398,1.86757,1.83748,1.80331,1.74844,1.68939,1.6359,1.57063,1.47931,1.36236,1.23328,1.08162,0.898491,0.704642,0.531597,0.392515,0.269426,0.161123,0.0716615,-0.00134762,-0.0499696,-0.0723786,-0.0834169,-0.0955908,-0.103583,-0.115055,-0.151721,-0.223287,-0.321113,-0.415427,-0.475448,-0.479822,-0.402719,-0.250378,-0.0403831,0.166811,0.341867,0.488747,0.582493,0.62888,0.674293,0.687131,0.560095,0.299443,0.0914622,-0.0367852
1.56096,1.65231,1.67759,1.66016,1.69547,1.84882,2.05621,2.22771,2.34254,2.38448,2.32733,2.23135,2.16255,2.12647,2.08378,2.01064,1.90814,1.78609,1.66758,1.59529,1.59296,1.63664,1.67405,1.68711,1.6751,1.62731,1.55725,1.48008,1.41205,1.34791,1.26579,1.12542,0.926691,0.7042,0.494606,0.312591,0.164667,0.047486,-0.0483661,-0.117242,-0.146174,-0.129897,-0.0931097,-0.0642262,-0.0455769,-0.0460937,-0.0717423,-0.134528,-0.222765,-0.319608,-0.37909,-0.419996,-0.365472,-0.246936,-0.0159728,0.264791,0.512015,0.704348,0.829754,0.886502,0.93,0.959626,0.868306,0.67121,0.507047,0.323236
1.89923,1.83679,1.80733,1.79313,1.78744,1.80384,1.87005,1.95171,1.99316,2.00269,1.96903,1.89165,1.8254,1.80327,1.80749,1.79357,1.72918,1.60651,1.47873,1.4108,1.41788,1.46597,1.53037,1.57133,1.58045,1.54563,1.48275,1.41064,1.34272,1.27248,1.17702,1.04701,0.886924,0.710413,0.529088,0.361759,0.222969,0.115505,0.0329467,-0.0287663,-0.0728152,-0.0927939,-0.0855357,-0.0590335,-0.0325732,-0.0225785,-0.0321147,-0.0632918,-0.103002,-0.156611,-0.35027,-0.213365,-0.367414,-0.237902,-0.131387,0.161814,0.525002,0.76298,0.958066,1.09893,1.14607,1.15235,1.09617,0.975112,0.881164,0.778597
2.20857,2.00654,1.87414,1.81366,1.79964,1.77784,1.73978,1.69338,1.61941,1.53965,1.48562,1.4466,1.42796,1.44218,1.47205,1.46517,1.40503,1.31999,1.27045,1.28516,1.33713,1.38093,1.41626,1.43366,1.42803,1.40701,1.35176,1.26609,1.15843,1.04703,0.943775,0.868768,0.80995,0.736215,0.635206,0.523134,0.427057,0.356064,0.296681,0.23704,0.17957,0.1291,0.088471,0.0701248,0.0608193,0.0556682,0.0569332,0.0619172,0.0513913,0.0841369,-0.397781,-0.0534327,-0.303243,-0.307487,-0.204878,-0.212861,0.213091,0.571152,0.911124,1.17635,1.25662,1.28074,1.22213,1.06654,1.01331,1.0801
2.31918,2.14667,1.99354,1.88146,1.84336,1.83101,1.76078,1.62345,1.47173,1.34495,1.26346,1.22912,1.22922,1.23666,1.22144,1.16829,1.0975,1.05243,1.07,1.1278,1.17112,1.17743,1.15323,1.13959,1.1403,1.1318,1.07486,0.973616,0.857878,0.767365,0.728583,0.743783,0.791572,0.828803,0.823602,0.779384,0.720834,0.660331,0.601535,0.550488,0.507484,0.455867,0.391336,0.330196,0.275126,0.246679,0.252736,0.271917,0.28027,0.305579,-0.0913893,0.0416717,-0.12476,-0.249194,-0.178877,-0.36321,-0.0776186,0.299787,0.660841,1.09077,1.25384,1.30084,1.2108,1.05343,1.0363,1.13814
2.3385,2.26665,2.17104,2.05377,1.97208,1.93011,1.86214,1.7362,1.58002,1.42344,1.29765,1.22729,1.20736,1.18663,1.13593,1.07964,1.02921,1.00142,1.00389,1.01129,0.990952,0.95368,0.907896,0.868728,0.836711,0.808234,0.769887,0.703712,0.615194,0.544878,0.533325,0.58554,0.6786,0.78092,0.857988,0.892648,0.884448,0.846185,0.800469,0.771903,0.756558,0.730915,0.682965,0.599385,0.543196,0.53697,0.529787,0.499982,0.515622,0.524848,0.194207,0.293772,-0.0444083,0.0958421,-0.176706,-0.140003,-0.102927,0.244692,0.312261,0.852272,1.14344,1.19261,1.14158,1.08976,1.08866,1.07503
2.46565,2.42726,2.34284,2.21215,2.07357,1.97196,1.90411,1.80961,1.65068,1.44555,1.2725,1.18352,1.16305,1.16929,1.17058,1.15658,1.12154,1.07914,1.0341,0.99256,0.946447,0.883741,0.814955,0.74624,0.677698,0.621448,0.588441,0.569318,0.549901,0.526947,0.50786,0.4984,0.503303,0.530623,0.580621,0.637514,0.684974,0.717569,0.752854,0.798913,0.857826,0.902779,0.909303,0.823664,0.791697,0.78182,0.849002,0.637631,0.692596,0.752258,0.52805,0.607999,0.260393,0.531679,0.0837054,0.322392,0.108669,0.317661,0.17662,0.594683,0.916764,1.03057,1.08736,1.1047,1.07085,0.974424
2.69751,2.60388,2.45388,2.27103,2.09331,1.95029,1.8302,1.67859,1.48477,1.29169,1.1564,1.10114,1.09085,1.11,1.13577,1.13901,1.11527,1.07463,1.02835,0.974101,0.90265,0.809178,0.718602,0.6484,0.602375,0.569903,0.558492,0.582816,0.623238,0.649941,0.634259,0.571294,0.480682,0.392144,0.339286,0.334592,0.369095,0.43012,0.511548,0.626269,0.770441,0.931193,1.09822,1.00304,1.00276,0.936954,1.08937,0.829107,0.730622,0.890929,0.908508,0.919321,0.801574,0.898153,0.584667,0.744629,0.452013,0.419319,0.269211,0.438368,0.693119,0.887834,1.00763,1.01695,0.967479,0.888603
2.87239,2.707,2.50184,2.27676,2.05374,1.82301,1.58445,1.35719,1.18087,1.07385,1.02478,1.00359,1.00425,1.00833,1.00627,0.982667,0.946069,0.898969,0.846338,0.790293,0.738171,0.697098,0.668513,0.652194,0.6538,0.662068,0.684164,0.724983,0.772539,0.801182,0.784887,0.721197,0.623336,0.510178,0.408217,0.335962,0.309366,0.324037,0.393563,0.535922,0.747939,1.00112,1.16595,1.08666,1.0972,1.11791,1.25524,1.10224,0.995246,1.0337,1.23965,1.20348,1.24517,1.17335,1.02831,0.91031,0.658219,0.607228,0.486595,0.457488,0.567776,0.724043,0.846315,0.885142,0.856472,0.781671
2.97036,2.73831,2.52043,2.2871,1.97657,1.61073,1.28579,1.09047,0.993853,0.94603,0.916881,0.902612,0.901305,0.891752,0.857476,0.80204,0.73851,0.681196,0.634066,0.612631,0.622298,0.653184,0.691798,0.741791,0.795351,0.855044,0.914805,0.96281,0.993934,1.00481,0.989384,0.953445,0.898377,0.826513,0.737904,0.649447,0.568087,0.511049,0.542346,0.675281,0.823185,1.19278,1.15992,1.02171,0.957777,1.16278,1.28002,1.29419,1.38457,1.32997,1.56784,1.45215,1.45246,1.39227,1.26218,1.01923,0.734699,0.70409,0.674957,0.590008,0.528294,0.558401,0.632775,0.71037,0.714705,0.650779
3.06815,2.77662,2.52688,2.24471,1.86368,1.4689,1.19669,1.07557,1.00885,0.926298,0.841621,0.790833,0.76177,0.744516,0.725592,0.703512,0.680446,0.669199,0.669759,0.683257,0.707107,0.727662,0.748699,0.793216,0.863708,0.967167,1.06844,1.14497,1.19265,1.21542,1.22656,1.22985,1.22015,1.18931,1.14306,1.04266,0.967864,0.922642,0.859534,1.03952,0.938965,1.12402,0.965881,0.813837,0.805477,0.952631,1.1017,1.32136,1.53851,1.62822,1.67832,1.64421,1.49582,1.44515,1.24576,1.0537,0.851906,0.78231,0.752431,0.713318,0.58007,0.454224,0.43709,0.518583,0.574995,0.578514
3.15271,2.83857,2.5052,2.14133,1.78846,1.50171,1.30914,1.17106,1.05516,0.940517,0.829421,0.721237,0.643865,0.610357,0.627018,0.685589,0.765722,0.846926,0.921677,0.970036,0.987943,0.982329,0.972958,0.983585,1.03269,1.1071,1.18956,1.26605,1.33271,1.39077,1.4401,1.47855,1.50307,1.49859,1.44833,1.39018,1.29461,1.16597,1.18662,1.276,1.03102,0.987363,0.843995,0.697579,0.818434,0.879287,1.01558,1.27823,1.59077,1.77837,1.83452,1.63541,1.45832,1.34553,1.14989,1.00616,1.00607,0.953312,0.938914,0.859672,0.656813,0.433485,0.341721,0.388437,0.471629,0.535027
3.14212,2.86466,2.48505,2.10097,1.82383,1.6398,1.45804,1.27916,1.15138,1.08314,1.00673,0.874266,0.736931,0.646455,0.640539,0.715025,0.840294,0.98455,1.11378,1.19827,1.23707,1.25949,1.28403,1.31937,1.36413,1.4039,1.44082,1.47499,1.51265,1.54872,1.59522,1.64889,1.66993,1.7198,1.70024,1.54221,1.57833,1.25101,1.21224,1.15912,0.965053,1.0086,1.0542,0.911103,0.928665,0.980866,1.00359,1.24641,1.54962,1.82293,1.96102,1.74636,1.53469,1.4244,1.19413,1.03644,1.12525,1.09762,0.989591,0.875713,0.710858,0.509021,0.376788,0.358096,0.400575,0.443669
3.03992,2.83353,2.52327,2.24452,2.04839,1.89355,1.71587,1.55271,1.46083,1.42744,1.35772,1.21394,1.04128,0.91051,0.855519,0.874924,0.95357,1.05271,1.13365,1.20151,1.27546,1.3692,1.4728,1.55233,1.59162,1.60505,1.60874,1.64206,1.69267,1.75678,1.79248,1.82471,1.89121,1.90034,2.01742,1.71229,1.65007,1.38777,1.20654,1.138,1.06065,1.05626,1.20472,1.21417,1.15631,1.16226,1.13713,1.19874,1.37945,1.56337,1.74264,1.71014,1.57728,1.51244,1.34291,1.24922,1.22868,1.21425,0.963865,0.784073,0.675884,0.571895,0.48526,0.434243,0.400298,0.361306
2.90461,2.76738,2.59691,2.47801,2.37521,2.24413,2.09396,1.9597,1.86983,1.78828,1.6668,1.51461,1.37065,1.27214,1.21065,1.18945,1.18758,1.17206,1.1504,1.15761,1.22206,1.34164,1.48263,1.59494,1.66281,1.68007,1.66785,1.68974,1.75655,1.83879,1.99635,1.97741,1.97721,1.98566,2.13826,1.81775,1.46939,1.49768,1.37981,1.25035,1.29833,1.29797,1.36656,1.37916,1.38949,1.47518,1.44564,1.30997,1.3794,1.37536,1.46235,1.52279,1.44925,1.44073,1.43662,1.39894,1.28585,1.25417,1.0125,0.783839,0.658368,0.613602,0.581645,0.525702,0.439488,0.345122
2.80732,2.70835,2.64661,2.63318,2.6091,2.52099,2.39231,2.24593,2.08596,1.9069,1.74745,1.6408,1.58379,1.55285,1.52371,1.48094,1.42006,1.34753,1.28142,1.2426,1.25365,1.31426,1.39431,1.48988,1.59226,1.67627,1.78937,1.83774,1.92752,1.92465,2.15162,2.06412,1.89268,1.87433,1.97087,1.64703,1.54676,1.5941,1.53699,1.32556,1.37053,1.39226,1.42563,1.39482,1.51255,1.61914,1.59257,1.47706,1.52964,1.48054,1.40007,1.42681,1.2994,1.33301,1.4157,1.40635,1.28434,1.13549,0.935851,0.811947,0.755251,0.729637,0.708393,0.642996,0.532604,0.41521
2.84029,2.74661,2.69075,2.68619,2.66956,2.599,2.46662,2.2843,2.06277,1.85692,1.71972,1.65994,1.64904,1.64983,1.63067,1.57544,1.5083,1.45418,1.41378,1.37759,1.33536,1.29928,1.2967,1.29645,1.29478,1.50154,1.5902,1.79085,2.00737,2.13334,2.29189,2.22665,2.02975,1.95833,1.90642,1.80355,1.78957,1.78076,1.75807,1.67408,1.50344,1.49709,1.40639,1.45933,1.61643,1.55189,1.59952,1.47741,1.53722,1.58046,1.45957,1.28839,1.13971,1.11373,1.17085,1.14096,1.02565,0.900354,0.82535,0.808724,0.843192,0.873596,0.830864,0.756075,0.664443,0.592326
3.00197,2.89542,2.78779,2.69781,2.62445,2.54537,2.43764,2.28484,2.08951,1.88745,1.71471,1.59735,1.54255,1.51829,1.48627,1.44721,1.41165,1.38205,1.36009,1.32318,1.2677,1.17285,1.09758,1.13765,0.791207,1.00902,1.06415,1.30781,1.59792,1.85164,2.09351,2.14119,2.08086,2.10021,1.99225,2.03101,1.9392,1.95033,1.99222,2.00407,1.84986,1.7741,1.63489,1.56579,1.67073,1.37266,1.52592,1.35032,1.53283,1.43348,1.51272,1.21624,1.07155,0.914272,0.903021,0.858877,0.736013,0.618927,0.585713,0.647766,0.755369,0.919044,0.869941,0.730688,0.674756,0.679397
3.12313,3.00617,2.87061,2.73008,2.60602,2.4963,2.39595,2.27326,2.10154,1.88671,1.67156,1.4962,1.37702,1.30006,1.24394,1.19718,1.15118,1.11089,1.06944,1.01464,0.949584,0.909023,0.783119,0.892794,0.50919,0.559206,0.744732,0.988568,1.15413,1.31851,1.59023,1.64998,1.85205,1.94947,2.08179,2.09325,2.16937,2.17499,2.32084,2.27396,2.25583,2.03444,1.90517,1.62441,1.58991,1.38656,1.53718,1.34101,1.63155,1.44928,1.47283,1.17347,1.10714,0.84683,0.861191,0.863907,0.811362,0.631693,0.443834,0.495801,0.677139,0.842193,0.812951,0.727711,0.710573,0.753785
3.11822,3.01177,2.8786,2.74257,2.59121,2.4342,2.26981,2.10746,1.94534,1.80049,1.66516,1.52668,1.38005,1.24069,1.11829,1.00984,0.92395,0.846277,0.793185,0.720604,0.65089,0.68422,0.593176,0.624696,0.520623,0.525618,0.740102,1.05718,1.24847,1.36026,1.50768,1.47531,1.70467,1.84944,2.03262,2.14388,2.23642,2.49851,2.3802,2.60849,2.36236,2.38575,1.95808,1.86124,1.55532,1.73296,1.69744,1.62766,1.76708,1.76338,1.49877,1.19895,1.2958,0.990084,1.07648,0.952646,0.91402,0.828361,0.594802,0.57799,0.729736,0.801722,0.725934,0.788283,0.889023,0.932983
3.09481,2.98703,2.84103,2.67019,2.47274,2.27224,2.07919,1.90869,1.78319,1.70709,1.65061,1.5691,1.43609,1.26919,1.10012,0.960002,0.860746,0.772263,0.701598,0.676567,0.650581,0.704214,0.65104,0.646332,0.653704,0.780534,1.0604,1.34061,1.72537,1.92505,2.11586,2.11037,2.10487,2.09516,2.10954,2.15801,2.23177,2.51065,2.28927,2.70297,2.30538,2.65777,2.04079,2.22126,1.7701,2.05921,2.00071,2.19769,1.84232,1.99647,1.60143,1.51389,1.56499,1.45983,1.48698,1.26806,1.25264,1.23654,1.00478,0.828174,0.852042,0.829652,0.778892,0.953139,1.09974,1.0768
3.02405,2.87906,2.6661,2.4211,2.18458,1.99674,1.84509,1.70264,1.59658,1.53307,1.48874,1.42727,1.33734,1.22263,1.08443,0.961667,0.856455,0.768794,0.700673,0.693084,0.679359,0.70658,0.686465,0.768131,0.884399,1.10038,1.41314,1.68432,2.02689,2.32425,2.489,2.49507,2.37644,2.22343,2.14772,2.14235,2.27644,2.43928,2.62165,2.87138,2.59902,2.99493,2.34152,2.65147,2.26052,2.3763,2.48685,2.57214,2.18523,2.23231,2.02472,2.04209,1.99181,1.97339,2.00639,1.73884,1.97519,1.87958,1.6182,1.4389,1.33817,1.06317,1.1027,1.31593,1.3439,1.3644
2.61481,2.44303,2.21473,1.97992,1.78592,1.658,1.55697,1.45469,1.36664,1.30046,1.24684,1.21022,1.18303,1.14171,1.07058,0.97534,0.846167,0.69255,0.577516,0.495173,0.467163,0.561599,0.623566,0.863493,1.06557,1.27279,1.55056,1.74396,1.94107,2.18338,2.1609,2.395,2.38464,2.28686,2.34874,2.46955,2.66059,2.91535,3.16932,3.26196,2.88919,3.26617,2.81969,3.15929,2.89918,2.89925,2.91123,2.60723,2.68407,2.53366,2.54468,2.58219,2.53438,2.51682,2.55497,2.42283,2.58171,2.53962,2.17684,2.2124,1.9063,1.66829,1.76024,1.72854,1.77374,1.80419
1.91965,1.78257,1.67537,1.5775,1.50275,1.44619,1.39577,1.33828,1.26671,1.18244,1.1095,1.06972,1.0414,1.00327,0.94905,0.843677,0.701771,0.569935,0.428886,0.312654,0.297807,0.454389,0.561435,0.77354,0.959554,1.15305,1.4223,1.70201,1.78362,1.78678,1.80822,1.92689,2.1147,2.26214,2.64245,2.96004,3.28968,3.59657,3.69802,3.51938,3.03383,3.44464,3.5269,3.62789,3.45985,3.29935,3.11447,3.00142,3.08217,3.01961,3.00287,3.07063,3.05429,3.03828,3.02471,3.08987,3.02677,3.05897,2.54068,2.46357,2.34839,2.45917,2.30587,2.24129,2.37032,2.05548
1.49406,1.4098,1.40348,1.4147,1.42446,1.41763,1.39129,1.32864,1.22328,1.09641,0.988825,0.894714,0.79823,0.728963,0.677286,0.596989,0.482821,0.352998,0.223093,0.207277,0.300918,0.474821,0.508805,0.611332,0.837101,1.23109,1.54704,1.35017,1.65213,2.09044,2.34453,2.38384,2.40564,2.55983,2.95759,3.36545,3.79059,3.95601,3.69293,3.46989,3.27132,3.52855,3.64136,3.54976,3.42844,3.39476,3.32759,3.37276,3.4545,3.26038,3.53268,3.48397,3.46688,3.39094,3.36598,3.35222,3.37585,2.96247,2.7588,2.60677,2.88052,2.79592,2.64827,2.71691,2.51926,2.30086
1.60646,1.49697,1.44001,1.41013,1.37815,1.3295,1.25809,1.14557,1.01017,0.882651,0.744994,0.595196,0.47935,0.35238,0.163828,0.0177614,-0.0414993,0.00938074,0.169694,0.342429,0.265222,0.239273,0.238896,0.295887,0.673396,1.1041,2.03396,2.11629,1.75995,1.73016,2.14944,2.75851,3.22332,3.52593,3.82087,4.1547,4.34955,4.17913,3.35604,3.54532,3.32301,3.3313,3.18764,3.19173,3.2097,3.47279,3.65486,3.50833,3.7188,3.25584,3.79176,3.79081,3.64652,3.56904,3.506,3.43251,3.18152,2.85029,2.91744,3.09948,3.12468,2.98461,3.02864,2.97457,2.34232,2.49892
1.91038,1.75075,1.59314,1.45234,1.31814,1.19766,1.06636,0.938262,0.820055,0.671549,0.506321,0.302025,-0.0166873,-0.36512,-0.510199,-0.404292,-0.0289379,0.327937,0.818205,0.601597,0.122269,0.123629,0.598857,1.26781,1.69818,1.90991,1.89719,2.22785,1.9996,1.78217,2.16267,2.54051,3.23934,3.91138,4.53431,4.94279,4.92299,4.49997,3.95389,3.74148,3.37287,3.133,3.125,3.44206,3.80532,4.11788,4.12512,4.00471,4.06567,3.5017,3.96667,3.88822,3.9445,3.70248,3.62581,3.61123,3.18124,3.4524,3.1986,3.74855,3.1101,3.3791,3.24983,3.06084,2.40401,2.4922
