uploads/wind/20200722/wind_field_16.json
{"header": {"parameterUnit": "m.s-1", "parameterNumber": 2, "dx": 0.051, "dy": 0.036, "parameterNumberName": "eastward_wind", "la1": 45.3082, "parameterCategory": 2,"nx": 177, "ny": 123, "refTime": "2018-09-30 00:00:00", "lo1":1.38177}, "data":
[rows 58 to 86 of 123, columns 66 to 131 of 177]
0.73314,0.876509,1.04768,1.18105,1.28788,1.40936,1.60217,1.86149,2.12276,2.43909,2.67909,2.61568,2.46869,2.63472,3.18932,3.86119,4.36072,4.82645,4.80088,4.13716,6.11168,6.4602,5.7242,6.89175,8.66986,8.54565,8.99561,5.85187,7.7498,7.62559,7.76441,7.93229,8.0834,8.43375,8.67873,8.53071,7.66567,6.76857,6.13264,5.38825,5.57516,6.16437,6.65505,7.18608,7.31035,7.12793,6.77951,6.45651,6.51419,6.5689,6.51452,6.369,6.33478,6.01378,5.56285,5.90512,5.96673,5.04731,4.57574,5.20749,5.01086,4.6872,5.23249,4.85339,4.31752,4.65119
0.820619,0.945686,1.10109,1.23375,1.36603,1.53092,1.71391,1.89469,2.21532,2.52094,2.48092,2.21814,2.31354,2.86775,3.66197,4.39054,5.10805,5.13521,4.91022,4.77117,6.55034,6.44555,7.48594,7.57195,7.27757,6.588,5.72417,5.19686,4.54654,4.722,6.64429,6.12956,8.65068,9.21445,9.38603,8.82545,7.35594,5.69017,4.71842,4.83672,5.72591,6.61899,7.36276,7.56674,7.20459,6.78888,6.60941,6.53112,6.56805,6.63221,6.59019,6.42055,6.25461,6.20336,6.14396,6.1252,5.80066,5.29075,4.80621,4.78526,5.00432,4.80484,5.12144,4.85593,4.10947,4.77954
0.980054,1.07488,1.19088,1.31852,1.46072,1.57622,1.6822,1.94709,2.35954,2.15754,1.50882,1.60572,2.63533,3.845,5.095,5.93632,6.15363,5.61204,6.20918,5.00362,5.31228,5.55997,6.2934,6.41306,5.75171,4.90377,4.78854,4.74332,3.83857,3.18947,4.08485,5.12459,6.82378,7.00336,8.99424,8.6505,7.51741,6.43511,5.68241,5.7313,6.40759,7.19468,7.55914,7.27182,6.78753,6.53941,6.57022,6.65542,6.72042,6.727,6.65267,6.50873,6.29219,6.00883,5.32441,5.06093,4.50904,3.91983,4.50496,4.39186,4.14172,4.96344,4.9744,4.4907,4.94812,4.86516
1.10407,1.25654,1.38976,1.50064,1.56259,1.56256,1.70409,2.00654,1.7688,0.546823,0.359077,2.18652,3.94055,5.46021,5.76459,6.80337,5.75967,5.64968,4.7353,4.13816,4.18425,5.13252,6.19683,6.01069,4.97226,4.45356,3.94689,4.11128,3.49568,2.98591,4.19439,4.90003,5.88549,5.72322,6.0945,5.06409,5.162,5.07917,5.88181,6.40532,7.14616,7.5414,7.29421,6.68944,6.33902,6.45689,6.69122,6.8996,6.88988,6.80262,6.52955,5.91138,5.70574,5.23629,4.78363,4.14274,3.46699,3.95904,4.20314,4.03778,4.7263,4.90373,4.54339,5.10134,5.16138,4.62082
1.1818,1.27534,1.28359,1.30512,1.31917,1.36795,1.54414,1.36506,0.433118,-0.903041,-0.353041,3.42841,4.37592,5.07555,4.32073,4.45925,4.47123,4.15494,3.08606,2.85283,3.48166,5.05931,6.40764,5.75881,4.93335,4.45167,4.09794,3.58248,3.33402,3.20863,4.33034,5.32829,5.53254,5.65898,4.7677,4.06055,3.89195,4.60428,5.50045,6.30444,7.10842,7.4608,7.03433,6.42625,6.27777,6.50242,6.84303,6.93779,6.94431,6.52228,5.63317,5.43869,5.1541,4.83845,4.24057,3.53041,4.00226,4.18431,3.9345,4.63489,4.90181,4.59064,5.16122,5.27462,4.84044,5.31089
1.0872,1.17489,1.19425,1.21531,1.21273,1.28947,1.20851,0.615057,-0.202735,-1.18547,-0.325767,3.1029,4.64327,4.90559,4.69506,4.58021,4.70897,4.56033,3.57807,3.25983,4.20982,5.07949,6.06887,5.75458,5.08317,4.83371,4.52452,3.6932,3.36967,3.03568,4.12668,5.36576,5.65942,5.18656,4.8048,4.29764,2.98578,3.1046,3.80916,5.4572,6.32639,6.77937,6.65952,6.39134,6.43265,6.64717,6.77032,6.73341,6.52813,6.40333,5.8872,5.08309,4.84711,4.37641,3.71288,4.21566,4.3952,4.11402,4.79213,4.99873,4.63809,5.20853,5.29307,4.91274,5.40443,5.09753
0.998402,1.04578,1.02849,0.976622,0.969294,0.787082,0.642438,0.592895,0.493477,-0.350355,0.0460672,3.02886,4.4775,5.16071,5.34849,4.84291,5.19271,4.74982,4.81991,4.08355,4.36078,5.31728,5.36192,5.39552,5.32637,5.03085,5.12191,5.02973,4.14771,3.82571,3.96174,4.96849,5.51478,5.28313,4.75398,4.36549,2.1825,1.35938,2.20957,4.24403,5.46391,5.95837,6.12626,6.28871,6.5276,6.63401,6.50477,6.37129,6.19702,5.30725,4.50946,4.64551,4.36533,3.74497,4.25932,4.44984,4.24345,4.90352,4.91051,4.67418,5.30816,5.12956,4.88533,5.30636,5.44856,5.33306
0.583688,0.877194,1.03559,0.71482,0.107747,0.62973,1.51847,2.06433,2.73338,2.30067,1.6734,3.36613,4.12791,4.82864,5.06594,4.64551,4.56472,4.91837,4.24732,4.51608,4.28406,4.60732,4.46623,4.58095,4.5203,4.7577,4.53518,4.36028,4.66534,3.94851,4.24056,4.91092,5.19812,5.71896,4.8979,4.53265,2.20716,1.20624,1.27216,2.99287,4.30671,5.00995,5.52193,6.06381,6.42551,6.40844,6.09462,6.10183,5.84491,4.59388,4.23381,4.04622,3.53884,4.08317,4.28947,4.19417,4.82484,5.32785,5.48631,4.6196,4.45712,5.28656,5.33027,5.40373,5.35004,5.22863
1.83867,1.33968,0.82271,0.592946,2.47578,2.85918,2.93374,3.2222,3.12624,3.01005,2.24895,2.95694,3.1222,4.34867,4.31115,4.33125,4.10042,3.96181,4.58099,4.68349,5.05045,4.79428,4.71413,4.77235,4.97991,5.07905,5.76814,5.71058,5.73698,5.72391,4.96247,4.52103,5.20709,4.71933,5.10404,5.00121,3.42244,1.02006,0.624211,1.88643,3.2428,4.04361,4.72402,5.37149,5.80762,5.94669,5.99779,5.19726,4.31133,4.14207,3.52221,3.20734,4.00509,4.19596,3.95968,4.68753,4.8924,4.56729,5.13661,5.43351,5.20026,5.31144,5.45736,5.40322,5.39111,5.24855
2.33478,0.116927,0.468921,2.05098,3.18422,3.13835,2.87919,2.62966,2.6318,2.3034,2.21101,2.74425,3.26147,3.82319,3.76438,3.93599,3.79484,3.78176,4.09549,5.1802,5.05444,5.65245,5.09094,5.6002,5.61177,5.61054,5.44041,5.32604,5.68527,5.77411,5.85681,5.41347,5.33223,4.87051,4.10743,5.12338,4.28066,1.24975,0.146531,0.46993,2.09055,3.47656,4.10611,4.54148,4.99486,5.2003,5.24802,5.09408,4.40802,3.95215,3.85513,3.13947,2.78093,3.59467,4.6313,4.71405,4.31848,4.87205,4.98622,4.7229,5.34372,4.98381,4.62553,5.33905,5.59292,5.6247
2.9629,1.7223,1.69796,2.67546,2.92443,2.23945,3.10512,2.88538,3.67504,3.13009,3.11176,3.36157,4.04635,3.83736,4.08963,4.48941,4.76018,4.39439,5.03134,4.82279,5.6233,5.21616,5.82693,5.25896,5.6466,5.5675,5.46285,5.81188,6.16788,6.13998,5.724,6.07703,4.40527,3.13873,2.87995,4.57274,4.44672,0.642248,-1.30221,0.133328,1.57004,2.94393,3.28422,3.89545,4.3255,4.46776,3.96883,4.06914,3.7986,2.98201,3.00369,3.82766,4.12156,3.56916,3.41556,3.94022,4.82788,4.81077,4.56899,5.02723,5.14478,5.21214,4.67737,4.15557,4.13968,4.26277
3.23657,2.69971,1.8512,2.54782,2.89497,1.38575,2.08797,2.35066,3.87154,3.82722,3.77764,3.8943,4.25612,4.40873,4.57187,4.67032,4.48807,5.00185,6.07322,5.64751,6.76771,6.21718,6.02975,5.97775,5.77092,5.8052,5.70652,6.08758,5.71783,5.52498,5.08528,5.62393,4.02561,2.55374,2.63545,3.5208,2.36479,-2.14706,-2.03342,-0.194899,1.42505,2.06603,3.09585,3.00029,3.5044,3.38665,3.41951,3.18564,2.5185,2.4824,3.31758,3.61635,3.76613,3.99467,3.32963,3.08734,3.54593,4.04436,4.73095,4.93298,4.9874,4.846,4.26114,3.63459,3.51751,4.40168
3.25695,3.72197,3.13368,2.08489,0.108438,0.101996,2.25087,2.75108,3.31549,3.68129,4.01656,3.62511,4.53736,4.20655,4.8094,4.9947,4.6298,4.64595,4.41161,5.3557,5.12091,5.63723,4.68813,4.97962,4.88364,5.38495,4.85768,5.58876,5.90191,6.07778,4.39362,3.31876,1.91878,2.184,2.49594,1.94497,-1.19469,-3.29956,-1.83069,-0.0856483,1.01702,2.03844,1.98516,0.916373,1.50321,2.94123,2.92965,1.73213,1.63173,2.54094,2.95273,2.59967,2.41372,2.33019,2.60779,3.1269,3.4026,4.00488,3.76512,2.90666,2.95564,3.35468,3.36791,3.64189,4.56119,4.63789
3.37914,4.07701,3.87787,3.48308,1.43109,1.36509,2.16941,2.83866,2.85357,3.43038,3.41767,3.80873,4.38496,4.24228,4.75661,4.36262,4.75538,3.99566,4.40037,4.62072,5.25595,5.57401,5.65266,4.76636,5.57984,5.06986,4.53719,4.7485,4.57527,5.06267,4.70611,1.93384,1.41131,3.80592,2.17265,-0.760299,-2.26943,-2.60332,-1.18399,0.157755,0.744281,1.55695,0.312297,-0.461519,0.903895,0.655231,0.0897543,0.114096,0.604337,1.30102,1.61566,1.49777,1.38831,1.56727,1.77071,2.50142,3.76778,3.50626,2.21467,1.74275,1.95905,2.46582,2.82021,3.07884,3.49273,3.68093
3.42035,3.61978,3.51579,4.06545,2.71541,1.89809,1.78574,2.98141,2.63454,3.3563,2.90159,3.64245,4.05951,4.36706,3.94551,4.14544,4.46266,4.58531,4.73027,4.94973,5.37989,5.34002,5.53949,5.40804,5.65629,5.21814,4.90032,4.85241,5.5883,5.24048,5.95473,3.46487,2.76128,3.6502,1.76233,-1.12019,-1.71933,-1.7702,-0.640337,0.0705872,0.925709,0.793211,-1.3968,-0.466849,0.852705,1.12066,1.11453,0.178293,0.270203,0.284329,0.182604,0.536219,1.16985,1.69951,2.4137,3.48113,3.39015,2.07273,1.38283,1.51198,1.8538,2.26979,2.63919,2.83675,2.9763,3.1858
3.22211,3.25177,3.49201,3.83449,4.00124,2.07245,2.13077,2.3809,3.14399,3.01129,3.69839,4.36146,4.19983,4.39232,4.17016,4.17297,4.47224,5.31337,4.87376,5.65865,5.28426,5.73981,5.80636,5.90178,5.03312,5.28233,5.23892,4.97052,5.86839,5.17702,5.58499,4.45675,3.70321,3.84006,2.13157,0.00835648,-1.23068,-1.53482,-0.496253,0.283041,0.441629,-0.361141,-1.35886,0.211167,0.973753,-0.126139,-1.30054,-1.67313,-1.61254,-1.5426,-0.614983,0.717902,1.839,2.40949,2.51833,2.40024,1.81235,1.27871,1.39433,1.75195,2.05386,2.25841,2.43592,2.59582,2.83874,3.18789
3.05071,3.13776,3.30866,3.5336,3.92689,3.69934,2.48303,2.44424,2.5846,3.27784,3.85899,4.58196,5.18567,5.38746,5.17597,5.5554,5.09064,5.41838,5.55645,5.21265,6.00957,5.87441,6.35629,5.36841,6.26108,6.00009,6.51724,5.68226,5.59515,5.75277,5.30381,5.30631,4.75622,4.11538,3.21659,1.83306,0.713107,-0.631388,-0.0391512,0.671957,0.463179,0.336693,-0.193714,0.815776,0.374811,-1.05756,-2.17493,-2.8035,-2.69183,-1.33742,0.309753,1.66758,2.16164,2.02914,1.66604,1.30988,1.13435,1.24863,1.53995,1.85072,2.11588,2.36016,2.5757,2.69153,2.79262,2.95758
2.80101,3.04304,3.39814,3.5767,3.67405,3.91423,3.34424,2.26193,2.50086,3.25534,3.15806,3.87804,4.47015,4.77251,5.25666,4.97313,5.05703,5.12375,5.07714,5.24782,5.48468,5.68327,5.32619,5.54254,5.56416,5.29664,5.41522,5.70868,5.73264,6.0981,5.35858,5.22081,4.49686,4.45107,4.15579,4.13875,2.67228,0.525313,0.533939,0.953802,1.64651,2.31543,1.05284,0.669383,-0.259701,-1.21068,-1.58305,-1.64493,-1.42627,-0.348695,1.36238,2.56409,2.72605,2.33453,1.62551,1.20641,1.36233,1.73598,2.08502,2.37402,2.50537,2.47589,2.37703,2.35949,2.45319,2.52818
2.62113,3.19378,3.06661,3.4626,3.41011,3.95389,3.25287,3.52957,3.03516,3.40238,3.62049,3.68002,3.79737,4.71353,5.06759,5.39759,6.00344,5.55754,5.37481,5.9764,6.50916,6.12571,5.64148,5.79275,5.70181,6.06284,6.16252,5.75311,6.25933,5.42136,5.26797,4.28734,4.88705,4.74841,4.80208,4.34926,4.17735,2.53473,1.55257,1.53896,2.50791,3.37213,2.53362,1.17312,0.542629,0.0193667,-0.998335,-1.11333,-0.473715,0.711131,2.22462,2.98888,2.3829,2.61244,2.30136,1.45647,0.91981,1.1852,1.69763,2.12218,2.40123,2.47726,2.36421,2.15812,2.13792,2.33224
2.5649,2.81763,2.64432,2.53393,2.90203,3.12737,3.68822,3.06201,3.64554,2.86547,3.67346,4.17953,4.92715,5.02214,5.04517,4.76298,5.56701,4.9587,5.39619,5.06213,5.62473,5.64556,5.24462,6.0131,5.78452,6.39453,5.66771,5.45231,4.93325,5.1833,4.27812,3.95779,4.09208,4.80985,4.953,4.50326,4.62037,4.22235,3.48249,2.47607,2.8143,3.87384,3.54972,1.82109,1.85127,2.13401,0.179989,-1.06415,0.0282784,1.11436,2.16602,3.10168,3.35296,2.22455,1.12808,-0.277365,-0.0550248,1.2271,2.4353,2.66502,2.20602,1.91855,1.90029,1.98398,1.96387,1.83669
2.99254,2.49676,2.79135,2.75841,2.62253,2.23071,2.49555,2.31227,2.59703,2.68158,3.06803,3.76476,4.48039,4.07519,4.13525,3.6847,4.10023,4.41284,4.59297,4.81365,4.60038,5.1464,5.19825,5.46037,5.7153,5.81679,5.76327,5.63712,5.58138,5.21027,5.23531,4.42658,4.8358,4.37387,4.95775,4.82578,5.02595,4.84242,5.00264,4.30282,3.65207,3.6785,3.72787,2.65202,2.02821,1.18022,-1.28808,-1.498,0.470883,0.910185,1.57705,3.45852,3.30711,1.5612,0.621121,0.210617,1.08875,2.69903,2.96839,3.99478,3.91275,3.004,2.26952,1.71005,1.34191,1.10459
3.07459,2.87233,2.74611,2.73987,2.43727,2.0114,2.12993,1.69949,2.7662,3.71044,3.88069,4.10247,4.12426,4.22269,4.24905,4.61168,5.03243,5.38276,5.1258,5.29586,4.3394,4.86472,4.76918,5.67128,5.68944,5.60097,5.71054,5.82773,5.99792,5.96001,5.53793,5.41147,4.37791,4.26165,4.30595,5.02945,4.6859,4.73996,5.25767,5.2743,4.41932,4.36951,3.90442,0.759194,-2.11001,-2.69789,-2.81464,-1.28915,0.269378,0.698039,1.44337,2.81332,3.69843,1.57191,-0.808792,-0.921859,0.71039,2.7492,3.37442,2.9521,2.85895,1.94284,1.69141,1.48955,1.02918,0.302482
3.58753,2.88013,2.00665,2.79915,2.13488,2.18037,2.17777,2.35998,3.25911,4.19532,4.1295,4.48507,4.3271,4.88244,4.99859,5.39882,5.80597,5.68987,6.01745,4.90629,4.81854,4.61751,5.56526,5.76743,6.03079,6.51761,6.25998,6.30641,5.63682,6.86021,5.53511,5.79446,4.6667,4.4599,4.14006,5.52258,5.14847,5.14205,4.66619,4.66684,4.47245,4.14128,1.89359,-1.14112,-3.17167,-3.25887,-2.34715,-0.84887,-0.0192824,0.532712,1.44893,2.80997,3.62335,0.69196,-1.91449,-0.648306,0.786399,2.4508,3.23127,2.04752,1.88631,2.92435,2.24633,0.372518,-0.0588933,0.0737125
3.45644,2.81027,2.1801,1.96011,1.72123,1.71424,3.19418,3.03477,2.85626,3.31726,3.64668,4.04393,4.11017,4.34383,4.9164,5.34139,5.67185,5.83939,5.81482,6.0011,5.96396,5.68402,5.65559,5.31036,5.59484,5.94251,6.40026,6.30904,6.92842,6.42992,5.72769,5.03182,5.71743,5.24006,5.70268,5.73847,5.5707,4.8273,4.49926,3.8781,4.21826,2.70377,0.613149,-0.825615,-2.13939,-1.92486,-1.62765,-0.908939,-0.114214,0.844233,1.70015,3.1987,3.18448,1.41386,-0.292467,0.350196,0.514656,1.81436,3.33694,2.3538,2.22046,3.33793,2.52916,0.961941,0.162452,-0.502117
2.77015,3.05182,2.3647,1.78152,2.39447,2.75023,1.98915,1.62955,1.48777,2.07438,2.56115,3.32649,3.61267,4.62948,4.14559,4.40324,4.41813,4.851,5.22527,5.46096,5.78976,6.12207,5.76885,5.85232,5.28509,5.91462,5.34352,5.76962,6.45782,6.50779,5.94667,5.51413,5.90463,5.70764,5.50341,6.06223,5.87694,5.25363,5.06931,4.19907,4.04787,3.20593,0.947631,0.155907,-0.587033,-1.75646,-1.78865,-0.67224,0.241632,1.23755,2.85641,4.17094,3.2345,1.72994,2.22961,1.59114,0.269798,0.869429,2.96936,3.19409,2.73107,3.21201,1.32946,0.159637,0.123056,-0.972151
1.12389,1.3329,1.86739,2.4192,2.69938,2.31674,1.5735,1.62377,1.52998,1.77929,2.56684,3.3624,3.88923,3.12832,2.15574,2.45162,3.09674,3.62565,4.40224,5.20233,5.38672,5.91081,5.00109,3.93326,3.52494,4.33355,4.31049,5.37973,5.74197,6.03336,5.73717,5.84031,6.44116,6.3937,6.07988,6.02481,5.49884,4.68791,3.82429,3.54601,4.40656,5.66512,3.72448,2.16858,0.333746,-1.54258,-1.25184,0.564044,0.0799758,-0.225311,2.22493,3.79074,3.59478,2.85983,3.00374,2.61164,2.45085,1.64195,1.65561,2.43091,4.25334,4.24026,1.3039,0.21314,-0.170137,-1.00929
-0.906119,-0.644985,-0.402414,0.62321,1.25313,1.74295,2.20839,1.77239,1.48433,2.02193,2.64765,3.45683,3.70289,3.13375,2.81144,3.49513,3.19035,3.17444,3.62818,4.00258,4.38084,3.60674,0.680303,-0.903834,1.29953,2.25833,3.20903,4.12751,5.32975,6.17742,5.92384,5.97907,5.9194,6.71828,6.0751,6.03041,5.75577,6.31131,5.07587,3.50299,3.79948,5.9753,4.82443,4.02651,1.33637,-1.06345,-0.635749,1.87809,0.858804,-0.198933,2.41666,3.03076,4.24091,5.43774,3.62562,3.54824,3.16354,0.378071,0.227431,2.72787,4.35275,0.574926,-2.09009,-2.16679,-1.94237,-2.02177
-1.35916,-1.67254,-1.24517,-1.09407,-0.572528,0.807191,1.68854,2.27816,2.10231,2.50034,2.73161,2.86117,2.50269,2.30003,3.02696,3.16269,2.69693,2.41873,2.8536,3.0859,3.06652,1.8959,-0.277984,0.684677,2.35072,2.62657,2.6993,3.37529,4.1274,5.0544,5.86263,6.38926,6.93293,6.99847,6.38018,6.83181,6.67586,6.92759,6.29997,3.76235,3.52473,5.11796,4.97137,5.25574,2.58566,0.588422,0.455648,1.69872,1.04263,1.5749,3.17576,3.16236,4.61532,5.86808,4.25165,2.35905,2.08303,1.08933,1.23546,2.00418,-0.82263,-3.85677,-4.30274,-3.80951,-3.33164,-2.85129
-0.814568,-1.55764,-1.38763,-1.21838,-1.80262,-1.29719,-0.468473,0.700951,1.88277,2.78879,2.10757,0.267355,0.145218,1.82089,2.52452,2.48472,2.28892,2.04558,2.2852,3.09957,3.25064,2.66934,0.964748,1.28111,2.31282,2.28472,2.96897,4.04893,4.0758,4.21107,5.65437,6.4578,7.38452,7.28319,6.72099,7.1471,7.77668,7.52818,6.14031,3.71123,2.39985,4.14139,4.7489,5.63535,4.58273,2.91841,2.2539,1.37232,0.591768,2.01588,3.01262,2.20327,4.34685,5.10922,1.73051,-1.06735,0.29974,1.56458,0.99188,-1.20442,-3.35586,-3.38883,-3.03731,-2.60817,-2.9091,-2.7294
