uploads/wind/20200722/wind_field_07.json
{"header": {"parameterUnit": "m.s-1", "parameterNumber": 3, "dx":  0.051, "dy": 0.036, "parameterNumberName": "northward_wind", "la1": 45.3082, "parameterCategory": 2,"nx": 177, "ny": 123, "refTime": "2018-10-03 01:00:00", "lo1":1.38177}, "data":
[rows 0 to 27 of 123, columns 0 to 62 of 177]
-1.09236,-0.993289,-0.918215,-0.761035,-0.716685,-0.750791,-0.870107,-0.872934,-0.79876,-0.614056,-0.596229,-0.782301,-0.908519,-1.18146,-1.38201,-1.47881,-1.53861,-1.53234,-1.45486,-1.42789,-1.45686,-1.55377,-1.56071,-1.63533,-1.68851,-1.77676,-1.86667,-1.96918,-1.96488,-2.06622,-2.20239,-2.25692,-2.37383,-2.52232,-2.5726,-2.66504,-2.66081,-2.54119,-2.62188,-2.52724,-2.47236,-2.59847,-2.77062,-2.70785,-2.74098,-2.73688,-2.76423,-2.60056,-2.20824,-2.28573,-2.34278,-2.44226,-2.47147,-2.47525,-2.49524,-2.44583,-2.38275,-2.25703,-2.15911,-2.03823,-1.88097,-1.76771,-1.68447
-1.06008,-1.04743,-0.983803,-0.847975,-0.826579,-0.860107,-0.942935,-0.942885,-0.899863,-0.777143,-0.750216,-0.89022,-0.87372,-1.10325,-1.25086,-1.32917,-1.36872,-1.36683,-1.33599,-1.30367,-1.33622,-1.41756,-1.41374,-1.47833,-1.52397,-1.59037,-1.64873,-1.71162,-1.66408,-1.72808,-1.82974,-1.85271,-1.94442,-2.07658,-2.13466,-2.26908,-2.32038,-2.25184,-2.37461,-2.30919,-2.26955,-2.36359,-2.47496,-2.38469,-2.4019,-2.41569,-2.45117,-2.29804,-1.91555,-1.99388,-2.04909,-2.13165,-2.15184,-2.15262,-2.17872,-2.13848,-2.08897,-1.97762,-1.90183,-1.80012,-1.66372,-1.55468,-1.46732
-1.01562,-1.09853,-1.01006,-0.97239,-0.97039,-0.972702,-0.977895,-0.975362,-0.984074,-1.00392,-0.973205,-0.983906,-0.962232,-1.01486,-1.05054,-1.10911,-1.12358,-1.12381,-1.12461,-1.11389,-1.14125,-1.19477,-1.23787,-1.27788,-1.31093,-1.33634,-1.35092,-1.3594,-1.37198,-1.39396,-1.41746,-1.44522,-1.49083,-1.54903,-1.6299,-1.72608,-1.83284,-1.92197,-1.9994,-2.06059,-2.09162,-2.08824,-2.0961,-2.08562,-2.05662,-2.01828,-1.9668,-1.90143,-1.83261,-1.78993,-1.75477,-1.72472,-1.68645,-1.63909,-1.58851,-1.54355,-1.50628,-1.47554,-1.45271,-1.42131,-1.39065,-1.33019,-1.24693
-0.948709,-0.982642,-0.929228,-0.94358,-0.953992,-0.950204,-0.974138,-0.990934,-0.986491,-1.01291,-1.00618,-1.00119,-0.980722,-0.965842,-0.963802,-0.979593,-0.996654,-0.982369,-0.974653,-0.952721,-0.976761,-1.01895,-1.06406,-1.09706,-1.12255,-1.13692,-1.12517,-1.0888,-1.07348,-1.0782,-1.097,-1.11174,-1.14654,-1.21364,-1.3299,-1.45428,-1.56821,-1.66044,-1.74753,-1.81212,-1.83305,-1.81899,-1.81522,-1.8054,-1.79515,-1.78053,-1.73442,-1.65175,-1.58917,-1.58759,-1.56404,-1.52129,-1.47377,-1.42255,-1.3735,-1.32074,-1.26975,-1.22758,-1.19558,-1.16177,-1.13183,-1.08462,-0.996719
-0.866531,-0.800807,-0.786299,-0.749139,-0.59117,-0.692374,-0.721887,-0.773098,-0.759445,-0.744688,-0.764506,-0.795143,-0.825507,-0.848151,-0.846407,-0.849772,-0.854874,-0.82005,-0.830639,-0.809076,-0.802478,-0.804161,-0.815729,-0.819828,-0.820967,-0.8248,-0.81702,-0.80565,-0.796636,-0.80037,-0.799123,-0.792198,-0.820337,-0.910789,-1.03657,-1.15043,-1.24452,-1.32585,-1.39535,-1.43077,-1.45286,-1.47155,-1.49253,-1.52054,-1.56439,-1.60136,-1.56413,-1.46411,-1.39349,-1.40281,-1.3965,-1.37064,-1.33279,-1.27706,-1.21928,-1.14893,-1.06833,-0.994669,-0.927847,-0.862167,-0.795568,-0.728014,-0.637339
-0.763013,-0.682883,-0.664343,-0.642154,-0.490479,-0.391549,-0.389757,-0.383653,-0.381457,-0.354576,-0.343913,-0.358378,-0.410525,-0.482543,-0.544532,-0.580731,-0.58219,-0.555496,-0.558212,-0.580248,-0.581246,-0.554472,-0.51469,-0.472581,-0.437979,-0.427188,-0.434071,-0.458669,-0.488802,-0.516371,-0.519776,-0.511656,-0.531881,-0.616472,-0.714448,-0.774869,-0.822081,-0.873043,-0.9054,-0.918303,-0.963884,-1.04766,-1.13338,-1.21314,-1.3027,-1.35636,-1.30443,-1.19683,-1.12397,-1.11372,-1.11427,-1.1017,-1.07537,-1.02543,-0.958098,-0.870525,-0.770897,-0.665928,-0.569458,-0.469687,-0.365302,-0.262075,-0.175332
-0.6372,-0.632999,-0.641973,-0.727768,-1.03167,-0.636005,-0.470537,-0.249116,-0.166366,-0.097971,-0.051527,-0.0107274,-0.0152403,-0.063965,-0.155079,-0.235512,-0.281803,-0.288331,-0.260226,-0.233151,-0.211769,-0.181043,-0.144547,-0.114288,-0.0938975,-0.0837672,-0.0758017,-0.0759068,-0.113452,-0.183957,-0.262304,-0.305076,-0.32664,-0.371579,-0.423072,-0.452262,-0.466835,-0.480001,-0.475823,-0.480222,-0.527634,-0.630078,-0.765677,-0.89077,-0.964512,-0.97164,-0.902349,-0.80878,-0.748658,-0.738097,-0.740617,-0.707459,-0.669949,-0.63318,-0.550816,-0.443459,-0.317508,-0.186432,-0.0690833,0.0373942,0.129269,0.205238,0.254302
-0.497912,-0.623693,-0.628693,-0.658812,-1.09649,-1.01884,-0.873729,-0.584719,-0.331253,-0.146904,-0.0160276,0.0788277,0.13682,0.150218,0.116274,0.0448514,-0.0308412,-0.0694536,-0.0474949,0.0305913,0.137182,0.221784,0.274739,0.281765,0.257975,0.244267,0.264507,0.287131,0.276831,0.208551,0.0944967,-0.0123593,-0.107246,-0.193771,-0.262631,-0.293565,-0.297019,-0.290012,-0.270604,-0.25648,-0.28454,-0.367909,-0.476027,-0.563551,-0.586953,-0.555663,-0.483986,-0.432186,-0.418571,-0.434039,-0.449173,-0.413583,-0.367129,-0.31928,-0.208782,-0.055583,0.113607,0.285989,0.44351,0.58297,0.678285,0.715083,0.700856
-0.401422,-0.57744,-0.561511,-0.41858,-0.5297,-0.720208,-0.755646,-0.701392,-0.516046,-0.328836,-0.15695,-0.00450857,0.122579,0.207601,0.247926,0.229957,0.177932,0.112288,0.0774531,0.0934258,0.167894,0.281192,0.394517,0.475302,0.514751,0.540117,0.576014,0.608456,0.603961,0.553645,0.477618,0.387922,0.249754,0.0554849,-0.140636,-0.264297,-0.307917,-0.314545,-0.291937,-0.268409,-0.29109,-0.384171,-0.426974,-0.384154,-0.328383,-0.273193,-0.216513,-0.204315,-0.246885,-0.30111,-0.334477,-0.315184,-0.259367,-0.188995,-0.0599835,0.12129,0.310291,0.501061,0.681313,0.843001,0.973368,1.05074,1.05875
-0.689373,-0.474571,-0.435948,-0.223266,-0.145238,-0.142747,-0.132001,-0.147986,-0.171135,-0.146316,-0.0796653,-0.0336838,0.0623854,0.155263,0.243174,0.30149,0.313744,0.286027,0.235382,0.188606,0.174482,0.220409,0.305854,0.41272,0.523974,0.635845,0.7399,0.817482,0.836255,0.79219,0.73553,0.692445,0.591759,0.364891,0.0859512,-0.128808,-0.238068,-0.296281,-0.321884,-0.327923,-0.382452,-0.468229,-0.445779,-0.320827,-0.21101,-0.142564,-0.117271,-0.113358,-0.173402,-0.235275,-0.257582,-0.23285,-0.156027,-0.0634954,0.0614128,0.222875,0.394537,0.548777,0.680913,0.779504,0.864456,0.94294,0.989875
-0.826348,-0.771386,-0.496402,-0.220432,0.0883083,0.367409,0.486385,0.536854,0.490901,0.35745,0.223296,0.241779,0.143062,0.15418,0.188523,0.278416,0.350911,0.400267,0.419498,0.415524,0.403096,0.39906,0.41204,0.436028,0.473996,0.541264,0.644588,0.750235,0.826414,0.868534,0.88146,0.838188,0.696637,0.449938,0.214836,0.0882631,0.023474,-0.0446116,-0.119051,-0.189835,-0.278405,-0.311277,-0.231681,-0.108346,-0.046329,-0.0456835,-0.0616215,-0.0786733,-0.121106,-0.125302,-0.0823688,-0.00944772,0.0739099,0.15465,0.249199,0.356434,0.478862,0.582532,0.652878,0.685508,0.685949,0.672114,0.672827
-1.20594,-0.894848,-0.469889,-0.156143,0.281155,0.500154,0.779267,0.956039,0.873199,0.761986,0.464728,0.605963,0.477094,0.419279,0.301401,0.227086,0.194276,0.219514,0.261302,0.310838,0.365583,0.419659,0.453884,0.469525,0.473964,0.482212,0.516916,0.568281,0.615713,0.67027,0.75695,0.806897,0.732357,0.562024,0.421528,0.388062,0.392427,0.366931,0.313644,0.231434,0.161428,0.180353,0.267547,0.303998,0.224773,0.0896962,-0.009507,-0.0761139,-0.0799145,-0.00539956,0.107618,0.216701,0.267843,0.302221,0.339851,0.372853,0.416653,0.45853,0.487849,0.502007,0.491297,0.464248,0.439412
-1.89246,-1.42104,-0.747307,-0.111043,0.222854,0.232911,0.368977,0.345024,0.458531,0.5381,0.433869,0.338327,0.566111,0.446833,0.379037,0.213054,0.0153688,-0.186474,-0.303541,-0.314581,-0.239493,-0.110901,0.0226129,0.154547,0.285482,0.401161,0.491372,0.548447,0.563321,0.527991,0.483859,0.504546,0.599041,0.778539,0.938862,0.964089,0.948541,0.934731,0.888022,0.807227,0.749492,0.764584,0.804349,0.706499,0.487763,0.263186,0.105456,0.00897553,0.0153397,0.102233,0.214293,0.302213,0.317468,0.322677,0.322547,0.309142,0.280924,0.256489,0.23548,0.199072,0.161695,0.135409,0.111925
-2.19321,-1.90165,-1.6155,-0.278365,0.308786,0.417126,0.549172,0.603821,0.73445,0.580509,0.433169,0.123957,-0.148644,-0.0987911,-0.151001,-0.245301,-0.425796,-0.688301,-0.892266,-0.962332,-0.871873,-0.673939,-0.449018,-0.219997,0.0204492,0.252606,0.449597,0.593974,0.671551,0.67021,0.564244,0.439618,0.431062,0.695167,1.16066,1.50463,1.56581,1.50133,1.39086,1.26168,1.16584,1.14449,1.10681,0.952662,0.70452,0.467913,0.302733,0.210683,0.195156,0.234622,0.287121,0.336357,0.334902,0.333101,0.336854,0.311748,0.256844,0.192869,0.14113,0.0621226,-0.0360981,-0.126232,-0.191083
-2.97648,-3.05025,-1.92725,-0.662839,-0.24771,0.604157,0.53158,0.654971,0.713905,0.394699,0.193931,0.0168915,-0.843642,-0.90996,-1.10777,-1.18585,-1.13907,-1.24468,-1.41043,-1.559,-1.50727,-1.20574,-0.751515,-0.342976,-0.0152055,0.271284,0.509724,0.695664,0.816591,0.864743,0.843029,0.757177,0.65861,0.656957,0.897928,1.31842,1.61781,1.65545,1.54026,1.40679,1.31832,1.27981,1.17762,1.01102,0.81925,0.640224,0.513962,0.447871,0.415714,0.401438,0.398739,0.410204,0.394609,0.382908,0.388709,0.367967,0.321521,0.251801,0.202291,0.149248,0.0559959,-0.043963,-0.134351
-3.20475,-3.0982,-2.4956,-1.17587,-0.596072,0.578978,0.41104,0.214325,0.40097,0.76687,0.797089,0.608517,-0.368199,-0.802323,-1.28845,-1.82055,-1.55899,-1.56933,-1.78874,-2.23805,-2.54928,-2.3864,-1.72939,-0.849288,-0.152336,0.302361,0.605563,0.79709,0.906944,0.936454,0.931274,0.940338,0.963576,0.961163,0.918812,0.942171,1.15292,1.36288,1.47275,1.49955,1.48403,1.42177,1.27188,1.05738,0.889885,0.783461,0.715347,0.677662,0.641747,0.588924,0.542523,0.505417,0.467176,0.449335,0.445629,0.436962,0.406135,0.357272,0.32566,0.310365,0.282686,0.236525,0.173827
-2.90589,-3.15274,-2.21459,-1.15662,-0.730087,0.618741,0.749031,0.648907,0.710702,1.19335,1.41887,1.27799,1.01079,0.313441,-0.708147,-1.50259,-1.52871,-1.47067,-1.65813,-2.27264,-3.00414,-3.22074,-2.8721,-1.97036,-0.946069,-0.279863,0.140783,0.403411,0.551277,0.639047,0.713123,0.814053,0.961848,1.12871,1.16941,1.05845,1.01926,1.20081,1.49161,1.68792,1.74394,1.69067,1.52116,1.27548,1.09284,0.993438,0.9484,0.921293,0.864225,0.788709,0.71432,0.628274,0.566744,0.54715,0.547303,0.539618,0.495735,0.455947,0.437002,0.429394,0.435793,0.43611,0.417204
-2.43894,-2.35811,-1.55635,-1.06939,-0.774899,1.03168,1.07868,0.909379,0.998101,0.941961,0.687127,-0.0847826,0.92757,0.879332,0.505606,-0.118702,-0.539292,-0.658714,-0.992463,-1.2367,-2.05474,-2.67203,-2.77697,-2.35413,-1.63771,-1.09862,-0.682942,-0.337072,-0.0993066,0.116351,0.344859,0.56809,0.796464,1.0304,1.22886,1.31603,1.32545,1.41413,1.57705,1.69948,1.7797,1.79394,1.67076,1.50356,1.38703,1.29971,1.24523,1.18272,1.09891,1.02044,0.94091,0.838186,0.750007,0.704699,0.683687,0.66144,0.611586,0.578608,0.564745,0.537375,0.517445,0.516198,0.534221
-3.20101,-3.00954,-2.36372,-1.43144,-1.21817,0.88034,1.56426,1.01452,0.779783,0.603423,0.21821,-0.5101,-0.208974,0.442365,0.583757,0.580753,0.114025,-0.0139788,-0.311199,0.0838516,-0.641716,-1.88647,-2.21239,-1.88359,-1.25748,-0.831895,-0.65834,-0.469089,-0.344908,-0.107155,0.267928,0.609578,0.90093,1.14372,1.3208,1.4226,1.46993,1.48199,1.44387,1.42307,1.49222,1.5573,1.54863,1.57665,1.63795,1.66653,1.63339,1.52599,1.41343,1.31356,1.22054,1.10895,0.989253,0.893189,0.819278,0.783395,0.782274,0.796715,0.788381,0.75455,0.710533,0.688101,0.71335
-3.26514,-3.07903,-2.48719,-2.29492,-2.20157,-0.248696,1.10607,0.577839,0.422232,0.292081,0.132428,0.271537,0.225396,0.15245,0.156952,-0.200746,-0.515044,-0.819181,-0.973929,-0.403132,-1.23345,-1.35687,-1.67724,-1.63149,-1.01987,-0.354161,-0.138815,-0.217789,-0.513183,-0.484371,0.201473,0.785495,1.1034,1.19568,1.13184,1.10039,1.14774,1.17996,1.16907,1.20416,1.29238,1.3739,1.46805,1.65001,1.85621,1.99527,2.01386,1.94033,1.83045,1.70632,1.56634,1.39208,1.20957,1.06062,0.971557,0.960272,1.01201,1.07171,1.08285,1.0702,1.03894,1.01566,1.00591
-3.34304,-2.67869,-3.12248,-2.88607,-2.6465,-2.06491,-0.917088,-0.760605,0.417511,0.7303,0.831708,1.25153,0.912671,0.563416,-0.171924,-0.694941,-0.801239,-0.894682,-1.8027,-2.83736,-2.7881,-1.26489,-1.22896,-1.18357,-1.21593,-0.967069,-0.628453,-0.569083,-1.0524,-1.47037,-0.674558,0.230988,0.538932,0.568826,0.592221,0.693814,0.835669,1.00941,1.18441,1.38202,1.53515,1.64119,1.74616,1.88295,2.00653,2.07706,2.10229,2.11004,2.07417,2.00329,1.87114,1.66172,1.43052,1.26243,1.19793,1.20465,1.25639,1.31367,1.35554,1.38081,1.38001,1.34436,1.30008
-3.32801,-3.20163,-2.78052,-2.90957,-2.98501,-2.58481,-1.78538,-1.57245,-0.136251,0.448555,1.25801,1.61503,1.91746,1.36393,0.781543,0.578401,0.370547,-0.34848,-1.24792,-1.52137,-1.92987,-1.54972,-0.870387,-1.23677,-0.477857,-0.727894,-0.778137,-0.916595,-1.63733,-2.43431,-1.7517,-0.656873,-0.14603,0.22766,0.600894,0.876785,1.07328,1.3327,1.56239,1.73921,1.84558,1.91864,1.97197,1.99505,1.9686,1.9198,1.89882,1.92142,1.94785,1.95681,1.9061,1.78115,1.64667,1.5482,1.50435,1.48573,1.48041,1.49291,1.53392,1.58515,1.6028,1.54947,1.48044
-3.23849,-2.48765,-2.74076,-3.02438,-2.77327,-2.21996,-2.04329,-1.89752,-1.84731,-1.40356,-0.73558,-0.766861,0.0756883,0.123047,0.971697,2.09443,1.66218,0.176508,0.311109,0.293582,-0.846214,-1.79954,-2.37368,-2.87901,-1.06712,-0.783193,-0.333018,-0.497507,-1.81149,-2.54546,-1.95109,-0.815248,-0.10904,0.547745,1.052,1.39187,1.64148,1.79577,1.75495,1.66994,1.65443,1.67621,1.69881,1.70643,1.68556,1.66258,1.65645,1.69456,1.76033,1.80643,1.78035,1.73631,1.74084,1.77753,1.7821,1.75255,1.68103,1.61593,1.5905,1.61123,1.63052,1.59932,1.51888
-2.65271,-2.27643,-2.18622,-2.39361,-2.97837,-1.8638,-1.71003,-1.70779,-1.93294,-1.93587,-1.63024,-2.39521,-2.85627,-2.76329,-1.82193,-0.189137,-0.0666989,-0.355274,0.496949,0.104157,-0.611188,-0.786412,-1.93679,-3.03534,-3.17987,-2.74437,-2.06675,-0.868419,-1.03961,-2.11282,-1.90671,-0.916313,-0.155484,0.612055,1.0636,1.26078,1.32352,1.24711,1.17157,1.24774,1.34556,1.37703,1.36152,1.32693,1.30915,1.34896,1.43884,1.55705,1.67382,1.73444,1.68598,1.64752,1.69326,1.80344,1.88209,1.85937,1.74733,1.60953,1.51842,1.49007,1.50308,1.4994,1.42434
-1.56652,-1.5843,-1.90106,-1.94476,-2.35909,-1.46337,-1.21742,-1.33599,-1.57697,-1.36981,-1.76272,-1.87141,-2.09543,-2.54155,-2.76341,-2.17876,-1.81346,-0.894792,-0.307376,-1.35995,-1.58229,-1.06098,-0.679281,-1.02539,-1.88463,-2.4774,-2.71646,-2.52011,-1.21595,-1.73675,-2.19963,-1.97302,-1.66387,-0.835989,-0.474381,-0.423526,-0.293273,-0.0265532,0.467172,0.946332,1.18849,1.24855,1.14322,1.00397,0.956906,1.01628,1.17609,1.35538,1.49027,1.54193,1.50126,1.49597,1.54844,1.6356,1.71843,1.69737,1.58739,1.46479,1.3855,1.35184,1.35065,1.32511,1.20958
-0.771701,-0.71295,-0.801236,-1.20494,-2.07346,-1.40687,-1.20034,-1.07475,-1.1594,-1.10976,-1.64966,-1.64509,-1.18482,-1.12814,-0.888576,-1.35052,-1.43264,0.0204002,0.0225533,-1.44148,-1.79875,-1.28558,0.306168,0.15159,-0.347172,-0.733313,-0.980867,-2.73443,-2.92381,-3.00942,-2.1316,-2.33862,-2.96955,-2.46154,-1.91619,-1.59149,-1.09932,-0.422692,0.268706,0.698563,0.892336,0.81874,0.634045,0.607893,0.672541,0.843632,1.04703,1.19072,1.23302,1.23087,1.22317,1.26117,1.31534,1.36307,1.39103,1.38168,1.3395,1.31305,1.29895,1.28242,1.227,1.11313,0.95351
0.11226,-0.0327413,-0.194733,-0.51542,-0.98139,-0.944231,-0.940807,-0.8335,-0.947755,-0.632759,-1.35414,-1.12236,-0.71247,-0.660123,-0.423067,-1.00936,-1.72229,-0.885684,-0.277697,-1.08754,-1.16738,-1.4399,-1.30222,-0.938681,-0.534293,-0.39404,-1.18024,-2.89557,-2.86342,-2.90099,-2.90742,-3.24266,-2.55379,-2.73123,-1.98171,-1.55661,-0.962446,-0.337054,0.134046,0.416824,0.419128,0.389269,0.520936,0.733073,1.00297,1.26464,1.45562,1.46354,1.29995,1.14557,1.07903,1.09808,1.1531,1.22059,1.27626,1.31063,1.32407,1.33582,1.3452,1.30066,1.17467,1.02034,0.921219
0.491145,0.180862,-0.0169331,-0.362566,-0.775447,-0.55636,-0.973164,-0.987402,-0.943971,-0.286717,-0.726869,-0.416576,-0.673682,-0.685662,-0.380448,-0.37264,-1.21032,-1.41373,-1.33496,-1.88644,-1.55283,-1.59533,-2.00503,-1.46068,-0.65801,-0.749256,-2.10201,-2.12283,-1.17202,-1.40658,-1.89997,-2.51132,-2.83673,-2.79567,-2.31948,-2.17644,-1.89748,-1.55941,-1.18735,-0.823182,-0.373383,0.063062,0.616294,1.11991,1.55462,1.87229,2.05524,2.05251,1.88806,1.68499,1.52806,1.48665,1.54629,1.67789,1.80282,1.81977,1.72881,1.63867,1.57852,1.48331,1.37451,1.319,1.32322
