uploads/wind/20200722/wind_field_05.json
{"header": {"parameterUnit": "m.s-1", "parameterNumber": 2, "dx": 0.051, "dy": 0.036, "parameterNumberName": "eastward_wind", "la1": 45.3082, "parameterCategory": 2,"nx": 177, "ny": 123, "refTime": "2018-09-30 00:00:00", "lo1":1.38177}, "data":
[rows 84 to 111 of 123, columns 64 to 127 of 177]
-0.380808,-0.764526,0.182051,-0.225665,-0.621188,-1.25564,-2.31663,-2.19258,-1.84919,-1.93862,-2.35989,-2.76252,-2.61024,-2.59861,-0.51203,1.60402,2.88477,1.45026,0.703532,-0.162879,-0.739833,-0.30273,0.93925,1.12123,-1.86622,-3.73258,-1.7673,-0.57981,-0.665794,-2.46331,-3.79212,-2.84485,-0.896886,-2.4643,-3.74782,-3.14011,-1.39837,0.0928908,-0.432919,-0.619033,1.72045,1.8281,-1.53351,-1.73718,0.671383,0.876485,2.50882,3.55927,-2.27302,-3.67072,2.80668,1.23582,-4.14309,-2.57348,1.63789,4.02797,1.33026,-3.89206,-2.21817,2.06527,1.47766,0.814229,2.92618,3.59403
-0.496148,-0.774867,-0.19918,-0.0342958,0.137403,-0.412005,-0.954621,-1.44252,-2.15053,-2.5048,-2.73643,-2.98983,-2.01121,-1.7987,-0.363944,0.739943,-0.443235,-1.20324,-0.207089,-0.950431,-1.54175,-0.332029,0.958282,2.29825,1.02682,-1.60508,-2.07741,-0.893145,-0.413205,-2.30366,-3.33561,-3.2298,-2.38245,-1.93012,-2.12156,-2.26846,-1.69056,-2.43056,-2.68341,-0.786075,2.85218,4.26192,0.044846,-3.87929,-1.41936,2.06096,4.91229,2.95791,-3.13699,-1.40907,0.797635,-2.10637,-3.51088,-1.82939,1.6652,4.3627,4.4933,0.0763438,-3.59048,-2.02221,1.36332,3.74205,4.38334,2.75243
-0.0380793,-0.911842,-0.872232,-0.349091,-0.33133,-0.58979,-0.720632,-1.28207,-1.8084,-2.37938,-2.674,-2.5331,-0.0443222,0.924567,-0.213889,-1.83551,-2.69568,-2.47512,-1.47819,-1.70504,-2.32604,-0.591814,2.16783,4.03763,3.4148,0.271634,-1.77413,-0.866383,-0.192964,-0.510816,-1.50894,-3.00752,-4.00743,-3.37849,-2.06672,-0.562429,-1.04299,-3.4982,-3.6006,0.198157,4.16288,5.21783,0.148535,-4.09761,-2.46879,1.45452,4.3694,-0.274644,-4.18102,-0.725037,0.0707934,-2.28127,-2.94659,-1.03878,2.61904,5.08459,5.43763,1.05406,-3.70928,-1.51262,3.69806,4.58159,3.11706,1.74253
-0.782196,-0.417152,-0.65761,-0.320621,-0.132136,-1.03442,-1.62437,-1.5739,-1.72178,-2.21128,-2.96423,-2.61839,1.33093,3.03265,-0.751023,-3.26428,-2.77478,-2.55479,-1.85354,-1.2928,-1.25956,0.0598811,2.30697,3.97677,3.2253,-0.262121,-2.50312,-1.73547,-0.875781,0.541575,0.99027,-1.53671,-3.44673,-4.38626,-3.81827,-1.90695,-0.136267,-2.521,-3.87975,1.21165,4.68486,2.38248,-1.38052,-3.36716,-1.46835,2.94074,4.34805,-1.0661,-5.27108,-1.89509,-0.0804339,0.00796496,-0.536938,-0.185139,2.5158,5.17458,4.09264,-1.53611,-3.82399,0.938256,3.82988,2.54875,2.35499,2.21023
-0.802371,-0.621495,-0.82808,-0.289001,-0.826093,-2.7265,-2.57443,-1.2322,-1.57504,-3.05108,-3.9458,-1.9148,2.44524,2.37265,-2.13016,-3.57717,-2.21233,-0.973187,-0.351807,0.0306543,0.747001,1.88496,2.49584,2.40354,0.977062,-0.984297,-2.81229,-2.53299,-1.26488,0.480469,1.37194,-0.290829,-2.04289,-3.64556,-5.33581,-3.96452,-0.0643608,0.0311899,-3.02859,0.984032,2.63141,-1.39821,-1.77719,-2.32965,0.0138497,4.14627,3.11297,-3.19237,-4.76071,-2.80586,0.54123,3.34995,3.05069,0.674687,1.05539,4.45458,1.42476,-4.20211,-3.49616,-0.0789597,1.89773,2.96815,4.02259,4.58326
-0.60296,-0.916549,-0.906134,-1.18567,-2.2763,-2.98829,-2.83825,-1.57742,-1.07539,-2.32352,-1.75885,-0.347524,0.348778,-0.517928,-2.42759,-2.57692,-1.04197,-0.0845846,-0.169421,-2.13785,-2.01347,1.70323,3.28468,1.69427,-0.863855,-1.95659,-2.01283,-2.58935,-1.63055,0.611694,0.986155,0.060955,-0.386213,-2.40766,-5.06103,-5.40925,-1.10507,1.33782,-1.72477,-1.95227,-1.79878,-1.91979,0.779878,2.80574,1.74201,-0.142589,-1.18107,-3.42396,-3.09218,0.0757184,2.58156,3.11172,3.08892,1.31869,0.701272,2.22231,-0.49039,-3.15882,-2.96685,-1.69305,1.25911,4.60408,4.85264,4.8142
-0.896574,-1.58156,-1.46797,-2.09272,-2.72535,-2.85793,-2.55702,-2.20066,-1.87163,-2.4909,-1.93381,-2.14374,-2.86355,-1.69302,-1.32838,-2.7047,-2.44554,0.181963,1.56948,-0.864502,-2.67532,2.05274,3.5933,0.761411,-1.66405,-2.79764,-2.76444,-3.09202,-2.26784,0.590489,1.22455,0.527883,0.144833,-2.02933,-4.5273,-5.02681,-0.950631,1.255,-2.43664,-3.18985,-2.14614,-0.261347,3.73614,3.50211,-2.0328,-2.27927,-0.944053,-0.840721,-0.380015,1.52216,3.82335,4.50489,3.71568,1.54836,1.12481,1.16392,-2.49132,-1.54628,-0.436426,-1.61042,0.691764,3.20162,2.54727,3.00117
-1.57719,-2.08534,-1.53283,-2.09543,-3.06749,-2.79001,-1.8004,-1.36961,-1.71139,-1.47507,-0.975921,-1.77735,-2.43342,-1.44688,-0.866179,-3.08658,-3.22626,-0.0135242,2.76517,1.69243,0.291824,2.11017,2.95458,0.161222,-1.46706,-2.09668,-2.25669,-2.87793,-3.08551,-0.666367,0.685083,1.44179,0.747438,-3.56167,-5.19911,-4.06047,-0.351526,0.122637,-3.75776,-4.22046,-2.14711,1.17134,3.73966,-0.445277,-4.35404,-0.074728,3.10662,2.27271,1.22592,2.18514,2.98306,3.86313,3.30448,1.77058,1.52736,-0.273194,-2.40128,0.472129,1.40106,-0.425683,0.494872,2.08313,1.51997,1.22564
-0.295315,-1.16205,-1.01433,-2.04348,-3.28335,-3.08872,-2.19168,-2.38993,-2.93927,-1.66038,0.735707,0.0130198,-2.05106,-2.61048,-2.04186,-2.1513,-2.46387,-0.328231,1.9375,2.77357,2.82855,2.63588,2.07618,0.30175,-1.8312,-2.28458,-2.29143,-2.86689,-3.08919,-3.18714,-1.40308,1.68568,1.90239,-4.15758,-5.50577,-3.58846,-0.449678,0.763637,-2.10867,-4.276,-3.65594,-1.02389,-0.29795,-3.62784,-2.99304,2.09181,3.87972,3.50676,3.34144,3.39426,3.07621,3.49059,3.11952,3.17228,2.8707,0.0847774,-1.16208,0.878798,1.21428,0.128894,0.288493,0.727948,0.719158,0.901186
-0.0438846,-1.35285,-1.96448,-1.78237,-2.92389,-3.53799,-2.78612,-2.41053,-2.86831,-1.99411,-0.771869,-1.78382,-3.35004,-2.25419,-0.676627,-0.952128,-2.18378,-2.01814,-0.167998,2.5917,2.78851,1.12316,1.77341,1.19527,-1.00319,-2.93262,-3.27269,-3.22021,-2.64782,-2.91922,-2.29089,0.400329,-1.7843,-4.99629,-3.99441,-3.76222,-1.36128,0.804612,-0.995061,-3.63782,-4.06061,-3.32735,-2.16739,-1.29068,0.681303,2.443,0.540124,0.545029,2.37008,3.56155,4.16515,4.42456,4.79991,4.62422,3.7561,1.85846,0.779154,0.648938,0.196206,0.082753,0.366067,-0.0814857,-0.0547048,0.585653
-0.0924176,-1.0887,-1.84311,-1.75399,-2.34807,-2.95311,-3.087,-2.53838,-1.06968,0.147496,-1.33603,-3.35625,-3.19309,-0.916667,-0.203216,-1.04859,-1.90945,-2.41516,-1.01136,2.62024,2.72582,-1.27764,-0.909844,1.97451,0.741918,-2.59515,-4.42938,-3.4085,-1.14578,-1.40452,-1.87147,-2.20148,-5.07685,-4.0896,-1.16179,-2.18853,-2.6979,-0.236383,-0.469525,-2.44692,-4.16421,-3.69252,-2.83525,-1.06804,-0.744364,-2.0078,-1.94555,0.340947,2.93177,4.14293,5.03908,4.80147,4.43569,4.45768,3.61114,2.35321,2.35382,1.77824,0.793276,0.549201,0.562034,-0.152121,-0.160135,0.575681
-0.176048,-1.47994,-2.41649,-2.17358,-1.1729,-1.77292,-3.01904,-3.10701,-0.978648,0.804505,-0.943682,-2.06301,-1.52435,-1.79654,-1.80235,-0.573938,-0.969423,-1.08459,1.07378,2.94857,1.55124,-3.20658,-3.23272,1.06548,1.98649,-0.291717,-3.26752,-2.82296,0.220586,0.429016,-1.83215,-3.5493,-5.02321,-4.04898,-2.80096,-3.48766,-3.46984,-2.3088,-0.179254,0.886621,-2.08002,-4.14954,-3.55105,-3.19661,-2.07694,-1.94874,-1.1609,0.518153,3.0243,4.77832,5.60504,4.55706,3.56369,3.52395,2.92961,2.16596,2.10359,2.43905,2.3232,1.53486,1.00796,0.292794,-0.308998,-1.29653
-0.800583,-2.63663,-3.16584,-2.47392,-2.32937,-2.3023,-2.61186,-2.34378,-1.56913,-1.13621,-1.75454,-0.645176,0.550791,-0.618835,-2.46832,-1.78779,-2.66991,-2.03817,1.92089,3.32729,1.30242,-2.33314,-3.49208,-0.806062,1.75635,2.2129,-0.458697,-2.17908,-1.39339,-0.818588,-0.0536323,-0.719702,-2.98627,-4.75907,-4.16462,-3.36907,-3.47832,-3.78917,-0.316859,3.67326,0.0965357,-4.24166,-2.85063,0.274902,2.11571,2.31342,0.990396,1.09064,2.26249,4.49934,5.37941,4.59521,3.90496,3.7375,3.44209,2.66215,2.64911,2.63602,2.29198,1.74204,1.52219,1.03296,-0.238119,-2.37272
0.522944,-1.61542,-2.49442,-2.12145,-2.3908,-2.38042,-1.78306,-1.15523,-1.66971,-2.2333,-1.75805,0.134745,1.62688,0.511082,-1.27557,-1.45923,-2.11585,-2.01825,0.966931,3.64213,1.08759,-1.37125,-3.22515,-3.22431,0.156605,4.38222,2.84446,-1.45539,-3.13699,-2.2066,1.97943,2.97273,-1.93707,-4.44657,-2.06218,-1.5469,-3.06706,-3.66907,-1.23802,3.7721,0.977099,-5.07514,-3.33437,1.25919,2.8945,3.46621,3.58876,2.69404,2.83753,4.6121,4.68114,4.24877,4.74203,4.31508,3.81351,2.72435,2.2853,2.43701,2.08963,1.54934,1.22039,1.47925,0.71984,-2.223
0.567824,-0.511683,-1.51443,-1.78558,-2.26403,-2.5905,-2.39233,-1.82803,-1.71188,-1.96745,-1.11243,-0.935623,-2.47762,-0.858841,0.95925,0.458958,-0.909365,-2.32346,-0.0846014,2.11251,0.527847,-1.12428,-2.39943,-3.26232,-0.404347,3.57344,2.60279,-0.187639,-2.29447,-2.13203,-0.413244,-0.180959,-1.50263,-1.73331,-0.777683,-2.85907,-4.60974,-4.68582,-2.01181,0.849035,-0.348787,-4.78207,-3.78645,-0.527712,0.770649,2.01953,3.17388,2.64529,3.41298,5.24751,4.58972,3.92512,4.39692,4.71485,3.95049,3.37852,2.21272,1.82656,1.86939,1.23715,0.745975,1.21308,1.04481,-1.34298
0.387589,-0.693409,-1.54544,-2.07826,-2.3669,-3.13913,-3.16176,-1.99546,-1.51419,-2.75586,-1.35852,-0.334942,-3.54039,-0.920157,2.79695,0.644974,-2.26277,-2.77963,-0.0993891,1.10693,-1.06222,-1.26147,-0.816856,-1.48016,-0.497114,1.09824,1.75552,1.16516,-1.50055,-3.10371,-2.76086,-1.70598,-1.05386,-0.514226,1.01457,-0.41327,-5.28537,-4.88303,-2.83016,-3.8253,-4.04878,-3.54,-3.9206,-1.69653,0.392722,2.6891,3.90509,3.79204,4.44139,4.93689,3.83059,3.6951,4.22284,4.15018,4.10543,3.15009,2.05164,1.47466,1.52412,1.19125,1.0509,1.14047,0.455077,-1.03944
0.30435,-1.60454,-2.44951,-1.95433,-2.6253,-3.46795,-3.11694,-2.01186,-2.78017,-3.08567,0.41968,0.897903,-2.968,-0.232946,2.30359,-1.5533,-3.24876,-2.63263,0.0081935,0.153824,-2.82379,-2.10735,-1.43433,-1.54776,0.66605,1.94443,3.30557,2.9063,-1.71927,-4.13405,-3.89692,-1.96148,-1.34939,-0.302761,2.07952,2.79286,-2.03361,-3.77657,-2.3067,-4.46033,-4.25407,-2.05009,-3.77172,-2.9097,2.29284,4.66604,2.65203,1.9395,4.04313,5.20414,5.01517,5.16223,4.1137,3.34524,3.5046,2.9932,1.92883,1.29604,1.25437,1.15212,1.44893,0.828345,-0.635287,-0.608415
1.15223,-0.773241,-3.3282,-3.04377,-2.55072,-3.14986,-2.958,-2.44946,-3.036,-2.0141,0.757686,-0.418905,-2.23954,1.46927,1.23325,-3.28481,-3.57148,-2.81044,-1.60137,-1.6196,-3.87355,-3.39361,-3.57669,-2.58722,1.69073,4.42756,4.29679,2.90944,-1.15713,-4.27658,-5.72333,-3.76494,-1.85167,-0.541983,2.31019,4.168,2.11984,-0.0300186,-2.6885,-4.76444,-3.3974,-3.04158,-4.3875,-2.47985,1.61089,2.48276,0.372544,2.32408,5.00981,5.12706,5.49651,4.92004,3.91352,2.20359,1.63344,1.70513,1.12263,0.664729,0.745879,1.01931,1.61378,0.897698,-0.502055,0.712745
0.873506,-0.526493,-3.30686,-3.53014,-2.03626,-2.65989,-2.39106,-1.93262,-1.98781,-0.929165,0.0101049,-2.13197,-0.945585,2.14479,-0.0293507,-3.09154,-3.38736,-3.21537,-1.73181,-1.29159,-3.50809,-3.73034,-1.26284,0.0112071,1.89419,3.53615,2.97953,-0.80614,-2.33064,-1.7278,-3.16964,-4.19555,-3.87262,-2.67817,1.38494,4.24054,4.77584,1.37009,-2.42118,-4.38277,-4.03624,-3.36602,-3.40097,-2.44068,0.38682,0.221601,0.946323,4.60637,5.68442,5.96581,5.08126,4.7664,4.63005,2.54892,0.677234,0.249518,0.169562,0.0479247,0.348116,0.82507,1.40846,0.828446,0.532356,1.54666
1.14249,0.442662,-2.52439,-2.66253,-1.42339,-2.01513,-2.29388,-1.68879,-2.08849,-2.2747,-1.43232,-2.20556,-0.588837,1.10201,-2.0307,-2.09692,-0.595577,-1.53568,0.101252,0.936414,-1.95341,-3.86638,0.883785,3.50606,2.24052,2.82566,0.915782,-3.28474,-2.69093,-0.110478,0.0264391,-2.68266,-3.18222,-1.07577,1.92806,5.52957,4.90067,0.368505,-3.22915,-1.17191,-1.31826,-3.09771,-3.25327,-2.51617,0.593102,2.20091,3.58839,5.0828,5.61763,5.96375,5.80843,5.28448,4.0294,2.58318,0.88756,0.396119,-0.267116,-0.695073,-0.249715,0.293138,0.529579,0.391414,1.07331,1.78219
1.48177,2.42178,-0.154995,-1.93156,-2.16269,-3.18149,-3.4435,-2.45355,-2.13265,-2.49299,-1.14653,-0.0273436,0.349801,-1.01156,-4.48422,-2.56132,1.46432,2.10054,2.579,2.29593,-1.28135,-3.637,0.472415,3.92166,3.30831,1.61574,-3.33819,-4.9259,-4.30605,-0.782466,-0.0559782,-1.51245,-1.31494,1.44138,4.00974,5.18411,2.34061,-2.97791,-3.99037,1.06281,2.26526,-2.1385,-3.36725,-1.04243,1.75886,3.32115,3.87487,3.75831,4.26123,4.7117,5.55339,4.20316,2.98473,1.2286,0.999107,0.49344,-0.692276,-1.13148,-1.16481,-0.940946,-0.627615,-0.329443,0.928275,2.09587
1.1508,1.21655,0.475039,-0.869004,-2.97793,-3.44947,-4.13007,-2.84161,-1.49924,-1.63453,-0.861591,0.0261413,-0.537705,-2.44594,-5.0413,-3.30284,1.9314,4.61893,3.4688,1.86391,-1.81278,-3.25274,0.00537344,2.79464,0.998032,-2.38417,-4.32946,-4.419,-3.52535,-3.50464,-3.00287,-2.44511,-0.230343,3.49296,4.82443,4.67687,-0.284858,-4.60678,-3.40907,-0.324935,0.686867,-0.382232,-0.401799,-0.696138,0.404153,4.03959,5.56908,5.18015,4.1694,4.27488,4.1711,3.57477,2.81669,2.41467,2.46288,0.651498,-1.08441,-1.85448,-1.55579,-1.19056,-0.466949,-0.121712,1.24057,2.14999
-0.566283,0.636547,0.910919,-0.471661,-1.89544,-3.27222,-3.77818,-3.84415,-2.73164,-1.48479,-1.01013,-0.898604,-1.56724,-2.36617,-4.05435,-1.93208,3.4706,5.14491,3.30829,0.383995,-2.74032,-2.4873,0.14791,-0.172437,-3.2201,-4.69107,-3.36526,-1.95902,-1.63003,-1.9324,-2.40486,-3.03161,-0.164257,4.0474,5.28991,2.6884,-1.21939,-3.92679,-3.13063,-2.51626,-1.67059,-0.674559,1.39064,1.41954,0.747597,3.33324,5.89581,5.80441,4.72034,4.23007,3.59241,3.38341,2.92173,2.87177,2.46399,0.289711,-1.11697,-1.65794,-1.37722,-0.788197,0.0373191,0.280902,0.963723,1.83429
-0.696821,1.0842,1.78403,0.961434,-0.376565,-2.33776,-2.99056,-3.50622,-3.88229,-3.3913,-2.4761,-1.8269,-1.80235,-2.55779,-3.69471,-1.42899,3.399,5.14738,3.06331,-0.870556,-2.48785,-0.496331,-1.34001,-4.49854,-5.22387,-4.18358,-3.69001,-2.56536,-1.06302,1.35192,1.95754,0.84385,0.697749,4.13445,4.42637,0.948131,0.423701,0.192519,-2.74928,-2.90232,-3.12947,-1.01793,1.64947,3.5358,3.14484,3.58621,4.16189,4.22493,4.68638,4.14188,3.13275,3.15145,2.67957,2.43455,1.81077,0.24162,-0.590852,-1.26568,-1.00101,-0.457705,0.222535,0.550606,1.02025,1.47378
0.87269,1.74559,1.08224,1.17434,0.982934,-0.791928,-2.24701,-2.82317,-4.25195,-4.26391,-3.13756,-2.74538,-0.613135,0.136725,-3.02321,-2.18371,2.58604,4.77557,3.36231,-2.20282,-2.4499,0.702179,-2.3849,-4.06624,-3.32542,-3.57875,-3.84563,-2.3444,-0.335789,2.28376,2.72514,0.583555,0.300316,3.16724,3.82685,2.08733,3.24826,3.21018,-0.844185,-3.33054,-1.78241,-0.432222,0.776522,2.1523,3.32347,3.60901,4.1234,3.82233,4.70821,4.71304,3.75302,3.41491,3.06395,2.27983,1.24178,0.444965,-0.460326,-0.95027,-0.642935,-0.297007,0.10178,0.475897,1.13005,1.67754
1.48169,1.27128,1.37029,1.15462,0.98498,0.0257844,-1.63126,-2.55784,-4.04386,-3.85405,-1.89873,-2.23281,-1.30189,1.15186,-2.28199,-2.93442,2.10407,4.10976,2.80115,-1.58227,-3.01249,-1.99003,-3.11136,-3.02527,-1.13355,-3.45667,-4.1271,-0.158732,1.24914,-0.858587,-1.77128,-3.38948,-2.54341,0.670685,3.89143,4.12986,3.10187,1.08856,-1.43068,-1.27967,0.632575,0.00230268,-2.0811,-1.02348,2.17607,4.61878,5.55448,4.50175,3.68252,3.38976,3.33183,3.54393,3.00652,0.630975,-0.47498,-0.563002,-0.716708,-0.316589,0.00600401,-0.216929,-0.378721,-0.277354,0.608344,1.59164
1.15257,0.771199,2.11001,1.46371,-0.307689,-0.0152463,-0.528416,-2.45801,-3.60816,-3.41216,-1.04345,-1.36408,-1.66808,0.223692,-2.12814,-3.40777,0.988446,4.36881,2.75684,-1.58918,-3.75502,-3.70595,-4.29485,-3.43292,-2.7982,-3.12271,-2.15245,0.18686,-1.62995,-3.89968,-2.85392,-1.9178,-0.0592884,2.22242,3.71972,2.80458,-0.679753,-0.734057,-1.66443,-1.93624,0.931044,-0.931673,-3.42053,-1.92081,1.4757,4.66098,7.20971,5.60219,2.98175,2.0835,2.96848,3.77332,3.80469,1.83321,-0.15658,-0.801703,-0.584667,-0.191456,-0.0253262,-0.378025,-0.439486,-0.289569,0.713632,1.66407
-0.458803,0.421855,1.9563,0.81807,-1.48348,-0.754709,-0.329728,-1.42815,-3.09812,-3.10722,-0.416796,0.128064,-1.40466,-1.60977,-3.21489,-4.02736,-0.252985,3.70725,3.71936,-1.41919,-3.52869,-3.2381,-4.18777,-4.1751,-1.89425,-0.032304,0.893186,0.0384795,-3.64103,-4.06005,-2.21374,-0.161449,1.66956,3.3759,3.29609,0.513351,0.288774,2.6811,0.344328,-1.5343,1.47211,0.430679,-3.06053,-2.39371,0.298107,5.27612,7.01681,4.83444,1.76332,2.99972,5.09331,4.91957,3.52083,2.80736,0.757626,-0.968092,0.0615396,-0.180524,-0.698148,-0.514339,0.0230751,0.374572,0.833256,0.964534
