uploads/wind/20200722/wind_field_00.json
{"header": {"parameterUnit": "m.s-1", "parameterNumber": 3, "dx":  0.051, "dy": 0.036, "parameterNumberName": "northward_wind", "la1": 45.3082, "parameterCategory": 2,"nx": 177, "ny": 123, "refTime": "2018-10-03 01:00:00", "lo1":1.38177}, "data":
[rows 87 to 115 of 123, columns 0 to 64 of 177]
3.25922,2.76383,2.37649,1.84164,1.69847,1.42797,0.495501,-1.09598,-0.236514,0.768869,-0.322392,-2.01272,-1.60464,1.12429,2.01582,2.19661,2.46931,2.58593,2.42828,2.51257,2.68613,2.44068,2.0703,1.35314,-0.404465,-2.61814,-3.42125,-4.9084,-4.5754,-3.34805,-3.30331,-2.46478,0.450957,3.3217,2.04105,0.837771,-0.830246,-1.49864,0.325401,1.46865,1.12348,-0.735954,-1.97362,-2.20409,-0.133291,2.16037,1.45039,-0.297226,-1.9639,-2.16663,-1.47938,-0.844378,-0.10955,0.789418,0.700576,0.0281979,-0.268296,-0.375736,0.378965,0.844665,0.63166,0.0267655,-0.42578,0.0321792,0.679557
1.30673,1.12064,1.18469,1.06623,1.16723,1.50445,1.73663,1.08988,0.0248633,-0.0547222,0.328822,-1.39907,-2.47957,-0.587736,0.866222,2.33504,2.23682,2.32114,1.93856,2.74237,2.85827,2.84544,2.99201,2.53003,1.96951,1.02446,-0.346162,-2.00481,-3.00529,-3.71267,-4.04963,-3.47459,-2.52066,0.175053,0.38117,-0.815874,-1.03752,-0.929856,0.0656541,2.34836,3.06937,2.35906,0.974561,0.286598,0.00101099,-0.418661,-0.680332,-2.24359,-3.19081,-2.1206,-0.704892,-0.252506,0.159283,1.09198,1.05115,0.813411,0.224656,-0.476776,0.247942,0.461988,0.0379907,-0.831957,0.109069,0.754563,0.943486
-0.0696092,-0.078764,-0.0361074,0.165441,0.362653,0.851246,0.688487,1.07737,-0.178985,-0.973485,0.686356,0.542155,-0.870415,-1.56141,-0.858863,1.1549,0.919265,0.190575,-0.545168,1.2281,3.41912,3.79202,3.95578,3.79927,3.83264,3.59369,3.38213,2.56926,0.755629,-1.97567,-2.98883,-3.24825,-1.46558,0.0237418,0.862164,0.130246,0.0213889,-0.771447,-1.69299,0.0856695,2.98948,4.36715,3.50997,0.951885,-1.37268,-2.47077,-2.26406,-2.84306,-2.64774,-1.42382,-1.32022,-1.92447,-1.77209,-0.0327894,0.513111,1.1413,0.589445,-0.16808,-0.510376,-1.26706,-1.47564,-0.992666,0.0781907,0.638169,1.14685
-0.863502,-0.897373,-0.485925,-0.00669505,0.281408,0.728331,0.377057,0.322422,-0.628431,-1.64108,-0.104826,0.872558,0.442566,-0.899199,-1.90138,-1.18267,0.0601744,0.0779007,-1.71292,-1.24878,0.640367,3.45717,4.16939,4.27496,4.07562,3.67272,3.58923,2.99924,2.12983,-0.480924,-2.38743,-3.27301,-2.52766,-2.30131,-1.80637,-0.542098,-0.717202,-1.22612,-1.57637,-1.60703,0.0559084,2.06318,1.94638,-1.40791,-3.14612,-3.70102,-3.47717,-2.22949,-0.439944,-0.541176,-2.12838,-2.55424,-1.93386,-0.677043,-0.614393,0.477572,0.967026,0.176508,-0.888533,-2.11473,-1.50646,-0.181005,0.74513,0.251399,0.676102
-1.14076,-0.959503,-0.414155,0.507095,0.913159,1.40597,1.72385,1.01982,-0.175839,-0.820664,-0.0459685,0.572221,1.0525,0.231037,-1.55039,-3.07034,-0.976153,0.240873,-0.933129,-3.0335,-2.94366,1.30964,2.86014,3.03379,2.78221,2.32658,3.01249,2.84972,2.22943,0.584762,-0.856616,-1.65226,-2.43958,-3.32362,-3.52953,-2.06735,0.525191,0.852596,0.707498,1.46826,1.31324,0.520912,0.665031,-0.173215,-2.16235,-3.17827,-2.67147,-2.17762,-0.816597,-0.790443,-1.51947,-0.699475,-0.54237,-1.51207,-1.40479,-0.573,0.402247,-0.650383,-1.63143,-2.16218,-1.06166,0.630316,0.801264,0.119833,0.349707
-1.14706,-0.98677,-0.318834,1.09043,1.7272,1.70809,1.62613,1.2189,1.35713,1.79159,1.91948,1.49461,1.35985,1.13501,0.247128,-1.56036,-1.79606,0.111348,1.08587,-0.633847,-1.42382,0.249429,2.85049,2.57871,1.95683,2.30993,2.54916,2.90686,2.5991,2.41625,2.60088,1.97116,0.537723,-0.669714,-2.22744,-1.77136,1.23404,2.77199,3.55099,4.30681,4.45244,3.8814,2.37204,1.42209,-0.556493,-2.03451,-2.58327,-2.75898,-2.4102,-1.65621,-1.11094,-0.718864,-0.849509,-1.7435,-1.88815,-2.45734,-1.10451,-1.07344,-1.68683,-1.35278,-1.20232,-1.0691,-0.884262,-0.216104,-0.326117
-0.9198,-0.746148,0.0345468,1.52244,1.90947,1.70064,1.61785,1.28099,2.32343,2.4096,3.20071,2.55185,2.04651,2.13752,2.25451,1.72215,0.489009,1.99729,3.37129,3.61786,2.96097,2.67098,2.6802,2.90082,2.25601,1.5503,2.33973,2.74979,2.65993,3.48968,3.67089,2.79702,1.12213,0.250861,-0.797446,-1.56198,-2.08479,-0.429998,2.18775,2.45648,2.76517,3.80166,2.59529,1.58291,0.46461,-1.27316,-3.61543,-3.87466,-2.70748,-2.18532,-2.94054,-3.194,-2.53239,-1.43468,-0.814663,-1.39641,-1.25393,-0.793882,-0.578317,-2.02489,-2.66723,-2.54288,-1.68236,-0.45513,-0.444019
-0.238287,-0.0886403,0.570277,2.00936,2.14379,1.95121,1.61809,1.79678,2.34308,3.1628,3.45779,3.77109,3.13003,3.91547,4.598,4.77014,4.31938,4.21787,4.64325,4.58932,3.26749,1.42284,1.23703,3.02017,3.17099,2.33484,1.9752,2.50912,3.51843,2.83599,0.98393,-0.0428692,-0.204075,0.0828373,0.968398,0.626041,-1.10017,-2.18703,-1.59629,-1.89148,-1.58539,-0.363724,-1.58808,-2.77231,-3.49683,-2.74124,-2.73227,-2.25976,-1.06941,-1.4384,-2.29333,-1.97605,-0.822099,-0.238911,-0.699414,-0.35174,0.299683,0.231453,-0.0816996,-1.79432,-2.15891,-1.35528,-1.08561,-0.92232,-0.576739
0.336325,0.387239,0.82857,2.13972,1.9143,2.24826,2.56403,2.74769,3.04172,2.56775,2.57371,3.75219,4.21745,4.38916,5.01568,4.98149,3.74631,3.30915,2.84535,2.88982,1.56848,0.0378461,-0.213197,0.64568,2.93743,3.11436,3.38883,3.27883,2.69633,1.54329,0.513828,0.327397,1.29696,2.22071,2.79031,2.20167,1.73643,1.25443,0.632213,0.487069,0.203717,-1.48817,-2.76793,-3.55339,-3.82183,-2.69923,0.545817,2.24143,1.59459,0.137145,0.547707,1.6125,0.848306,-0.443829,-1.46598,-1.37887,0.360933,1.41796,0.415858,-0.203652,-0.0576195,0.0402913,-0.788404,-1.63127,-1.42743
0.381338,0.419763,0.751007,0.912208,0.258139,1.02512,2.43419,3.00255,3.49785,3.7712,2.76532,2.70217,2.73702,3.22256,2.33417,1.70996,0.928356,0.642097,0.574943,2.03169,2.17821,0.746271,0.437654,0.389086,1.38334,2.60757,2.76611,1.83261,1.52889,1.67092,2.17603,2.21314,2.04142,1.48112,1.55524,0.742094,1.0943,2.02422,2.53372,3.57694,3.1173,1.30598,0.324589,0.882417,1.91525,2.55704,3.77825,3.15633,1.48782,-0.32313,0.1653,0.254327,-1.63992,-2.49079,-2.30611,-1.55728,-0.778912,0.347769,0.703598,1.60133,1.18425,0.060411,-0.969752,-1.88584,-1.24811
-0.125488,-0.354014,-0.300765,-0.222445,-1.66568,-1.25867,-1.10081,0.145851,1.12525,2.03132,2.90348,3.08888,3.83397,2.44637,0.351282,0.295714,1.27523,1.4672,2.23466,2.33802,2.87305,2.46057,2.36977,2.81237,2.78088,2.83011,2.3925,1.91633,2.00662,2.25038,1.7044,-0.236928,-1.91518,-1.80033,-2.18507,-0.413556,0.243603,0.508275,0.726078,1.79818,1.41198,1.90793,2.77593,3.59703,3.58218,2.9759,1.21882,-0.140926,-1.42932,-2.4598,-2.66695,-2.73948,-2.80318,-2.38289,-2.01579,-1.69649,-1.47047,-0.759956,0.478731,1.5513,0.584696,-0.1565,-0.266316,-0.18717,-0.841828
-0.695137,-0.975754,-0.952711,-0.821712,-1.46145,-1.5172,-1.95279,-1.27427,-0.814961,-0.643892,0.0336975,0.566158,2.45211,3.29412,2.15489,1.78239,2.29185,2.29657,2.76904,2.19931,1.57712,2.11443,2.40449,2.43142,2.93145,3.25318,2.9959,2.67989,2.06567,-0.223602,-1.87449,-2.57402,-3.41576,-3.6969,-4.10228,-2.08178,0.00193967,-0.548128,-0.53166,-0.573483,0.170486,1.0571,2.16545,2.49693,1.31745,-0.139491,-2.17085,-2.7498,-2.37446,-2.19526,-2.55471,-1.90053,-1.22804,-1.66688,-2.62715,-2.91873,-1.80079,-1.72377,-0.269645,0.520058,-0.563802,-0.460382,-0.677911,-0.285185,0.203004
-1.20146,-1.02343,-1.08813,-1.35465,-1.3255,-1.04233,-0.462993,-1.24602,-1.7587,-1.80558,-1.33559,-1.68942,-0.358492,1.96845,2.28786,2.58021,2.63008,2.053,2.00489,1.30729,-0.417816,-0.186535,0.223625,0.340228,1.09078,1.74882,0.507412,-0.953162,-0.781272,-1.66247,-2.00524,-1.50977,-1.80186,-2.00454,-2.68477,-2.61807,-2.48119,-2.4699,-2.0887,-2.57325,-1.96738,-2.45552,-2.85489,-2.12265,0.110277,0.830078,-0.481005,-1.38619,-1.05277,-0.643985,-1.21532,-2.52684,-2.54052,-3.07699,-3.69226,-3.27387,-2.82577,-2.46953,-1.03463,-0.975273,-1.52349,-1.68921,-2.18783,-1.56947,-0.0270735
-0.818321,-0.595705,-0.739224,-0.890742,-1.0981,-1.68001,-1.39161,-1.85196,-2.21462,-2.54025,-1.9582,-0.575807,0.352354,1.50425,2.13504,2.68771,2.79809,2.02199,1.0527,0.640695,-0.176688,-0.163194,-0.145761,0.11695,-0.283698,-1.1703,-1.82799,-2.29817,-1.2218,-0.364901,-0.350536,0.113748,1.40882,2.03545,0.0802076,-1.13095,-2.78131,-1.9157,-0.857329,-1.99931,-2.86124,-3.08927,-3.04417,-1.81273,0.333023,2.2184,1.96957,1.31821,0.479935,-1.25048,-1.92942,-3.13541,-3.11082,-2.95895,-2.23772,-1.50049,-1.56689,-1.62187,-1.13611,-1.96422,-3.23401,-2.69205,-2.11694,-0.800233,0.0266301
0.0638757,0.167094,-0.0719775,-0.523773,-0.791817,-1.68196,-1.30026,-1.06008,-0.731723,-1.19833,-1.28424,-0.772598,-0.561603,0.726199,2.10313,2.83202,2.62168,2.57995,2.23941,2.13381,2.9319,3.35999,2.88699,1.57755,-0.336959,-0.844526,-0.159978,-0.305022,-0.148421,0.216313,1.37964,3.05769,4.79265,4.46358,2.55206,0.768612,-1.15632,-0.5863,1.44645,1.39264,0.297516,-0.311702,0.542397,1.08978,1.48376,3.03245,3.56557,3.10305,2.35982,-0.377212,-1.31961,0.083777,1.71359,1.14244,1.18305,0.875561,-0.265888,-1.31714,-1.89834,-2.53956,-2.90981,-0.720929,0.979861,1.78652,1.37381
0.872593,1.06349,0.707197,0.345024,0.0622516,-0.896638,-0.964719,-0.722898,-0.490904,-0.591593,-0.292546,-0.901727,-1.83494,-0.751784,0.603474,1.7064,1.39941,1.73079,2.24643,2.55744,3.46971,3.97727,3.83188,2.95516,1.9162,1.2563,0.881356,0.314019,0.00119309,0.78634,2.5149,4.42655,4.11537,3.04876,3.19578,2.58854,1.55559,1.00145,2.17019,1.66331,0.887107,0.52882,1.39263,1.57075,2.30936,3.9072,4.39287,4.26973,3.58203,1.75109,1.29176,2.1396,2.48906,1.0164,0.338118,-0.709758,-2.24805,-2.90238,-2.86642,-2.7155,-0.110823,2.80113,3.06927,2.30197,2.38403
1.91949,2.08025,1.54193,1.0086,0.968329,0.529625,0.418903,0.228056,-0.367432,-0.773575,-0.733272,-1.2859,-1.85299,-1.3691,-0.602364,1.46891,0.542923,-0.366167,0.403603,0.941964,0.244896,-0.430947,0.197648,2.88592,2.8095,1.77703,1.29154,1.02682,1.16227,2.39414,4.05512,3.40244,1.43387,2.10543,3.83392,3.33756,2.1041,2.24573,1.98288,1.30076,1.29464,2.06989,2.30643,2.00749,2.3953,3.40351,4.1157,4.05373,2.23217,2.41592,3.64447,3.43699,0.56956,-2.69846,-3.12079,-3.20901,-3.24494,-2.94895,-3.02912,-2.02979,1.99122,3.22791,0.298907,-0.914844,0.418903
3.59812,3.62756,2.78109,1.87112,1.36587,1.64109,1.56473,1.34543,0.906596,0.277679,-0.541963,-1.14361,-1.77042,-2.79127,-2.19431,1.2782,1.2004,0.396931,0.239063,0.875141,0.898342,0.751334,-1.05477,1.45562,3.41118,2.45555,2.23379,2.31783,2.66361,3.48798,3.65092,1.31245,1.50336,3.03431,3.53942,3.27694,2.09708,2.17156,1.81985,1.17377,1.65849,2.78106,3.09283,3.24137,3.33626,2.52263,3.15744,2.0917,0.623544,2.03952,3.56757,4.36086,1.63741,-2.15221,-3.51602,-3.79604,-3.33406,-2.7218,-2.25202,0.963928,2.47137,0.816415,-1.0931,-2.31454,-1.30435
3.91165,3.89632,3.07062,2.43846,2.17944,2.35252,2.19766,2.14397,1.87559,1.24427,0.473637,0.210612,-0.796196,-2.06183,-1.89545,0.746931,1.73671,1.81763,1.15116,1.25151,2.53394,2.09791,-1.41072,-0.539385,2.9714,2.87577,2.80016,2.68453,3.5857,4.13781,3.38125,2.33953,3.50705,4.26045,4.00402,3.21509,2.40366,1.99078,1.34143,1.46415,2.06491,3.25135,3.10775,3.96769,3.07009,2.18414,2.28133,1.12422,1.11544,2.88738,4.1359,3.41514,1.78868,-0.139841,-1.12395,-1.85299,-1.55636,-0.959956,0.238684,2.44706,2.0476,1.64371,0.963207,1.39039,1.01626
3.76603,3.73484,3.19842,3.19453,3.29313,3.33745,2.91179,2.56394,2.18544,1.89255,2.54955,2.48677,0.951161,-0.591803,-0.250314,0.140518,2.00007,2.67928,2.58009,1.87793,0.983739,-1.7835,-1.96329,-1.14157,2.04632,3.39116,3.2131,3.27687,3.92542,3.86808,3.72393,3.55035,4.1077,4.79019,4.79683,4.07412,2.82525,0.732877,0.338365,1.25525,2.49416,3.12152,2.98574,3.99886,1.60263,2.11017,1.57762,1.75447,3.01979,4.48269,3.75651,1.77122,0.656499,0.00900953,0.663573,2.6114,4.05584,4.56117,3.86398,2.24693,1.3972,0.905358,2.30325,1.78181,0.0795505
3.50205,3.77431,3.30531,3.48255,4.18188,3.76561,3.18711,2.79148,2.41224,2.95167,3.74385,3.34007,2.39548,1.36318,0.540864,0.0697236,1.62439,2.80017,3.3992,3.60352,2.22331,-1.19837,-2.50944,-1.17211,1.27636,1.71694,2.56585,3.54689,4.22102,4.73097,5.3232,5.31253,4.78477,4.58301,5.29796,4.32167,1.39011,0.0206294,-0.599127,0.752831,2.98047,3.14797,3.93046,2.95509,1.11881,1.75975,1.27487,2.91375,4.1534,3.46041,1.00806,0.887664,0.613613,0.39181,2.35496,3.93261,4.87857,4.29802,3.76429,3.20444,1.5373,-0.814175,-0.916352,-0.784871,-1.63708
2.59849,2.88663,2.73452,3.48251,3.97938,3.96593,3.36892,3.25609,3.92144,4.46664,3.76966,3.20084,2.9748,2.31323,1.28245,1.47581,2.16983,2.69186,3.64269,4.17367,3.50441,1.71617,-1.55858,-1.17817,0.0374016,-0.977557,-0.925076,1.34733,2.01567,3.5312,4.80361,5.15834,4.99245,5.02079,5.041,3.41913,1.28341,0.404514,-0.241551,1.51702,3.08353,3.63118,4.46654,1.6144,2.61706,1.98734,2.2517,4.18207,4.39756,2.01528,1.10671,1.75604,1.32273,1.51088,1.74071,2.05648,1.77251,-0.011938,1.8912,2.51371,1.43026,-0.267815,0.0544904,1.19169,3.06654
1.31799,1.50788,1.7541,1.6986,2.12825,2.48272,3.54698,3.89619,4.29619,3.99127,2.74179,2.45057,3.19327,3.41208,3.2407,2.98095,2.94845,3.41229,3.2254,3.30032,2.91152,2.16367,0.364184,-1.30149,-0.529994,-1.60559,-2.72392,-2.55998,-2.71157,-0.828031,0.272084,-0.191216,0.52146,1.3181,3.68285,2.24503,1.58181,0.789405,0.94277,2.92632,3.82228,5.05859,2.02612,-0.00478602,2.31874,2.50454,3.97901,5.37139,5.04335,3.91075,3.69992,3.14685,2.5537,2.95885,2.56227,1.2643,-0.0771799,-0.731173,-1.24581,-2.11108,0.305483,3.16092,3.66652,4.05476,4.57461
0.22438,0.161891,0.314454,0.73749,0.667442,1.27177,2.8507,3.15901,3.27845,3.12529,2.80198,3.18491,3.82259,4.17804,3.75858,2.63121,2.76482,2.61713,1.90219,1.21737,0.751696,-0.306677,0.0031407,-0.188148,-0.297931,-1.16346,-1.91804,-2.7329,-2.05416,-1.2181,-1.06619,-1.97306,-2.52953,-1.81957,0.54481,1.81489,1.61331,1.20553,1.99585,4.0776,4.2408,4.09742,0.498919,1.78168,2.38304,3.14866,5.2121,5.69844,4.90054,3.92367,4.18219,3.702,3.2254,4.18171,3.72372,1.79237,-1.0457,-1.92133,-1.74197,-0.478531,1.8085,3.29035,4.83856,5.64198,6.59164
-0.269653,-0.314957,-0.0631455,0.404606,0.761596,0.776006,1.0205,1.01062,0.503136,0.569221,2.98836,3.65776,3.92591,3.64131,3.30025,1.44973,1.51003,1.55739,1.25503,1.03051,0.656716,-0.187033,-0.692429,0.124307,0.735145,0.457914,-0.403804,-2.02398,0.173379,1.8074,2.17761,0.195709,-1.10266,-0.54271,0.629953,1.47952,2.03117,2.6185,4.0382,4.63541,5.33958,3.38868,2.26747,3.18715,1.75759,3.502,5.00062,5.9397,2.71508,2.23647,2.42585,3.4291,3.07577,3.42029,3.52812,2.15397,-0.401975,-1.14516,1.12381,2.71349,0.697043,-0.800089,2.7187,5.89579,5.28138
-0.336322,-0.419252,-0.17685,0.0317713,0.154471,0.968626,0.481415,0.27755,0.0276213,-0.0382551,1.77617,2.33235,2.8714,2.90356,2.36545,0.851665,1.40202,1.873,1.93033,1.68118,1.88201,1.88731,0.681547,-0.158296,1.2896,2.12082,1.88094,-0.15188,0.873796,3.05735,2.89896,1.06378,0.892444,0.632307,0.513151,1.2395,3.31178,5.35639,6.22486,6.10817,3.8594,2.48728,3.18997,2.04148,1.87787,4.81005,5.20223,2.41709,0.157878,1.79946,0.331462,1.65552,2.3937,3.042,3.18537,2.78254,1.02894,0.665083,1.6496,1.21679,-1.74785,-2.12544,0.54112,2.6408,-0.05486
-0.253803,-0.22882,-0.125177,-0.0803207,-0.200248,0.592079,0.557235,0.413338,-0.0490402,0.0804907,2.916,3.20462,3.28769,3.48762,3.64263,3.07103,3.03024,3.09055,3.25319,2.96152,2.74314,1.9526,1.50961,0.84294,1.01313,2.75772,3.39199,3.46048,3.86434,3.6977,0.659074,1.20834,0.908589,1.03222,1.7873,2.98541,5.2238,6.40622,6.55548,4.91219,-0.944022,1.2756,2.72011,2.1078,3.76626,3.83866,1.0271,-1.49183,-0.094014,1.89332,0.668938,0.518061,2.20995,3.5153,3.69843,2.57988,1.84183,2.39863,1.91949,0.103459,-1.91542,-0.509851,1.14671,1.29205,-1.65704
0.300271,0.423456,0.31582,0.258322,0.194472,-0.0113514,0.116794,-0.875934,-2.11618,-1.31466,2.52422,3.86627,3.73979,3.82336,4.3967,4.39233,3.93535,3.14867,3.68612,3.30443,3.03718,2.88682,2.41267,2.06419,2.1676,2.64417,4.53937,5.17729,5.31645,0.746605,0.700887,1.57565,0.764718,1.84769,3.31781,4.81824,5.47989,5.62784,5.04376,0.53198,-1.3827,0.468325,1.87827,2.47363,2.86918,-0.520849,-2.6523,-1.85026,0.629154,1.76528,0.337916,1.44314,3.70216,4.53604,3.97784,2.06841,1.61366,2.28728,2.15996,-0.220502,-1.2762,0.266792,1.6646,2.33528,1.44163
1.81386,1.71763,1.43698,1.00825,0.558377,0.512463,0.364557,-1.05971,-2.23558,-2.40686,-0.963343,2.30347,2.46024,2.42318,3.46628,3.21828,3.43465,2.9941,3.50083,3.5451,3.71319,3.66771,3.69312,3.93915,4.01288,4.65286,4.67873,4.69856,2.72381,-1.17549,0.366306,1.3661,2.48399,3.48115,4.53684,5.49747,5.43321,4.49023,2.91902,-1.04237,-0.238402,0.101915,1.05335,1.1342,0.218571,-2.25857,-2.59182,-1.65011,0.821514,-0.425257,-0.980012,1.68857,3.08775,3.47895,2.72841,1.946,1.68474,2.0911,2.07375,1.0479,1.30071,1.67663,1.69001,1.30495,0.777846
