uploads/wind/20200722/wind_field_08.json
{"header": {"parameterUnit": "m.s-1", "parameterNumber": 3, "dx":  0.051, "dy": 0.036, "parameterNumberName": "northward_wind", "la1": 45.3082, "parameterCategory": 2,"nx": 177, "ny": 123, "refTime": "2018-10-03 01:00:00", "lo1":1.38177}, "data":
[rows 28 to 55 of 123, columns 63 to 125 of 177]
1.38421,1.40744,1.50086,1.63943,1.78878,1.92586,2.01031,1.991,1.85181,1.65479,1.48457,1.32665,1.13666,0.917779,0.672812,0.446684,0.283921,0.197624,0.174199,0.215514,0.258171,0.168565,-0.139169,-0.615888,-1.10706,-1.48039,-1.69398,-1.77061,-1.77375,-1.75627,-1.72934,-1.68992,-1.65661,-1.64307,-1.6302,-1.58199,-1.47955,-1.32674,-1.15204,-0.9933,-0.894423,-0.87221,-0.888839,-0.894451,-0.854381,-0.772484,-0.679938,-0.60179,-0.55647,-0.531679,-0.508607,-0.458935,-0.381178,-0.280068,-0.156064,-0.00811753,0.154949,0.299415,0.414194,0.531416,0.644791,0.728166,0.680276
1.76394,1.75483,1.75169,1.77778,1.81865,1.84774,1.85164,1.80845,1.68321,1.45137,1.13999,0.8491,0.617319,0.423366,0.25125,0.112308,-0.0135487,-0.133318,-0.217912,-0.305658,-0.507337,-0.864764,-1.2716,-1.52766,-1.54836,-1.45713,-1.36614,-1.30876,-1.28954,-1.29092,-1.29042,-1.30317,-1.34346,-1.39566,-1.42985,-1.42177,-1.36298,-1.27137,-1.164,-1.07184,-1.0147,-0.996797,-1.00112,-0.999106,-0.967036,-0.892561,-0.794992,-0.713014,-0.671437,-0.656371,-0.632726,-0.580211,-0.486484,-0.372265,-0.240131,-0.0961771,0.0619819,0.226235,0.365243,0.477908,0.582988,0.660688,0.732565
2.25938,2.08332,1.94317,1.82532,1.73978,1.68022,1.62817,1.59148,1.55891,1.45276,1.16045,0.762238,0.415575,0.130336,-0.113236,-0.276751,-0.344803,-0.411344,-0.565421,-0.890868,-1.27475,-1.48898,-1.41941,-1.18891,-0.994775,-0.888492,-0.849564,-0.866388,-0.91251,-0.953353,-0.985141,-1.02715,-1.07193,-1.10245,-1.12234,-1.13269,-1.1309,-1.11545,-1.10396,-1.09038,-1.07571,-1.0559,-1.0432,-1.04311,-1.05213,-1.05038,-1.01625,-0.962169,-0.911305,-0.872234,-0.833639,-0.773016,-0.675594,-0.548158,-0.396652,-0.229334,-0.0591244,0.094993,0.219577,0.280308,0.317568,0.334269,0.431465
1.98889,1.82835,1.76056,1.69071,1.62428,1.56406,1.50254,1.45797,1.42902,1.33945,1.10184,0.736799,0.333369,-0.0312001,-0.269686,-0.391453,-0.433767,-0.533917,-0.780251,-1.03019,-1.06303,-0.941637,-0.863312,-0.853621,-0.850409,-0.797859,-0.734996,-0.702763,-0.704044,-0.714034,-0.728378,-0.736592,-0.734792,-0.739755,-0.762546,-0.794807,-0.839464,-0.891335,-0.95729,-1.02434,-1.07471,-1.10071,-1.09958,-1.10048,-1.12167,-1.15956,-1.19967,-1.20656,-1.17091,-1.10802,-1.04483,-0.973163,-0.872012,-0.730214,-0.559146,-0.365228,-0.158045,0.0158153,0.138456,0.160165,0.0939688,0.02048,0.0339292
1.36696,1.43279,1.45667,1.44896,1.43431,1.40639,1.36229,1.29428,1.18396,0.986318,0.700509,0.397496,0.0778649,-0.151718,-0.219899,-0.272703,-0.441324,-0.646816,-0.746873,-0.666343,-0.564635,-0.59627,-0.71499,-0.775378,-0.7251,-0.627683,-0.538969,-0.463668,-0.422835,-0.419978,-0.450584,-0.493687,-0.53468,-0.572882,-0.604587,-0.643923,-0.69716,-0.779796,-0.879257,-0.987991,-1.08221,-1.15241,-1.19917,-1.23613,-1.2655,-1.29572,-1.33258,-1.34494,-1.32086,-1.26387,-1.16846,-1.10247,-1.02185,-0.896836,-0.712939,-0.489729,-0.252212,-0.03102,0.12858,0.172637,0.0762953,-0.0733427,-0.163475
1.15603,1.21966,1.17708,1.08908,1.01688,0.958055,0.905539,0.81616,0.639125,0.375415,0.139732,-0.0145134,-0.104078,-0.165906,-0.289783,-0.483673,-0.657764,-0.655498,-0.491762,-0.380993,-0.448708,-0.553788,-0.542259,-0.46058,-0.372289,-0.281785,-0.192158,-0.136448,-0.14389,-0.209102,-0.318109,-0.433352,-0.532976,-0.596489,-0.628489,-0.660277,-0.72278,-0.81698,-0.93138,-1.04612,-1.14868,-1.22941,-1.29812,-1.36022,-1.40326,-1.42319,-1.41374,-1.44638,-1.28973,-1.65013,-1.31322,-1.13176,-1.06953,-0.996732,-0.854901,-0.662538,-0.433477,-0.191267,0.0150166,0.116397,0.0831221,-0.0454305,-0.187002
0.972154,1.02185,0.940113,0.723206,0.463054,0.279816,0.189193,0.122602,0.0032213,-0.124644,-0.174332,-0.117648,-0.00727781,-0.0170611,-0.228935,-0.442936,-0.436886,-0.29001,-0.214587,-0.249305,-0.274688,-0.263035,-0.273567,-0.271806,-0.201047,-0.0893338,0.000157274,0.0268366,-0.0264813,-0.15368,-0.317048,-0.475391,-0.586846,-0.642347,-0.665572,-0.692244,-0.756922,-0.865876,-0.992397,-1.11071,-1.20925,-1.2814,-1.32551,-1.36205,-1.37768,-1.3898,-1.37309,-1.41151,-1.52406,-1.88515,-1.82675,-1.38837,-1.10221,-0.978478,-0.883681,-0.776048,-0.644041,-0.462788,-0.260531,-0.112777,-0.0800167,-0.122855,-0.21911
0.7717,0.89254,0.810935,0.463745,0.103842,-0.136348,-0.224834,-0.246835,-0.270851,-0.256408,-0.16358,0.000863635,0.182031,0.291442,0.307128,0.345827,0.411153,0.367979,0.213209,0.0660319,-0.0349421,-0.101277,-0.128894,-0.126807,-0.121304,-0.113215,-0.0936606,-0.0976524,-0.160043,-0.287302,-0.429718,-0.551813,-0.618348,-0.644377,-0.655949,-0.684417,-0.739825,-0.829039,-0.942243,-1.04991,-1.13516,-1.19738,-1.22652,-1.25008,-1.22701,-1.22277,-1.21275,-1.47863,-1.83929,-1.79028,-1.9798,-1.89969,-1.33298,-1.38592,-1.44436,-0.984106,-0.731329,-0.640062,-0.508079,-0.365962,-0.31386,-0.320128,-0.350956
0.585451,0.568309,0.452444,0.256071,0.0810362,-0.0379196,-0.118369,-0.17467,-0.167488,-0.0707746,0.0952981,0.311201,0.527759,0.768221,1.0317,1.22913,1.20059,0.965576,0.675804,0.415887,0.212861,0.0671463,-0.0419049,-0.13447,-0.220533,-0.294561,-0.35005,-0.402853,-0.449376,-0.495952,-0.530888,-0.556009,-0.582002,-0.622686,-0.678049,-0.732896,-0.780352,-0.812312,-0.85388,-0.905419,-0.953558,-1.00163,-1.03393,-1.05737,-1.08626,-0.919044,-1.36528,-1.82052,-1.67004,-1.96506,-1.49143,-2.09957,-1.5163,-1.74524,-2.0429,-1.21397,-0.736786,-0.673959,-0.626849,-0.510069,-0.451046,-0.464158,-0.491511
0.483885,0.402414,0.329365,0.362807,0.405992,0.353488,0.281783,0.242184,0.292091,0.438671,0.636443,0.852226,1.05966,1.26481,1.45323,1.50176,1.33156,1.06373,0.810639,0.593491,0.393592,0.200992,0.0204642,-0.144779,-0.291712,-0.420567,-0.531801,-0.606617,-0.622838,-0.592349,-0.545849,-0.521813,-0.559211,-0.646648,-0.75262,-0.831904,-0.863732,-0.85347,-0.818728,-0.795535,-0.79347,-0.80978,-0.839078,-0.832873,-0.92321,-0.670788,-1.48879,-1.49576,-1.5132,-1.7706,-1.32676,-1.74505,-1.62758,-1.32183,-1.83425,-1.21667,-0.751177,-0.646174,-0.649606,-0.562914,-0.479127,-0.485236,-0.516061
0.747458,0.709255,0.709882,0.77942,0.840534,0.845941,0.847413,0.888801,0.984956,1.10494,1.21504,1.29279,1.3419,1.32348,1.19945,0.981249,0.776748,0.660941,0.611253,0.553446,0.450578,0.314036,0.158745,-0.0117117,-0.182874,-0.337707,-0.458124,-0.524447,-0.533116,-0.498194,-0.474218,-0.489296,-0.569762,-0.68058,-0.785713,-0.848682,-0.861243,-0.837102,-0.791698,-0.744488,-0.719944,-0.681952,-0.686626,-0.601288,-0.67874,-0.461674,-1.1806,-1.04683,-1.46729,-1.44301,-1.40305,-1.09959,-1.63265,-1.20463,-1.51193,-1.44535,-0.993949,-0.630222,-0.564453,-0.531155,-0.448047,-0.433452,-0.441582
1.06178,1.0683,1.11822,1.1983,1.2631,1.30137,1.34735,1.40088,1.43368,1.4234,1.36752,1.26482,1.08676,0.803637,0.475246,0.236135,0.194039,0.285113,0.395919,0.45806,0.47067,0.440086,0.364507,0.24836,0.112461,-0.0165646,-0.118507,-0.18546,-0.227232,-0.258282,-0.315465,-0.407247,-0.517927,-0.622688,-0.693329,-0.727712,-0.737361,-0.730405,-0.731532,-0.715352,-0.680634,-0.624861,-0.448461,-0.778937,-0.477979,-0.445975,-1.13606,-1.13272,-1.17892,-1.30886,-1.3938,-0.979498,-1.28987,-1.43962,-1.20778,-1.41393,-0.941452,-0.470584,-0.363746,-0.369546,-0.325888,-0.306647,-0.31684
1.33551,1.37303,1.40341,1.4431,1.48757,1.49584,1.43988,1.34672,1.24416,1.13954,1.00707,0.801084,0.491005,0.144059,-0.0878136,-0.0988331,0.0540887,0.230868,0.352773,0.438791,0.509892,0.551517,0.547116,0.500506,0.435516,0.36447,0.293633,0.217485,0.128949,0.0141187,-0.120094,-0.262026,-0.377078,-0.450908,-0.492203,-0.532683,-0.585698,-0.636641,-0.688276,-0.683463,-0.625302,-0.568862,-0.477872,-0.900808,-0.610053,-0.913407,-1.04887,-1.05766,-0.786566,-0.877445,-1.06322,-1.03903,-0.877032,-1.04235,-1.01892,-0.933775,-0.803943,-0.486419,-0.238787,-0.128065,-0.0971488,-0.0972635,-0.126975
1.52266,1.51821,1.48625,1.46237,1.41721,1.27784,1.05167,0.8405,0.705791,0.608369,0.473028,0.248896,-0.0258035,-0.206461,-0.187911,-0.00227825,0.192906,0.308063,0.371865,0.436433,0.513386,0.584914,0.633939,0.655152,0.647567,0.61296,0.55062,0.456292,0.322775,0.156797,-0.00786625,-0.14004,-0.219371,-0.259963,-0.309576,-0.3984,-0.477704,-0.594628,-0.504562,-0.82906,-0.795047,-0.576842,-0.869103,-0.692631,-0.768881,-1.09392,-0.665926,-1.04206,-0.667907,-0.692009,-0.796102,-0.962142,-0.660664,-0.641811,-1.00271,-0.633743,-1.10048,-0.913426,-0.364108,0.0401117,0.140422,0.137552,0.0995437
1.64978,1.55234,1.44086,1.3202,1.11543,0.817863,0.533614,0.344907,0.226139,0.120587,-0.00126783,-0.140896,-0.217535,-0.175225,-0.0365979,0.105094,0.185927,0.232978,0.285304,0.347928,0.409412,0.477489,0.552381,0.616425,0.640163,0.60341,0.513858,0.375264,0.214487,0.0610128,-0.0529294,-0.120141,-0.160635,-0.198339,-0.265874,-0.310229,-0.39573,-0.305735,-0.53078,-1.10458,-0.947238,-0.786343,-0.887922,-0.733534,-0.690318,-0.845306,-0.570052,-0.761038,-0.654171,-0.5715,-0.62273,-0.837286,-0.529406,-0.627954,-0.958339,-0.621231,-0.972207,-0.883371,-0.236131,0.250038,0.366733,0.324019,0.247413
1.65659,1.47468,1.27603,1.00808,0.670389,0.361278,0.149064,0.0038652,-0.112815,-0.198364,-0.230659,-0.204982,-0.0953652,0.034568,0.109452,0.0924641,0.0691125,0.0954278,0.148298,0.205811,0.242611,0.275291,0.315019,0.346929,0.340078,0.26819,0.140183,-0.0119738,-0.129419,-0.200733,-0.218701,-0.22858,-0.237655,-0.237311,-0.246524,-0.169184,-0.195509,0.0959084,-0.546677,-0.926286,-0.648783,-0.703789,-0.693697,-0.532006,-0.691524,-0.642936,-0.541953,-0.400956,-0.587765,-0.317652,-0.334898,-0.465786,-0.285879,-0.429524,-0.617984,-0.605865,-0.45797,-0.471039,0.170228,0.562747,0.58005,0.443713,0.328772
1.4311,1.15967,0.809164,0.408024,0.109609,-0.0281767,-0.0845297,-0.104507,-0.0951642,-0.0518627,0.0249075,0.136142,0.2451,0.303179,0.272532,0.16854,0.0650717,0.0196935,0.0255073,0.0500132,0.0581729,0.0413036,0.0059311,-0.0518579,-0.147408,-0.268489,-0.386712,-0.453207,-0.449644,-0.420382,-0.380192,-0.35755,-0.313851,-0.235299,-0.172429,0.0341306,-0.140359,-0.060295,-0.127247,-0.552072,-0.319517,-0.375861,-0.486974,-0.236718,-0.521618,-0.528747,-0.409165,-0.391407,-0.533359,-0.258486,-0.274511,-0.318201,-0.125118,-0.42834,-0.316034,-0.452115,-0.203671,-0.100477,0.337779,0.659797,0.704145,0.59748,0.491991
0.840254,0.337446,-0.0339437,-0.258379,-0.289601,-0.184494,-0.0352003,0.145974,0.317465,0.454991,0.542228,0.59653,0.585706,0.514557,0.388146,0.214721,0.0262865,-0.102333,-0.147062,-0.156267,-0.174701,-0.222343,-0.297124,-0.396219,-0.510089,-0.610274,-0.64865,-0.624534,-0.545362,-0.482918,-0.417297,-0.366038,-0.281283,-0.173059,-0.0926101,0.292304,-0.347353,-0.348576,-0.0712612,-0.368734,-0.216848,-0.249177,-0.232728,-0.2936,-0.328589,-0.40722,-0.44663,-0.25906,-0.350911,-0.172986,-0.177118,-0.320112,-0.142158,-0.587127,-0.368754,-0.245177,-0.223176,0.0265505,0.275449,0.550505,0.759129,0.779876,0.693371
-0.00489537,-0.315306,-0.455855,-0.385112,-0.219726,-0.00561855,0.232569,0.46193,0.629505,0.695269,0.666649,0.591862,0.48958,0.358997,0.180284,-0.0240106,-0.19243,-0.292217,-0.344576,-0.391648,-0.438402,-0.482959,-0.51079,-0.525821,-0.526947,-0.521937,-0.50277,-0.488269,-0.457483,-0.434134,-0.359472,-0.286776,-0.224489,0.00637717,-0.23837,0.0725896,-0.44452,-0.44287,-0.268561,-0.188535,-0.193008,-0.166239,-0.125471,-0.117586,-0.231089,-0.207966,-0.372421,-0.189579,-0.230595,-0.0689297,-0.126258,-0.323056,-0.24813,-0.47058,-0.51201,-0.111257,-0.315693,-0.0954311,0.210165,0.48876,0.794739,0.944134,0.907321
-0.244732,-0.240776,-0.127561,-0.0351776,0.0881847,0.203561,0.286006,0.323927,0.320639,0.246784,0.125573,-0.00262521,-0.107877,-0.196767,-0.285843,-0.358758,-0.411812,-0.473776,-0.561435,-0.651043,-0.692148,-0.671011,-0.599638,-0.507932,-0.414785,-0.355533,-0.327991,-0.356699,-0.366278,-0.377502,-0.333858,-0.158608,-0.485456,-0.204753,-0.542456,-0.535155,-0.446143,-0.581603,-0.313061,-0.162861,-0.068978,-0.0260115,0.0596318,0.0821413,-0.0934828,-0.0915598,-0.0856172,-0.108166,-0.0271841,0.0166766,-0.0764401,-0.320797,-0.234039,-0.313327,-0.566054,-0.368143,-0.467271,-0.129752,0.249959,0.548785,0.869713,1.0971,1.12027
0.107781,0.220947,0.273542,0.296816,0.181993,0.0361093,-0.116461,-0.301428,-0.482813,-0.618953,-0.696144,-0.750195,-0.778079,-0.77076,-0.709138,-0.638518,-0.631376,-0.710759,-0.82138,-0.873178,-0.834604,-0.745633,-0.668332,-0.619861,-0.562485,-0.507433,-0.410141,-0.373187,-0.364019,-0.225583,-0.561557,-0.348488,-0.730193,-0.658207,-0.471171,-0.576946,-0.30989,-0.386419,-0.17398,0.0154152,0.107223,0.198405,0.284245,0.112717,-0.0719863,-0.0479721,0.074117,0.11854,0.253056,0.203741,0.202038,-0.0187773,-0.00264333,-0.375196,-0.4584,-0.742884,-0.545794,-0.0272901,0.379001,0.715727,1.01991,1.19019,1.18583
0.222127,0.265908,0.209175,0.0554896,-0.218551,-0.495561,-0.756843,-0.996101,-1.19826,-1.30236,-1.31457,-1.278,-1.21284,-1.10759,-0.99086,-0.92457,-0.936993,-0.976459,-0.964743,-0.875032,-0.768177,-0.711787,-0.732147,-0.781195,-0.775622,-0.701627,-0.538376,-0.381166,-0.33099,0.0238821,-0.794977,-0.648537,-0.418868,-0.480064,-0.1389,-0.111145,0.0747896,0.067311,0.185095,0.379161,0.409661,0.497717,0.303391,0.016691,-0.239324,-0.053755,0.133465,0.271139,0.392283,0.384849,0.41885,0.281088,0.104597,-0.286761,-0.280457,-0.567632,-0.422412,0.0209167,0.502256,0.926503,1.21643,1.3212,1.29973
-0.087758,-0.282632,-0.545286,-0.791618,-0.912284,-1.03903,-1.19833,-1.35032,-1.46443,-1.52503,-1.52292,-1.46572,-1.37423,-1.28048,-1.22859,-1.21779,-1.19338,-1.08624,-0.896395,-0.704292,-0.582767,-0.550026,-0.566045,-0.57185,-0.560491,-0.48478,-0.401777,-0.216382,-0.197056,0.331693,-0.587258,-0.321624,0.0842975,0.202989,0.317348,0.457981,0.560118,0.505053,0.492971,0.520585,0.589522,0.439373,-0.00580322,-0.336279,-0.413619,0.05956,0.225941,0.376885,0.455773,0.480409,0.66159,0.484997,0.234413,0.226466,0.118411,0.0947229,-0.0809533,0.13173,0.68957,1.1598,1.40716,1.50377,1.52992
-0.710369,-1.18804,-1.4113,-1.47514,-1.42675,-1.36122,-1.33901,-1.36146,-1.41392,-1.48247,-1.51622,-1.5175,-1.49927,-1.49029,-1.47538,-1.39383,-1.20822,-0.937647,-0.649651,-0.427099,-0.255304,-0.161978,-0.076729,-0.0578594,0.0610343,0.056995,0.242979,0.0251054,-0.0435001,0.386756,-0.177748,0.341021,0.476331,0.785158,0.871171,0.967436,0.914109,0.745347,0.631285,0.541636,0.330996,-0.0496502,-0.396962,-0.466559,-0.108385,0.217925,0.263897,0.318668,0.384707,0.464261,0.732599,0.676873,0.395751,0.501528,0.418557,0.424057,0.240526,0.404186,0.975676,1.40123,1.61294,1.73438,1.83679
-1.26299,-1.61023,-1.76166,-1.7674,-1.69566,-1.59718,-1.51524,-1.48325,-1.50971,-1.55328,-1.59982,-1.63213,-1.64234,-1.61344,-1.48326,-1.23063,-0.899032,-0.564997,-0.266037,-0.0565398,0.137973,0.248063,0.336143,0.550205,0.314888,0.345995,0.565858,0.105614,0.154089,0.315649,0.343215,0.808618,0.877569,1.04441,1.10365,1.06213,0.870319,0.652302,0.53801,0.410076,0.0504514,-0.217392,-0.301699,-0.0570911,0.405623,0.308192,0.185169,0.098135,0.296687,0.436794,0.528653,0.644137,0.505443,0.664148,0.681143,0.596342,0.468099,0.58472,1.01886,1.55927,1.5195,1.6118,1.81213
-1.43983,-1.65552,-1.78812,-1.87959,-1.93328,-1.94628,-1.91209,-1.86475,-1.79751,-1.72742,-1.64854,-1.56676,-1.46389,-1.31018,-1.08355,-0.82156,-0.543556,-0.322252,-0.117569,0.00991813,0.107442,0.337565,0.140838,0.6762,0.00112067,0.382634,0.399641,0.476438,0.651239,0.817866,1.05022,1.19522,1.33843,1.41282,1.3439,1.10053,0.80376,0.6539,0.604747,0.462137,0.296983,0.285462,0.462109,0.656203,0.730495,0.49061,0.313141,0.226062,0.397069,0.395642,0.288234,0.413583,0.61305,0.891164,0.78819,0.650754,0.735127,1.00144,1.09228,1.61885,1.19357,1.29835,1.41191
-1.42948,-1.5566,-1.74749,-1.9613,-2.11592,-2.17747,-2.12027,-1.98233,-1.77738,-1.57087,-1.34437,-1.15221,-0.982591,-0.816336,-0.699683,-0.639793,-0.576773,-0.526697,-0.466381,-0.410988,-0.386989,-0.0384616,-0.241002,0.257043,-0.0141198,0.648821,0.708496,1.11426,1.39585,1.61206,1.92447,1.93994,1.89939,1.7905,1.49698,1.12371,0.890453,0.881598,0.953434,0.946635,0.956521,1.17067,1.27794,1.32517,1.12705,0.859692,0.73921,0.677708,0.605833,0.271108,0.101367,0.364867,0.608622,0.806436,0.60703,0.548061,0.658199,0.845675,0.833668,1.30936,1.10617,1.29585,1.0885
-1.33282,-1.43894,-1.64532,-1.81393,-1.86162,-1.82057,-1.68728,-1.49868,-1.26923,-1.05562,-0.866788,-0.787106,-0.729075,-0.723085,-0.858132,-1.01759,-1.08004,-1.0315,-0.968872,-0.89419,-0.794173,-0.527482,-0.296328,0.060463,0.386111,0.866989,1.1302,1.53556,2.01483,2.39335,1.77117,2.14503,2.55711,2.36445,1.89477,1.49638,1.45813,1.44593,1.59672,1.65251,1.61721,1.87365,1.7843,1.84842,1.80131,1.59637,1.238,0.86109,0.594236,0.33218,0.320895,0.644901,0.705917,0.695962,0.532308,0.449092,0.35509,0.306616,0.385061,0.731535,0.97129,0.955929,0.725908
