uploads/wind/20200722/wind_field_02.json
{"header": {"parameterUnit": "m.s-1", "parameterNumber": 2, "dx": 0.051, "dy": 0.036, "parameterNumberName": "eastward_wind", "la1": 45.3082, "parameterCategory": 2,"nx": 177, "ny": 123, "refTime": "2018-09-30 00:00:00", "lo1":1.38177}, "data":
[rows 56 to 83 of 123, columns 65 to 129 of 177]
0.371113,0.708523,1.10088,1.53043,1.98913,2.3613,2.51928,2.50092,2.49237,2.54137,2.51117,2.34404,2.14503,2.02911,2.01645,2.06318,2.16978,2.34082,2.55523,2.80227,3.03702,3.02456,2.61115,2.18079,2.1254,2.2391,2.40673,2.13628,2.05346,2.14378,2.04546,2.44231,2.85919,3.48445,4.19309,4.99651,6.24371,7.31376,7.41338,7.01093,6.64731,6.63289,6.47609,6.43554,6.19765,5.94693,6.00771,5.57482,5.5971,5.40472,4.56305,4.06309,3.74562,3.53556,3.34172,2.92231,2.77143,2.93193,3.15247,3.27478,3.30004,3.3794,2.53649,1.11561,1.14819
0.44681,0.85129,1.291,1.76288,2.21444,2.56224,2.77581,2.93906,3.14889,3.27064,3.03783,2.5158,2.0562,1.82762,1.7622,1.76496,1.83957,2.05133,2.32867,2.54756,2.63307,2.6308,2.39297,2.16921,2.17048,2.39246,2.68663,2.70226,2.73072,2.76558,2.82159,2.97921,3.32581,3.99462,4.89465,6.1895,7.20483,7.50508,7.61277,7.59895,7.06414,6.26494,5.82111,6.01871,6.44858,6.47596,5.93886,5.66259,5.3043,4.93146,4.64611,4.40262,4.33812,3.8652,3.6785,3.68467,3.06713,2.95228,3.16346,3.40668,3.93585,4.17252,3.71538,2.64765,2.49034
0.713346,1.09941,1.46231,1.82946,2.21261,2.58801,2.92932,3.28195,3.64814,3.82588,3.52156,2.79828,2.06027,1.60866,1.47155,1.48081,1.5231,1.66791,1.82419,1.98613,1.76537,2.48887,2.37874,1.69821,1.72682,1.91237,2.28227,2.47004,1.02213,1.54111,1.78984,2.24068,2.91545,4.00266,5.86792,7.30432,7.6079,7.55087,7.53109,7.08748,6.24595,5.82163,6.17716,6.46074,6.64654,6.54156,6.12888,5.53317,4.68766,4.56289,4.91929,4.48672,3.76735,3.42712,3.38503,3.443,3.44457,3.2849,3.50025,4.20031,4.37093,4.04943,3.69984,3.34076,3.08741
1.0475,1.35529,1.59299,1.82283,2.13348,2.54583,2.98736,3.43743,3.87682,4.16537,4.03064,3.28733,2.18217,1.4382,1.24911,1.19689,1.08296,1.03554,0.895459,1.03036,1.2128,1.78388,1.2187,0.75531,0.765023,0.914935,2.13126,1.76241,0.21111,0.0925592,0.311577,1.65929,2.30792,3.45903,4.46914,5.95715,7.32282,7.84335,7.87596,7.51298,6.76556,5.8423,5.61628,6.18136,6.39409,6.11541,5.56643,5.27899,5.18809,4.62967,4.07896,3.79706,3.65953,3.70662,3.70067,3.75068,3.50836,3.51358,4.08983,4.40614,4.31086,4.04367,4.0092,3.48032,2.73219
1.31969,1.57393,1.74844,1.87505,2.0963,2.48491,2.95032,3.41775,3.89554,4.39546,4.59809,3.7891,2.00461,0.358202,-0.321516,-0.526851,-0.488162,-0.612464,-0.714931,-0.224471,-0.0263324,-0.375442,-0.104561,0.635646,2.04297,1.85208,1.18521,0.914329,0.0926733,-0.231191,-0.0649674,1.29117,2.10792,2.66359,2.44946,3.50736,4.57786,6.04402,7.36718,7.32582,6.54531,6.22189,5.95351,5.65541,5.64775,5.64873,5.62496,5.50564,5.21472,4.9832,4.66154,4.25482,3.62975,3.09308,3.15944,3.35447,3.63542,4.0896,4.30858,4.16891,3.84513,3.89813,3.51742,2.41181,1.86699
1.59327,1.8158,1.91851,1.97428,2.16505,2.52304,2.93317,3.37284,3.89722,4.58899,5.07475,3.73233,0.106061,-2.55396,-2.79983,-2.00212,-1.72881,-0.933719,-0.646542,-0.755279,-1.77929,-1.94832,-0.254226,1.81972,3.70896,2.82215,-0.169025,-1.10742,-1.16073,-1.07693,-0.919983,1.11069,2.67266,3.05431,2.80019,2.85405,2.5024,3.9551,4.44384,5.59554,6.08813,5.73767,5.15374,4.81705,4.95663,5.59575,5.61875,5.4343,5.24688,4.75738,4.1751,3.63829,3.07874,3.12895,3.68343,3.6912,3.71399,3.92463,3.69355,3.44843,3.85379,3.46656,2.7737,3.16343,3.19945
1.92455,1.98567,1.96111,2.06943,2.37595,2.73748,3.09088,3.43761,3.90913,4.73022,4.84333,2.86442,-1.54805,-3.20823,-1.81704,-1.00803,-1.56825,-0.904723,-0.169363,-0.669554,-2.42898,-2.88421,-0.60692,3.09625,4.274,3.56651,1.0906,-1.32872,-1.75605,-2.09827,-1.76489,0.347135,3.49097,4.27822,3.17581,2.02685,2.88246,3.64627,2.89679,3.47798,4.26686,5.03949,5.71793,5.45727,5.15233,5.21572,5.16466,4.95323,4.63953,4.31374,3.88866,3.34036,2.94967,3.10071,3.31486,3.39594,3.53515,3.36015,3.22579,3.62739,3.57024,3.1725,3.51824,3.47713,2.99807
2.13954,1.96248,1.95732,2.30887,2.80855,3.20282,3.3867,3.45269,3.86178,4.26318,3.11015,0.80198,-1.90517,-3.27558,-1.52173,-0.451488,-1.78203,-1.87876,-0.870514,-0.662342,-1.46622,-1.7891,0.905228,3.72607,3.64513,3.45885,3.23202,0.0847555,-1.99117,-2.54998,-0.819047,0.435249,3.55347,4.87064,3.79715,2.47659,2.28976,1.84997,1.65363,1.85804,3.33252,4.26595,4.89345,5.72114,5.67014,5.11432,5.37176,5.92392,5.32021,3.95419,3.25699,2.92825,2.72499,2.8951,3.13154,3.33053,3.34075,3.21865,3.49116,3.57722,3.151,2.79271,2.45905,2.36714,2.87428
2.09268,1.9812,2.22687,2.808,3.34136,3.55087,3.45147,3.43411,3.67774,2.88314,0.607345,-0.509932,-0.885577,-1.67917,-1.68198,-0.622517,-1.40067,-3.46165,-2.09052,-0.557557,0.0992695,0.198235,1.62434,3.41292,3.44246,2.6819,3.50914,3.23701,0.0266176,-1.31054,0.127198,1.3805,2.49134,4.07564,4.57816,4.20859,3.47417,1.35473,1.15082,1.99035,2.96147,3.74225,4.82963,5.02399,4.92599,5.44592,5.01726,4.36382,4.14762,3.69638,3.27969,2.90862,2.68956,2.7215,2.94707,3.33066,3.52707,3.38626,3.07041,2.57496,1.89949,2.27352,3.32416,3.11522,2.69746
1.90747,2.31973,2.95943,3.46544,3.6004,3.47272,3.33553,3.40823,2.48002,0.368742,-0.809801,-0.934516,-1.26881,-1.91312,-2.7736,-1.6019,-1.39465,-3.0851,-2.44331,-0.407717,0.433314,1.25767,2.62045,3.48369,3.88485,2.92688,3.04746,3.65456,3.30908,2.1162,1.59974,1.3282,0.80419,1.43837,4.21926,5.02418,5.09003,4.29424,2.62892,1.10649,1.84137,2.36922,2.91704,3.20763,3.39846,3.75968,3.90978,3.87875,3.79912,3.61513,3.27967,2.82509,2.59783,2.62065,2.73055,3.04167,3.10698,2.92879,2.75325,2.873,3.24835,2.99224,2.77467,2.94861,2.92621
1.19325,1.84827,2.36056,3.78794,3.39135,3.39412,2.68183,2.6538,0.237978,-1.41064,-1.67083,-1.88991,-2.95913,-2.78477,-2.69243,-0.671969,0.135552,-1.78299,-2.14294,-0.60795,0.299441,1.13611,2.20969,2.43472,2.59031,3.15652,2.6346,2.78044,3.54599,3.41933,3.30277,1.18856,-0.085675,0.193794,1.63817,4.34592,5.17397,6.3668,3.65096,-0.168647,0.0779564,1.01426,1.53097,2.15225,2.67992,2.99062,3.22643,3.42811,3.50229,3.34098,2.99469,2.58711,2.32544,2.32788,2.42321,2.60945,2.65284,2.56495,2.70973,2.86716,3.01895,2.87786,2.94906,3.33064,3.18135
0.760534,1.73407,3.05098,3.45944,3.62138,3.20854,3.1568,2.15939,0.994435,-1.05738,-1.84287,-2.10095,-3.02049,-3.04993,-1.82302,-0.681316,-0.429176,-1.48172,-2.46227,-0.922253,2.11637,3.0819,2.54437,1.60369,2.01254,2.85261,2.90541,2.94144,3.17294,3.274,3.66205,3.06622,0.902068,0.22301,1.03443,3.14591,5.05354,6.8043,3.79553,1.18156,1.19563,1.64076,1.21101,1.36699,1.87129,2.26844,2.59549,2.85373,2.93254,2.78479,2.48506,2.12508,1.91159,2.04269,2.3192,2.56227,2.69992,2.7355,2.80447,2.66994,2.55316,2.32704,2.46261,3.3721,3.23495
1.35224,2.09898,2.48145,2.80467,2.95219,3.07827,2.26413,1.55236,0.146006,-1.32828,-1.78868,-1.63476,-2.2186,-2.69125,-1.85805,-0.657534,-0.236315,-0.3951,-1.9396,-1.51901,1.73539,3.54866,2.1375,1.76037,2.4012,3.96919,3.39884,2.23183,2.20859,3.097,3.53157,3.07391,3.04902,2.72774,2.38383,3.0819,4.85912,4.74498,2.12638,1.49808,2.02606,1.82118,1.81469,0.913266,0.669095,0.916766,1.37707,1.74567,2.0361,2.30163,2.39203,2.22748,2.00448,2.01192,2.16928,2.3504,2.49787,2.55433,2.57517,2.43605,2.06658,2.31839,3.22462,3.3936,2.66194
2.24043,2.49354,2.40543,2.65287,2.28354,2.0212,1.51842,0.996835,0.0454124,-1.02736,-1.42334,-0.578225,-0.827371,-1.53052,-1.29828,-1.08558,-0.756262,-0.170983,-0.47818,-0.658873,0.885554,2.37737,1.78196,0.927375,2.36563,3.95529,3.44932,2.02358,2.38756,1.77103,1.9247,2.20743,2.65675,3.23795,2.7364,3.23781,2.64805,3.13241,2.67383,1.32714,0.843369,1.73066,2.63752,2.36096,0.478519,0.513379,0.640001,0.768201,0.945575,1.1445,1.36525,1.53568,1.62289,1.73701,1.88279,2.04741,2.2004,2.27915,2.2512,2.11531,1.84495,1.76728,2.19598,2.24855,1.75522
2.20106,2.48267,2.83644,2.15088,1.69626,1.52778,1.40344,0.708998,0.147285,-0.499172,-1.04187,-0.950117,-1.02416,-1.56842,-1.22801,-1.32148,-0.816708,0.423079,0.839358,-0.127703,-0.466578,1.25472,2.28699,1.23644,1.6248,1.31296,2.29503,2.35334,1.182,-0.190917,-1.13211,0.561984,1.67393,1.59172,1.56629,1.4322,0.29898,-0.0646564,1.26425,0.897731,-0.057927,1.28249,3.08832,2.42927,0.475566,-0.0402034,-0.518936,-0.499058,-0.127189,0.139357,0.382601,0.596144,0.818138,1.03252,1.23261,1.42521,1.61494,1.72727,1.69264,1.53932,1.40061,1.37362,1.43582,1.39947,1.19046
2.14752,2.40998,2.95981,2.98695,1.74015,1.08841,0.930657,0.532438,0.220987,-0.786141,-1.50037,-1.86794,-1.76511,-1.40712,-0.978598,-2.20122,-2.14055,0.280679,1.79686,0.577391,-0.195285,1.80933,3.75917,3.2133,0.335001,-0.632707,-0.00865581,1.26817,0.515754,-1.0934,-1.71905,-0.140176,1.05256,0.657749,0.6744,0.869254,-0.151277,-0.629562,1.14796,1.61165,0.000112475,0.49177,2.67251,2.12105,-0.0257696,-0.761939,-0.52076,-0.652385,-0.762693,-0.779712,-0.652867,-0.628974,-0.541862,-0.366426,-0.106911,0.185545,0.498626,0.782361,0.9747,0.984346,0.971505,0.970009,0.856457,0.899193,0.868235
2.91496,2.6202,2.48045,1.79072,1.05405,0.812838,0.889911,0.485144,-0.595256,-1.34475,-1.65315,-1.54815,-1.7154,-2.0003,-2.5739,-2.89257,-1.89013,0.214873,1.50108,0.979175,0.862476,1.87698,3.00918,2.22757,0.179229,-0.687944,-0.0589294,0.7072,-0.211081,-2.00255,-1.89332,-0.506265,0.704095,0.717595,0.645859,0.625434,0.743207,0.89273,0.913097,1.05112,1.04592,0.96649,2.51432,1.61114,-0.641035,-0.60595,0.218789,-0.628077,-1.17218,-1.39385,-1.42586,-1.66601,-1.80206,-1.78285,-1.6633,-1.46581,-1.20491,-0.881936,-0.531552,-0.325856,-0.234226,-0.197182,-0.135069,0.132743,0.171295
2.55874,1.8747,1.53001,0.952907,0.63064,0.617131,0.0581525,-0.656481,-0.747948,-1.08887,-2.23866,-3.70533,-2.89876,-0.719581,-0.447957,-1.30731,-0.778809,-0.309223,0.25067,1.29696,1.73897,1.26111,1.3302,0.407545,-0.655161,0.377051,1.00746,-0.476523,-2.12238,-3.12569,-1.83426,-0.435227,0.35314,0.515815,0.262146,-0.160591,0.27503,1.32766,1.3793,0.719402,0.492937,0.949434,1.19787,0.280725,-0.805068,-0.175743,0.242368,-0.688434,-1.4813,-1.54885,-1.97235,-2.47005,-2.37724,-2.11991,-2.07546,-2.13931,-2.25094,-2.22303,-2.01156,-1.76596,-1.52662,-1.28671,-0.985523,-0.689625,-0.660177
1.28778,0.753137,0.273574,-0.0621736,-0.0402733,0.136424,0.09091,-0.249548,-0.724076,-1.75873,-3.68147,-3.47967,-1.61755,-0.280554,-0.788362,-1.08112,-0.861459,-0.412835,0.141316,0.917178,0.538397,0.3256,-0.106155,-0.852887,-0.142931,1.20072,0.482357,-1.63523,-3.58957,-3.40876,-2.28541,-0.390133,0.184528,0.21284,0.0896188,-1.37982,-1.16246,1.2031,2.03993,1.52825,-0.115039,-0.561147,0.150059,1.04253,0.861087,0.809295,0.445185,-0.867204,-1.10414,-1.34148,-2.3164,-3.12482,-2.74859,-2.00356,-1.8524,-2.23801,-2.52488,-2.49018,-2.35234,-2.20405,-1.95146,-1.66676,-1.45998,-1.36554,-1.27201
0.444411,-0.415042,-0.952615,-0.838974,-0.215687,0.000871948,-0.140203,-0.815653,-1.3584,-2.26947,-2.77571,-1.74561,-1.04933,-1.02967,-1.23595,-1.3856,-0.745922,0.824226,1.66532,1.2885,-0.398216,-0.674124,-0.355716,-0.0838058,0.832104,1.3075,-0.532585,-2.87022,-4.1417,-4.37982,-2.99578,-0.421829,-0.40801,0.215553,0.843268,-1.95867,-3.51737,-0.501946,1.80834,1.37461,-0.0470691,-1.07817,0.258675,2.13318,1.74913,0.825408,1.00261,0.662019,-0.128643,-0.929207,-1.43965,-2.40985,-2.74212,-2.15956,-1.8694,-2.66712,-3.18251,-3.1344,-3.09957,-2.82659,-2.38358,-2.01942,-1.78251,-1.60396,-1.38163
-0.158079,-0.313422,-0.5534,-0.956576,-0.945212,-0.0789929,-0.00311588,-0.856908,-1.58011,-1.95961,-2.22547,-1.77068,-1.91024,-1.19153,-0.595105,-0.62512,-0.989011,-0.189526,1.6942,0.812536,-1.12672,-2.01074,-1.34282,-0.609548,0.045271,0.249177,-1.13628,-1.79951,-3.15997,-5.05335,-2.85159,-0.186256,0.376577,0.549294,1.84924,-1.71223,-3.57594,-1.44279,-0.585592,-0.128903,-0.131846,-0.697441,1.19916,3.69535,2.38878,0.780918,1.56904,1.75386,1.02267,-0.0038612,-0.65968,-1.01045,-1.77826,-1.41313,-1.58749,-2.80406,-3.97779,-4.49927,-4.94701,-4.25836,-3.49806,-3.11073,-2.57335,-2.12908,-1.69798
0.427019,-0.0665373,0.600304,0.135292,-1.19095,-1.12372,-0.896368,-2.53649,-2.27255,-2.03876,-1.5982,-1.9939,-2.15547,-1.30121,-0.201587,0.225212,-0.279269,0.313459,2.26083,1.79722,-1.23921,-2.39311,-2.08387,-1.00219,-0.750341,-1.22228,-2.03391,-0.767582,-1.99497,-4.67948,-3.76315,0.10865,1.39991,0.352109,0.0177707,-1.76697,-2.92123,-2.29744,-2.35956,-1.98248,-0.387973,0.768979,2.23334,3.47633,0.96614,0.816594,2.51919,3.18139,1.4248,0.195221,0.374686,-0.807708,-0.938525,0.408111,0.171253,-0.898887,-2.36876,-3.20728,-3.59491,-3.87347,-4.33472,-4.3768,-3.43839,-2.84255,-2.87794
1.26381,1.1323,1.23539,1.58731,0.997504,0.361281,-1.80579,-3.33673,-2.35889,-1.66766,-1.78734,-2.59166,-3.43966,-2.23558,-0.2545,0.541467,1.05503,1.46555,2.2467,2.30831,0.13066,-1.34581,-2.07134,-1.25682,-0.851008,-1.79089,-2.46794,-1.63133,-1.81125,-4.07661,-3.85282,-0.303788,2.31263,1.5205,-0.636772,-2.11958,-2.10693,-1.09594,-0.713258,-1.32041,-0.808434,1.91689,2.62242,0.953488,0.908493,2.22245,2.93966,3.81303,1.42825,-0.414267,1.07093,-1.13722,-1.54051,1.8751,2.34515,1.64759,0.0748361,-2.02245,-3.14442,-1.85157,-2.14439,-2.60398,-2.47339,-2.32715,-3.05051
2.46866,2.07077,2.50946,2.92152,2.4019,1.37055,-0.750287,-1.48801,-0.824183,-0.881627,-1.63908,-2.40579,-2.51751,-1.43546,0.0187023,0.561977,0.778159,0.873511,1.67508,1.89533,0.711149,-0.68375,-2.45805,-1.9058,-1.46453,-2.25396,-2.73522,-1.97657,-2.82436,-3.81078,-2.87881,0.010401,2.88199,2.983,0.248327,-3.28453,-2.98081,0.479628,2.24688,1.97968,1.85092,2.20238,1.27085,0.770479,1.99515,2.17368,2.53269,3.25806,0.245715,-1.24326,0.279922,-0.716114,-1.06576,1.33919,3.82103,3.29144,0.82415,-1.90148,-1.73883,0.70404,1.36288,-0.879434,-1.44453,-1.34226,-1.52686
3.18199,2.60821,2.10202,1.95822,1.51779,1.26862,-0.592351,-1.90702,-1.37519,-1.12198,-1.24413,-0.928815,-1.0191,-1.33427,-1.23714,-0.562494,-0.640751,-0.465985,0.846191,1.78236,1.85009,0.331864,-1.87892,-2.08448,-1.59453,-2.42138,-2.16047,-2.40797,-4.16296,-4.40979,-2.57726,1.27765,2.855,1.11389,0.310857,-2.85955,-3.57963,0.641747,3.43076,3.21906,3.58394,3.35592,2.66618,1.96134,1.77645,1.63603,1.67341,2.36193,0.274312,-2.21375,-1.07463,0.325022,1.69467,3.02291,3.3392,2.52217,1.2159,-1.81759,-2.92551,0.987126,2.58114,0.434213,-0.227152,0.35492,-0.537657
2.77694,2.33185,1.20475,1.66607,2.69878,1.0723,-1.20915,-2.57275,-0.814323,0.358482,-0.255281,-0.667042,-0.649815,-1.40421,-1.31992,0.29379,0.169082,-0.315456,1.90823,2.98789,2.14438,1.73135,0.119198,-1.13808,-1.34711,-1.2776,-1.42044,-2.54712,-4.08402,-4.36084,-1.39608,2.09645,1.02689,-2.63845,-0.670436,-1.29271,-2.88015,1.24545,2.43328,2.35134,3.03488,3.07074,3.89663,2.87153,0.803512,1.36501,1.69938,2.14258,-0.0202779,-3.62497,-3.21946,-0.571849,1.55241,2.5696,1.50706,-0.0645919,1.82097,0.654053,-3.55543,-0.692354,3.46171,1.5108,1.04178,1.89884,0.807507
2.50905,1.58384,0.592179,1.1922,0.940732,1.1518,-0.88594,-3.1915,-1.8806,-0.0682426,-0.402216,-1.04018,-1.56874,-1.92848,-0.906078,2.06043,2.32223,0.382363,1.93802,2.9281,2.02843,1.61326,0.274327,-1.30781,-2.55059,-1.44054,-0.373587,-0.30209,-2.94968,-4.17685,-1.75124,1.11865,-0.0464582,-2.86492,-2.34776,-2.62515,-0.605253,3.66244,3.39883,2.40009,1.95559,1.68528,2.059,1.51867,-0.38525,-0.657981,1.81211,0.575848,-2.17949,-1.46084,-2.12231,-3.59266,-1.31387,2.80633,2.62535,-0.357234,0.711454,1.47547,-0.972369,0.428981,3.44397,2.02186,1.98517,1.98657,0.121869
2.77425,1.27802,0.515104,1.22608,0.688657,-0.0545402,0.135357,-1.1149,-2.41465,-2.42953,-2.6348,-2.46188,-2.58061,-2.62465,0.249814,3.96301,3.74039,1.61729,1.27001,1.42547,1.40044,2.07047,0.680727,-2.24863,-3.83546,-2.41672,-0.567344,0.990809,-1.53387,-4.35516,-3.10753,-0.075648,-1.058,-3.40917,-2.14235,-1.3103,1.36116,3.2199,1.87401,1.89127,1.07127,-1.37642,-1.40984,0.39323,-0.411577,-0.367156,2.51033,-0.619803,-3.36861,2.11515,1.49477,-4.81906,-2.84362,4.08019,5.13416,0.246432,-3.14357,0.288923,2.85823,2.68085,0.752988,1.0922,3.12285,1.54149,-0.857199
