uploads/wind/20200722/wind_field_24.json
{"header": {"parameterUnit": "m.s-1", "parameterNumber": 2, "dx": 0.051, "dy": 0.036, "parameterNumberName": "eastward_wind", "la1": 45.3082, "parameterCategory": 2,"nx": 177, "ny": 123, "refTime": "2018-09-30 00:00:00", "lo1":1.38177}, "data":
[rows 56 to 83 of 123, columns 0 to 64 of 177]
1.45676,0.639095,1.54134,0.951491,0.577217,1.26356,1.49526,1.46682,1.20077,1.21031,1.89595,3.48277,2.98745,0.65267,-1.19155,-2.35653,-0.853683,1.60895,2.49986,2.05518,2.93117,3.00219,2.78631,4.01411,3.0273,0.870923,2.05922,4.63301,5.7269,3.66988,1.54602,2.67996,2.99002,2.65624,2.67341,2.61106,2.28798,2.14207,1.75972,1.08579,0.97042,1.7675,2.92833,3.45897,2.97055,2.3104,2.25158,2.69023,3.05229,3.11763,3.21785,3.02325,0.79356,-1.22036,-1.78697,-1.86047,-1.99301,-2.03722,-2.01605,-1.89945,-1.68372,-1.38783,-1.05159,-0.71348,-0.409919
2.07426,1.54681,2.2322,1.49902,0.975877,1.45938,1.7377,2.02727,1.01239,-0.283798,1.20797,3.38962,2.3876,0.314908,-2.71956,-2.58997,-0.623685,2.08798,3.07098,2.47749,2.38435,2.29022,2.82736,3.53878,3.20682,1.7437,1.85372,3.5357,4.63512,3.56294,2.1267,3.04017,3.9683,3.69091,3.15369,2.95293,2.72601,2.00119,0.743432,-0.263748,0.0901175,1.17371,2.20787,2.9329,2.74128,2.30703,2.33686,2.79392,3.13044,3.19673,2.93165,0.981467,-1.01165,-1.64762,-1.80838,-1.8995,-1.94925,-1.93714,-1.9032,-1.85903,-1.71408,-1.40116,-1.00486,-0.669929,-0.478238
2.55101,2.59725,2.5631,2.18035,1.71717,1.64256,2.20333,2.13321,0.254707,-0.702128,1.29181,2.80668,1.90991,0.23457,-1.72559,-1.79871,-0.526552,0.635584,2.16478,3.01381,2.19752,1.47386,1.55226,1.65831,2.57819,3.074,3.30645,3.25362,2.75383,1.96912,2.13832,2.38958,3.92809,4.13012,3.64027,2.91766,2.10196,0.789242,-0.401385,-0.50542,-0.0434071,0.696821,1.63163,2.41185,2.52143,2.26712,2.39286,2.82943,3.01297,2.44325,0.954058,-0.501223,-1.19391,-1.6256,-1.82702,-1.84415,-1.8838,-1.8876,-1.88077,-1.85523,-1.66642,-1.30159,-0.938577,-0.741373,-0.796231
2.73753,1.98982,2.90959,1.99417,2.2511,1.72525,1.8472,1.73645,0.222924,0.701727,2.4671,2.93506,1.8217,0.470087,-0.592357,-0.935472,-1.01671,-0.167358,1.61533,2.91138,2.51121,1.67718,0.616882,-0.268982,1.22755,2.92395,3.29915,3.61486,2.80733,1.23431,2.23201,3.05333,3.50708,3.79479,3.67515,2.7383,1.22762,0.130988,-0.211222,-0.382054,-0.390639,0.144391,1.10144,2.03799,2.42993,2.13706,2.194,2.5064,2.1003,1.1004,0.206711,-0.570456,-1.29254,-1.78144,-1.73925,-1.74466,-1.80519,-1.84816,-1.86301,-1.78162,-1.53265,-1.21999,-1.03706,-1.11177,-1.41135
3.46719,3.28012,2.49479,2.16023,2.03002,1.91285,1.98784,1.48889,1.53031,2.43037,3.30164,3.38554,1.99559,0.695836,1.17005,0.0546858,-1.72134,-0.766326,1.82094,2.76338,2.57967,1.75541,1.95184,-0.0287563,0.249827,1.62142,1.93754,3.47875,3.65681,1.48053,0.948688,1.59383,1.17834,2.05033,3.24791,2.69652,1.1158,-0.0603482,-0.665946,-0.788707,-0.605358,-0.116284,0.84542,1.97142,2.35602,1.86152,1.73074,1.69602,1.27522,0.758777,0.0578125,-0.869516,-1.44401,-1.6212,-1.60756,-1.65901,-1.75156,-1.84519,-1.84146,-1.68455,-1.44881,-1.3063,-1.3621,-1.64463,-1.93817
3.64354,3.25953,2.06818,1.89547,1.80492,1.64358,2.27048,2.5078,2.63183,3.60173,3.9738,3.38964,2.39395,2.26397,3.63277,2.25118,-0.860966,-0.789256,1.52659,2.6238,2.36669,2.43789,2.70623,0.943783,-0.0761311,1.00114,1.04862,2.52256,3.85229,1.43216,-0.209103,1.26507,1.02524,0.259525,1.10262,1.19743,0.266482,-0.590922,-0.921909,-0.849812,-0.616657,-0.0885607,0.92827,2.00579,2.18452,1.64306,1.27057,1.04459,0.898201,0.57181,-0.230674,-0.97098,-1.33815,-1.45051,-1.53323,-1.62466,-1.75392,-1.86351,-1.83339,-1.67502,-1.55464,-1.60386,-1.83562,-2.13818,-2.24508
3.76372,3.29033,2.39899,1.90282,1.61767,1.44556,2.01908,3.00258,3.40587,4.26018,4.51251,3.35898,2.64058,3.68313,4.44713,3.42849,1.487,0.321122,0.62805,1.16187,1.31086,1.1889,1.1962,0.53088,0.012492,0.168028,0.524289,1.50891,1.69823,-0.315529,-1.46076,0.366179,1.90984,0.616484,0.0996686,-0.00370566,-0.310508,-0.604923,-0.97408,-0.948071,-0.50614,0.268597,1.26133,1.97984,1.94401,1.43293,0.839362,0.575876,0.627978,0.330665,-0.401866,-0.967451,-1.28478,-1.36299,-1.45069,-1.56569,-1.76077,-1.91303,-1.90277,-1.82678,-1.86373,-2.0658,-2.31106,-2.43208,-2.29605
4.34737,3.52269,2.57395,2.15708,2.03833,1.95326,2.49007,3.17919,3.79714,4.70839,4.80293,3.72667,3.15666,3.88111,3.84291,3.45872,2.98455,2.34544,1.39984,1.22822,1.23832,0.428982,-0.748265,-0.645058,-0.0974258,-0.202942,0.279478,0.948008,0.615952,-0.41862,-1.30686,-0.433299,1.16698,1.3105,0.165049,-0.173217,-0.496568,-0.533216,-0.819203,-0.775989,-0.151485,0.733966,1.55114,1.82928,1.7318,1.29251,0.515754,0.269329,0.375153,0.0387039,-0.588373,-1.13257,-1.2484,-1.24376,-1.29513,-1.50691,-1.82695,-2.03605,-2.08156,-2.16274,-2.34807,-2.50449,-2.54949,-2.435,-2.11991
4.76231,3.74384,2.7701,2.48126,3.03472,3.16679,3.08163,3.5365,4.58979,5.41981,4.86061,3.80689,3.30556,2.75259,2.40394,3.17966,3.70253,2.91279,2.41538,2.11126,1.3257,0.643226,0.0106897,-0.901427,-1.13529,-0.360851,0.840396,0.985498,0.293345,-0.29094,-1.24391,-0.794136,0.312589,0.887868,0.71742,0.00691509,-0.0706561,0.0479175,-0.257074,-0.390237,0.263359,1.07039,1.64548,1.69959,1.67629,1.18354,0.283331,0.0796808,0.131493,-0.278543,-0.919308,-1.2255,-1.22405,-1.13217,-1.16778,-1.5316,-2.01781,-2.30185,-2.44572,-2.58674,-2.67819,-2.69649,-2.60463,-2.31469,-1.89865
4.97042,4.11437,3.2202,3.45981,3.85883,3.9461,3.87404,4.28543,5.25516,5.43707,3.85268,2.0038,2.57556,3.56772,4.06145,4.36059,4.15067,4.27797,3.62867,3.3527,1.22941,0.203029,0.0811151,-0.392697,-0.920121,0.302881,1.8985,1.22506,-0.0820462,-1.04911,-1.62821,-1.0697,0.338926,0.718237,-0.0136185,-0.229861,0.29845,0.882684,1.66509,0.698809,0.667874,1.13442,1.53764,1.71075,1.73323,1.07325,0.166563,-0.0184375,-0.12932,-0.645384,-1.11723,-1.225,-1.17855,-1.11112,-1.23167,-1.78173,-2.34751,-2.59122,-2.67609,-2.75307,-2.8086,-2.74289,-2.50628,-2.11721,-1.73028
5.09209,4.72603,4.35247,4.20819,4.33248,4.51132,4.51631,4.8274,5.42602,4.14162,0.977193,0.544144,2.22598,3.61629,4.0182,3.85929,3.32779,3.60691,3.28586,2.58761,1.3826,1.79163,1.70027,1.23017,0.556193,1.30814,1.88958,0.55893,-0.678143,-1.34054,-1.18337,-0.341921,0.343439,-0.318923,-1.41528,-0.939804,0.113593,1.00954,1.62346,1.61101,1.59452,1.46654,1.21462,1.71029,1.64534,0.903742,0.246298,0.0545567,-0.318598,-0.912161,-1.18373,-1.20022,-1.19219,-1.26623,-1.62741,-2.27604,-2.63767,-2.66536,-2.71048,-2.83398,-2.89364,-2.72021,-2.33734,-1.98975,-1.8019
5.13038,4.91685,4.80928,4.76299,4.8467,4.94084,4.9392,5.10379,4.45317,2.50808,1.03246,1.75087,2.9091,3.27752,3.48629,3.50398,3.03013,3.0304,3.06641,3.08933,1.94056,2.19302,2.18858,3.56686,3.78008,3.90996,3.01515,0.885717,0.153607,0.468802,0.945474,0.364918,-0.45382,-1.23456,-1.70409,-1.41741,0.0975607,1.03159,1.37618,1.23855,1.49523,1.18167,1.60627,1.72483,1.30846,0.721049,0.403921,0.186339,-0.400888,-1.02094,-1.23956,-1.24828,-1.29303,-1.53708,-2.14014,-2.66496,-2.7228,-2.6785,-2.70446,-2.68722,-2.37843,-2.35886,-2.24284,-2.08593,-1.21067
5.21489,5.1863,4.89946,5.0982,5.0665,4.91078,4.83009,4.44561,2.84197,0.630145,0.518485,1.92011,2.66426,2.77929,2.48483,1.92036,1.72632,2.81085,3.93529,4.44361,3.58008,2.35997,2.14168,3.9518,5.88032,5.72866,6.74753,5.62687,4.4291,1.26834,0.919664,0.172751,-0.909293,-1.10036,-0.760897,-1.1876,0.272498,1.16724,1.21997,1.13566,1.17967,1.48794,1.16676,1.56392,0.255501,0.226742,0.35577,0.208719,-0.392453,-1.08728,-1.31851,-1.32431,-1.32914,-1.72505,-2.51723,-3.03462,-3.13202,-2.92533,-2.68412,-2.64604,-2.54414,-2.40693,-1.77673,-0.871178,-0.271552
4.3082,4.26249,5.04276,5.31407,5.2056,4.79612,4.72385,4.05158,1.34203,-0.0593286,0.593992,2.44869,2.39427,1.79267,0.0982881,0.0846511,2.19386,3.55036,5.34072,6.29229,3.99003,2.09633,2.48413,3.25636,4.49711,5.46916,6.14764,6.85539,7.4543,4.21068,-0.0847724,-0.583143,-0.483713,0.125583,0.969043,0.365803,0.434159,0.908956,0.423556,0.517353,1.3904,1.64156,1.72663,1.31241,0.0646426,-0.561653,0.00995417,0.0891725,-0.355056,-0.974897,-1.33293,-1.33495,-1.34464,-1.91509,-2.77359,-2.79425,-2.48957,-2.63697,-2.49683,-2.54516,-2.28559,-1.6886,-1.08301,-0.620717,-1.01323
4.15564,4.33124,4.976,5.16766,5.15267,4.6215,4.45125,4.11529,2.64847,0.988411,1.32238,1.26831,1.06553,0.0478324,-2.33588,-0.865445,3.38641,5.1263,6.43525,6.54162,3.0061,0.14223,1.64936,3.38618,3.59114,4.39235,5.78601,7.28458,7.4421,4.92381,2.04444,1.06079,0.265992,-0.131992,1.00155,1.56152,1.01785,1.00876,0.290413,-0.126591,0.568993,1.33854,2.01271,0.232832,-1.25054,-0.567474,0.04206,0.130805,-0.136592,-0.644394,-1.06936,-1.28332,-1.29012,-1.97251,-2.74811,-1.94821,-1.80916,-1.44895,-2.12919,-1.91246,-1.91215,-1.25729,-0.754389,-0.790333,-1.05413
3.69596,3.93248,4.33117,4.62824,4.49337,3.58119,3.17086,3.51158,2.75963,1.59432,1.87783,1.2904,0.712875,0.40819,-2.75411,-2.52824,3.17449,5.19975,2.87036,2.18311,1.15344,0.0102502,0.984727,2.33411,3.45247,3.91853,4.59458,6.61573,6.98983,3.98274,1.78235,2.49012,2.09853,0.652583,0.929836,1.89386,1.90493,1.93275,1.23108,-0.298575,-0.683139,0.868131,3.62258,1.5803,-1.71378,-0.547954,-0.45386,-0.161388,-0.0347109,-0.389569,-0.952674,-1.03019,-1.53586,-1.63137,-1.89368,-1.49427,-1.37392,-1.58397,-1.15382,-1.11797,-1.21113,-1.31144,-1.13936,-1.32279,-1.17246
3.01489,3.23865,3.36129,3.36481,3.09457,2.83738,2.76693,2.97474,3.16177,2.78388,2.48088,1.36017,0.948905,0.957095,-1.74173,-2.10656,1.28292,2.18044,0.1085,0.848816,2.17798,1.44345,0.798607,1.6327,3.51064,5.12552,5.94521,6.24202,5.69421,2.21399,-0.166307,1.37877,3.2793,1.54959,1.47461,2.36569,2.59545,2.7572,2.55284,0.370401,-1.23146,-0.159312,4.16314,3.75047,-0.526832,-1.11775,-1.21408,-0.585902,-0.380846,-1.15098,-0.835555,-1.03956,-1.23558,-1.1471,-0.935508,-1.51845,-1.60916,-1.41504,-0.936107,-0.556493,-0.506656,-0.717027,-1.08924,-1.64091,-1.7932
2.96343,2.92285,2.56196,2.80442,3.05522,2.8705,2.28498,2.59283,2.82456,2.98728,3.148,2.3446,2.83659,2.91281,0.440837,-1.43805,-1.90281,-2.37275,-1.44167,0.717157,1.37175,-0.263276,-2.1346,-1.39835,0.694186,3.26507,5.65402,7.41204,8.02305,6.11511,1.48626,0.382265,0.51181,0.566526,2.1561,3.59073,3.62879,3.45152,3.06833,0.862606,-1.23466,-0.314278,2.52733,3.76098,0.516735,-0.770431,-0.934197,-0.659166,-0.682294,-1.26475,-0.612549,-0.266847,-0.87283,-1.10774,-1.71863,-1.60169,-1.34998,-1.10745,-0.528642,-0.216263,-0.28938,-0.949513,-1.87991,-2.29296,-2.22482
3.09988,2.6725,2.5352,2.66932,2.52346,2.27264,1.89407,2.1281,2.97728,3.27938,3.60461,3.10033,2.89865,2.56225,-0.858745,-3.95645,-4.01716,-2.61,-0.793815,0.422311,-0.628463,-2.14015,-1.54578,-0.903159,-2.07134,-0.860617,4.17016,8.26699,9.67657,10.2759,4.89327,-0.293867,-1.04252,-0.235834,2.68526,4.3643,4.00019,3.85146,2.59645,0.572985,-1.24448,-1.25467,1.35357,3.90643,2.70418,0.169505,-0.453546,0.0375712,-0.200719,-0.631328,-0.333773,-0.304717,-1.07362,-2.28089,-2.26746,-2.03426,-0.718007,0.228198,0.257917,-0.176619,-0.76936,-1.63918,-2.39405,-2.5638,-2.24211
2.10873,1.29949,1.78341,1.77571,1.85057,2.00753,1.90516,2.70905,3.03935,3.01318,2.91566,2.07683,1.47147,-0.0812357,-2.17352,-3.16065,-3.46417,-1.51404,0.0878654,-0.957681,-2.60837,-2.86395,-0.576994,0.499333,-0.657481,0.183471,3.9758,8.1739,10.2711,10.164,6.08156,1.38686,-0.342918,-0.288229,2.89917,5.48194,4.57327,2.89542,1.31895,0.0241312,-0.46462,-1.17442,-0.651506,2.10377,2.17459,0.400143,-0.120256,0.814881,0.696583,0.501462,0.140331,-0.119221,-1.27709,-2.14291,-2.30412,-2.42641,-1.25549,0.482014,1.38934,0.271729,-1.43775,-2.04671,-1.64856,-2.04424,-2.39704
2.14625,1.27169,1.58638,1.57077,1.65247,1.80281,2.31388,2.66295,2.75641,2.50127,1.04512,0.239695,0.209663,-0.999565,-2.94937,-3.43062,-2.98663,-1.54149,-1.05657,-1.60422,-1.84674,-1.48858,-0.48005,0.531577,1.27796,1.70693,3.38298,7.07037,9.04395,7.51042,5.59295,4.49841,3.21293,0.989821,3.02145,4.6638,3.50428,0.205332,-1.10515,-0.320291,1.18839,0.357677,-1.21655,0.909434,2.37359,1.69175,0.862668,1.0431,1.71068,1.70737,0.87175,-0.273848,-1.18972,-1.16888,-1.38254,-2.06346,-1.85444,-0.0190576,1.5873,0.756882,-0.859459,-1.40671,-2.15747,-2.71934,-2.95224
2.01072,1.20076,1.55937,1.5418,1.60115,1.95298,2.12607,2.11108,1.53916,0.475802,-0.509674,-0.165106,0.468572,-0.246205,-3.23958,-4.47327,-3.51364,-2.69939,-2.04246,-1.90877,-1.16851,-0.756733,-0.600483,0.316533,1.42791,2.41118,3.32707,5.77728,5.32582,4.38224,5.12925,5.08707,2.99575,1.89469,2.93797,3.50379,1.39557,-1.18201,-1.89086,-0.182197,2.12206,1.82142,-0.567132,1.26193,2.98978,2.94921,2.34607,1.45431,1.65652,3.28276,1.57945,0.427926,-0.994087,-1.13973,-0.278488,-0.336017,-1.05526,-0.736383,0.128531,0.0411358,-0.563063,-1.26759,-1.53549,-2.13377,-2.48612
2.28081,2.40419,1.96594,1.82593,1.64973,1.36846,1.45245,1.02349,-0.0963029,-0.852121,-0.372608,0.196617,-0.0610575,-0.40839,-2.78316,-3.68758,-3.54535,-3.61748,-3.13673,-2.20347,-1.97689,-1.1669,-0.541332,0.844245,1.31361,1.1723,2.73542,4.94118,4.87806,2.8358,3.08964,2.82488,1.12971,1.06509,2.21966,2.5378,0.533597,-1.35614,-1.48365,0.304186,2.85936,3.54631,1.70319,0.598243,2.45467,2.49222,3.03688,1.76964,0.53664,2.6112,1.84994,0.533644,-0.870825,-0.873531,-0.649165,-0.0438276,-0.120307,-0.500908,-1.11098,-1.31362,-1.49397,-0.857904,-0.88785,-0.976046,-1.25211
2.28918,2.30621,2.07513,1.89069,1.25072,0.800472,0.806859,0.640733,0.0166837,-0.340166,-0.162822,-0.721762,-1.70193,-1.73008,-1.57756,-2.85072,-2.91939,-3.11764,-3.12467,-2.65538,-2.37317,0.120526,2.3749,2.12962,0.98682,0.959607,2.86252,4.73962,2.4816,-0.576028,0.195043,0.969532,0.466994,0.459803,1.18652,1.84873,0.386847,-0.57381,0.808646,1.91599,2.96773,3.99886,3.52071,1.90956,1.19475,0.797885,2.2948,2.82279,0.640723,1.16056,2.20907,0.461173,0.325665,0.350951,-0.467025,-0.869525,-0.54748,-0.415435,-1.55538,-2.39796,-1.55146,-0.887986,-0.842126,-0.856232,-0.92785
1.85574,1.87721,1.81997,1.86167,1.07806,0.436299,0.31468,0.431597,0.762867,0.669297,-0.0598946,-0.940242,-1.87301,-2.96404,-2.96012,-3.40275,-3.36772,-3.0645,-2.61991,-2.69114,-1.33029,1.76383,3.4553,2.23968,0.857058,0.956488,1.94816,0.179822,-1.2112,-1.56606,-0.455236,0.452405,1.25838,0.442971,0.665325,1.7592,0.856058,1.03875,2.37587,3.15172,2.59353,3.17384,4.05385,3.42138,1.12176,-0.0541308,1.52956,3.48694,2.21911,1.68454,1.40285,0.316487,1.10326,0.972581,-0.811943,-1.03536,-0.604732,-0.908425,-1.74963,-2.02087,-1.2191,-0.000531293,-0.869596,-2.38021,-1.55719
1.81803,1.84859,1.46748,1.60083,1.13811,0.362631,0.0152119,0.342224,0.746018,0.516698,-0.223679,-0.612225,-0.824883,-1.72731,-2.83845,-3.52395,-3.58521,-3.4393,-2.7919,-1.84068,0.0859758,2.70058,3.07958,0.840326,1.4698,2.32327,-0.463322,-2.24042,-1.41755,-0.0592126,-1.27268,-1.06868,0.686141,1.12426,0.747298,0.899422,1.47143,2.32518,3.14912,2.95231,2.63115,2.57174,3.41223,3.57987,0.799653,-0.527753,1.04769,2.95276,2.77159,2.81091,1.17086,0.694512,1.13929,0.0153276,-1.10591,-0.385332,-0.948839,-0.988986,-1.06388,-1.57177,-0.694332,-0.847447,-2.20716,-2.03338,-0.863465
0.912749,0.867188,0.790899,0.82643,0.895169,0.446094,-0.168548,-0.185136,-0.134277,-0.335593,-0.928826,-1.02998,-0.647173,-0.857481,-1.1372,-2.28847,-2.72695,-1.98946,-0.40676,0.849646,1.89461,1.70936,0.22485,0.561347,2.51969,1.22202,-1.45643,-2.5122,-0.534566,-0.0271818,-0.296241,0.209052,1.62193,2.26104,1.66315,0.0821375,0.880151,2.11061,2.79587,2.3191,3.24061,2.89243,3.24485,3.30125,1.20964,-0.367473,1.66233,2.84316,2.20618,1.91142,0.659263,0.648601,1.07192,0.317891,-0.468093,-0.692754,-0.909043,-1.98238,-2.26058,-2.13397,-1.54498,-1.96109,-2.15437,-1.16437,-0.220455
0.611281,0.496345,0.0217768,-0.252541,-0.209742,-0.243638,-0.294251,0.513231,0.450553,-0.522043,-1.06017,-1.3332,-1.36651,-1.63164,-2.45354,-2.19013,-1.98808,-1.31865,-0.220846,0.0741901,-1.14487,-2.62297,-1.49023,0.913696,1.16231,-1.03309,-2.2181,-2.31263,-0.620597,-0.613662,-0.399249,1.0698,2.8477,2.90417,1.17686,0.0376416,0.50787,2.06865,2.44668,2.33524,2.10003,2.24443,2.67993,1.60208,-0.416779,-0.662867,1.81442,2.48673,1.99911,0.987788,0.154119,-0.121132,0.0881945,-0.238814,-0.840646,-2.17539,-2.31461,-2.42387,-2.81391,-2.63032,-2.44656,-2.54633,-1.91523,-0.00825747,0.433002
