uploads/wind/20200722/wind_field_08.json
{"header": {"parameterUnit": "m.s-1", "parameterNumber": 2, "dx": 0.051, "dy": 0.036, "parameterNumberName": "eastward_wind", "la1": 45.3082, "parameterCategory": 2,"nx": 177, "ny": 123, "refTime": "2018-09-30 00:00:00", "lo1":1.38177}, "data":
[rows 84 to 111 of 123, columns 64 to 127 of 177]
-1.45114,-1.08303,-0.472784,0.979462,1.29763,1.92203,1.73527,1.83504,1.85249,1.58941,2.00154,2.50588,2.37628,2.15816,0.777515,0.0946984,-0.348333,-0.995987,-0.833265,-0.651456,-0.803194,-0.797475,0.0625979,0.104523,-0.640122,-0.281163,1.76341,2.45924,2.5688,2.43942,2.1071,1.74495,0.533563,0.775437,0.601279,-0.0829277,-0.219653,-1.09125,-0.276986,0.319997,-0.678367,0.0285054,2.09229,2.49891,0.396219,0.56805,0.705438,-0.952795,0.57128,0.520515,-0.86611,-0.628522,0.741558,1.97356,-0.422381,-1.43445,0.958469,1.97086,-0.305113,-2.25199,-1.05908,-0.499658,-1.71046,-1.97757
-0.871337,-0.831183,-0.0761265,0.863797,1.04868,1.68648,1.57207,1.9263,2.35195,2.44389,2.62269,3.19519,2.787,1.8987,1.72152,1.79913,1.21374,-0.201526,-1.16891,-0.378965,-0.24404,-0.444192,-0.360457,-0.283014,-1.21946,-0.515941,2.29009,2.77449,2.10037,2.03029,1.69953,1.78449,1.2484,0.547834,0.0282752,-0.0607574,0.415061,0.133403,1.15843,0.872374,-1.44388,-0.904303,1.71978,2.21734,-1.58376,0.0514679,0.862645,-2.1368,1.14674,1.01129,-0.235415,0.0890382,-0.11109,0.695848,-0.597012,-2.5318,-2.00333,0.651984,0.813879,-1.07822,-0.471002,-0.434997,-1.95828,-1.83516
-0.613201,-0.0619639,0.776509,0.644118,0.862734,1.3625,1.39755,2.1351,2.55409,2.71801,2.89927,3.50697,1.78124,-0.0885898,0.619129,2.99229,2.35368,0.0394382,-1.17426,-0.173724,0.385897,0.37264,0.158683,0.0828487,-0.472554,0.221703,2.19439,2.11617,0.920111,0.574943,1.12128,1.47678,2.21172,2.141,0.0824129,-1.49964,0.111479,1.38581,1.06567,-1.39557,-2.83844,-0.88956,1.45653,1.70106,0.459919,-0.601768,-1.27596,-0.759311,0.503293,0.0520312,0.312981,1.69495,0.984989,-0.22391,-1.72999,-2.59592,-2.9551,-0.24458,-0.739301,-1.0671,1.33523,-0.737418,-1.98006,-0.682456
0.104932,0.362627,1.07815,0.992491,0.413459,1.96142,2.54964,2.3098,2.38604,2.89173,3.207,2.5031,-0.687434,-1.51953,1.51766,2.66638,0.428302,-0.680742,-0.629558,-0.83325,-0.627225,-0.757654,0.552494,1.43945,1.30547,1.26338,2.16235,2.22618,0.897251,-0.0294673,0.311473,1.2827,2.43246,3.00599,1.74441,-0.476441,-0.756881,1.85964,1.61712,-2.37136,-2.78713,0.80336,1.7099,1.57877,-0.233416,-2.20677,-2.49321,-0.283567,1.60424,-0.277928,-0.348365,-0.10107,-1.28892,-1.1708,-0.850548,-1.6755,-1.7155,0.694565,0.515956,-0.373101,-0.671383,-1.46655,-0.70507,0.304493
0.08506,0.393443,1.27523,0.968098,0.717696,2.49742,2.84373,1.72676,1.85909,2.78084,2.68136,0.546476,-1.30735,-0.0701123,1.28388,0.603105,-0.525962,-0.471368,-0.578327,-0.103302,-0.472184,-1.54672,-0.728811,0.150059,0.71406,1.40753,2.04837,2.29689,0.874172,-0.315121,-0.22764,1.22863,2.53282,2.25783,2.86744,1.53999,-0.674867,0.455862,1.81284,-1.1307,-0.898982,1.38827,-0.379673,-1.74912,-1.27296,-1.68315,-1.98058,0.690662,0.165819,-1.00428,-1.20776,-1.91329,-1.46121,0.221452,0.704503,-0.0130475,0.313207,1.69223,2.08653,0.860883,0.664187,0.32509,-0.673872,-0.958472
-0.180917,0.220796,0.967888,1.18371,1.22079,2.64256,2.15099,1.65772,1.81002,2.56075,1.97213,0.604086,0.309725,0.993565,0.955707,0.0092262,-0.870192,-0.977505,-0.816873,-0.0509991,0.561489,-0.564721,-1.57088,-0.995302,0.550882,1.81814,1.75541,1.63523,0.700678,-0.657342,-0.112452,0.687416,1.08836,1.34394,2.06559,1.98926,-1.23217,-1.4788,0.195303,-0.521783,0.143577,0.242552,-2.71297,-2.26552,1.27856,-1.55761,-2.09443,-0.243233,-0.323886,-0.808242,-1.7724,-2.05198,-1.54727,0.0757772,0.805536,0.399743,1.10044,1.88857,1.63279,2.17341,3.02364,2.34854,0.595906,-0.675584
0.0867553,0.510647,0.780281,0.820296,1.27611,1.50895,1.18721,1.102,1.59908,2.4557,2.32038,1.6499,1.76204,0.480797,0.0710326,0.559054,-0.291982,-1.23779,-1.58405,-1.11545,-0.115291,0.133498,-0.465583,-0.432481,0.805579,2.00597,1.53836,1.43131,1.30172,-0.833362,-0.99345,-0.345648,-1.11723,0.10293,1.84361,-0.0391962,-2.67809,-2.42018,0.601123,0.7538,1.02153,0.165258,-2.07949,-1.01015,1.32196,-1.70614,-3.1853,-1.4113,0.265562,0.779461,-1.46291,-2.38152,-1.20919,-0.113597,0.413531,-0.104778,1.34128,1.77233,1.08859,1.97127,1.89768,0.582373,0.991419,1.91031
0.872985,1.03862,0.81345,0.569032,0.81687,0.501133,0.354913,0.817211,2.26682,2.41208,1.89859,1.31653,1.1821,0.613166,0.797985,1.50564,0.478148,-0.520897,-1.00657,-1.12227,-0.422121,0.314046,1.0227,1.31257,0.845274,1.58438,2.18072,2.28663,1.93358,-0.2553,-1.40263,-0.80358,0.0940037,1.70985,2.48215,0.2094,-2.65003,-2.11853,0.0863402,0.780184,1.68944,0.752746,-1.12907,-0.0609906,0.535489,-1.90862,-3.17912,-2.24964,-0.530129,0.718875,-0.0544314,-0.918173,-0.750829,-0.716621,-0.342112,0.0332733,1.98555,1.17476,-0.559578,0.170719,0.365029,0.110735,0.181642,0.429494
0.76559,1.13866,0.950265,0.715308,0.462758,0.284046,0.255686,1.3158,2.3019,2.45595,1.07798,0.597207,1.00794,0.993469,0.958474,0.989046,0.501948,0.424241,0.0882928,-0.73007,-0.0256563,1.32518,2.03993,1.32805,1.0058,1.69962,2.50361,2.96071,1.49306,-0.408112,-0.991674,-1.17786,0.422026,2.33374,0.551464,-1.68901,-2.33816,-1.77147,-0.522125,1.24616,0.812599,-1.49705,-1.4781,-0.500731,-1.37107,-2.29933,-2.50317,-2.24374,-0.163882,1.25124,0.121172,0.665207,-0.270889,-1.65097,-0.890035,-0.0617639,0.192447,-0.716926,-1.11516,-0.800758,-0.602541,-0.509872,-0.471012,-0.73105
0.544569,1.05266,0.87067,0.750399,0.551751,0.262097,0.408574,1.18401,2.13705,2.24337,0.908076,0.961021,1.36085,0.844603,0.240879,0.463461,0.887535,1.05129,0.914536,-0.939336,-0.237411,1.76845,1.9672,1.037,1.07054,1.52088,1.16367,-0.379363,-2.09891,-1.95558,-1.4601,-1.05114,1.20105,0.662309,-1.75786,-2.40929,-1.49931,-1.2147,0.179963,1.79418,2.38717,0.74372,-1.10167,-2.00119,-0.562317,0.368544,-0.461229,0.169286,0.28625,1.28623,2.27133,1.60715,-0.434475,-1.47939,-0.68082,-0.334713,-0.445858,-0.979579,-0.812837,-1.00672,-1.17506,-0.625185,-0.734743,-0.876287
0.850171,1.19078,1.00675,0.830617,0.706316,0.450075,0.733669,1.03252,1.6216,1.66379,1.75538,1.5371,0.92294,0.318131,0.190905,0.792433,0.987951,1.51686,1.08623,-1.18466,-0.322373,1.53666,0.528295,-1.14904,-1.27313,-0.916915,-1.06062,-2.22691,-3.02819,-1.83203,-0.723234,-0.0915553,0.102742,-1.24118,-2.01821,-2.42398,-2.0948,-0.739976,0.320983,1.36426,1.70598,2.36634,2.01999,-0.0923782,0.000921121,0.331724,0.366098,-0.290576,-1.64417,-0.559353,0.647505,0.132199,-0.827806,-1.31489,-0.851348,-0.665555,-0.617203,-0.821873,-1.11908,-1.38367,-1.29457,-0.546578,-0.272332,-0.565079
0.616143,1.31433,1.11128,0.815739,0.457472,0.0926613,1.07083,1.69292,1.17788,0.467019,1.30794,1.56306,0.691924,0.665623,0.997729,0.591909,0.959556,1.68631,0.314963,-1.52332,-0.554492,1.78232,1.24746,-1.92276,-2.60423,-1.47733,-0.440525,-0.383517,-0.975972,-0.152686,0.594253,-0.228916,-0.953289,-0.599894,-0.272208,-1.26958,-2.13014,-1.37552,-1.44272,-0.361142,0.719693,2.2508,2.75957,0.705715,0.717893,1.46586,0.227374,-1.65873,-2.17593,-0.156631,-0.101102,-1.74946,-1.68888,-1.30059,-0.752096,-0.36257,-0.587034,-0.736761,-0.884141,-1.22742,-1.46701,-1.07116,-0.646813,0.357295
0.446673,1.04185,1.11354,0.779113,0.418397,0.0612949,1.22413,1.70326,0.332505,0.134146,0.867215,0.657529,0.120172,0.604045,1.5038,1.47399,1.79277,1.95232,0.323439,-1.65459,-0.663559,1.57785,2.34061,-0.689814,-2.7001,-2.05669,-0.464657,0.786357,0.917765,0.415476,-0.0317423,-1.07762,-1.26776,-0.382403,0.815094,1.01383,0.370591,-0.0435926,-1.28738,-1.318,1.10986,2.04927,2.52786,-0.482338,-1.61025,-0.841947,-0.765771,-1.45914,-0.772381,1.13578,-0.593787,-2.23751,-2.20787,-1.89131,-1.37265,-0.992689,-0.620361,-0.641212,-0.888721,-0.982265,-1.1504,-0.989237,-0.397085,0.292544
0.0131653,0.713861,1.07638,0.76364,0.337524,0.456884,1.69957,2.38152,1.52611,0.936449,0.803278,0.106681,-0.371068,0.356639,1.18241,1.85724,1.71417,1.44835,1.01862,-0.883337,-0.652447,0.91262,2.21907,1.56517,-2.0955,-2.8009,-0.62301,1.00549,1.3484,0.992673,-1.10604,-2.81104,-2.78551,-1.93989,0.612995,2.32131,2.62379,2.30333,-0.00709628,-1.67051,0.538261,2.36687,1.14051,-1.63417,-2.14475,-1.17276,-0.481057,0.829905,1.98284,2.38655,-0.179395,-2.19057,-2.40862,-2.33014,-1.82267,-1.69411,-1.4768,-1.21992,-1.0044,-0.839657,-0.656763,-0.579027,-0.369843,0.629533
-0.186234,0.490111,1.03143,1.31632,1.32576,1.02759,1.71869,2.3341,2.39351,2.05405,0.943545,0.184132,0.65364,0.665289,0.275653,0.0594055,0.637237,1.79208,1.47188,-0.185954,-0.483841,0.492669,1.8737,2.02498,-0.705888,-2.51542,-1.52975,-0.290539,1.01423,1.13985,0.895905,-1.63304,-2.48946,-0.97499,0.303082,1.6112,2.43974,2.35477,-0.150623,-1.33532,0.738395,1.67194,-1.48596,-3.10905,-2.91745,-2.81911,-0.864501,0.779548,2.30923,2.90989,0.82619,-1.56948,-2.24026,-2.22195,-1.69096,-1.60676,-1.51152,-1.37114,-0.976041,-0.458435,-0.246224,-0.35464,-0.206683,0.64967
0.108097,0.754943,1.54256,1.66634,2.17675,2.22928,1.77834,2.10761,2.24229,2.41744,0.67625,-0.0647138,1.94528,0.40719,-1.67217,-0.21438,1.25721,2.37511,0.990779,-0.599286,-0.219685,-0.103456,0.710224,0.60245,-0.762029,-0.841157,-0.191945,0.329618,0.714169,1.41889,1.56612,-0.401213,-2.17369,-0.843766,0.412883,0.61079,2.32921,2.77328,0.301821,-0.83668,0.222593,-0.154097,-1.66418,-2.60647,-4.08463,-3.17886,0.913699,2.33118,2.8132,1.52289,-1.62491,-1.755,-1.87578,-1.77865,-1.7128,-1.51671,-1.39461,-1.22719,-0.656056,-0.200796,0.167123,-0.338906,-0.393379,0.911218
-0.0472541,0.413214,1.33398,1.506,2.20696,2.48941,2.41269,1.9918,2.18806,2.62468,0.138579,-0.501926,1.31262,-0.645631,-1.32599,0.762978,1.77491,1.33526,-0.0567413,-0.573231,-0.271561,-0.50587,-0.0967897,0.81478,0.811306,0.787183,1.33757,1.30532,1.73127,2.25242,2.19949,0.722853,0.771695,1.20807,-0.873515,-1.70843,1.45355,2.28404,0.808984,1.1555,0.436271,-1.10412,0.0895562,1.87278,-1.20717,-2.52126,1.11199,3.32235,2.8686,0.309917,-2.08005,-2.13791,-1.78725,-1.40841,-1.52296,-1.31386,-1.0621,-0.982828,-0.704788,-0.368904,0.337257,-0.142067,-0.283503,0.869876
-0.531918,-0.122112,0.701793,1.08896,1.87598,2.37483,2.5048,2.15353,2.46258,1.80165,-0.121556,0.220869,0.31518,-1.51356,-0.277853,1.62737,1.86324,1.95363,0.965138,0.103467,1.1625,0.89319,0.750641,1.77026,1.24428,-0.212805,-1.03647,-0.456186,1.76913,2.29127,0.27362,-0.385922,1.97863,2.95021,0.186434,-2.11709,-1.28718,-0.722977,0.983399,1.58275,-0.736964,-0.777996,1.96708,3.96744,2.88204,1.58826,2.59303,1.39532,-0.915876,-1.84214,-2.34088,-2.1612,-1.80894,-1.29617,-1.35631,-1.02812,-0.552751,-0.475474,-0.594449,-0.143587,-0.217994,-0.254552,0.408564,0.769958
-0.910069,-0.44826,0.345785,0.672855,1.33957,2.00954,2.09499,1.87348,2.14133,1.74796,0.986054,1.02169,0.0109558,-0.995162,0.471187,1.78205,2.24024,2.92156,1.8641,0.944163,1.35816,2.3205,1.76586,1.06656,1.60768,-0.563546,-2.01099,1.08387,1.8881,-1.06075,-1.82143,0.97187,2.63556,1.03516,0.711675,0.268513,-2.63902,-0.950351,1.34156,0.296441,-1.67767,1.31987,4.34289,5.74594,4.04215,2.66787,1.29837,-2.22896,-2.4784,-1.37332,-2.28669,-1.99486,-2.06034,-1.47106,-1.12262,-0.819659,-0.669451,-0.170261,-0.102833,-0.326515,-0.418441,-0.23955,0.699964,1.27074
-1.56759,-0.44439,0.653542,0.73682,0.712226,1.27295,1.99945,1.3393,1.47198,1.33444,1.25688,1.50267,0.0576873,-0.341675,1.25807,1.8287,1.96727,2.8286,2.04684,0.279313,0.00403259,2.39558,2.0123,0.495664,-0.00391339,-1.47712,-0.806603,2.60761,2.95328,-0.0349113,-1.54476,0.210596,2.06441,0.380991,0.683643,1.24703,-2.13214,-1.14759,0.631247,-3.62615,-2.14723,4.91419,5.97468,5.74611,3.3225,2.35348,2.32301,0.349501,-1.53975,-2.31304,-2.06295,-1.55243,-1.88822,-1.62076,-1.04748,-0.601715,-0.38713,-0.184188,-0.261425,-0.466772,-0.457637,-0.0605648,0.664482,1.15507
-1.65214,0.0483275,0.953001,1.16204,0.668316,0.920345,1.20526,0.61495,1.30851,1.38063,0.604679,0.488729,0.186993,0.603003,2.17592,1.90736,1.59774,1.44938,-0.0509029,-1.52111,-0.802154,2.44237,2.03771,-1.02791,-1.18592,-0.888593,0.609755,2.38054,2.11899,1.23422,1.93199,2.44939,3.92649,2.6522,0.973489,-1.39576,-2.3522,1.00239,1.15221,-2.52724,-1.45141,2.61242,3.6975,2.16146,1.6864,2.88632,2.60554,0.526738,-1.47275,-2.509,-1.95558,-1.46446,-2.15014,-1.83485,-1.04365,-0.566623,0.375857,-0.283292,-0.965193,-0.241824,-0.00533024,0.38136,0.411946,0.708399
-1.30764,0.283924,0.882571,1.30733,1.15575,0.49306,0.435461,-0.162726,0.416737,0.562061,0.0775544,0.120873,0.555452,1.36503,1.7623,2.18561,0.621577,-1.78918,-1.45926,-0.594916,0.241674,2.57129,1.89477,-0.943089,0.0677976,1.2187,2.17567,1.68144,0.0255583,0.565531,2.40431,4.42799,5.62736,4.5114,0.166268,-2.17558,-1.08263,2.45574,2.38012,-0.948844,-1.13053,-0.340833,0.173841,-1.01864,1.075,4.3824,0.948778,-1.95255,-1.37497,-1.90949,-1.45094,-1.78234,-2.05806,-1.54373,-1.18741,-0.869216,-0.387825,-0.545235,-0.559698,-0.0528875,0.529995,0.957523,0.610023,0.425365
-0.978017,0.250839,1.08777,1.8066,1.65896,0.670343,0.519829,-0.312634,-0.792635,-0.666507,-0.394741,0.224868,0.808614,1.34487,1.79082,2.95535,0.977297,-2.41139,-1.65813,-0.465666,0.533435,1.3606,0.454151,0.231101,1.22689,2.56391,2.28753,0.553415,0.201198,1.63527,2.79245,4.60593,5.54122,2.43565,-1.76528,-1.14002,-0.0423675,2.26403,3.81996,2.46038,0.994354,0.491442,0.0395013,-0.467005,1.53756,2.62609,-1.29291,-2.00408,-0.35503,-0.86689,-1.05335,-2.04313,-1.72138,-1.23936,-1.06455,-0.782126,-0.698532,-0.621683,-0.346681,0.0904023,0.702332,1.00198,0.930918,0.516816
-0.0900069,0.708577,1.00258,1.74202,1.86392,1.56063,1.79916,1.68834,-0.14903,-1.27156,-0.831293,0.17764,0.7751,1.31495,1.34306,2.80671,1.31574,-2.09924,-1.62766,-0.472497,0.107608,-0.0982789,0.251128,1.35517,1.82134,2.20277,1.65138,1.23785,1.94545,2.10782,1.90212,2.9711,2.94271,-0.623364,-1.96618,0.216359,0.497237,0.224464,2.37073,2.29451,1.58641,2.75873,4.51844,3.78372,2.55728,0.277068,-1.78814,-2.11617,-1.91449,-0.667511,-1.20609,-2.196,-1.6367,-1.12489,-0.725932,-0.383587,-0.420366,-0.469351,-0.21888,0.167522,0.479076,0.848345,0.828861,0.559304
0.738495,0.935766,0.608724,1.30749,2.00022,2.2237,2.65225,3.07842,2.58582,1.17926,-0.231246,-0.0460912,0.169936,0.636309,0.764366,2.49554,1.77307,-1.67529,-1.87214,-0.156728,-0.884894,-1.41815,0.336914,1.36666,1.51733,1.49655,1.71035,2.13472,1.80627,0.661459,1.27881,2.95589,3.20142,0.249148,-1.40317,-0.0438591,-1.64229,-2.84267,0.38916,1.05649,1.01298,4.23881,5.73706,5.87735,3.92616,-0.606142,-0.751846,0.252468,-1.76711,-1.69267,-0.96625,-1.87189,-1.2154,-0.809733,-0.444839,-0.307346,-0.168717,-0.235558,-0.30209,0.0285169,0.210695,0.450888,0.639077,0.326966
0.839649,0.508998,0.512753,1.05244,1.88978,2.20047,2.90186,2.81222,2.95408,2.85042,1.4039,1.18919,1.03471,0.0549745,0.297135,2.41983,1.29676,-2.20483,-1.76802,-0.223546,-1.02822,-1.53381,0.36779,0.659681,0.0549308,0.829777,1.47515,0.953172,-0.720531,-1.73658,0.466894,2.50638,1.59017,-0.683594,-2.31102,-2.23871,-2.0588,-1.37192,-0.204705,1.14811,0.923341,1.78235,2.96569,3.86504,2.40184,-2.47439,-1.39444,2.55537,-0.0600599,-1.39633,-0.301248,-0.135456,-1.02137,-0.956409,-0.643844,-0.558115,-0.174215,-0.265502,-0.272037,-0.00811675,0.197349,0.378275,0.0360055,-0.148288
0.578312,0.274469,0.480387,0.688312,1.35868,2.11876,2.33974,1.9686,1.97038,2.79331,1.53067,0.748434,1.50703,0.279686,0.0324997,2.61581,1.59691,-2.19443,-1.35339,0.194051,-0.781767,-0.881154,-0.325221,-0.276937,-0.488829,-0.0390996,-0.69071,-1.32701,0.157634,1.15502,1.15041,1.73691,1.49326,1.19092,0.597675,-0.150119,0.32197,0.220682,0.480052,1.55733,-0.828385,-0.869995,0.644367,0.444139,0.501039,-0.0993582,-0.112496,-0.713183,-1.554,0.270398,1.24675,0.358923,-0.760807,-1.07639,-0.735691,-1.12895,-0.549621,-0.390081,-0.630095,-0.104747,0.257595,0.381447,0.183033,-0.505213
-0.0631871,0.164867,-0.0209487,-0.322304,0.850189,1.80611,1.72425,1.47821,1.58393,1.94511,0.533737,-0.27509,0.49381,1.05353,1.28552,2.38946,1.77852,-1.32111,-1.42191,0.708627,0.670374,0.546413,0.789023,0.0494769,-1.44468,-2.36613,-1.60464,-0.910541,1.22266,2.09747,1.97481,1.74671,2.25838,2.8056,3.85228,4.37235,4.18924,1.47448,1.32679,0.181981,-2.3636,-1.17889,1.15556,0.688455,1.38065,4.0237,3.90761,0.0429813,-1.13047,0.469398,-0.88719,-1.31169,-0.518525,-0.72232,-1.09339,-1.12079,-0.396764,-0.57771,-0.743683,-0.205974,0.0122355,0.20838,0.403973,-0.21506
