uploads/wind/20200722/wind_field_02.json
{"header": {"parameterUnit": "m.s-1", "parameterNumber": 2, "dx": 0.051, "dy": 0.036, "parameterNumberName": "eastward_wind", "la1": 45.3082, "parameterCategory": 2,"nx": 177, "ny": 123, "refTime": "2018-09-30 00:00:00", "lo1":1.38177}, "data":
[rows 28 to 55 of 123, columns 0 to 64 of 177]
0.0131743,-0.347967,1.52322,0.461891,0.280049,-0.72823,-1.66414,-1.55189,-0.996181,-1.34569,1.36408,3.76245,2.28651,-0.108913,-0.53719,-0.395608,-0.608062,1.58458,3.35386,3.87527,3.47324,1.25881,0.616879,-0.48488,-1.91762,-1.29421,2.71518,2.60764,0.102616,-0.635596,-1.31671,-1.57429,-1.88621,-1.9246,-2.30441,-2.1937,-2.25502,-2.2063,-2.09792,-1.99816,-1.9639,-2.015,-2.12092,-2.20647,-2.26226,-2.33461,-2.40056,-2.39218,-2.33062,-2.30463,-2.3493,-2.45546,-2.54995,-2.55725,-2.55485,-2.59665,-2.60277,-2.55337,-2.53458,-2.5273,-2.43647,-2.24913,-2.01287,-1.8149,-1.71693
0.535045,0.299358,1.51588,0.244881,-0.395873,-0.570514,-1.40869,-0.990444,-0.642116,-0.692694,0.733287,3.60045,3.30779,0.743201,-0.407997,-0.157405,0.691899,2.01087,3.21823,4.06376,3.07239,1.03223,0.757202,0.65909,-0.754822,0.577749,1.73421,0.409513,-0.75233,-2.09368,-2.18527,-1.57391,-1.8784,-1.85729,-2.22505,-2.04886,-2.10834,-2.14666,-2.28292,-2.34749,-2.2517,-2.11963,-2.0815,-2.12147,-2.20459,-2.3086,-2.35699,-2.30661,-2.2483,-2.3018,-2.48273,-2.71879,-2.92623,-3.01211,-2.9672,-2.89616,-2.82861,-2.72869,-2.59939,-2.47572,-2.341,-2.16148,-1.94865,-1.75849,-1.64555
0.33359,0.501822,1.35805,0.615148,-0.669943,-1.42543,-1.69442,-1.06815,-1.05036,-1.03832,0.0804033,3.21442,3.21135,0.586665,-0.835929,-0.593231,0.782344,2.41442,3.22036,3.46066,1.8153,0.27397,0.752191,0.569369,1.10982,0.702365,-0.269529,-0.594131,-1.35283,-2.8016,-2.26682,-1.78648,-1.12083,-1.73933,-1.81111,-1.74635,-1.83803,-2.04164,-2.34595,-2.48612,-2.36569,-2.17627,-2.08615,-2.05832,-2.0659,-2.12927,-2.18457,-2.15942,-2.1504,-2.30716,-2.57006,-2.84222,-3.11404,-3.30978,-3.31914,-3.21231,-3.09267,-2.94478,-2.75514,-2.55264,-2.36046,-2.15515,-1.91919,-1.6846,-1.50087
0.388419,0.771172,1.40706,1.29046,0.522591,-0.681095,-1.29001,-1.21686,-1.05878,-1.14672,-0.0456496,2.63869,1.78003,-0.938693,-2.31117,-2.28548,0.54572,3.48194,4.11356,2.35838,-0.223013,0.0454929,2.16003,1.94323,1.57472,0.59966,-0.28136,-0.558262,-0.536708,-1.20863,-1.54458,-0.518041,-0.362167,-0.938626,-1.5457,-1.62832,-1.73288,-1.89391,-2.1275,-2.22588,-2.14677,-2.08769,-2.08942,-2.05735,-2.00917,-1.97374,-1.93759,-1.94968,-2.10926,-2.36178,-2.56688,-2.74475,-2.95495,-3.16116,-3.24878,-3.19492,-3.0931,-2.97266,-2.80539,-2.601,-2.38093,-2.13884,-1.86611,-1.59639,-1.36601
-0.637411,0.237097,1.48909,1.66414,1.50728,0.451268,-0.790331,-0.619082,-0.597839,-0.866203,-0.0549149,2.30181,1.14342,-1.09528,-1.72352,-0.739555,2.08698,3.54769,3.06813,1.41687,0.324136,0.969557,3.13128,2.79426,1.14088,0.618566,0.241633,0.10109,0.16159,0.412051,0.0876206,-0.533037,-0.485147,-0.985222,-1.4187,-1.59698,-1.64262,-1.64955,-1.72471,-1.79253,-1.82686,-1.90602,-1.97242,-1.99381,-1.99679,-1.93735,-1.85673,-1.98085,-2.27287,-2.43322,-2.43769,-2.44496,-2.4976,-2.59451,-2.69105,-2.72076,-2.71928,-2.72456,-2.67481,-2.51862,-2.27288,-1.99642,-1.74382,-1.51688,-1.31127
0.0593661,0.839799,1.76068,2.03425,1.96681,1.32559,-0.0371316,-0.194547,-0.236006,-0.42164,1.28902,1.9138,-1.0767,-2.40394,-0.327438,2.84621,3.97082,2.1313,0.498671,1.83946,2.77765,2.17038,2.27172,1.86014,0.43793,0.692314,1.29049,1.01135,0.899015,1.10113,0.912956,-0.393829,-1.51855,-1.37257,-1.33425,-1.44131,-1.38836,-1.38518,-1.42313,-1.48522,-1.59476,-1.70027,-1.75656,-1.82907,-1.90129,-1.96289,-2.0884,-2.35029,-2.54771,-2.47125,-2.25497,-2.09758,-2.00427,-1.96752,-2.01432,-2.09915,-2.1867,-2.29151,-2.37231,-2.32794,-2.13036,-1.87467,-1.64614,-1.45548,-1.328
0.284504,1.11525,2.10025,2.20786,2.02367,1.38567,0.107153,-0.482866,-0.536314,-0.237844,1.96164,2.08119,-2.44334,-3.41634,0.680545,4.24797,4.28619,0.800346,-0.275503,2.14653,3.16693,2.3494,1.84498,1.29267,0.871199,0.794629,1.0464,0.882657,0.745273,0.622455,0.624451,-0.54788,-1.6176,-1.40892,-1.15299,-1.16849,-1.20288,-1.32677,-1.38965,-1.49072,-1.6729,-1.83159,-1.88309,-1.89823,-1.95689,-2.13552,-2.42247,-2.67187,-2.70987,-2.49155,-2.14306,-1.86269,-1.69392,-1.62546,-1.66315,-1.7567,-1.85514,-1.94022,-2.03008,-2.1049,-2.07241,-1.88481,-1.62495,-1.41455,-1.35249
-0.087606,0.922245,2.3844,2.56365,2.18417,0.906195,-0.884715,-0.826045,-0.235385,1.15861,3.32166,2.33801,-2.16491,-2.64387,1.47767,3.91094,3.87449,1.14745,0.234648,2.0819,2.51961,1.77184,1.07651,1.17096,1.24793,0.724239,0.415031,0.418791,0.337202,0.0456214,0.702057,0.495378,-0.70732,-1.01765,-1.05887,-1.20469,-1.32164,-1.4106,-1.41468,-1.68116,-2.07599,-2.27101,-2.17615,-2.06174,-2.11781,-2.32721,-2.59073,-2.70801,-2.59058,-2.3142,-1.96958,-1.67959,-1.52661,-1.51903,-1.61363,-1.7158,-1.76445,-1.77475,-1.83098,-1.97983,-2.0866,-1.98095,-1.70937,-1.46601,-1.40466
-0.157919,0.82821,2.67321,2.60053,2.14439,0.573119,-1.71076,-1.13198,0.386746,2.11366,3.23835,1.13684,-1.26064,-1.16239,0.835926,3.93939,3.80152,1.80909,1.41963,2.10831,0.434748,-0.834662,0.41767,2.03482,1.90784,0.546291,0.0227012,0.00185226,0.0439511,-0.254396,-0.531829,-0.947511,-0.894371,-0.0387958,-0.185123,-1.08278,-1.28991,-1.17746,-1.40445,-2.05875,-2.49488,-2.42494,-2.14807,-2.07494,-2.1772,-2.32582,-2.48447,-2.47245,-2.24747,-2.00181,-1.7884,-1.59899,-1.5124,-1.57482,-1.72094,-1.83122,-1.84719,-1.81825,-1.82542,-1.90847,-2.00395,-1.97892,-1.8091,-1.62676,-1.58463
-1.13638,-0.257338,2.64141,2.4794,1.84675,0.764698,-0.877079,-1.05497,-0.923431,0.859525,1.91063,-0.377052,-0.937521,1.03996,2.17644,3.01305,3.00349,2.10178,1.23988,0.101654,-1.07312,-0.900979,1.73995,3.19078,2.36516,0.926817,0.600591,0.0371617,-0.191308,-0.455546,-1.21329,-1.73745,-0.617873,1.44945,1.21334,-0.297247,-0.620775,-0.938805,-1.86376,-2.60068,-2.61279,-2.18407,-1.99868,-2.07078,-2.16132,-2.18005,-2.15158,-2.05686,-1.86522,-1.72749,-1.65987,-1.63312,-1.69323,-1.85696,-2.01727,-2.08067,-2.04079,-1.94049,-1.84838,-1.8026,-1.81576,-1.86164,-1.86823,-1.86317,-1.9057
-1.36111,-0.400165,2.37428,2.35129,0.801998,-1.17442,-1.53847,-0.823765,-0.868166,0.916438,2.19173,-1.23814,-2.41707,1.53734,3.77237,3.23038,2.5346,2.01164,0.611787,-0.2803,-0.176204,1.40019,3.24523,3.23759,2.87314,1.76688,1.31065,0.405209,-0.507014,-1.21695,-1.69406,-0.73607,1.35561,2.03125,1.18744,0.307809,-0.396695,-1.30043,-2.48403,-2.89994,-2.44218,-2.03338,-2.07196,-2.20857,-2.16921,-1.99962,-1.77418,-1.61326,-1.54324,-1.54839,-1.63281,-1.81211,-2.06292,-2.29307,-2.40026,-2.3677,-2.23869,-2.05413,-1.86432,-1.72859,-1.69354,-1.77852,-1.93802,-2.11014,-2.24213
-0.266384,1.57863,1.63523,1.59466,-0.664539,-3.3812,-3.79929,-1.87785,-1.54713,0.606173,2.19725,-0.999577,-2.41752,2.08285,4.29902,3.00502,2.52655,2.48116,1.33428,0.923588,1.65825,2.19801,2.7844,2.86168,2.33093,1.65525,0.316857,-0.490486,-1.08353,-1.22203,0.212817,2.43544,2.17199,0.220516,0.298422,0.134588,-0.599743,-1.38166,-2.03127,-2.33974,-2.21297,-2.30321,-2.55865,-2.37174,-2.13318,-1.86608,-1.5338,-1.38266,-1.39871,-1.5521,-1.8093,-2.1383,-2.4781,-2.69727,-2.70207,-2.56425,-2.36459,-2.13254,-1.89636,-1.74162,-1.7231,-1.83809,-2.05828,-2.29659,-2.45743
0.121805,1.58642,0.537551,1.12695,-0.143168,-1.9037,-2.94132,-3.02765,-3.74191,-2.16469,0.959593,0.0977122,-0.963445,1.57199,2.59164,2.33348,2.88755,3.66775,2.77069,1.72614,0.130327,0.022042,1.27603,2.16259,2.21708,1.08233,-0.356207,-0.809892,-0.765897,-0.764208,1.98685,2.70863,-0.126206,-1.61011,-1.0872,-0.207519,-0.692721,-1.37414,-1.80285,-1.90501,-1.95196,-2.32116,-2.48254,-2.36811,-2.01939,-1.72833,-1.59674,-1.53686,-1.62054,-1.89202,-2.24531,-2.56072,-2.84702,-2.96433,-2.85715,-2.61556,-2.34139,-2.09122,-1.88605,-1.78585,-1.84147,-2.02912,-2.25871,-2.42381,-2.49602
3.7818,4.71081,-0.355964,0.907679,1.27194,1.17574,-0.471924,-2.50573,-3.92773,-4.62798,-1.30597,-0.0282611,-0.137301,1.44917,2.29442,2.79946,4.04915,4.11098,3.43215,2.34657,-0.229072,-1.8473,-0.234545,2.51917,3.35808,1.20907,-0.754198,-0.783756,-0.268503,0.951438,3.0812,2.81931,-0.838747,-2.14391,-1.07717,-0.514623,-0.624835,-0.949203,-1.26926,-1.597,-1.76093,-1.97814,-2.19045,-2.13665,-2.0037,-1.89249,-1.85398,-1.91953,-2.11292,-2.4202,-2.69202,-2.95427,-3.14857,-3.14533,-2.92089,-2.56076,-2.19567,-1.91274,-1.77934,-1.83161,-2.04182,-2.28882,-2.44131,-2.49298,-2.50048
0.0804947,1.74992,-0.119157,0.659849,1.75189,2.87304,2.1629,-0.520451,-3.1905,-4.31412,-3.61377,-1.12005,-0.0347692,1.79312,3.14324,2.07104,2.68522,2.4318,2.93724,3.41928,2.27838,-0.284217,-0.572322,1.5145,2.61514,0.269385,-1.82894,-1.44976,0.728664,3.14482,2.99613,0.497271,-1.07563,-1.53778,-0.828743,-0.481125,-0.521004,-0.691865,-0.967476,-1.41109,-1.63392,-1.78559,-1.76917,-1.70653,-1.83917,-1.95568,-2.05474,-2.31349,-2.57367,-2.70677,-2.8828,-3.11241,-3.24074,-3.19993,-2.94995,-2.52421,-2.08179,-1.83607,-1.91316,-2.17479,-2.35712,-2.38353,-2.38345,-2.42485,-2.45937
-2.88056,-1.32972,0.243276,0.778752,1.64402,2.7315,2.34779,0.236255,-1.7535,-3.82573,-2.7539,-0.834752,-0.254192,0.778592,1.94531,-0.484576,-2.42459,0.925141,4.2889,4.81395,3.64222,2.10179,1.05512,1.09054,0.692248,-1.11428,-2.41535,-0.363596,1.69647,3.03808,2.69176,0.555206,-0.619519,-0.728342,-0.412207,-0.200321,-0.298984,-0.577633,-1.02229,-1.44931,-1.59626,-1.64395,-1.68194,-1.72883,-1.87281,-2.20996,-2.74355,-2.95543,-2.74426,-2.60766,-2.69833,-2.8991,-3.02361,-3.00682,-2.85641,-2.57523,-2.32572,-2.32898,-2.47056,-2.56428,-2.60017,-2.54131,-2.41039,-2.33394,-2.29479
4.33062,5.63554,0.0289755,1.12988,1.6544,2.02239,1.58767,1.12733,0.572555,0.030448,0.142993,1.0693,1.11157,0.553462,1.0032,-0.795925,-3.45336,-0.587398,4.23246,4.98185,3.89446,2.96283,2.03176,1.54383,0.489419,-1.11742,-0.719311,0.86115,2.25258,3.09496,3.42518,2.36487,2.03149,0.761037,-0.137414,0.0416658,0.00979833,-0.438081,-1.0335,-1.72355,-2.05709,-2.16685,-2.22802,-2.35795,-2.83658,-3.22639,-3.1735,-3.17284,-3.03045,-2.60546,-2.51808,-2.59276,-2.63972,-2.66034,-2.67861,-2.77293,-2.88838,-2.95237,-2.94834,-2.96638,-2.96916,-2.79406,-2.50182,-2.27154,-2.09587
6.6956,6.21077,-0.429078,1.0821,1.89242,1.00875,0.00863781,0.693445,1.89947,2.77988,2.04678,3.4375,4.96499,3.21233,2.24254,0.429577,-2.38646,-0.793059,2.60728,3.7227,3.55977,3.22555,2.87116,2.35584,1.14312,-0.88367,-0.423278,1.44297,2.53536,3.46651,3.43834,4.64744,4.25376,2.64926,1.43501,0.504984,-0.0880017,-0.547298,-1.28116,-2.05561,-2.49575,-2.84129,-3.24183,-3.56732,-3.6661,-3.60962,-3.42692,-2.97356,-2.89742,-2.90429,-2.73734,-2.64189,-2.63636,-2.58326,-2.60386,-2.78642,-2.98266,-3.11467,-3.28058,-3.32401,-3.11967,-2.78277,-2.41065,-2.05697,-1.76834
-1.12979,0.275196,0.295129,1.30004,2.3997,0.582914,-1.47398,-0.54292,1.53258,4.10073,2.93521,2.31106,3.09232,2.93106,3.42506,3.16334,0.614209,-0.043549,1.52646,2.40886,3.06267,3.02978,2.5942,2.08308,0.858591,0.546914,1.05726,2.03589,2.56605,2.99429,3.2709,4.31287,4.17341,3.02328,1.85524,0.643787,-0.372855,-1.35744,-2.52483,-3.16965,-3.47513,-4.07216,-4.30811,-3.938,-3.72651,-3.52553,-3.35254,-3.35865,-3.21327,-3.07053,-2.97483,-2.86703,-2.77225,-2.64721,-2.5774,-2.59713,-2.71088,-2.89371,-3.14073,-3.20114,-2.95347,-2.58144,-2.15146,-1.73589,-1.43545
-0.654588,0.317144,0.519383,1.33263,1.83602,0.0909638,-1.71624,-0.967038,0.55459,3.9893,2.74012,-2.09241,-0.899933,3.42863,4.91613,4.13177,2.28098,0.648916,0.465048,1.01652,1.93018,2.59302,2.36549,0.952309,0.0217171,-0.307219,0.388073,1.52065,2.07899,3.14801,3.5277,4.25231,3.84261,2.80763,1.53686,0.0916339,-1.69953,-3.00337,-3.57036,-3.98242,-4.08068,-4.02859,-4.25334,-4.1335,-3.87105,-3.95068,-4.06197,-3.80945,-3.3541,-3.20103,-3.09951,-2.98671,-2.82598,-2.66203,-2.55384,-2.44914,-2.40162,-2.48106,-2.66941,-2.73647,-2.57871,-2.30588,-1.93604,-1.54539,-1.22367
1.11772,1.29399,0.885333,1.33434,1.54814,0.500585,-0.492144,-0.769159,-0.328459,3.98462,3.67876,-3.94081,-1.91397,4.46639,5.5701,3.81276,1.38164,0.492695,1.4724,2.20712,2.46977,2.13529,1.60147,1.31356,0.711254,0.0253684,0.17448,0.800229,1.67916,2.48284,3.27476,2.11506,-0.0686681,-0.875756,-1.45942,-2.56987,-3.68297,-4.15938,-4.16992,-4.10315,-4.2176,-4.38341,-4.36558,-4.21101,-4.04966,-3.96913,-3.88838,-3.67977,-3.41868,-3.22608,-3.15594,-3.12739,-3.01876,-2.84498,-2.62043,-2.32956,-2.03809,-1.91207,-2.00054,-2.12028,-2.10926,-2.00877,-1.8136,-1.49946,-1.14761
2.51725,2.29446,1.00729,0.99269,1.38344,0.976945,0.0986254,-0.708007,-0.00198583,3.41703,2.61844,-1.88878,-0.725975,2.99886,4.88437,3.5682,2.72398,2.14082,3.02279,3.61089,3.02483,2.0672,1.20097,1.22005,0.754355,0.357888,0.0653416,0.141503,0.413335,0.759794,0.332593,-2.2223,-4.13959,-4.43654,-4.72799,-4.7357,-4.51661,-4.21489,-4.08809,-4.13226,-4.35346,-4.68461,-5.14039,-5.1933,-4.62494,-4.32334,-4.066,-3.69682,-3.40821,-3.26005,-3.30223,-3.34597,-3.29908,-3.12616,-2.81706,-2.39995,-1.94957,-1.54466,-1.32061,-1.33511,-1.47373,-1.60658,-1.65123,-1.47786,-1.08168
5.03552,4.52982,0.759048,0.641858,1.15887,1.25434,-0.300721,-0.882802,1.78901,4.55635,2.5541,-0.795608,-0.574497,0.852733,2.73451,3.51689,3.15341,3.64933,4.15427,4.43027,3.72989,2.99976,2.79106,2.48751,1.02979,0.0395002,-0.362391,-0.589803,-0.471749,0.0159107,-0.414022,-3.50919,-5.42846,-5.44536,-5.45163,-5.09353,-4.51375,-4.02246,-4.22713,-5.01355,-5.2586,-4.81919,-4.85108,-4.90095,-4.75227,-4.59641,-4.24341,-3.87099,-3.57762,-3.45892,-3.46956,-3.48201,-3.41401,-3.21443,-2.85172,-2.40553,-1.97695,-1.57772,-1.20795,-0.989064,-0.980721,-1.12103,-1.31554,-1.3017,-0.937307
1.31314,0.560819,0.378886,0.169727,0.459445,0.437845,-0.108686,0.958001,3.40392,5.27038,3.15928,0.174061,-0.0895888,-0.0948925,1.69352,3.27165,3.25746,3.7722,4.51901,4.29081,3.22872,3.20036,3.08285,1.96198,1.00748,0.511382,-0.702499,-1.25981,-1.07814,-0.373515,-0.504722,-3.4646,-5.43293,-5.33738,-5.31003,-4.95691,-4.45577,-4.13892,-4.21824,-4.57349,-5.07241,-5.3856,-5.30396,-5.2608,-5.203,-4.72482,-4.46933,-4.25672,-3.92582,-3.69614,-3.51363,-3.39375,-3.25518,-3.06358,-2.80527,-2.4989,-2.17193,-1.86171,-1.55643,-1.2568,-0.966244,-0.844918,-0.917665,-0.921767,-0.705793
1.40902,0.640117,0.0876751,-0.188707,-0.492407,-0.195556,1.05282,2.78493,4.30023,4.8074,3.26468,1.71357,0.613576,-0.32508,1.18255,3.33761,3.28706,3.59419,4.56373,4.60992,3.14023,2.70205,1.82291,0.286543,0.564634,1.52993,0.0858645,-1.28456,-1.45742,-0.217588,-0.204076,-3.13801,-5.30357,-5.16928,-5.16047,-4.97497,-4.57549,-4.45929,-4.84296,-4.87954,-4.42748,-4.3783,-4.32829,-4.26042,-4.33427,-4.46514,-4.54883,-4.44861,-4.15814,-3.77037,-3.45755,-3.28219,-3.17319,-3.02599,-2.82032,-2.55288,-2.25836,-1.96747,-1.68406,-1.40229,-1.10488,-0.692385,-0.450197,-0.334806,-0.303951
7.36006,5.47523,-0.951692,-0.344465,-1.08642,0.0126727,2.04699,3.21508,4.63783,4.12545,4.70219,4.28605,0.288362,-1.76194,1.41564,4.22482,4.16265,4.98145,5.64014,5.82048,4.50659,3.34784,2.14703,0.564942,0.138231,0.802223,0.39583,-0.777733,-0.678243,0.619224,0.304084,-3.18909,-5.69192,-5.09274,-5.08574,-5.08693,-4.75347,-4.4212,-4.27113,-4.62136,-4.91508,-5.05041,-5.09143,-4.93669,-4.7866,-4.30273,-4.24071,-4.39868,-4.22058,-3.91417,-3.54698,-3.25679,-3.04808,-2.89932,-2.77029,-2.57161,-2.26861,-1.97015,-1.73708,-1.53385,-1.27927,-0.893158,-0.428318,-0.146388,0.0200783
-0.0193489,-1.09802,-0.301869,-0.38184,-0.630644,0.861338,2.26254,2.98644,4.4379,5.24894,6.03581,5.0965,-0.102413,-2.60835,0.749748,3.46063,4.48092,6.00812,6.57745,6.24881,5.0516,3.62925,3.17779,1.79126,-0.140834,-0.387076,0.550294,1.12143,0.913675,1.27059,0.90174,-1.32045,-4.44298,-4.87467,-4.78348,-5.00155,-5.32821,-5.08435,-4.09988,-3.74711,-3.81613,-4.01439,-4.16901,-4.05478,-3.88479,-3.88709,-4.09282,-4.18423,-4.11478,-3.93255,-3.65481,-3.37948,-3.15427,-2.98697,-2.79398,-2.51612,-2.19227,-1.91777,-1.74844,-1.62572,-1.38735,-1.00713,-0.564944,-0.119483,0.232436
2.06685,1.18025,-0.359614,-0.152823,0.26107,1.60107,2.33031,2.92133,4.13425,5.68509,6.51042,5.15775,0.33997,-1.83935,0.0322578,3.61952,4.97716,6.33569,6.84527,6.89894,5.36553,3.3721,3.23203,2.08181,0.24761,-0.23119,1.46519,2.72389,2.72542,2.42141,1.56756,-0.716483,-3.92437,-4.75282,-4.70408,-4.89576,-5.31833,-5.17982,-4.23226,-3.7994,-3.85622,-4.38249,-4.46924,-3.79571,-3.86215,-4.07141,-3.93038,-4.00206,-3.98253,-3.81226,-3.65361,-3.50824,-3.40026,-3.2289,-2.88686,-2.45277,-2.06731,-1.79747,-1.66064,-1.55402,-1.30636,-0.898255,-0.413847,0.0106988,0.289935
