uploads/wind/20200722/wind_field_05.json
{"header": {"parameterUnit": "m.s-1", "parameterNumber": 3, "dx":  0.051, "dy": 0.036, "parameterNumberName": "northward_wind", "la1": 45.3082, "parameterCategory": 2,"nx": 177, "ny": 123, "refTime": "2018-10-03 01:00:00", "lo1":1.38177}, "data":
[rows 0 to 27 of 123, columns 63 to 125 of 177]
0.215377,0.262704,0.294282,0.312893,0.355052,0.386858,0.384997,0.372205,0.28923,0.191846,0.0444638,-0.0339344,-0.502639,-0.814938,-1.13302,-1.43532,-1.54836,-1.94601,-2.18866,-2.35583,-2.45062,-2.49588,-2.57595,-2.42667,-2.24755,-2.24897,-2.06476,-1.82136,-1.55213,-1.16742,-1.03585,-0.871614,-0.683421,-0.502352,-0.456538,-0.316015,-0.233039,-0.164614,-0.0101867,0.0540899,-0.0308805,0.0216709,-0.222375,-0.294702,-0.416904,-0.464808,-0.636483,-0.701025,-0.708072,-0.7893,-0.954072,-1.21676,-1.26658,-1.31082,-1.55838,-1.67169,-1.69087,-1.94267,-2.03299,-2.08295,-2.04023,-2.0799,-2.07062
0.0860118,0.183191,0.247621,0.276709,0.313665,0.336588,0.33315,0.328606,0.285103,0.242972,0.151725,0.123174,-0.309408,-0.609398,-0.936127,-1.26287,-1.38044,-1.78173,-2.01087,-2.16628,-2.23133,-2.26465,-2.33257,-2.1644,-1.97994,-1.97003,-1.77149,-1.51596,-1.24174,-0.84987,-0.713031,-0.561435,-0.402526,-0.259881,-0.253403,-0.159961,-0.126536,-0.0922966,0.053552,0.135389,0.0489486,0.112357,-0.126175,-0.19567,-0.326152,-0.386573,-0.569335,-0.63891,-0.643602,-0.728193,-0.901703,-1.17261,-1.22486,-1.2663,-1.53342,-1.65009,-1.67748,-1.94798,-2.04717,-2.1014,-2.06347,-2.11661,-2.12004
-0.105506,0.0308523,0.128706,0.172982,0.190823,0.197439,0.200413,0.226782,0.237512,0.235139,0.184485,0.063589,-0.129084,-0.396179,-0.713457,-1.06808,-1.35176,-1.58225,-1.72703,-1.823,-1.84089,-1.83422,-1.79693,-1.71323,-1.61008,-1.47402,-1.30825,-1.12359,-0.930517,-0.730201,-0.536488,-0.381739,-0.261635,-0.171992,-0.110958,-0.0896273,-0.0862892,-0.0845943,-0.0759956,-0.0420476,-0.0218448,-0.0333062,-0.0888335,-0.158069,-0.245665,-0.331123,-0.427899,-0.521642,-0.614349,-0.725038,-0.849826,-0.975953,-1.08694,-1.18792,-1.30712,-1.40197,-1.49734,-1.60215,-1.68568,-1.75653,-1.81433,-1.89727,-1.97862
-0.189853,-0.0564109,0.0349431,0.0826059,0.0958068,0.102672,0.138404,0.204581,0.268376,0.333846,0.367386,0.309513,0.141313,-0.131671,-0.447944,-0.795997,-1.10912,-1.32918,-1.45222,-1.49317,-1.49263,-1.4685,-1.42016,-1.35283,-1.27481,-1.18904,-1.07692,-0.931501,-0.755579,-0.576106,-0.413864,-0.301753,-0.230557,-0.186374,-0.153143,-0.143456,-0.15468,-0.192985,-0.223468,-0.173526,-0.0464218,-0.00375777,-0.10681,-0.241525,-0.318096,-0.359113,-0.40805,-0.474325,-0.551781,-0.660049,-0.791181,-0.924916,-1.05077,-1.15826,-1.26952,-1.38189,-1.49778,-1.61432,-1.70824,-1.77277,-1.81764,-1.87557,-1.96977
-0.297349,-0.20238,-0.160999,-0.159874,-0.174415,-0.157226,-0.0640309,0.0802524,0.24025,0.402913,0.534033,0.556514,0.42803,0.180878,-0.114956,-0.415247,-0.697749,-0.90128,-1.00862,-1.02704,-1.0246,-1.02442,-1.026,-1.01941,-1.00457,-0.982604,-0.940841,-0.858356,-0.739521,-0.610637,-0.501704,-0.43468,-0.420171,-0.43174,-0.432683,-0.412154,-0.394442,-0.422035,-0.474543,-0.445645,-0.287365,-0.161961,-0.176456,-0.284195,-0.352798,-0.364582,-0.359276,-0.365682,-0.402772,-0.482537,-0.611462,-0.77206,-0.941036,-1.09811,-1.2443,-1.39083,-1.54205,-1.69684,-1.84616,-1.94477,-2.00079,-2.0333,-2.08365
-0.338679,-0.290093,-0.305308,-0.357261,-0.408687,-0.397579,-0.278202,-0.0711764,0.18026,0.431865,0.63565,0.747463,0.74549,0.633069,0.439621,0.228844,0.0348035,-0.143389,-0.279798,-0.360353,-0.411723,-0.479133,-0.572731,-0.666465,-0.736866,-0.779053,-0.80588,-0.81494,-0.800136,-0.762214,-0.707927,-0.665659,-0.672538,-0.725506,-0.777472,-0.777986,-0.730788,-0.690366,-0.694427,-0.699381,-0.629148,-0.48202,-0.315285,-0.238425,-0.246228,-0.255921,-0.237763,-0.200124,-0.190957,-0.230936,-0.335502,-0.50287,-0.709836,-0.940717,-1.15523,-1.35249,-1.54195,-1.73245,-1.93432,-2.11028,-2.22097,-2.2608,-2.24495
-0.285005,-0.245925,-0.221648,-0.222039,-0.23427,-0.213859,-0.106375,0.0990823,0.365042,0.629869,0.857474,1.041,1.17199,1.22755,1.19824,1.09822,0.951232,0.774527,0.583668,0.410534,0.256559,0.10824,-0.0507025,-0.211768,-0.352084,-0.470669,-0.587339,-0.708737,-0.809188,-0.859497,-0.854369,-0.81768,-0.80168,-0.834277,-0.901804,-0.943849,-0.931523,-0.875037,-0.824664,-0.801433,-0.758411,-0.633157,-0.44352,-0.260772,-0.167794,-0.148277,-0.138225,-0.111143,-0.0902485,-0.112682,-0.197171,-0.333735,-0.522622,-0.749856,-0.987021,-1.20069,-1.39434,-1.5658,-1.74159,-1.9523,-2.12497,-2.19592,-2.16531
-0.305483,-0.225277,-0.0980699,0.0400559,0.169525,0.285092,0.41015,0.572784,0.767874,0.965013,1.15412,1.36047,1.58847,1.79781,1.92745,1.93982,1.83444,1.65472,1.4278,1.18226,0.95213,0.746727,0.554729,0.358473,0.153581,-0.0642466,-0.294789,-0.527015,-0.728241,-0.857381,-0.907317,-0.88778,-0.845199,-0.826647,-0.855039,-0.907427,-0.927083,-0.896445,-0.851264,-0.825888,-0.789479,-0.679755,-0.517738,-0.349384,-0.226436,-0.178769,-0.176674,-0.183541,-0.182493,-0.197516,-0.249347,-0.318687,-0.417865,-0.558634,-0.74786,-0.945256,-1.12685,-1.27034,-1.38004,-1.5378,-1.74766,-1.89535,-1.9268
-0.235704,-0.149011,0.0412314,0.309441,0.608546,0.87408,1.058,1.15895,1.20421,1.23586,1.30011,1.43733,1.67296,1.97093,2.23053,2.3755,2.37536,2.24902,2.02871,1.75916,1.48479,1.23361,1.00424,0.767691,0.505421,0.216645,-0.0799937,-0.356457,-0.584609,-0.740092,-0.810165,-0.802445,-0.74268,-0.680012,-0.648011,-0.662829,-0.693885,-0.700677,-0.70194,-0.73566,-0.763113,-0.707434,-0.578449,-0.452357,-0.37026,-0.331147,-0.334657,-0.361786,-0.383426,-0.396942,-0.408328,-0.405337,-0.393452,-0.409882,-0.493673,-0.652793,-0.839937,-1.00084,-1.07902,-1.11865,-1.26583,-1.49766,-1.65987
0.145879,0.234113,0.437535,0.73792,1.07662,1.36463,1.51534,1.51193,1.40337,1.27284,1.19518,1.20707,1.32594,1.56948,1.88571,2.17102,2.34699,2.36918,2.24222,2.00948,1.71647,1.41216,1.12169,0.839324,0.558352,0.290354,0.0414388,-0.169881,-0.331387,-0.439942,-0.490856,-0.487876,-0.443875,-0.382534,-0.336092,-0.324297,-0.357557,-0.396723,-0.438199,-0.517597,-0.62053,-0.655797,-0.591363,-0.508946,-0.469638,-0.45793,-0.465135,-0.484354,-0.505366,-0.509941,-0.499221,-0.46381,-0.394904,-0.318345,-0.281985,-0.340926,-0.487018,-0.657055,-0.757828,-0.73011,-0.714531,-0.927419,-1.22857
0.714422,0.902596,1.11924,1.34439,1.53105,1.62213,1.58749,1.46013,1.30035,1.1493,1.02545,0.945562,0.930987,1.01834,1.23202,1.50574,1.75659,1.91683,1.94021,1.82473,1.60719,1.33565,1.05743,0.805859,0.592973,0.418641,0.277238,0.165264,0.0894927,0.0433747,0.0166469,-0.00176255,-0.021099,-0.0332523,-0.0361714,-0.0325038,-0.0474989,-0.0965119,-0.152639,-0.230785,-0.341836,-0.436938,-0.44573,-0.396472,-0.358357,-0.341346,-0.344711,-0.3511,-0.352623,-0.350182,-0.335281,-0.308939,-0.249579,-0.16019,-0.0649256,-0.00477898,-0.0327782,-0.141647,-0.270769,-0.324565,-0.233997,-0.259278,-0.59848
1.25163,1.48421,1.67818,1.78165,1.76845,1.64856,1.47034,1.29433,1.15797,1.06461,0.975673,0.86717,0.762649,0.695479,0.711287,0.802776,0.928843,1.05049,1.1373,1.1588,1.11237,1.01771,0.908839,0.823336,0.773534,0.737384,0.705904,0.67363,0.642056,0.616893,0.586059,0.533362,0.449643,0.349537,0.266422,0.216718,0.207982,0.184823,0.141884,0.0971586,0.0374843,-0.0442456,-0.0853953,-0.0504901,0.00960835,0.049165,0.0643349,0.0711087,0.0763701,0.0837026,0.0943983,0.106239,0.133448,0.189069,0.269699,0.36494,0.431211,0.422043,0.303118,0.124803,0.0588552,0.19224,0.0519566
1.74322,1.82713,1.87112,1.83663,1.71965,1.57581,1.45376,1.34168,1.23327,1.1374,1.05134,0.928801,0.760204,0.568414,0.388576,0.256105,0.18111,0.159656,0.197177,0.276853,0.375781,0.483169,0.608428,0.758599,0.925253,1.07314,1.18676,1.25327,1.26184,1.23215,1.17311,1.08809,0.970162,0.823996,0.670459,0.529994,0.437434,0.401483,0.378422,0.371377,0.371829,0.365208,0.360081,0.404115,0.475106,0.536512,0.57228,0.580802,0.577671,0.581231,0.588618,0.598073,0.608047,0.628526,0.660601,0.70817,0.766346,0.801326,0.746449,0.563947,0.346725,0.32012,0.421838
2.15977,2.06242,1.91103,1.7526,1.61502,1.54484,1.54578,1.55175,1.49971,1.38668,1.26356,1.12121,0.929734,0.661485,0.326627,-0.00807004,-0.264753,-0.399106,-0.407403,-0.313882,-0.155144,0.056714,0.31463,0.617151,0.951462,1.26822,1.52389,1.70198,1.79068,1.7865,1.71114,1.59515,1.45908,1.30256,1.12449,0.933114,0.743887,0.61895,0.56998,0.551042,0.552493,0.571751,0.605548,0.670302,0.75959,0.848265,0.904387,0.919266,0.912882,0.900801,0.895654,0.892743,0.889236,0.882287,0.875415,0.873497,0.872903,0.86316,0.828775,0.730552,0.552523,0.393465,0.465589
2.30022,2.18313,1.9769,1.78135,1.65759,1.61648,1.62532,1.6503,1.65139,1.61663,1.54849,1.44658,1.28868,1.02821,0.654939,0.242342,-0.0971862,-0.286938,-0.316014,-0.226506,-0.0641923,0.145083,0.377313,0.636049,0.929878,1.24114,1.53133,1.76442,1.92579,1.99283,1.95671,1.83811,1.69095,1.54378,1.39658,1.23847,1.05954,0.882772,0.768174,0.698043,0.651275,0.620899,0.615479,0.64641,0.73051,0.838965,0.935261,0.989948,0.999062,0.982207,0.9622,0.942446,0.919598,0.897979,0.881409,0.871219,0.849757,0.804354,0.733446,0.623341,0.440556,0.251801,0.225906
2.15806,2.13333,2.01135,1.85865,1.75038,1.687,1.6253,1.55566,1.52008,1.5464,1.60245,1.62488,1.56275,1.40801,1.17516,0.912465,0.68895,0.544971,0.499265,0.53947,0.642057,0.770976,0.887807,0.972302,1.03249,1.11168,1.23823,1.39876,1.56878,1.71617,1.78821,1.75383,1.64212,1.52017,1.43128,1.36914,1.29727,1.18845,1.06145,0.953834,0.864059,0.779791,0.709614,0.672274,0.685998,0.754073,0.853661,0.93987,0.984765,0.987465,0.97061,0.950418,0.927969,0.904813,0.890842,0.892327,0.885278,0.851549,0.790775,0.649202,0.386069,0.0404144,-0.165075
1.96854,1.9933,1.94358,1.81545,1.66209,1.52396,1.4013,1.29456,1.22711,1.21347,1.24892,1.31008,1.35917,1.40335,1.45587,1.51346,1.56143,1.57757,1.56556,1.55938,1.57006,1.58673,1.58312,1.52503,1.39698,1.23311,1.09347,1.04316,1.10509,1.24793,1.41975,1.54499,1.57071,1.52937,1.49591,1.50838,1.55276,1.56468,1.51147,1.42287,1.32757,1.23083,1.13792,1.05056,0.977813,0.942162,0.952808,0.993096,1.03159,1.04968,1.04816,1.04536,1.0497,1.04668,1.03635,1.0265,1.00982,0.972517,0.923093,0.813034,0.575017,0.180759,-0.219071
1.65167,1.65929,1.62755,1.4907,1.25901,1.02402,0.852948,0.775586,0.764721,0.755079,0.709632,0.687887,0.769638,0.990112,1.31247,1.66159,1.95829,2.1573,2.25322,2.27351,2.25536,2.21588,2.16299,2.07303,1.91656,1.68164,1.39624,1.1323,0.965542,0.946083,1.08611,1.31433,1.53396,1.66448,1.71929,1.76638,1.83957,1.9214,1.95899,1.93828,1.883,1.80787,1.70693,1.58476,1.45475,1.32397,1.21308,1.14468,1.11163,1.10808,1.11836,1.14439,1.17621,1.20158,1.20183,1.17204,1.11626,1.04679,0.974241,0.897452,0.763026,0.483575,0.0649848
0.980076,0.96963,0.947199,0.857208,0.657486,0.399953,0.20692,0.13812,0.159079,0.205295,0.230798,0.257127,0.361318,0.608467,0.979246,1.39305,1.7719,2.07175,2.27429,2.37745,2.40964,2.39865,2.37033,2.32871,2.25877,2.11887,1.88195,1.56189,1.21681,0.962538,0.89771,1.0576,1.35827,1.6564,1.86028,1.96178,2.01395,2.08051,2.16031,2.20373,2.20067,2.15608,2.06273,1.91868,1.75525,1.58082,1.41097,1.26501,1.16277,1.11547,1.11601,1.14645,1.17878,1.20264,1.20235,1.16977,1.10288,1.01877,0.925441,0.851338,0.803648,0.690313,0.365447
0.179045,0.192126,0.196274,0.200545,0.14489,-0.00861098,-0.174228,-0.265168,-0.277129,-0.213657,-0.0764727,0.110713,0.303634,0.515207,0.756554,1.02018,1.28211,1.5238,1.71925,1.84772,1.90343,1.89561,1.86735,1.87704,1.957,2.05783,2.07809,1.93815,1.64205,1.28456,0.998778,0.932281,1.10401,1.41392,1.72095,1.91522,1.9991,2.0342,2.07814,2.12423,2.13965,2.11428,2.04632,1.92345,1.76201,1.59647,1.45575,1.33928,1.24314,1.16612,1.11613,1.08278,1.05373,1.02096,0.98636,0.952893,0.919097,0.863554,0.779977,0.68364,0.63086,0.619876,0.480496
-0.417872,-0.35876,-0.29721,-0.216898,-0.134239,-0.121268,-0.215632,-0.328134,-0.371053,-0.313936,-0.159731,0.0692339,0.313311,0.524853,0.672272,0.761088,0.812425,0.850301,0.888274,0.911284,0.894185,0.835839,0.786562,0.825569,0.997814,1.29921,1.6346,1.86331,1.88197,1.68832,1.37231,1.08387,0.979913,1.108,1.37118,1.6332,1.79924,1.85893,1.85162,1.82945,1.80227,1.76528,1.7165,1.65115,1.55779,1.46593,1.40356,1.37248,1.34564,1.28226,1.17511,1.03929,0.893766,0.758204,0.65238,0.58727,0.56462,0.547803,0.506094,0.422711,0.326609,0.292717,0.322317
-0.773961,-0.679456,-0.545782,-0.389015,-0.220096,-0.0864738,-0.0771756,-0.151473,-0.197151,-0.162912,-0.062175,0.0943277,0.295385,0.495065,0.628443,0.650001,0.575424,0.452191,0.324385,0.209356,0.102652,0.00735194,-0.0406729,-0.011207,0.0988394,0.323206,0.692817,1.15539,1.55522,1.74462,1.67621,1.3961,1.08022,0.910732,0.939121,1.11321,1.3149,1.44392,1.46339,1.40537,1.32342,1.2559,1.22595,1.23189,1.24841,1.26217,1.27472,1.29589,1.31943,1.2972,1.19607,1.02119,0.8058,0.58611,0.396391,0.262995,0.184941,0.161017,0.15456,0.125121,0.0510815,-0.0262453,0.0141881
-0.855745,-0.726866,-0.536335,-0.322519,-0.115177,0.0674625,0.165139,0.15791,0.115422,0.118697,0.168019,0.260872,0.386126,0.525574,0.633181,0.671579,0.63543,0.530484,0.358813,0.147445,-0.0502297,-0.195959,-0.278444,-0.331738,-0.37394,-0.373765,-0.237253,0.106791,0.609713,1.09894,1.4101,1.43807,1.20929,0.874241,0.607088,0.506272,0.566254,0.704285,0.809662,0.831013,0.782135,0.717893,0.701268,0.7627,0.865875,0.950044,0.989444,1.00807,1.03486,1.06262,1.04094,0.944699,0.784793,0.577787,0.348694,0.133252,-0.0386838,-0.128629,-0.138928,-0.110137,-0.0888756,-0.127523,-0.177405
-0.58088,-0.429561,-0.216552,0.00423745,0.197777,0.363907,0.48453,0.514065,0.481236,0.471074,0.512728,0.583895,0.647158,0.694571,0.735499,0.773564,0.778654,0.689996,0.493699,0.238065,0.00251673,-0.175178,-0.329836,-0.49417,-0.659665,-0.796229,-0.853147,-0.746375,-0.42968,0.0240581,0.477525,0.811539,0.909301,0.757156,0.462894,0.174421,0.00963174,0.0160858,0.139154,0.260623,0.306223,0.28185,0.252365,0.283479,0.378223,0.469911,0.502119,0.503844,0.534983,0.621933,0.714014,0.755984,0.73154,0.619676,0.420994,0.179082,-0.0509031,-0.205781,-0.244586,-0.19005,-0.101679,-0.0731574,-0.163967
-0.0173473,0.116091,0.297135,0.468293,0.596355,0.703715,0.815114,0.884861,0.888002,0.883862,0.909739,0.938113,0.921172,0.862156,0.797085,0.730329,0.633186,0.472502,0.270074,0.0697415,-0.10529,-0.271164,-0.45512,-0.653258,-0.840191,-0.992797,-1.08423,-1.08011,-0.9656,-0.745842,-0.450456,-0.117217,0.180252,0.353369,0.352279,0.204466,-0.00100081,-0.139788,-0.131557,-0.0145161,0.0923277,0.108631,0.0358401,-0.0597203,-0.111496,-0.112646,-0.086256,-0.0365605,0.0452677,0.17511,0.34739,0.495047,0.575034,0.562916,0.448003,0.266747,0.0697481,-0.0870438,-0.159821,-0.149278,-0.0925327,-0.0600134,-0.114553
0.67638,0.723549,0.824195,0.911321,0.976531,1.04166,1.14938,1.26031,1.29372,1.25531,1.18185,1.0767,0.931936,0.754901,0.559825,0.356402,0.158488,-0.0149778,-0.164434,-0.296333,-0.41695,-0.537654,-0.655921,-0.766284,-0.861528,-0.934445,-0.979643,-0.988475,-0.967863,-0.909374,-0.782734,-0.584386,-0.320131,-0.0241389,0.224575,0.346003,0.304627,0.155669,0.0279452,0.0143578,0.088208,0.143413,0.0718801,-0.133188,-0.364896,-0.502357,-0.497114,-0.385627,-0.232892,-0.0789372,0.0924411,0.264139,0.379274,0.438117,0.430452,0.362177,0.254441,0.130814,0.00813972,-0.0834275,-0.124816,-0.142098,-0.15781
1.45486,1.3037,1.26038,1.27141,1.31152,1.37465,1.47067,1.55455,1.53118,1.36346,1.09333,0.808354,0.556495,0.319715,0.0821266,-0.147081,-0.335461,-0.474975,-0.577653,-0.660994,-0.730685,-0.779052,-0.79847,-0.786607,-0.752345,-0.72238,-0.710301,-0.712818,-0.714536,-0.690849,-0.614729,-0.47551,-0.279312,-0.0479434,0.202361,0.427208,0.542512,0.491687,0.315734,0.146234,0.0824728,0.101449,0.0895787,-0.0598942,-0.307321,-0.500503,-0.537701,-0.447397,-0.290331,-0.138179,-0.00716128,0.14044,0.271636,0.387226,0.469258,0.487535,0.425833,0.298462,0.128385,-0.0381059,-0.158179,-0.204443,-0.219327
2.2725,1.95366,1.72672,1.65369,1.66184,1.69627,1.70578,1.64558,1.46548,1.13381,0.715924,0.350665,0.0968042,-0.0921049,-0.268662,-0.441117,-0.581914,-0.671592,-0.701164,-0.696051,-0.692681,-0.688878,-0.658737,-0.596792,-0.515149,-0.447807,-0.401961,-0.373984,-0.347474,-0.306005,-0.242497,-0.137081,-0.00382954,0.128758,0.260732,0.400726,0.524073,0.559658,0.45313,0.260422,0.098174,0.0240282,0.0109803,-0.0106689,-0.0979668,-0.219548,-0.300315,-0.308921,-0.250883,-0.154163,-0.0532701,0.0802086,0.236111,0.386956,0.514915,0.571208,0.509668,0.344864,0.132738,-0.0543305,-0.186689,-0.215965,-0.235779
