uploads/wind/20200722/wind_field_16.json
{"header": {"parameterUnit": "m.s-1", "parameterNumber": 3, "dx":  0.051, "dy": 0.036, "parameterNumberName": "northward_wind", "la1": 45.3082, "parameterCategory": 2,"nx": 177, "ny": 123, "refTime": "2018-10-03 01:00:00", "lo1":1.38177}, "data":
[rows 58 to 86 of 123, columns 66 to 131 of 177]
2.09084,1.94201,1.76234,1.58124,1.41922,1.27476,1.12759,0.975243,0.774254,0.584973,0.367514,-0.0199619,-0.443717,-0.625076,-0.394021,0.053733,0.613731,0.997322,1.05771,0.323909,-0.260504,-0.153372,0.590399,1.85957,2.48085,3.00667,2.53583,2.67925,3.84986,4.08639,3.16944,3.57941,4.04571,4.32575,4.61165,4.88927,4.81843,4.47581,4.16668,3.63948,3.70497,3.7964,4.20717,4.73665,5.0036,4.92484,4.63963,4.50847,4.54631,4.42682,4.62505,4.50675,4.63739,4.37777,4.22425,4.42817,4.42561,4.20269,3.89211,4.14362,3.56605,3.1846,3.32411,2.92689,2.29956,2.67365
2.15392,2.08401,1.97105,1.83844,1.71449,1.5673,1.39341,1.14173,0.927126,0.755724,0.218123,-0.435655,-0.743029,-0.543389,-0.0422102,0.518366,1.19938,1.29875,0.424854,0.108765,0.199953,0.325788,0.865086,1.86862,2.69168,2.98898,2.0912,2.32411,3.53669,4.55139,3.93404,3.36872,3.9314,4.73859,5.11602,5.05788,4.63286,4.12954,3.55491,3.81644,4.44285,5.10508,5.70196,5.89857,5.61681,5.24053,4.99597,4.92927,5.03087,5.19904,5.22919,5.34666,5.2957,5.30501,5.13098,5.24081,5.13513,3.96514,4.38549,3.77022,3.78079,3.03229,3.26521,2.61361,2.30121,2.83986
2.18293,2.15146,2.1148,2.05424,1.97563,1.80833,1.56502,1.32298,1.09661,0.369057,-0.906059,-1.29216,-1.24218,-0.635728,-0.0735966,8.00872e-05,0.790807,1.20813,1.18531,1.10772,0.70173,0.704783,1.33013,1.87482,2.533,2.906,3.36257,2.85943,3.65849,4.28226,2.94166,3.45578,3.48838,4.09326,4.75298,4.71377,4.22759,4.47363,4.3545,4.75372,5.31151,5.86429,6.07396,5.80058,5.37799,5.16411,5.093,5.12607,5.21854,5.33869,5.45807,5.39145,5.38352,5.14746,4.52407,4.47687,3.92348,3.18958,3.91004,3.07009,3.27472,3.31687,2.95703,2.53807,2.77161,2.70588
2.38523,2.31862,2.25731,2.13781,1.96267,1.69361,1.41325,1.13947,0.304552,-0.895857,-2.28563,-1.26291,-0.813697,0.244214,1.23573,1.32248,1.44102,2.19978,2.79896,2.45938,1.43474,0.54463,0.702027,0.994407,1.46326,2.49265,3.33886,4.18472,3.63969,3.25888,3.3236,3.0281,2.91334,3.82293,4.27599,4.60517,5.17957,6.08247,6.42395,6.32781,6.29358,6.09336,5.74025,5.33543,5.11988,5.15663,5.24828,5.32428,5.31903,5.21711,4.97757,4.54739,4.42138,3.73782,3.38283,3.06826,2.6801,3.09363,3.07134,2.78779,3.19405,3.13346,2.80242,2.96732,2.96062,2.80724
2.35199,2.16108,1.92576,1.69936,1.41448,1.10255,0.765543,0.146233,-0.955174,-1.26805,-1.68143,-1.26363,-0.940254,-0.45564,0.689371,1.0644,1.20981,1.88665,3.21408,3.82919,2.65982,1.7083,1.00779,0.331736,0.418052,1.07154,2.35575,3.85028,4.66567,4.48976,3.58282,3.29842,3.44011,3.49477,3.18404,3.7737,4.87577,6.70209,8.11853,7.84927,7.23555,6.54873,5.87264,5.47005,5.45198,5.59259,5.70458,5.64876,5.46086,5.13737,4.30351,4.06706,3.58181,3.17591,2.85365,2.53143,2.88036,3.09336,2.94194,3.21703,3.22021,3.02634,3.20386,3.21222,3.08426,3.29463
2.08074,1.78497,1.45277,1.14264,0.860608,0.480529,-0.0199955,-0.66211,-1.09449,-0.709391,-0.547436,-0.494104,-0.695246,-1.29643,-1.39621,-1.28024,-1.16392,-0.405936,1.16407,2.75487,2.84267,1.81373,0.935662,0.155037,-0.0030531,0.5393,0.993859,1.97447,3.74607,4.86292,4.5407,3.47494,2.93121,3.2854,3.867,4.5901,6.14731,6.95854,8.36754,8.71243,7.98636,7.14801,6.52188,6.20208,6.21209,6.28216,6.19736,5.91233,5.53278,5.28642,4.6077,4.2362,3.84585,3.40808,3.04451,3.29172,3.38296,3.28818,3.52798,3.59764,3.40109,3.49044,3.52252,3.2441,3.50649,3.58645
2.15969,1.82144,1.53084,1.31529,0.731707,-0.116225,-0.597365,-0.881685,-0.814744,-0.0880035,-0.440894,0.195922,0.170345,-0.44492,-0.547294,-0.163558,-0.185306,-0.00856164,0.813168,2.1465,2.50868,2.15813,1.24369,0.753958,0.27831,0.501627,1.19323,1.61112,2.56349,4.49155,5.28197,4.568,3.35476,2.87514,3.56081,4.40779,4.39431,3.8188,7.47171,8.63051,8.37624,7.68011,7.11583,6.95503,6.86851,6.68836,6.35205,6.05843,5.82879,5.04178,4.88108,4.58993,3.95821,3.56067,3.85564,3.81498,3.63672,3.9717,4.10115,3.48726,3.82172,3.97033,3.27563,3.71135,3.39135,3.69065
2.1337,2.14817,2.06065,1.72649,1.08772,0.659495,0.413559,0.283029,0.613715,1.0816,0.626914,1.34258,1.33426,0.850774,0.280067,1.0311,1.27868,0.803246,0.596147,0.703238,1.23581,1.19563,0.44734,-0.298059,-0.899218,-1.3017,-1.22627,-0.75515,-0.436401,1.00555,3.82716,5.27905,4.47364,3.69076,3.08954,3.01336,5.626,6.30312,7.27244,8.28685,8.17423,7.74754,7.40347,7.25287,6.99165,6.59936,6.09818,5.87894,5.6312,4.62088,4.59418,4.2503,3.72933,3.9642,3.87609,3.66512,4.05906,3.88414,4.29288,3.5386,3.74149,4.05912,3.42127,3.85289,3.23093,3.564
3.43659,3.82657,3.4594,2.04896,3.01593,3.08293,3.23538,3.48347,3.39711,3.37871,3.01375,2.81613,2.30151,2.15511,1.39094,1.21794,1.73676,1.34683,0.762717,0.403309,0.0831491,-0.3751,-0.926157,-1.42338,-1.66884,-1.45644,-1.18739,-0.820483,-0.564297,-0.177482,1.75994,4.32647,5.56769,4.29503,3.88229,1.84565,2.84314,5.65906,6.82497,8.1226,7.97699,7.87502,7.5566,7.34891,6.88366,6.27183,5.96796,5.37001,4.6115,4.47334,4.43939,3.39754,3.94364,4.1029,3.67635,3.91626,3.92225,3.4529,4.0984,3.32355,3.94478,3.62563,3.83132,3.69116,3.59683,3.46538
3.74509,4.23913,3.63368,4.14448,3.78685,3.52404,3.23711,2.83166,3.51189,3.76749,3.91269,3.27058,2.75508,1.64474,0.355288,-0.426476,-0.355704,-0.1902,0.0623243,0.173565,0.266837,0.102562,0.127113,0.040771,-0.0807331,-0.147716,-0.346987,-0.678486,-0.840712,-0.842839,-1.3791,0.316176,3.85186,4.72375,3.99211,2.32335,1.35553,4.94801,6.84842,6.42331,6.5672,6.30109,6.91085,6.81186,6.76136,6.29486,5.48486,5.15702,4.50104,4.26991,4.55868,3.77258,4.26393,3.76917,4.22739,4.17251,3.59649,3.71964,3.61678,3.20645,3.98221,3.50453,3.36594,3.62821,3.54298,3.572
3.71033,4.85807,5.16287,4.44717,4.39627,3.22132,2.59071,0.763584,0.97633,2.36142,3.38772,3.23161,2.11327,0.84574,-0.0763342,-0.596821,-1.04843,-1.38244,-1.43359,-1.04913,-0.916546,-0.814788,-0.664105,-0.597501,-0.739142,-1.10563,-1.37576,-1.14607,-0.928415,-0.581156,-0.129187,-0.946994,1.46012,3.79231,3.90202,2.86611,0.374051,3.98928,4.6395,5.59534,5.41137,5.10478,5.07161,5.46043,6.0431,6.0821,4.89055,5.09828,4.69999,3.93416,4.57235,4.78475,4.83815,4.05618,4.09393,3.56154,3.82086,3.71353,3.4212,3.70457,3.62159,3.72516,2.85139,3.13939,2.90072,3.30523
3.0789,2.9342,4.20127,4.84926,4.27714,4.49552,3.50314,1.73399,2.18698,1.91093,2.1302,2.28205,1.5574,0.718078,0.374957,0.509613,0.982435,1.40383,1.33871,0.743521,0.45189,0.423893,0.269312,-0.0382957,-0.32815,-0.37216,-0.283512,-0.229911,-0.22088,-0.177672,0.629047,-0.190699,-0.123439,3.2938,4.47452,3.40521,1.32174,3.89324,4.52909,4.64567,3.79984,3.44089,4.41227,5.05752,5.12485,5.41766,5.31375,4.8558,4.13221,3.90687,4.62507,4.59722,4.51796,4.52786,3.37624,3.50605,3.56869,3.52387,3.85154,3.61105,3.66637,3.52891,2.86214,2.62733,2.5812,3.07959
2.98049,2.61852,3.26449,4.20846,3.0303,4.63725,5.00401,4.49433,3.6898,3.1516,2.73256,1.9001,1.24876,0.486575,0.0131045,-0.161842,0.334654,1.16531,1.10586,1.03381,0.506831,0.119368,-0.110924,-0.665505,-0.841003,-0.892004,-1.06371,-1.27992,-1.24383,-1.40094,-0.949629,-0.602994,-1.38309,1.42899,3.84844,2.93474,2.38156,4.16008,4.77961,4.77362,4.37897,4.48068,3.66001,4.21443,3.80882,4.60577,4.1423,3.41462,2.99206,3.98381,4.08657,3.55818,3.55492,4.00056,3.3532,4.01911,3.56297,4.01423,3.76027,2.96161,3.2008,2.91505,2.66465,2.2004,2.69211,2.68822
3.44733,3.4393,2.61574,2.71695,4.59556,5.85165,5.13884,4.7484,4.68712,3.58219,2.74467,2.55372,2.01066,1.69403,1.31178,0.566345,-0.109813,-0.611573,-0.635142,-0.971686,-1.32749,-1.90833,-2.18416,-2.16335,-2.23589,-2.32685,-2.33717,-2.10287,-1.52399,-2.01576,-1.53391,0.187812,-0.403694,0.139366,1.98557,2.20551,3.00182,4.39491,4.46153,4.86849,4.0745,3.96376,3.51106,2.29479,3.81099,3.31313,2.48345,2.05548,2.49236,3.46005,2.85742,2.52211,2.74974,3.10834,3.5292,4.21194,4.52005,3.9397,2.86751,2.41203,2.32409,2.27793,2.22191,1.8909,2.34116,2.0804
3.43928,3.52818,3.51456,2.60203,2.73449,4.39563,6.15676,5.25416,4.26854,3.84085,3.07684,2.81364,2.54884,2.26112,1.689,1.34382,0.876282,0.512489,0.28578,0.157867,-0.0582196,-0.444694,-0.606395,-0.691319,-1.07219,-1.38075,-1.41671,-1.17004,-1.12791,-0.965246,-0.855086,1.15149,3.9421,3.17032,2.95287,3.05316,3.28734,3.96513,4.41515,4.15079,3.38791,2.77534,2.68334,3.51868,3.61597,3.62452,3.63276,2.98921,2.6683,1.96136,1.1769,1.04007,1.40375,2.05122,2.57613,3.96658,3.7526,2.43367,1.90875,1.89402,1.96592,2.10667,2.12736,2.06323,2.0314,2.02243
3.6803,3.12277,3.42664,2.7859,2.24415,2.43792,4.98353,4.42228,4.68396,3.04669,2.24034,1.96209,1.56275,0.824203,0.265646,-0.135934,-0.462072,-0.780193,-0.83883,-0.948046,-1.02584,-1.0966,-1.33137,-1.35859,-1.49804,-1.58806,-1.4863,-1.22188,-1.0354,-0.8431,-0.850457,-0.509623,1.3876,2.21663,3.11354,3.60033,3.20522,3.97679,3.46538,3.6202,2.97271,1.73965,2.91343,3.87959,3.63944,3.2307,1.49458,2.01964,0.899992,0.148746,0.126269,0.688309,1.37162,1.71583,1.45831,2.21169,1.59528,1.29041,1.55771,1.88817,2.16736,2.35073,2.42592,2.49227,2.51777,2.53168
3.66797,3.2782,3.13541,3.43038,2.52262,2.35505,3.52027,4.30498,3.0559,3.22848,2.84733,1.992,1.52677,0.966084,0.663254,0.593601,0.494706,0.223392,-0.138264,-0.252646,-0.439543,-0.67838,-0.730072,-0.70878,-0.547061,-0.772343,-0.747386,-0.449959,-0.114421,0.0577244,0.217323,0.293397,0.813956,1.77491,3.60557,4.1901,3.44631,3.93607,4.08749,2.82174,2.88104,3.43679,3.87262,3.11255,3.11765,2.67469,2.24194,0.64372,-0.0333127,-0.388489,0.414405,1.34864,1.67937,1.60036,1.22095,0.980376,0.946021,1.25184,1.6369,1.97608,2.24467,2.51766,2.72313,2.79581,2.83302,2.83093
3.85316,3.77455,3.14679,3.12306,3.37432,2.68325,2.19315,1.70164,2.37093,1.95222,1.55116,1.40674,0.762667,0.10754,0.0460221,0.075329,0.203564,0.284982,0.073586,-0.271481,-0.582343,-0.821023,-1.08695,-1.45414,-1.47317,-1.61081,-1.41936,-1.24805,-0.975586,-0.519332,-0.230382,-0.366071,-0.695945,-1.0253,0.935383,3.73291,3.0511,3.7022,3.90181,3.18319,3.32815,4.29715,4.59314,4.13208,3.49014,3.06014,2.66525,2.45497,2.26532,0.851274,1.11678,1.48888,2.09825,1.64296,1.56028,1.87384,1.98299,1.92807,1.94333,2.04356,2.20717,2.30513,2.34925,2.4508,2.49251,2.51635
4.12024,4.17208,4.16102,3.43072,3.32088,2.68279,1.74217,1.66763,1.42798,1.04491,0.856174,0.640726,0.455103,0.50673,0.399048,-0.0188636,-0.234902,-0.125089,-0.0284875,-0.107641,-0.528135,-0.984219,-1.44822,-1.46322,-1.13529,-0.635606,-0.52546,-0.699921,-0.971747,-1.04031,-1.18025,-1.34675,-1.37047,-1.32687,-0.0392254,2.15811,2.30623,2.81208,4.56084,3.65456,3.34279,3.26624,3.71088,3.76185,3.52305,3.99395,4.11413,3.56525,3.5874,3.39831,2.88311,2.43645,3.31707,4.19298,3.36099,2.58828,1.99605,1.58103,1.546,1.69222,1.83757,2.0555,2.0883,2.04505,2.21219,2.34018
4.50858,4.43308,4.44811,3.70873,3.73659,2.87782,2.54382,2.12633,2.35474,2.09824,1.72595,1.55067,2.00247,2.29612,1.76432,1.1292,0.832822,0.608969,0.934224,1.39321,1.63721,1.38075,0.865914,0.901563,1.13629,1.38343,1.54271,1.40971,1.14299,0.600522,0.453894,0.764483,0.675565,1.00116,0.595463,0.833082,1.76729,2.22035,2.96415,3.61465,3.52277,3.12425,3.54061,4.10578,4.03104,4.01103,4.70281,4.30673,4.31115,4.05325,3.35703,2.50812,3.73613,5.33207,4.28055,2.3452,1.12523,0.620588,1.26245,1.75583,1.72016,1.68512,2.03416,2.34342,2.2292,2.05246
4.77824,4.26368,4.46349,4.41337,3.53711,3.26421,2.44087,2.08368,1.28,1.24693,1.03466,0.728774,0.40024,0.0560977,-0.589481,-1.08622,-1.27351,-1.30386,-1.17744,-0.593261,0.517172,0.748596,0.74465,0.467471,0.380029,0.247662,0.158459,-0.017489,0.0356469,0.211509,0.327562,0.658221,1.06377,1.00384,0.70766,0.569183,0.977161,1.3846,1.77195,2.0588,2.43204,1.64713,0.849269,1.72042,3.09673,2.57256,3.12941,4.30093,4.3534,3.79028,3.5592,2.4545,1.83258,4.68966,4.95866,4.01947,2.6434,2.09105,2.78795,3.31361,2.76982,2.46726,2.11617,2.25154,2.40215,1.98054
4.74428,4.75491,4.55073,4.20079,3.08065,2.65586,1.62343,-0.467319,-0.939408,-0.655316,-0.302696,-0.275589,-0.450229,-0.432276,-0.243352,-0.187522,0.184865,0.601147,0.768613,1.15276,2.02455,2.38531,2.2192,1.8945,1.39325,0.999158,0.729358,0.632438,0.980555,1.06757,1.16612,1.06026,1.31171,1.86047,1.7283,1.69197,1.75716,1.93591,2.02524,1.89863,1.50959,0.554287,-0.801307,-1.07249,1.02111,1.13063,2.79799,4.26695,3.62665,3.17476,3.50679,2.68462,1.74982,1.99492,3.13214,3.82147,3.57163,2.51168,3.05272,4.39091,4.46174,3.3837,3.22852,2.60467,2.16242,2.21247
5.6185,4.76848,4.62548,4.90843,3.9545,2.17449,0.410079,0.758631,1.35353,1.42843,1.29166,1.0473,0.670306,0.542316,0.323804,0.614382,1.09293,1.41183,1.29056,1.03314,1.02892,1.19286,1.72054,1.85876,1.65472,1.57627,1.3805,1.05922,1.06703,1.12287,0.744667,0.0857337,-0.121495,0.444706,0.997385,1.30832,1.63159,2.00607,2.18604,1.95437,1.72261,1.33977,-0.252394,-0.210939,1.79204,2.73493,3.90847,4.14507,3.61255,3.30797,3.09174,2.77293,2.6512,2.21424,2.58358,3.10354,3.59435,2.40119,1.06227,2.61746,3.77989,4.81795,4.82506,3.58903,2.40757,2.11048
5.26403,4.06324,4.27885,3.5695,1.94111,0.506105,0.800659,1.5153,1.97597,1.68755,1.32044,1.14064,1.4028,1.37371,1.87338,1.81775,1.62236,1.3384,0.969701,1.12985,1.33738,1.98821,2.02984,1.77595,1.65422,1.27408,1.23321,0.954061,0.852792,0.652824,0.141523,-0.57868,-0.844118,-0.596786,-0.346437,-0.223523,-0.331464,-0.9351,-0.98649,-0.698097,-0.219427,0.642356,0.750997,1.04497,1.95319,3.29276,4.20359,3.70801,3.15439,2.10251,1.40896,1.0963,1.79781,3.28354,3.30639,3.27675,3.24308,2.26756,0.999109,2.38948,3.67731,3.65463,4.57448,5.0446,4.49725,2.24768
4.19061,3.0611,2.44509,1.71751,0.910557,1.49002,0.61878,-0.729968,-0.932164,-0.998443,-0.816434,-0.366518,0.895096,2.02529,2.54573,2.34507,1.67465,0.689695,0.687937,1.4115,2.19943,2.94814,3.44701,2.76364,1.41466,0.532785,0.139867,0.549725,0.616188,0.301586,-0.257334,-0.759806,-0.88689,-0.722364,-0.12755,0.215548,-0.055215,-0.306562,-0.900143,-1.71396,-2.14969,-1.21674,1.15168,0.488417,1.85709,2.5921,2.85325,3.11869,2.8055,1.0864,-0.607185,-0.456453,-0.313758,3.48389,4.92714,3.67677,3.34512,3.07167,2.37275,1.05211,1.78496,3.74936,4.40472,4.67748,4.42739,4.03964
3.02495,1.72576,0.187949,-0.204306,0.877158,0.440504,-0.474997,-1.1349,-1.47471,-1.78893,-1.54281,-1.24037,-0.815713,-1.07456,-1.4743,-1.79279,-1.7081,-1.73607,-2.07665,-1.30459,-0.463938,0.71026,1.55309,-0.170635,-1.95222,-3.0026,-2.72988,-1.30447,0.0534526,0.303657,0.391961,0.614486,0.574217,0.494133,0.704866,0.847055,0.502945,0.705548,1.12794,0.451264,-0.26695,-0.188307,1.49743,1.60528,2.31375,2.77785,2.67948,2.65348,3.09301,2.50549,0.0584457,-1.3167,-3.30905,1.50692,4.89577,4.28656,3.75224,3.44534,2.81392,1.71897,2.45546,3.36293,4.83982,4.70791,3.98273,3.45341
0.520505,-0.378167,-0.822347,-1.81308,-1.78035,-0.958792,-0.678682,-0.967282,-1.46236,-1.28791,-1.09921,-1.31,-2.17487,-3.6249,-3.98713,-3.23599,-2.23437,-1.8848,-2.26578,-2.33666,-2.15139,-0.700696,-1.07857,-4.41267,-5.64778,-5.36548,-5.60061,-3.79566,-1.39866,0.0800426,0.436676,0.420529,0.366704,0.703702,1.20048,1.11565,0.784859,1.18055,2.39064,3.88923,4.01771,3.4734,3.26524,3.36817,3.46926,3.3071,3.20035,2.13719,1.21314,1.2565,-0.0650767,-1.39094,-1.87029,1.56624,4.60313,5.97427,4.24651,2.47457,2.44804,3.76656,4.17695,1.45175,2.01225,2.59065,1.86003,2.35961
-0.0436858,-0.284845,-0.931254,-1.37232,-1.89212,-0.957522,-0.397479,-0.0588429,-0.242508,-0.402006,-0.211822,-0.771473,-2.31832,-3.52694,-3.3168,-2.97214,-2.36145,-2.6965,-3.36146,-3.27477,-3.45082,-2.91902,-4.32366,-5.4702,-5.14369,-4.76005,-4.94738,-4.46339,-2.5501,-0.788459,-0.257934,-0.172837,0.310727,0.368843,0.713762,0.894349,1.38827,2.03705,2.78226,3.69257,4.83418,4.2345,3.53248,3.09019,2.03371,3.39082,4.20232,2.66339,0.36761,0.205557,0.154104,0.633283,1.32319,2.29684,4.49656,5.88154,3.84738,2.67968,2.75569,4.03726,2.19161,0.07617,0.765373,0.248054,0.348612,0.805417
0.255436,0.287019,-0.141958,-0.300957,-0.488715,-1.44818,-1.68914,-0.715941,0.845543,1.97579,1.42329,-0.952092,-3.04358,-3.26932,-3.61879,-3.92394,-3.77619,-3.95717,-4.25183,-4.14488,-3.94953,-4.30056,-5.42009,-6.2113,-5.83424,-5.73548,-4.82833,-3.56478,-2.14642,-0.96864,-0.292005,-0.478504,-0.235609,0.951063,1.7304,1.44307,1.36537,1.56811,1.01794,0.583525,1.51282,2.64433,2.79434,3.22607,3.70744,4.05681,3.96829,2.75964,1.34903,2.24596,2.11004,1.63853,1.8504,2.01464,2.47716,4.01133,3.91241,2.98203,2.42236,1.68536,1.79764,2.04373,2.25976,2.3755,2.22735,2.13344
