uploads/wind/20200722/wind_field_24.json
{"header": {"parameterUnit": "m.s-1", "parameterNumber": 2, "dx": 0.051, "dy": 0.036, "parameterNumberName": "eastward_wind", "la1": 45.3082, "parameterCategory": 2,"nx": 177, "ny": 123, "refTime": "2018-09-30 00:00:00", "lo1":1.38177}, "data":
[rows 84 to 111 of 123, columns 65 to 129 of 177]
0.940058,0.0498614,-0.188068,-0.408612,-1.15704,-1.53423,-1.6848,-2.13898,-2.13425,-2.73286,-3.25525,-2.85462,-2.42047,-0.05914,2.21853,3.39278,2.15266,1.13229,0.635026,0.348825,0.673691,1.93133,0.959208,-1.95212,-3.71989,-1.82443,0.457412,0.281924,-1.99708,-3.36578,-2.04609,-0.0473053,-1.47713,-2.38785,-2.06977,0.161134,2.00406,1.74901,1.47824,2.26939,1.83349,-1.97703,-1.22957,2.2631,1.59457,2.28914,3.57523,-1.91298,-3.22144,2.33949,0.887611,-2.92513,0.0401305,3.78717,4.04044,1.00043,-3.8644,-0.989124,3.43561,1.851,1.14951,2.88661,3.70664,2.292,2.71785
0.368423,-0.198266,-0.262634,-0.327533,-0.639313,-0.616676,-1.48935,-2.52262,-3.19098,-3.51774,-3.52807,-2.12947,-2.08216,-0.142833,1.74715,1.40015,-0.0904178,0.365491,-0.162379,-0.33447,0.633076,1.51049,1.96989,0.73864,-1.23816,-1.88452,-0.606278,-0.251378,-2.00754,-3.33778,-3.0113,-1.28495,-0.219894,-0.347584,-1.79086,-1.12686,-0.752842,-0.76546,1.42453,4.03079,4.30408,-1.32711,-3.94445,1.14269,3.30964,4.66582,2.905,-2.37736,-0.026598,1.20179,-1.87629,-2.11732,1.56153,4.28218,4.76796,4.53858,-0.272982,-3.05272,-0.0688651,2.34442,3.93266,4.18236,3.05971,2.08087,2.54555
-0.027792,-0.356742,-0.850385,-1.44719,-1.07367,-0.711584,-1.10631,-1.74078,-2.60263,-2.91904,-2.24368,0.589101,1.30348,0.11407,-0.921696,-1.84197,-1.61804,-0.439353,-0.770303,-1.15831,0.627421,2.69625,4.2623,3.87021,1.29971,-1.13241,-0.608588,-0.243185,-0.438044,-1.15015,-3.0243,-3.51828,-1.59085,1.13947,1.50064,-0.961165,-3.30004,-2.66786,2.87624,6.36358,5.01812,-0.723627,-4.37644,-1.56794,3.03274,4.39882,-1.21961,-3.56804,1.15044,1.62497,-1.57537,-1.70904,1.3626,5.30044,6.16578,5.5705,0.707638,-2.43217,0.740143,4.04795,4.24346,2.98232,1.4305,1.8176,2.63115
0.339114,-0.44441,-1.22016,-0.923265,-1.00134,-1.16601,-1.09429,-1.54936,-2.69763,-2.74668,-1.45142,1.74058,2.72498,-0.674525,-2.78722,-2.17235,-1.46803,0.0419572,0.149158,-0.33303,1.34896,3.3955,4.40393,3.91064,0.252629,-2.2129,-1.3835,-0.715923,0.187229,0.890256,-1.31318,-3.59011,-3.80356,-0.913616,0.971602,0.617415,-3.02959,-3.19217,3.27509,6.92076,2.71143,-2.36079,-3.70493,-1.04937,4.30625,4.5714,-2.70518,-5.16889,0.253063,2.4595,1.36901,0.487349,1.75768,5.33975,6.65538,3.8904,-1.77328,-1.22071,2.60914,3.44578,2.44841,2.05785,1.74145,2.31014,3.42329
0.291427,-0.501769,-0.756827,-0.268086,-1.36934,-2.21219,-0.94243,-1.55768,-3.19732,-3.08174,-0.139016,2.95952,2.02823,-2.10671,-3.44296,-1.13239,0.0499603,1.02425,0.73139,0.790366,2.21971,3.3762,3.43645,2.0396,-0.981336,-3.07124,-2.53977,-1.25489,0.168931,1.15366,-0.402915,-2.66107,-3.67662,-4.2855,-1.84252,1.03128,-0.282546,-2.13496,1.83408,4.33037,1.26474,-0.743718,-3.08949,-0.645113,4.64887,4.16897,-3.03005,-4.02477,-0.00769892,3.74062,4.62494,4.07211,2.62839,3.8495,6.07908,0.793857,-4.59567,-0.702894,2.01722,3.15985,2.88336,3.49719,3.54846,3.05375,3.44767
-0.216531,-0.567219,-0.87766,-0.754982,-1.55135,-2.21306,-0.588547,-0.318025,-1.94993,-1.86624,0.351252,0.9125,-0.765325,-2.82904,-2.40822,-0.195937,0.654916,0.192374,-1.74784,-0.635668,3.03702,4.11027,2.34628,-0.450361,-1.86116,-2.16227,-2.55828,-1.68019,0.187789,0.667572,0.127186,-0.522221,-2.02692,-4.21201,-4.4654,-0.0779706,2.07013,-0.746387,-1.05459,0.206479,1.45656,3.96031,3.66409,1.2047,0.931873,1.4847,-0.98095,-1.12413,1.96342,5.05228,4.99772,4.33143,2.49455,2.54103,3.50543,-0.772134,-2.90252,-1.41793,-0.156192,2.84105,4.52498,4.21303,4.16594,4.76629,3.3956
-0.52653,-0.9137,-1.3153,-1.96257,-2.12844,-1.62416,-1.63532,-1.38918,-1.9144,-1.76529,-2.03674,-2.87276,-1.74826,-1.53147,-2.27126,-0.797271,0.675641,0.999673,-0.992182,-0.459989,3.25563,4.21763,1.77702,-1.48681,-2.88393,-2.91371,-2.89812,-2.24992,-0.0465601,0.790275,0.469663,0.473066,-1.192,-3.84789,-4.33877,0.158561,2.56758,-1.62067,-2.92597,-1.03963,3.2381,6.74447,4.15039,-2.34233,-0.363491,3.60127,1.88843,0.45932,3.3765,5.13249,5.41888,4.09524,2.2054,2.36298,2.12911,-2.40864,-1.26899,0.0719769,-0.844132,1.55396,3.33295,1.70616,1.71532,4.25785,3.36861
-1.38292,-0.936037,-1.1787,-2.55463,-2.43853,-0.992236,-0.857783,-2.14761,-2.34849,-1.60392,-2.24372,-2.7574,-1.69659,-0.932425,-2.28022,-1.55333,1.16225,1.8735,0.855838,1.135,2.98755,3.44548,0.806416,-1.51563,-2.94693,-3.93428,-4.22361,-4.03747,-1.55711,0.338303,1.26806,0.845621,-2.77151,-4.58113,-3.42146,1.09694,1.99918,-3.08379,-3.99618,-0.467942,4.46374,6.5357,2.10343,-1.82912,3.05595,5.88364,4.23631,1.93032,2.72027,4.20521,4.53944,2.81503,1.70039,2.03979,0.361956,-2.00323,0.485936,1.40365,-0.28604,0.540074,1.72786,0.858626,0.352133,2.47923,2.57186
-0.844145,-1.07771,-1.05521,-2.12706,-2.77666,-1.97298,-2.03796,-3.28751,-3.14541,-1.03132,-0.71945,-2.36342,-2.82653,-1.85639,-2.00936,-1.34539,0.674737,2.38202,2.4015,2.50036,2.82636,2.36546,0.432344,-1.80857,-2.7172,-3.33673,-3.90228,-3.62914,-3.3948,-1.18958,2.48834,2.06698,-3.7539,-4.83626,-1.73678,0.917166,1.55868,-1.62208,-4.23604,-1.27915,3.16617,4.79939,2.17282,2.7637,5.84384,6.3375,4.20555,1.88833,3.03012,3.12565,2.97725,2.32403,2.87393,2.98225,0.816545,-0.542694,0.717981,0.993078,0.0308881,0.148527,0.424443,0.0514243,0.088253,1.33773,1.37774
-1.20983,-1.38742,-0.8689,-1.397,-2.96039,-2.59527,-2.24015,-3.04045,-2.7682,-1.18081,-1.39358,-3.08788,-2.91793,-1.2528,-1.18926,-2.2007,-1.13063,0.31417,2.66224,2.54534,0.515369,1.14811,0.86055,-1.02503,-3.02796,-3.32654,-3.04001,-2.14651,-2.64953,-2.25954,0.756818,-0.945208,-4.63598,-3.25646,-1.55368,0.344227,1.54708,-0.741388,-3.68267,-3.19073,0.854866,3.73041,4.96268,6.02552,5.16108,2.81185,2.19853,2.43029,2.59095,2.97119,3.10375,3.4968,4.01163,3.78901,2.20484,1.0549,0.740762,0.303713,0.306521,0.631347,0.0246587,-0.402154,-0.0353447,0.352687,-0.148938
-0.728127,-0.870114,-0.336563,-0.602081,-1.59469,-3.14116,-2.48367,-0.672919,0.039248,-1.74579,-3.41896,-2.7915,-1.0985,-0.828165,-1.51926,-2.10495,-1.99926,-0.524528,2.93019,2.44871,-1.61796,-1.08499,1.68338,0.37134,-2.73297,-3.99292,-2.77637,-0.0796482,-0.277036,-1.357,-1.71809,-4.55868,-4.09896,-0.648249,-0.427453,-0.729785,0.661816,0.0160355,-2.15092,-3.33091,-1.08417,2.084,5.85517,6.08334,4.32507,2.88626,3.33552,4.06733,4.0051,4.50632,4.46683,3.97512,3.98012,3.85002,2.77997,2.47342,2.13135,1.2955,0.896415,0.880063,0.0556299,-0.332628,0.149622,-0.119336,-1.65696
-0.901214,-1.29817,-0.576427,0.0935101,-0.45756,-2.10856,-1.866,0.650412,1.85577,-0.473113,-1.63523,-1.37748,-1.92112,-1.89625,-0.891476,-1.44963,-1.47686,0.759542,3.16833,1.58487,-3.16406,-3.02049,1.08865,1.97246,-0.103098,-3.05361,-2.60278,1.09831,0.944338,-1.67203,-2.76697,-4.10839,-3.54407,-2.46944,-2.20492,-1.4719,-0.852182,0.678709,1.17882,-1.89654,-2.83626,0.646558,4.55132,6.41319,6.07147,4.37163,3.83104,4.26021,4.60043,4.8648,4.17124,3.46609,3.70911,3.43183,2.49358,2.01089,2.47131,2.69509,1.94225,0.956696,0.0849992,-0.632667,-1.72337,-1.969,-4.14596
-1.75546,-2.46975,-1.01208,-0.801893,-0.829341,-2.08335,-1.59239,0.355232,1.11093,0.455403,1.1829,1.03079,-1.85038,-3.07748,-2.13095,-2.47772,-2.11234,1.65129,3.52886,0.83853,-2.80988,-3.65534,-0.10697,2.19106,2.26733,-0.3992,-2.20868,-1.37986,-1.35591,-0.674212,-0.621739,-2.83882,-4.56274,-4.25663,-3.73403,-3.25204,-1.51161,1.97132,4.39504,0.372712,-3.81171,-1.4888,4.92842,7.32778,6.21654,2.86778,1.5694,2.1341,3.98754,4.64765,4.11275,3.95443,4.01482,3.76156,2.78036,2.64834,2.57849,2.55451,2.30357,1.00059,0.450625,-0.202905,-2.34337,-4.5932,-4.06216
-0.801999,-2.3065,-1.5719,-0.868387,-0.763513,-1.27839,-1.48634,-1.79789,-0.88048,0.194858,1.19166,1.83938,0.0845499,-1.73525,-1.85125,-2.25514,-2.01769,1.45961,3.70222,0.379944,-1.70631,-3.24936,-2.53021,0.71616,4.30776,2.77224,-1.69386,-3.22688,-2.84434,0.31834,0.998315,-2.15062,-3.26207,-1.95379,-1.52922,-2.83667,-2.17074,1.30613,4.62101,0.942127,-4.01134,-0.437136,5.01456,6.67704,6.09786,4.15115,1.26072,1.24294,2.81258,2.31389,1.90395,3.23339,4.00745,3.83716,2.71598,2.04921,2.11643,2.1312,1.57722,0.490128,0.596064,1.04102,-1.96699,-4.66505,-3.52697
-1.11244,-1.08411,-1.03857,-1.04467,-1.58809,-1.79821,-1.95308,-2.29879,-2.05692,-0.619233,-1.01044,-1.13566,0.135436,0.0747732,-0.278702,-1.06903,-1.97586,0.577658,2.57005,0.472059,-1.61543,-2.71812,-2.85808,0.1238,3.79899,1.7897,-0.964967,-2.82901,-2.37719,-0.87311,-0.446542,-0.978413,-1.51644,-1.35226,-2.80765,-4.29903,-4.01195,-0.43968,1.57822,0.297107,-3.67966,-1.02774,4.14632,5.52998,6.03575,5.81814,2.66672,1.33947,2.41595,1.11303,2.52936,4.38713,4.67668,4.13875,3.53108,2.18794,1.59993,1.41497,0.646552,0.010111,0.704818,1.84017,-0.660077,-4.21744,-3.45746
-0.450515,-0.713652,-0.402975,-0.675667,-2.28082,-2.82589,-1.69423,-1.92764,-2.90665,-0.779874,-1.07671,-3.03037,0.142923,2.5755,0.975781,-1.92706,-2.95911,-0.173501,1.48523,-0.620926,-1.30699,-1.13333,-1.58198,-0.487634,1.38215,1.88565,0.504548,-1.6825,-2.61068,-2.6439,-1.32714,-0.248988,-0.602775,0.75601,0.0489812,-4.61821,-4.51804,-2.60487,-2.22876,-2.19355,-1.86395,-2.08581,1.26153,5.4098,6.75587,6.03427,3.56153,2.10609,3.07121,3.23248,4.09966,4.59471,4.14482,3.9592,3.28315,2.12558,1.15995,0.634925,0.0872877,0.0513471,0.777979,1.56582,-0.249152,-3.28545,-3.44173
0.605958,-0.0504616,-0.760141,-1.58637,-2.87934,-2.3178,-1.37023,-2.71949,-2.16261,1.33563,0.167418,-2.77827,0.215992,2.05699,-1.20045,-3.33421,-3.59253,-0.369299,0.56015,-2.15979,-1.86701,-1.59455,-1.89091,0.00246029,1.58979,2.74248,2.32733,-1.50397,-3.6769,-3.10709,-1.24543,-1.02766,-0.199099,2.34936,3.0891,-1.76736,-3.49358,-1.84888,-3.73749,-2.43549,-0.0728851,-2.22597,-0.703583,5.21978,6.32889,4.591,2.43776,2.294,2.61,3.62855,4.95127,4.49728,3.43097,3.22281,3.0038,1.45938,0.367327,-0.342315,-0.458436,0.123596,0.875419,0.645746,-0.0662617,-1.81242,-3.19176
0.738091,-0.746202,-0.755216,-0.973501,-1.72817,-1.66447,-1.75956,-2.59485,-1.18294,0.859915,-0.918229,-2.13643,0.974736,0.760717,-3.08236,-3.94982,-3.33695,-1.75363,-1.27552,-3.49583,-3.23464,-3.05262,-2.88008,0.718526,3.71824,4.55989,3.11788,-1.24619,-4.25729,-3.59936,-1.60246,-1.9589,-0.0223505,3.16384,3.40423,1.91466,0.138631,-2.09429,-3.59492,-1.86884,-1.5383,-3.7489,-0.815656,4.44668,4.61171,3.07349,4.2653,5.34749,4.40104,4.24334,4.32394,4.11723,2.49262,1.68431,1.26608,0.608102,-0.705334,-1.63717,-1.13434,0.0303588,0.787067,0.449657,0.942579,-0.200817,-2.67668
0.854932,-1.90766,-1.9466,0.428588,0.466901,-0.0942637,-0.4471,-0.86564,-0.429506,-0.32507,-2.75786,-2.02478,1.06926,-0.378648,-2.86026,-3.38153,-3.19736,-1.76756,-1.12849,-3.17489,-3.5958,-1.11079,-0.0954008,1.17287,3.43546,4.04424,-0.0373429,-2.34559,-1.85586,-1.88052,-2.83724,-4.14707,-0.5949,3.30997,3.52405,4.43188,1.56107,-2.30913,-4.01185,-2.48109,-2.79336,-3.70502,-1.54681,2.26885,3.44226,4.31595,6.48497,6.1538,5.24498,4.12902,4.30102,3.98034,1.22775,-0.270174,-0.74281,-1.10615,-1.19998,-2.08611,-1.22283,-0.422743,0.205655,0.81155,1.55997,1.04699,-1.91719
0.0129281,-2.01027,-2.16984,0.599496,0.934539,-0.227494,-0.297616,-1.12973,-2.35345,-1.63404,-2.7138,-2.06333,-0.725013,-2.49816,-1.98217,-1.37118,-2.65057,-1.45127,0.442387,-1.71995,-3.7335,0.629495,2.99328,1.99728,3.36612,2.36186,-2.67488,-2.56937,0.0173284,0.045683,-3.20728,-3.51592,0.910164,4.26579,4.53834,4.24782,0.409589,-3.14088,-1.14182,-0.686271,-3.14319,-3.45187,-1.95404,1.35349,3.16565,5.01311,6.84241,6.25807,5.25849,4.87168,4.4694,3.00939,0.371407,-1.43699,-2.02005,-1.4995,-1.58844,-1.10204,-0.902753,-1.10262,-0.910164,0.718777,2.58866,1.77932,0.34456
0.117135,-1.74527,-1.49078,-0.0807924,-0.471202,-1.26325,-0.983203,-1.63851,-2.93319,-2.14428,-1.18286,-0.690334,-2.20012,-4.45127,-2.35308,-0.0384988,0.0630843,1.22917,1.98037,-1.33941,-4.01896,-0.61861,2.23169,3.24783,2.13028,-2.6589,-4.98755,-4.61715,-0.89687,-1.08156,-2.77716,-1.51833,3.24484,4.96378,4.5413,1.63019,-3.18499,-3.71105,0.990135,2.15281,-1.67632,-3.27066,-0.973328,1.95724,4.13272,5.90193,6.68817,6.20101,4.74291,4.67596,3.60599,1.65235,-0.283416,-1.42998,-1.57603,-1.40851,-1.03143,-0.429611,-0.347729,-1.61824,-1.78678,0.53097,2.95974,2.84015,1.56032
1.16677,-0.516023,-1.13155,-1.59699,-1.57688,-2.51059,-1.64608,-0.69627,-1.44371,-1.05517,0.0157379,-0.440464,-2.39634,-4.5089,-2.70034,1.29713,3.39276,2.73484,1.38131,-1.86364,-3.77193,-0.989209,2.70438,1.09838,-1.82687,-3.43403,-4.07288,-3.43512,-3.68554,-4.05833,-3.83037,0.18098,4.55653,4.94838,4.13939,-0.472924,-4.76835,-3.43057,-0.120404,0.880981,-0.543903,0.00283363,0.0859712,1.24675,5.82924,7.94274,7.88743,4.4632,3.23779,3.3396,3.30299,1.42903,-0.585007,-1.14688,-0.741932,-0.280147,0.193192,0.104137,-0.503188,-1.14895,-1.6838,0.268124,2.55441,2.97586,2.44846
1.86264,0.218555,-1.12066,-2.70344,-2.81779,-3.10159,-3.40752,-1.57924,-0.368464,-0.452477,-0.679275,-1.61453,-2.59102,-3.68846,-1.97468,1.73463,4.24216,2.7813,0.0914093,-1.86527,-2.28301,-0.176746,-0.264296,-2.52416,-3.6602,-2.99745,-2.05279,-1.90215,-2.53776,-3.39181,-3.97313,0.55283,5.16942,5.14965,2.26672,-1.38235,-3.95076,-3.07794,-2.56715,-1.99967,-1.2801,0.450355,1.28497,2.29441,5.40975,8.30093,7.86524,4.42168,2.60499,2.2904,2.39011,0.77804,-0.51431,-0.163413,0.512813,0.0728326,-0.899077,-1.02681,-0.799782,-0.685359,-0.562662,0.214715,1.71681,2.86262,2.14768
1.37009,1.29769,-0.492371,-2.59824,-2.91746,-1.73337,-3.64164,-3.33179,-1.7512,-0.935546,-0.867192,-1.50514,-2.67625,-3.61848,-1.26757,1.71328,4.04033,2.57717,-0.734826,-2.02948,-0.104092,-1.18315,-3.52409,-4.12369,-3.60397,-3.65586,-3.37402,-2.8967,-1.83027,-1.99506,-3.60633,0.647946,5.98741,4.83287,1.06534,0.44336,0.357287,-2.75644,-2.78884,-2.54773,-2.02551,-0.859575,0.270895,1.82893,5.09351,7.00186,7.38825,5.75281,3.36135,2.08733,2.01424,1.99821,0.785769,-1.0072,-1.4636,-0.931098,-1.06069,-1.26707,-1.02581,-0.767112,-0.217871,0.799567,1.4801,2.69552,1.56481
2.59362,2.20169,-0.51371,-1.84122,-1.86909,-1.29508,-2.51022,-3.63668,-3.34621,-1.87931,-1.30432,-0.427509,-0.243497,-3.005,-2.62968,1.07372,3.94105,3.11271,-2.00754,-1.79103,0.919495,-2.12451,-3.70434,-2.85532,-3.23637,-4.68589,-3.99853,-3.24836,-2.09115,-2.48396,-3.97067,0.229256,6.08206,5.68133,3.01153,3.6338,3.50848,-1.8935,-3.4598,-1.23757,-1.53223,-2.09835,-1.4797,2.4845,5.25503,7.33716,6.60065,5.69336,3.98271,2.79405,2.72439,1.97596,0.498624,-0.833708,-1.09969,-1.37775,-1.18819,-1.09702,-0.56024,0.291205,0.780698,1.20954,1.78916,2.51014,1.89678
3.38837,2.68296,0.235934,-1.19669,-1.20588,-1.31127,-1.42284,-2.95167,-2.95106,-1.10989,-1.82489,-0.725954,1.32515,-2.30542,-3.34565,1.26425,3.8776,2.76223,-2.04324,-3.04015,-1.25266,-2.8714,-3.19927,-1.3949,-3.83506,-4.90657,-3.08555,-1.09461,-1.74743,-2.60396,-4.00265,-0.49756,5.24316,7.12138,5.50372,3.36595,1.12423,-1.22537,-0.779622,1.18739,0.397105,-3.74856,-2.52308,3.20518,7.31646,8.42504,6.3058,3.65433,2.56666,2.82794,3.45133,2.15245,-0.668075,-1.05937,-0.781094,-1.14941,-1.26793,-1.11811,-0.194647,1.16046,1.53325,1.98984,1.80994,2.32518,0.898619
3.30915,3.46287,1.28904,-1.10836,-1.07016,-1.00884,-1.39678,-2.55396,-3.00633,-0.964667,-1.30432,-1.6755,0.00289474,-2.51017,-3.70947,0.476571,3.87952,2.95424,-1.20097,-3.63385,-3.26942,-3.89819,-3.35149,-2.7253,-3.85415,-3.26626,-1.30689,-2.47386,-2.42457,0.356949,2.28906,2.90089,5.50668,6.49746,4.49632,-0.656175,-0.594907,-0.32504,0.381794,4.01189,1.2536,-4.44551,-3.22269,3.93044,8.47858,10.3296,6.00381,2.25464,2.38946,3.94897,4.2366,3.44408,0.35492,-0.743587,-0.854749,-0.503187,-0.867331,-0.769255,0.0699633,1.29458,1.51205,1.92262,2.85603,2.00529,0.245946
3.08709,3.50192,1.35683,-0.849768,-0.82897,-0.458506,-0.601131,-1.81958,-2.52382,-0.389273,0.0594508,-1.83098,-2.32097,-3.4967,-3.90683,-0.664238,3.12864,4.01029,-0.550353,-3.30052,-3.19178,-3.72284,-4.02192,-2.18387,-0.652664,0.00383793,-0.713954,-3.40359,-2.46065,1.9246,4.25031,4.84234,4.4761,3.95448,2.44537,2.9273,3.51982,1.30666,1.19579,4.44166,2.1439,-2.14814,-0.71586,2.86146,7.99848,9.3285,6.94072,4.29246,5.50269,6.61462,4.17162,1.72997,-0.18116,-0.722399,-0.285645,0.472744,0.201538,-0.564351,0.00304861,1.29103,1.46711,1.90665,1.97896,1.15824,0.22714
