uploads/wind/20200722/wind_field_00.json
{"header": {"parameterUnit": "m.s-1", "parameterNumber": 2, "dx": 0.051, "dy": 0.036, "parameterNumberName": "eastward_wind", "la1": 45.3082, "parameterCategory": 2,"nx": 177, "ny": 123, "refTime": "2018-09-30 00:00:00", "lo1":1.38177}, "data":
[rows 58 to 86 of 123, columns 64 to 127 of 177]
-3.95606,-3.6399,-3.18657,-2.7484,-2.40778,-2.14501,-1.99001,-1.95173,-1.91716,-1.73225,-1.33533,-0.663114,0.371687,1.50354,2.37918,3.00653,3.52937,3.68903,3.39527,3.18583,3.01023,2.02814,1.70226,1.8901,2.03081,2.60271,2.94086,2.83657,3.50392,2.33563,3.7045,4.51147,5.10434,5.84172,6.21604,6.26932,6.40318,6.48661,6.26811,6.20978,6.10227,6.07888,6.56826,6.88462,7.02929,7.27861,7.44415,7.26938,6.81441,6.61013,6.6539,5.84387,5.87286,6.43428,6.14361,6.12427,5.76268,5.24232,4.245,3.52187,3.64271,3.04759,2.85211,2.98944
-4.19825,-3.80258,-3.17248,-2.57294,-2.12511,-1.82218,-1.71144,-1.7313,-1.68263,-1.38618,-0.802022,0.0607584,1.05233,1.97974,2.71354,3.27815,3.74404,3.78761,3.48896,2.97509,2.10251,1.20956,1.39026,1.41123,1.66138,1.61683,1.58709,2.49071,2.65575,1.88514,1.94441,2.61576,4.33872,3.2156,4.34553,5.18709,5.68322,6.13804,6.03516,5.4032,4.91332,5.17338,5.98385,5.96734,6.0531,6.63231,7.02295,6.87063,6.87169,6.81796,6.04502,6.14926,6.47438,6.32099,6.28902,6.15995,5.9023,5.41602,4.9599,3.82242,3.0985,3.45115,3.26073,2.92576
-4.3939,-3.83524,-3.11255,-2.49618,-2.01693,-1.65641,-1.52319,-1.55888,-1.47041,-0.97592,-0.133906,0.8353,1.73462,2.4449,3.03351,3.79543,4.34645,4.14866,3.37868,2.10929,1.50525,1.06274,0.548681,-0.162597,0.340123,1.51361,0.992437,0.961607,1.5613,1.01445,1.27173,1.75354,1.87199,1.87599,2.40584,2.01894,2.43869,2.97157,3.9799,5.24838,5.63391,5.21556,5.71908,6.28424,6.31707,5.95984,6.07517,6.55456,6.84881,6.8306,6.39991,6.20948,5.839,6.12928,6.48886,5.53869,4.96524,4.62894,3.71476,3.33211,3.78948,4.02027,3.7725,3.06478
-4.37476,-3.73139,-3.06367,-2.48051,-1.96709,-1.56625,-1.33347,-1.30199,-1.05118,-0.404676,0.463961,1.40136,2.10196,2.68587,3.2528,3.74722,2.97531,1.60672,0.227354,0.242349,0.573341,-0.126522,-2.33372,-1.82536,0.859592,3.37564,3.32798,0.242423,-0.613124,0.246639,0.325802,-0.208784,1.26625,2.72201,2.99613,2.83126,3.05954,2.70852,2.97119,2.75785,3.87951,5.32495,6.13825,5.52075,5.29323,6.05962,6.52292,6.44917,5.91054,5.85195,5.95908,5.81322,6.15692,5.94502,6.0296,6.11198,4.9886,4.66028,4.97861,3.99621,2.6921,2.24454,2.23361,2.56367
-4.24357,-3.61263,-2.95294,-2.37292,-1.87406,-1.51535,-1.22539,-0.98927,-0.586684,0.108134,1.0721,1.8842,1.85696,2.11165,0.889297,-0.208852,-1.06364,-1.15129,-1.28232,-0.925909,-0.941235,-2.79365,-3.41146,-1.34567,2.22176,3.75712,3.79027,2.27361,-0.263994,-1.16973,-0.897026,-0.702379,0.92592,3.37342,4.03384,3.62779,3.25708,3.99187,3.51182,2.23029,2.33213,3.71879,5.42914,6.03559,6.04116,6.0959,5.78856,6.03215,6.31232,5.99561,5.55646,5.49929,5.49397,5.89061,6.35523,6.25612,5.49858,4.94513,4.34155,3.62017,3.86117,3.66828,2.73875,2.98882
-4.00567,-3.38649,-2.7333,-2.20613,-1.81308,-1.54752,-1.23173,-0.739372,-0.1712,0.66532,1.53141,2.23889,2.27328,2.327,-0.289064,-2.16982,-1.82749,-1.74828,-2.0836,-2.25494,-1.97238,-2.11358,-2.08255,0.192954,2.63103,2.8791,2.77838,3.3382,2.11584,-0.389181,-1.32978,-0.402267,1.06638,3.60009,5.04263,4.4833,3.68343,3.5708,2.89333,2.15946,1.98628,3.50709,4.961,5.32508,4.97803,5.39426,5.81957,5.32621,4.82525,4.96794,5.52949,5.42283,5.61418,6.07965,6.18985,5.33032,4.87157,5.19705,4.86793,4.61052,4.17531,2.80397,1.72243,1.6045
-3.65857,-3.1168,-2.55901,-2.18694,-1.87857,-1.58345,-1.36639,-0.825154,-0.0579736,1.06093,1.95871,2.65897,2.75284,3.02745,1.05937,-1.15382,-2.59008,-2.78317,-4.06174,-3.47785,-2.19011,-0.966915,-0.642265,0.805406,2.62607,2.69365,2.53306,3.31786,3.70643,2.31939,1.08387,1.21296,2.06843,3.0173,4.6619,5.16299,4.9393,4.57729,2.02402,1.41334,2.17972,3.51261,4.23304,4.25648,4.2681,5.15034,5.37291,4.82796,4.55729,4.71066,5.52437,5.39024,4.49135,4.24469,4.45272,5.06927,5.55081,4.95777,3.96328,3.40409,3.20549,3.20751,2.55171,2.2979
-3.32099,-3.16681,-2.77438,-2.22908,-1.81631,-1.79672,-1.8772,-1.24544,0.0274859,1.32957,2.28771,2.80616,2.45203,3.12178,0.874154,-2.63764,-3.46659,-3.41484,-4.464,-4.18402,-2.19365,-1.1354,0.384122,1.92721,3.15924,3.55369,3.27567,3.37214,3.749,3.50523,3.45483,3.21647,2.4464,1.62079,1.97666,4.25051,4.96791,4.69095,3.68954,3.00213,1.73015,2.64007,3.34137,3.8335,4.41746,4.56006,4.34784,4.30869,4.32848,4.24702,3.91604,4.07768,4.66783,4.80491,4.97216,4.71827,4.51552,4.29079,3.95295,4.38072,4.27295,3.13939,2.28719,2.42513
-3.51806,-2.60361,-2.28633,-1.67397,-1.97282,-1.39903,-1.18284,-0.877874,-0.716087,0.258244,1.11913,1.21617,1.66234,1.67685,-1.17519,-3.72189,-3.0825,-2.82906,-3.84983,-3.29562,-1.50479,-0.608995,0.478166,2.11988,2.71721,3.23618,3.88806,3.26365,3.20344,3.91102,3.82955,3.98811,3.28692,1.42686,0.81095,1.84267,3.83087,4.53483,4.72148,4.36852,2.08725,1.8712,2.36226,2.95159,3.52582,3.84236,3.83029,3.87029,3.78006,3.92406,4.33269,3.97413,3.53758,3.60096,3.92513,4.2093,4.24183,4.2097,4.19053,4.22954,3.58144,2.77009,2.63631,2.61279
-2.70382,-1.93399,-1.41186,-1.63615,-1.37969,-0.897095,-0.833664,-0.975488,-0.4821,0.0746796,0.144322,0.64875,1.16258,-1.13208,-3.24185,-3.02766,-2.46427,-1.82632,-2.20039,-2.64058,-1.52107,0.853433,1.98101,2.13231,1.70813,2.14032,2.97279,2.85636,2.83173,3.32484,3.73903,4.05054,4.47648,2.17627,1.08491,1.20872,2.3818,3.94231,5.51569,4.5273,3.58462,2.06347,2.95105,2.89371,2.64817,2.92097,3.30874,3.33158,3.05434,2.78951,2.9549,3.13109,3.08767,2.99451,3.19312,3.46336,3.80508,4.17592,3.68473,2.95563,3.05999,3.33229,3.19698,2.85743
-1.02558,-1.31509,-1.5195,-1.26983,-0.72435,-0.669817,-1.1049,-0.841648,0.171842,0.554324,-0.0077423,0.147737,-0.623851,-2.00763,-2.87619,-2.42932,-1.23755,-1.57437,-1.78496,-2.32208,-2.33573,0.419716,2.95966,1.93704,0.930932,1.71488,3.65951,3.58888,3.01412,3.01774,3.45288,4.26954,3.80617,2.98728,1.96,1.71904,2.25894,3.47975,4.22582,2.65853,1.90433,2.35418,2.86497,3.4421,2.05753,1.79701,1.85404,1.95498,1.87202,1.83249,2.04896,2.37031,2.53851,2.47975,2.51748,2.73677,2.9197,2.91981,2.62955,2.24885,2.20641,2.5832,2.62745,2.61827
-2.27801,-1.30227,-1.09477,-0.891338,-1.00991,-0.863642,-1.12539,-0.755919,0.280398,0.307101,-0.279339,-0.150938,-0.312147,-0.2023,-1.035,-1.75593,-1.51818,-1.47661,-1.00731,-1.14481,-1.86996,-0.266602,1.03259,0.66112,0.233223,1.93573,3.98011,4.21666,3.30201,3.17025,3.63786,3.95265,3.73165,3.61739,3.04773,2.18459,3.20516,3.43883,3.52924,1.65339,1.5911,2.68127,3.5161,3.85582,3.51566,0.872836,0.409878,0.41884,0.692577,1.03998,1.49145,1.82753,1.9875,1.98575,1.95876,2.05128,2.23273,2.21229,1.85274,1.69142,1.83183,1.9089,2.4188,3.03553
-1.64599,-1.55095,-1.36677,-1.43435,-0.979786,-1.43313,-1.69308,-1.13738,-0.371318,-0.363881,-0.173695,0.301442,0.233987,-0.29447,-0.851643,-0.990256,-1.62505,-1.8434,-1.03607,-0.542927,-1.13983,-1.62047,-0.10845,1.43998,1.63443,1.67749,2.31141,3.70013,3.4387,1.90702,1.35948,2.23881,2.45934,2.21842,1.03329,1.34475,2.09323,1.34863,0.968391,1.21951,1.16778,0.745201,2.36988,3.48559,2.49567,0.569401,-0.156716,-0.455935,-0.222627,0.238401,0.669238,0.859449,0.951899,1.0792,1.2418,1.49612,1.81724,1.89472,1.79978,1.69252,1.75474,1.97325,1.92735,2.19411
-1.27344,-1.68203,-2.02277,-2.18861,-1.57564,-1.38597,-1.11193,-0.967084,-0.27164,-0.197782,0.0588871,-0.0084485,-0.250625,-0.59054,-1.62479,-2.04089,-3.04998,-3.04278,-1.70329,0.0448604,-0.48823,-1.62902,0.206649,3.00969,3.49514,1.03861,0.176468,0.497489,1.88498,1.83927,0.363752,-1.3244,-1.32103,-0.260856,0.0695895,1.08371,2.01405,1.30382,0.592841,1.11708,0.978595,0.455436,1.14504,2.73082,1.80966,-0.186901,-0.649607,-0.19857,-0.197575,-0.220041,-0.20348,-0.104549,0.00293521,0.223567,0.489558,0.890661,1.38682,1.63634,1.88861,1.88898,1.51446,1.43383,1.12213,0.891742
-1.77418,-2.42355,-2.46141,-2.26619,-1.31096,-1.33431,-1.02228,-0.872908,-0.433335,-0.678877,-0.375069,-0.555414,-1.82024,-2.5773,-2.34516,-2.64602,-3.19561,-2.29157,-0.389654,0.758208,0.168988,-0.478376,1.12738,2.6888,2.16313,-0.286425,-1.15599,0.521277,2.12349,1.59749,-1.36393,-2.58758,-1.41093,-0.188256,0.188787,0.81374,0.966464,0.958105,1.13597,1.34179,1.41074,1.2862,1.03327,1.84374,0.743169,-1.00462,-0.838367,0.340952,0.340035,-0.212152,-0.447982,-0.542345,-0.520852,-0.407681,-0.318187,0.0365519,0.621757,1.07768,1.41036,1.33775,0.658862,0.113538,-0.241551,-0.498573
-1.98748,-2.39379,-2.57467,-1.87499,-1.37858,-1.17349,-1.96574,-1.7363,-1.58656,-1.28163,-1.97527,-2.62897,-3.71942,-2.91938,-1.23668,-1.68737,-1.95939,-0.608637,-0.0256756,-0.156106,-0.0717985,0.290738,1.06056,1.22624,-0.288523,-2.12172,0.188002,2.25387,1.71534,-0.506394,-3.11552,-2.31708,-1.03173,-0.330447,-0.0465191,0.0173917,-0.0413746,0.516099,1.91952,2.3792,1.949,1.33295,1.21399,0.223331,-0.811025,-1.43464,-0.18355,0.506109,0.19694,-0.19253,-0.437121,-0.43593,-0.546517,-0.651379,-0.464955,-0.05892,0.309086,0.398917,0.0681493,-0.622426,-1.5038,-2.16017,-2.30345,-2.1341
-1.97819,-2.5954,-2.98816,-2.95145,-2.18255,-1.35121,-1.04051,-0.926091,-1.19849,-2.38193,-2.90122,-3.9448,-4.04475,-2.32279,-0.626898,-0.634362,-0.908156,-1.38726,-1.49112,-1.08473,-0.25216,0.352324,0.970441,-0.0217392,-2.5623,-1.61241,1.60949,1.90481,0.147478,-3.04789,-3.41934,-2.24682,-0.822429,-0.455969,-0.451467,-0.791285,-1.19987,-0.310796,2.11757,2.85826,2.61219,0.719644,0.151004,0.667482,1.50112,0.79154,0.30369,0.38065,0.750346,0.388739,0.13278,0.177431,0.111581,-0.212612,-0.507371,-0.531642,-0.720999,-1.17776,-1.80438,-2.48966,-2.92901,-2.97731,-2.73116,-2.39867
-2.60539,-2.67807,-2.90991,-3.26473,-3.3067,-1.65294,-0.393574,-0.965917,-2.72046,-2.51416,-2.52793,-2.89517,-2.02848,-1.25442,-1.07563,-0.966932,-1.05991,-1.93408,-1.99342,-0.0958036,0.468572,1.03521,0.529339,-1.81612,-2.73056,-0.207575,1.31295,0.0725287,-2.48049,-4.28181,-4.09456,-2.13805,-0.32837,-0.960099,-0.639331,-0.8352,-2.62111,-2.03892,1.05757,2.78601,1.92344,0.523282,-0.623322,0.724864,2.89846,2.94758,1.71106,1.41313,1.3525,0.434095,-0.0302145,-0.245241,-0.505555,-1.17016,-1.66993,-1.7934,-2.00598,-2.32682,-2.70497,-2.94675,-2.94656,-2.75501,-2.47797,-2.19583
-3.36965,-3.11442,-2.66271,-3.12909,-3.48267,-2.72316,-0.809495,-1.92567,-2.51537,-2.49554,-1.8699,-2.10267,-1.67095,-1.59575,-1.26632,-0.737767,-1.63759,-3.68172,-2.91449,0.177355,2.36341,1.14442,-0.0106984,-1.10743,-2.07028,-1.59304,-0.944791,-1.23936,-1.80252,-3.32104,-5.07533,-2.40166,0.520967,-0.0113499,0.0574197,-0.0673577,-2.91399,-2.81761,0.0631074,1.85568,1.00261,0.101465,-0.190817,1.9404,4.1108,3.98025,2.35047,2.90058,2.80175,1.17435,0.0725858,0.00786022,0.072274,-0.461003,-1.46696,-2.50524,-2.59761,-2.63781,-2.89574,-2.9163,-2.73191,-2.52337,-2.35164,-2.15523
-2.73841,-2.25536,-1.53703,-0.86794,-1.87251,-2.38259,-1.76791,-1.75547,-3.32624,-2.00962,-1.5865,-1.21499,-1.56327,-2.22916,-2.5417,-1.956,-1.17026,-1.16566,-1.07668,0.299463,1.88697,1.21452,-0.00395028,-1.9244,-2.00286,-1.49562,-1.051,-1.06138,-0.257577,-2.03673,-5.19555,-3.88299,0.0365901,1.30067,0.121046,-0.863797,-1.75521,-1.90507,-1.0569,-0.843901,-1.28857,-0.0422761,1.30977,3.08798,4.23569,4.12516,3.28955,4.11834,4.96953,2.09807,0.0181246,0.739949,-0.430748,0.513229,1.28631,-0.947506,-2.07282,-2.33069,-2.53426,-2.882,-2.83147,-2.64863,-2.57289,-2.31673
-0.960644,-1.27843,-0.859207,-0.53244,-1.38227,-1.85677,-1.69716,-2.53421,-3.25909,-2.43887,-2.03173,-2.32415,-3.50088,-4.42142,-3.33721,-1.04587,0.753564,0.790646,-0.268883,-0.555781,0.19177,0.127235,-1.47569,-3.21367,-2.43823,-1.18305,-0.758388,-0.67389,-0.497506,-1.73706,-5.05009,-4.517,-0.921874,1.88216,1.38089,-0.353929,-0.335805,-0.635945,-1.7619,-2.32637,-1.83095,0.378287,2.98784,3.55392,4.08946,4.62434,5.13721,5.70043,5.375,1.33993,-0.516188,1.12189,-1.96049,-2.00119,2.04869,1.74449,0.222672,-0.636366,-1.7487,-3.07112,-2.1208,-2.10086,-2.30084,-2.33064
0.054363,-0.0479158,-0.842509,-1.50385,-1.35797,-1.0104,-0.859183,-1.5551,-1.83367,-0.865711,-0.434526,-1.36682,-3.34793,-4.24315,-3.01769,-1.14563,0.518259,0.195558,-2.4367,-2.77454,-0.831848,-0.512473,-1.2301,-3.09688,-3.2238,-1.43294,-0.831118,-0.583537,-1.29032,-4.06663,-5.80526,-4.06001,-0.615929,2.69447,3.33405,0.744401,-1.75017,-2.25285,-0.619797,0.754398,0.653592,2.425,3.43154,2.70877,2.98161,4.59061,5.18934,5.1935,4.3991,0.681122,-0.861107,0.223633,-1.28935,-1.55653,1.10565,3.31669,2.52365,0.866511,-1.40645,-1.66682,-0.174834,0.272621,-1.03967,-1.45257
0.0885312,0.0898145,-0.537041,-1.45544,-1.54939,-1.04204,-0.544237,-1.7655,-2.70316,-2.47088,-1.27481,-1.18708,-1.52661,-2.80495,-2.61407,-2.31111,-1.07646,-1.64872,-2.48055,-1.12533,-0.282677,0.145144,0.155581,-1.03431,-3.13624,-1.70256,-0.565391,-0.790128,-2.76555,-5.85492,-6.11644,-4.10297,0.971022,3.54219,3.04804,2.09803,-1.27585,-4.06179,-0.76175,2.22334,2.66863,3.82067,3.40077,2.36999,3.00887,3.88086,3.41349,2.99591,4.09578,1.59845,-2.07747,-1.40593,-0.126891,0.942137,2.07102,2.44775,1.90424,1.23283,-1.78994,-2.48202,1.82429,2.70228,0.494317,-0.146226
0.30011,0.02804,-0.242685,-1.64994,-1.83092,-0.326696,-0.453178,-2.47008,-4.42146,-3.28256,-1.48667,-0.706591,-0.747632,-1.06884,-2.22822,-2.41115,-0.965234,-0.872954,-0.492008,1.41561,2.41301,1.03169,1.01111,0.877029,-1.98823,-1.70199,0.177885,0.73861,-1.37675,-5.94919,-6.58854,-3.32061,2.04509,2.36406,0.0395695,2.38307,1.90827,-2.94641,-0.082162,1.7986,2.39833,3.37885,2.92721,3.69061,3.07934,1.07418,2.04373,3.51372,3.89428,0.607632,-3.10528,-2.95161,-0.941427,0.70032,2.03476,0.969366,-0.595777,1.36942,0.457789,-3.37,-0.0954676,3.91394,1.82579,1.40475
0.466914,0.050611,-0.247346,-1.33824,-1.48664,-0.0760561,-0.599055,-3.77566,-4.62108,-3.77088,-1.46168,-0.662901,-1.32661,-2.67179,-3.50588,-2.65051,0.918037,1.73326,1.08239,2.9706,2.85182,1.5434,2.69965,0.620443,-2.44372,-1.50866,-0.275142,0.541253,-0.738256,-5.02642,-6.12465,-2.69722,1.93552,0.691335,-0.921389,1.11879,-1.94306,-2.37936,2.75599,3.16215,2.33944,2.15814,2.08965,2.26106,1.41355,-0.755731,-0.564488,3.40655,1.98141,-1.60154,-1.63613,-2.36114,-3.53496,-1.44941,2.65103,2.1662,-0.953058,0.484141,1.46529,-0.458273,1.20978,4.06037,2.55212,2.50234
0.659904,0.0622286,-0.187577,-0.453146,-0.861379,-0.481014,-0.753933,-2.53025,-3.36547,-3.25375,-3.03056,-2.84121,-3.04563,-3.60783,-3.76613,-1.16695,2.31034,2.52745,1.94665,1.60525,0.564698,0.69773,0.777788,-1.03765,-3.136,-2.0477,0.181526,0.287535,-0.50951,-4.22401,-6.05288,-3.70381,-1.04179,-0.615325,-1.10003,-1.53,-2.60356,-0.501913,2.07071,1.55961,2.01016,1.59113,-0.363887,-1.20813,-0.152319,-0.691443,-0.0520876,3.11637,0.21318,-2.55729,1.66801,0.563914,-4.5263,-2.40425,3.43132,4.43349,-0.19443,-3.18983,0.917535,3.66451,3.18501,1.46015,2.07033,3.47846
0.906419,0.298466,-0.148587,-0.0407633,-0.667449,-1.55234,-1.90881,-2.11299,-2.38309,-2.92137,-3.43807,-4.32874,-4.17057,-4.73628,-3.9259,-0.996077,0.165399,-0.0802632,0.0755883,-0.362169,-1.13976,-1.05529,-0.281828,-0.193449,-2.50091,-1.82042,1.49041,3.06878,1.48576,-3.41648,-5.29293,-3.85758,-1.13862,-1.97994,-3.37275,-3.43336,-1.94496,-0.970812,-1.41736,-1.05102,2.03447,2.48676,-1.70141,-2.92203,-0.94069,-0.53569,2.28217,3.54298,-1.68411,-3.41302,2.16737,1.07992,-3.5844,-1.9563,1.83072,4.06668,1.1648,-4.21923,-0.709696,3.81975,2.88168,1.86191,3.38538,3.76705
0.68944,0.0795735,-0.052084,-0.164625,-0.914719,-1.15124,-1.07637,-2.08109,-2.39378,-2.84505,-3.81657,-5.17473,-3.54755,-2.26944,-1.78049,-1.04496,-2.67353,-2.75853,-1.73561,-2.20328,-2.42585,-0.905467,0.498243,1.55556,0.891219,-0.0212947,0.946109,2.76261,-0.0208512,-3.81269,-4.51169,-3.96715,-3.0194,-2.59261,-2.54221,-2.66542,-2.27382,-2.76941,-3.15507,-1.24058,2.55676,4.07988,-0.404963,-4.69928,-4.00734,-0.341095,5.279,3.14846,-3.20788,-1.88784,0.90269,-1.13194,-2.45261,-0.740606,1.89897,4.30371,4.62759,-0.371275,-3.26206,0.0218506,3.42539,4.6105,4.27348,2.56502
0.374125,-0.324943,-0.262572,-0.93582,-2.49487,-1.69798,-0.885134,-0.694474,-1.15211,-2.8505,-4.28178,-5.2725,-2.58675,1.29298,0.654057,-3.9603,-4.85527,-3.81837,-3.1654,-3.12668,-3.53588,-1.38872,1.72453,3.72396,3.77844,1.09897,-0.00763948,-0.591993,-3.13821,-2.77366,-2.07487,-3.48135,-4.82984,-4.33283,-3.25459,-1.57724,-1.7023,-4.16826,-4.37059,-0.428488,3.66115,4.57237,-0.0237945,-4.33724,-3.00834,1.45378,4.66297,-0.0546308,-4.3627,-1.50728,0.00193153,-1.98687,-2.25886,-0.0707093,2.86465,5.02299,5.51366,0.862806,-3.17973,0.167821,4.80132,4.84469,3.01029,1.27559
