uploads/wind/20200722/wind_field_15.json
{"header": {"parameterUnit": "m.s-1", "parameterNumber": 2, "dx": 0.051, "dy": 0.036, "parameterNumberName": "eastward_wind", "la1": 45.3082, "parameterCategory": 2,"nx": 177, "ny": 123, "refTime": "2018-09-30 00:00:00", "lo1":1.38177}, "data":
[rows 29 to 57 of 123, columns 66 to 131 of 177]
1.39543,1.44927,1.56685,1.54583,1.26098,0.901109,0.78108,0.91647,1.13301,1.32188,1.44363,1.50379,1.56494,1.68076,1.84293,2.00048,2.09094,2.08473,1.99439,1.86469,1.75555,1.7099,1.73629,1.80819,1.88224,1.93595,1.9676,1.98037,1.9919,2.01284,2.04484,2.08784,2.12923,2.17546,2.26374,2.40186,2.54143,2.63036,2.62946,2.51212,2.3271,2.19886,2.22396,2.39086,2.60098,2.76843,2.87843,2.94559,2.98677,3.02923,3.08341,3.12382,3.10106,2.96794,2.75198,2.53805,2.38048,2.28923,2.25075,2.28142,2.38872,2.50217,2.47541,2.30758,2.1069,1.91035
1.55996,1.54829,1.6473,1.69091,1.49542,1.11999,0.901896,0.978184,1.17858,1.37435,1.53414,1.64646,1.74082,1.85366,1.98494,2.09823,2.15271,2.1403,2.08809,2.02159,1.95698,1.90848,1.89537,1.91573,1.9451,1.96345,1.97428,1.99017,2.02365,2.08016,2.13605,2.17832,2.2133,2.26302,2.34829,2.45292,2.55299,2.63186,2.63845,2.52079,2.33742,2.24327,2.32448,2.52695,2.74293,2.90394,3.00199,3.06068,3.11051,3.16815,3.22879,3.27501,3.27448,3.18314,2.9998,2.76723,2.56841,2.46606,2.40272,2.32208,2.28079,2.30638,2.26517,2.0865,1.84648,1.63558
1.75351,1.70057,1.6871,1.72531,1.69242,1.44805,1.18489,1.17931,1.35995,1.53675,1.64323,1.71473,1.80112,1.92008,2.04815,2.13834,2.16183,2.13007,2.08303,2.04303,2.01592,2.0001,1.98886,1.97945,1.97888,1.99251,2.02894,2.08514,2.14943,2.21511,2.27183,2.30993,2.33703,2.37617,2.44878,2.54434,2.64308,2.71469,2.68914,2.54848,2.4055,2.39764,2.53727,2.73969,2.91821,3.03225,3.08546,3.11468,3.16012,3.23516,3.32858,3.41565,3.45946,3.42286,3.29236,3.06931,2.83873,2.69132,2.56574,2.39735,2.23879,2.14139,2.02018,1.77291,1.48931,1.32386
1.84876,1.84093,1.87668,1.95401,2.00632,1.87407,1.60792,1.48894,1.59238,1.73159,1.78108,1.77364,1.79399,1.88318,2.01284,2.11858,2.14491,2.08933,2.00604,1.95961,1.95277,1.95542,1.96109,1.97728,2.0091,2.06188,2.12811,2.18855,2.24662,2.30797,2.3632,2.40441,2.43849,2.49008,2.57242,2.66618,2.74411,2.76186,2.68252,2.55349,2.48606,2.55532,2.72914,2.92308,3.07741,3.16019,3.17485,3.17058,3.19917,3.2774,3.38377,3.48916,3.56561,3.59458,3.55609,3.40475,3.16847,2.91372,2.68242,2.48874,2.30341,2.12594,1.91506,1.59365,1.25238,1.09254
1.79363,1.89664,2.03981,2.1823,2.28177,2.26227,2.10308,1.91989,1.84052,1.83739,1.82159,1.78807,1.79273,1.87519,2.00719,2.12049,2.14771,2.08297,1.99435,1.94525,1.94994,1.97391,1.98534,1.99951,2.04981,2.13233,2.21735,2.29237,2.34455,2.37534,2.40463,2.44371,2.50296,2.58645,2.67758,2.75354,2.79213,2.75417,2.63838,2.52798,2.52262,2.65046,2.85554,3.05596,3.19739,3.26299,3.26647,3.24854,3.25138,3.29321,3.36376,3.45096,3.54547,3.63657,3.69988,3.67094,3.47577,3.12612,2.80768,2.60239,2.39979,2.20956,2.01952,1.72458,1.36358,1.11591
1.78219,1.93608,2.14444,2.33102,2.45758,2.52745,2.46691,2.25118,2.02813,1.91427,1.89803,1.92166,1.94288,1.97999,2.0645,2.16031,2.18397,2.11074,2.01259,1.97282,1.99156,2.02362,2.04679,2.07713,2.14224,2.22986,2.2955,2.33016,2.35459,2.38243,2.41934,2.46754,2.53891,2.63857,2.74022,2.80617,2.80309,2.71728,2.59723,2.53914,2.60244,2.77008,2.97581,3.15486,3.27695,3.33312,3.33692,3.31697,3.29803,3.29266,3.30488,3.33758,3.40967,3.54034,3.68952,3.76513,3.64359,3.34307,3.01004,2.66901,2.43649,2.37169,2.2147,1.84696,1.46339,1.21411
1.78587,1.98079,2.22256,2.43826,2.58126,2.65417,2.60906,2.42136,2.21758,2.12163,2.13154,2.16939,2.16751,2.15044,2.1712,2.22431,2.24768,2.19412,2.10834,2.05717,2.05136,2.07096,2.11155,2.17094,2.2315,2.28032,2.31346,2.33113,2.35413,2.40173,2.46422,2.52709,2.60311,2.70358,2.80716,2.87395,2.86363,2.77405,2.67236,2.64826,2.7382,2.90662,3.09097,3.24267,3.34186,3.38383,3.37378,3.33851,3.30442,3.27309,3.22717,3.19372,3.24858,3.40938,3.5707,3.6609,3.63861,3.48455,3.23126,2.87569,2.7064,2.68045,2.35442,1.83585,1.44495,1.2238
1.77166,2.02585,2.29166,2.52214,2.68069,2.74975,2.71292,2.56877,2.3996,2.29604,2.26123,2.25195,2.23659,2.2202,2.24756,2.31742,2.36004,2.33702,2.28247,2.23382,2.19044,2.15895,2.17893,2.25015,2.31502,2.33439,2.32107,2.31293,2.34263,2.41586,2.50493,2.58388,2.66031,2.75011,2.84427,2.91376,2.91888,2.84575,2.75336,2.73369,2.82188,2.98055,3.15817,3.3142,3.41677,3.44783,3.41033,3.33905,3.27046,3.20522,3.13424,3.0895,3.11521,3.21344,3.35113,3.50339,3.56613,3.49569,3.3514,3.14308,3.03299,2.89783,2.4561,1.92083,1.5331,1.26564
1.82875,2.11601,2.39305,2.60146,2.70957,2.73268,2.68273,2.55516,2.41192,2.32003,2.26593,2.22291,2.19647,2.22102,2.32483,2.45641,2.52094,2.49148,2.42045,2.35761,2.30538,2.26511,2.26476,2.31349,2.37841,2.41698,2.41693,2.40322,2.41306,2.46527,2.54896,2.64123,2.7304,2.81802,2.90539,2.97184,2.96736,2.86882,2.75514,2.74537,2.86874,3.07043,3.28327,3.45422,3.53978,3.51716,3.41292,3.28514,3.18504,3.12601,3.08118,3.03201,3.00975,3.06384,3.18605,3.29556,3.34111,3.34451,3.34739,3.35899,3.26943,3.03132,2.67143,2.19401,1.72604,1.38556
1.91488,2.16509,2.36256,2.50281,2.57084,2.57736,2.55161,2.50208,2.4335,2.36554,2.31058,2.27046,2.25379,2.29526,2.42432,2.59307,2.69712,2.67529,2.56171,2.42876,2.31668,2.24581,2.24396,2.3226,2.44534,2.54853,2.5923,2.58815,2.57862,2.59535,2.64111,2.70686,2.7877,2.87587,2.96709,3.02817,2.98778,2.85058,2.74686,2.79452,2.98816,3.24316,3.4828,3.65645,3.697,3.57135,3.35772,3.17448,3.07733,3.05173,3.04838,3.04172,3.05249,3.0981,3.15268,3.1842,3.19913,3.21814,3.25885,3.31255,3.34849,3.26455,2.94032,2.43875,1.93696,1.57711
1.9136,2.11137,2.24047,2.32887,2.3756,2.42101,2.49534,2.55402,2.55749,2.51647,2.46652,2.41803,2.3783,2.38885,2.47853,2.61097,2.69915,2.68473,2.5746,2.41184,2.2454,2.1343,2.13421,2.24601,2.41113,2.56033,2.65398,2.70182,2.73065,2.757,2.78549,2.82093,2.86868,2.93234,2.98904,2.97257,2.85707,2.74005,2.75754,2.93266,3.19364,3.47485,3.69521,3.7923,3.76585,3.5735,3.27765,3.06213,2.99877,3.04151,3.12181,3.19295,3.22917,3.20702,3.11958,3.01303,2.96601,3.02845,3.18258,3.33814,3.38027,3.2562,2.99361,2.65358,2.27686,1.92463
1.85859,2.06397,2.19389,2.24719,2.29538,2.4002,2.53178,2.63774,2.69378,2.70398,2.66943,2.58962,2.49229,2.42246,2.41322,2.46034,2.50874,2.50598,2.43433,2.31512,2.19475,2.12489,2.13994,2.23518,2.38133,2.53673,2.67172,2.77517,2.84356,2.88456,2.91017,2.93203,2.96913,3.02318,3.03233,2.93312,2.79672,2.77427,2.92308,3.16611,3.48848,3.61757,4.23251,5.25297,4.79867,3.65738,3.20923,3.04405,3.04848,3.18491,3.34019,3.41118,3.34838,3.18042,2.99738,2.89473,2.92015,3.0587,3.22482,3.30874,3.24798,3.09257,2.95502,2.86763,2.72025,2.42007
1.84563,2.0663,2.19572,2.23144,2.2635,2.36371,2.51197,2.67194,2.78734,2.81137,2.75584,2.66086,2.54513,2.4236,2.3352,2.31385,2.32915,2.32237,2.26605,2.17147,2.08975,2.08187,2.16544,2.30715,2.46132,2.60527,2.74358,2.87544,2.98219,3.04601,3.06492,3.06021,3.06324,3.05826,3.00627,2.93753,2.93819,3.06301,3.29077,3.49846,3.8007,3.91167,4.17659,4.96861,4.73104,3.66051,3.14481,3.04013,3.12376,3.3228,3.48319,3.47368,3.2852,3.02961,2.85567,2.84718,2.98319,3.16761,3.27896,3.25803,3.1575,3.06707,3.02211,2.99335,2.89559,2.65559
1.85533,2.06467,2.14557,2.14179,2.15292,2.27342,2.48325,2.68569,2.79997,2.80803,2.76757,2.70765,2.62746,2.51348,2.40813,2.35871,2.33726,2.28897,2.20327,2.1217,2.09516,2.13902,2.24388,2.39017,2.56078,2.74825,2.93509,3.09534,3.19859,3.23128,3.20774,3.16006,3.12156,3.10105,3.0766,3.08592,3.19265,3.3728,3.549,3.79402,3.8345,4.34857,5.43159,5.16175,4.04038,3.46582,3.17756,3.08421,3.2227,3.46449,3.59892,3.47109,3.11907,2.77002,2.63902,2.76814,3.03209,3.24003,3.25087,3.12101,3.0143,2.97775,2.94095,2.86331,2.76811,2.6434
1.82359,2.00415,2.02023,1.99056,2.0222,2.16639,2.40479,2.63654,2.77153,2.81516,2.82418,2.80335,2.73207,2.62592,2.52959,2.47272,2.42177,2.32898,2.21316,2.15038,2.18842,2.31101,2.46224,2.59782,2.71761,2.84704,2.99571,3.14068,3.24197,3.26317,3.25409,3.17704,3.15338,3.20346,3.22263,3.56417,3.88009,4.12623,4.45078,4.48209,4.75074,4.83519,4.30449,3.883,3.64052,3.39373,3.23341,3.27931,3.4672,3.66885,3.66771,3.32699,2.86734,2.59236,2.61767,2.87846,3.19178,3.35281,3.28625,3.11513,2.99823,2.9546,2.89299,2.77729,2.65308,2.53452
1.71508,1.86009,1.89444,1.91994,1.98559,2.1117,2.33581,2.60743,2.79438,2.86171,2.85042,2.78337,2.68443,2.60051,2.55797,2.53078,2.46641,2.37504,2.31261,2.31345,2.37439,2.48234,2.63209,2.81709,2.99924,3.14511,3.21581,3.25072,3.24195,3.19785,3.2105,3.17516,3.27,3.47601,3.71217,4.2003,4.40781,4.69416,5.41333,5.59247,5.37953,5.29117,5.02061,4.32339,4.22527,5.15228,5.00682,3.91664,3.74067,4.00494,3.77616,3.2066,2.7446,2.56085,2.68329,3.00347,3.30674,3.40943,3.30853,3.15798,3.08923,3.08326,3.0312,2.87812,2.66479,2.45793
1.55682,1.73578,1.84057,1.90483,1.98491,2.13227,2.35503,2.5942,2.77084,2.82936,2.76202,2.62391,2.52101,2.51063,2.51762,2.46416,2.37697,2.33508,2.36759,2.45024,2.56118,2.68571,2.81307,2.94804,3.10358,3.2698,3.40141,3.47939,3.45973,3.42226,3.34436,3.34229,3.42178,3.58116,4.00737,4.37848,4.76297,5.21924,5.41423,5.61574,5.87213,4.98134,4.63837,5.72656,5.37644,4.72841,4.51553,4.37372,5.10039,4.953,3.96002,3.34835,2.8851,2.64444,2.74879,3.01922,3.22974,3.27072,3.20136,3.15072,3.16698,3.18452,3.10347,2.90446,2.64949,2.433
1.45141,1.67521,1.7977,1.91446,2.06782,2.21774,2.37061,2.55506,2.70804,2.69891,2.53514,2.37163,2.32786,2.34869,2.31962,2.27464,2.28174,2.33076,2.39882,2.51064,2.68595,2.90295,3.09899,3.20663,3.24658,3.24773,3.32805,3.38237,3.55032,3.57927,3.92398,5.15022,5.37515,4.76056,4.99069,4.96751,4.87579,5.76005,5.74265,5.08071,4.82789,4.88446,5.83574,6.16423,5.54847,5.10974,5.06138,5.47935,5.2008,4.56987,4.14887,3.36417,2.795,2.70442,2.82252,2.99815,3.13987,3.16168,3.09844,3.07779,3.13321,3.17098,3.10368,2.9247,2.6692,2.3895
1.42982,1.66989,1.85669,2.01278,2.10655,2.1984,2.37665,2.56048,2.58268,2.44772,2.30492,2.21825,2.12466,2.03139,2.03815,2.15844,2.30359,2.42042,2.51783,2.63362,2.80357,3.02325,3.26392,3.47797,3.60603,3.60223,3.50918,3.45593,3.37387,3.4818,3.4247,3.99255,5.27615,5.67773,5.736,5.50264,5.30216,5.5987,6.36267,6.57675,5.73118,5.93096,6.00597,5.68364,5.94454,5.81978,5.95229,5.54576,5.04762,5.36498,4.73171,3.66162,3.06773,2.72355,2.71499,2.87871,3.00133,3.03962,3.06091,3.0951,3.11103,3.07727,3.00318,2.90993,2.79888,2.64788
1.51497,1.71782,1.88196,1.99232,2.07233,2.20428,2.37439,2.43393,2.36708,2.31342,2.24866,2.01697,1.75489,1.72976,1.91947,2.16024,2.36469,2.54732,2.71448,2.85577,2.99768,3.15084,3.3483,3.52812,4.05645,4.96101,5.29076,4.68358,4.19196,4.02349,4.48071,5.61372,5.59938,4.83703,5.18526,6.15056,6.17115,6.01708,5.79273,5.63768,6.2711,5.97153,5.48704,6.11476,6.64004,6.61417,6.153,6.15124,5.70792,4.74967,4.12201,4.01122,4.86336,4.8108,3.78613,3.29592,3.24927,3.197,3.06083,2.98327,3.01421,3.05313,2.91519,2.66706,2.46613,2.34655
1.59531,1.70862,1.83204,1.93116,2.00328,2.07752,2.13768,2.20302,2.2779,2.24629,2.00146,1.70481,1.60689,1.70961,1.90781,2.16328,2.45448,2.76018,2.99605,3.16521,3.26776,3.4237,3.50919,3.60845,4.19108,4.43018,4.89441,5.54374,5.49856,5.69381,5.61724,5.34226,5.59132,6.28618,6.54586,6.426,6.5732,6.21093,6.03748,6.23784,6.43881,6.38856,6.33175,6.46061,6.59431,6.73782,6.65606,6.29662,6.33674,5.83802,4.47918,3.69393,3.54191,3.57698,3.50832,3.4838,3.47837,3.46316,3.28227,3.08937,2.85756,3.21495,4.45116,4.62671,3.70119,3.00603
1.60717,1.70902,1.81927,1.86291,1.8062,1.78288,1.88807,2.04506,2.08784,1.95927,1.79666,1.72147,1.70572,1.7295,1.89408,2.22791,2.64255,3.01755,3.3023,3.46705,3.67946,3.78402,3.92243,4.31763,4.59073,4.72754,4.94748,5.32454,5.65313,6.31909,6.48899,6.10195,6.5501,6.89906,6.89529,6.72982,6.29379,6.60362,6.89751,6.52637,6.71756,6.93505,6.44199,6.36975,6.76364,6.55183,6.27366,6.76755,6.40294,5.58481,5.81848,5.45778,4.09081,3.92116,5.15096,5.15824,4.01612,3.47303,3.19153,2.96253,2.91916,2.88844,3.01711,3.17892,3.13606,3.10162
1.62034,1.74511,1.79821,1.72532,1.60422,1.60571,1.73255,1.81356,1.79651,1.77638,1.76878,1.75045,1.75126,1.84247,2.0663,2.41636,2.83402,3.24754,3.52304,3.82916,4.0719,4.34973,4.7653,5.1141,5.4235,5.76605,5.84071,5.89117,6.27656,6.34225,6.63844,7.03934,6.94525,6.97961,7.24502,7.08817,6.51691,6.44873,6.47087,6.47867,6.53868,6.62121,6.58908,6.5016,6.52456,6.60542,6.63861,6.88921,6.60099,5.85587,5.22652,4.76687,4.47325,4.55267,5.62423,5.57138,4.25823,3.2445,2.86576,2.76586,3.16428,4.61683,4.73845,4.2814,4.8998,4.85763
1.67488,1.76113,1.75113,1.64993,1.54864,1.5354,1.57492,1.59711,1.6069,1.62664,1.6691,1.7715,1.93058,2.10201,2.26345,2.56813,3.01293,3.46073,3.79425,4.26332,4.57177,5.16902,5.99149,6.25453,6.48681,6.68225,6.67303,6.44036,6.32586,6.09927,6.42273,6.86878,6.68908,6.69729,7.28219,7.50104,6.86105,6.57674,6.36987,6.4313,6.53265,6.94832,7.23002,6.52418,6.78314,7.10231,6.69428,6.87815,6.78548,6.62282,6.64638,6.18766,5.92148,6.08628,6.04462,5.18126,4.36303,4.70071,4.49257,3.87525,4.72884,4.98169,4.71769,5.12799,5.05732,5.14095
1.67309,1.68431,1.64637,1.56058,1.50616,1.51419,1.50307,1.44217,1.40447,1.46354,1.63136,1.88084,2.12218,2.24335,2.36964,2.72927,3.33156,3.81823,4.66574,5.43012,5.66928,6.17656,6.60293,6.76552,6.85491,6.94175,6.80672,6.63966,6.64331,6.59277,6.63206,6.48413,6.83307,7.459,7.85922,7.84462,7.21483,6.94985,7.08216,6.76192,6.40843,6.68548,6.80228,6.79763,6.60614,6.98034,7.12977,6.62787,6.71522,6.53068,6.45316,6.27825,5.88457,6.12245,5.7535,4.73389,4.84094,4.85789,4.42238,5.10637,5.20847,4.76008,5.19059,5.31939,5.32799,4.97511
1.49761,1.4835,1.49278,1.53414,1.56392,1.48576,1.34196,1.26199,1.32038,1.49041,1.7538,2.0675,2.2818,2.37176,2.6701,3.21142,4.06509,4.63192,5.16158,5.89226,6.27496,6.51796,6.70705,6.92112,6.92291,6.87375,6.61873,6.53162,6.91385,6.69555,6.2888,6.56224,7.20606,7.60395,7.92015,7.77626,7.36427,6.79778,6.36193,6.32287,6.03547,6.48907,7.03779,7.15734,7.24263,7.24338,7.28828,7.08075,6.98852,6.74172,6.19346,6.23016,6.29013,6.33094,6.11077,4.73058,4.10511,4.95838,4.9841,4.45443,4.78424,5.48822,5.69461,5.61341,5.02293,4.72056
1.29609,1.3551,1.45958,1.55491,1.51777,1.36835,1.25522,1.30667,1.48486,1.72998,2.0511,2.36028,2.55666,2.82861,3.39767,4.10944,4.64104,5.07172,5.1087,5.48449,6.26988,6.64537,6.85294,6.99951,7.21843,7.19485,6.95813,6.49986,6.89972,7.52061,7.72226,7.97465,8.24884,8.43569,8.5569,8.26543,7.57632,6.8152,6.13153,5.9388,6.12771,6.49568,6.91006,7.16488,7.27305,7.24529,7.0206,7.0089,6.74486,6.30943,6.5988,6.73399,6.61926,5.61475,4.15503,4.09383,4.80518,5.39756,5.6732,5.28528,5.26801,5.15261,4.75959,5.46533,5.29766,4.70501
1.22364,1.33724,1.45752,1.47343,1.38341,1.32664,1.40229,1.59741,1.8567,2.20025,2.56599,2.85774,3.18797,3.62587,3.91574,4.17721,4.25443,4.82651,5.6491,5.97339,6.41934,6.85056,7.33769,7.61385,7.83409,8.19839,7.3064,7.28201,5.75476,4.62819,4.86801,6.11977,7.59055,8.43761,8.82946,8.61036,7.75667,6.61144,5.68055,5.6736,6.15449,6.55877,6.96816,7.15823,6.77629,6.93201,6.90701,6.34209,6.50508,6.593,6.65408,6.8676,6.16027,4.78611,4.15051,4.85089,5.20922,4.4995,4.6097,5.6428,5.66558,5.29531,5.63252,5.97618,5.93742,5.85111
1.18844,1.33055,1.4014,1.38079,1.37962,1.49799,1.72329,2.02166,2.4265,2.88458,3.26369,3.45687,3.42601,3.36637,3.46279,3.83221,4.16776,4.80217,5.83127,5.82786,6.02736,7.40717,8.36081,8.46561,8.55202,8.39869,8.03296,7.50665,7.02872,6.89809,6.70047,6.75056,7.47501,8.18873,8.17482,7.53722,6.78336,6.37058,6.31865,6.45691,6.66629,6.8689,7.04233,7.08909,7.00106,6.76045,6.33998,6.59924,6.92907,6.64021,6.6405,6.57406,5.95736,5.03214,5.23988,5.21444,4.82397,5.26108,5.47044,5.7327,5.94712,5.60429,5.21913,5.51523,5.65601,5.46981
