uploads/wind/20200722/wind_field_03.json
{"header": {"parameterUnit": "m.s-1", "parameterNumber": 2, "dx": 0.051, "dy": 0.036, "parameterNumberName": "eastward_wind", "la1": 45.3082, "parameterCategory": 2,"nx": 177, "ny": 123, "refTime": "2018-09-30 00:00:00", "lo1":1.38177}, "data":
[rows 0 to 28 of 123, columns 64 to 127 of 177]
-1.95077,-2.01561,-2.06463,-2.10509,-2.15433,-2.23208,-2.33271,-2.42836,-2.47996,-2.49915,-2.50702,-2.48801,-2.43395,-2.36482,-2.29217,-2.21859,-2.15321,-2.10379,-2.07283,-2.05681,-2.05385,-2.06363,-2.07337,-2.08592,-2.10785,-2.12969,-2.14423,-2.14862,-2.13409,-2.10488,-2.07843,-2.05423,-2.02325,-1.97575,-1.89427,-1.77573,-1.62879,-1.45072,-1.24661,-1.02099,-0.787251,-0.558698,-0.364412,-0.200373,-0.0995612,-0.0839343,-0.091272,-0.164249,-0.342386,-0.538607,-0.720905,-0.902421,-1.04726,-1.1583,-1.21832,-1.24878,-1.30796,-1.39805,-1.50683,-1.61808,-1.74092,-1.82051,-1.8162,-1.73394
-2.02323,-2.1235,-2.19544,-2.24887,-2.30091,-2.3602,-2.42477,-2.48875,-2.52357,-2.52865,-2.52312,-2.50223,-2.44965,-2.37599,-2.30034,-2.22031,-2.13972,-2.07081,-2.0161,-1.97353,-1.94649,-1.93996,-1.94439,-1.95676,-1.98187,-2.01511,-2.04171,-2.06382,-2.07917,-2.08691,-2.07366,-2.04341,-2.01698,-1.97776,-1.91151,-1.81415,-1.67271,-1.49972,-1.31321,-1.10574,-0.880752,-0.648051,-0.409549,-0.208758,-0.111664,-0.0889224,-0.0790061,-0.134324,-0.298007,-0.500467,-0.702628,-0.894517,-1.05259,-1.15221,-1.18238,-1.20483,-1.26539,-1.34264,-1.42168,-1.50255,-1.60627,-1.68321,-1.67538,-1.57831
-2.09216,-2.21224,-2.3129,-2.39285,-2.45516,-2.50126,-2.53446,-2.5601,-2.56446,-2.5529,-2.53685,-2.50522,-2.4472,-2.3777,-2.30695,-2.22848,-2.14688,-2.0641,-1.98409,-1.91591,-1.8651,-1.83676,-1.82603,-1.83217,-1.85773,-1.89436,-1.92862,-1.96087,-1.98749,-2.00624,-2.00615,-1.99345,-1.97742,-1.95157,-1.90188,-1.81169,-1.67444,-1.51479,-1.35148,-1.17578,-0.98418,-0.770088,-0.536905,-0.326351,-0.201138,-0.148769,-0.119867,-0.154692,-0.278384,-0.444408,-0.623026,-0.798038,-0.950793,-1.05428,-1.10069,-1.13659,-1.19576,-1.26196,-1.33307,-1.41019,-1.49732,-1.55696,-1.5246,-1.39638
-2.15319,-2.28959,-2.42782,-2.55645,-2.64993,-2.68985,-2.67901,-2.64268,-2.60448,-2.56575,-2.5312,-2.49516,-2.4443,-2.38073,-2.30603,-2.23177,-2.16007,-2.07497,-1.97981,-1.88797,-1.81286,-1.75834,-1.72549,-1.72213,-1.73209,-1.74576,-1.77636,-1.8126,-1.84469,-1.87824,-1.90371,-1.92073,-1.92433,-1.91431,-1.88354,-1.80304,-1.66652,-1.50311,-1.36364,-1.25225,-1.12189,-0.942965,-0.727808,-0.526902,-0.382575,-0.28689,-0.217681,-0.199904,-0.247241,-0.345903,-0.48034,-0.621657,-0.759508,-0.880449,-0.978699,-1.06788,-1.15496,-1.23008,-1.29436,-1.35477,-1.40775,-1.43692,-1.37557,-1.20063
-2.21316,-2.37148,-2.53437,-2.6723,-2.76351,-2.78942,-2.75966,-2.69936,-2.6311,-2.56695,-2.51549,-2.47958,-2.43937,-2.36707,-2.27558,-2.19961,-2.13409,-2.04927,-1.9415,-1.82857,-1.72707,-1.65812,-1.62581,-1.61706,-1.62056,-1.62954,-1.64602,-1.66855,-1.69753,-1.74419,-1.79638,-1.82177,-1.83267,-1.84587,-1.83127,-1.76665,-1.63604,-1.47173,-1.37,-1.33023,-1.23451,-1.04021,-0.839438,-0.693444,-0.580709,-0.467771,-0.358369,-0.284439,-0.26979,-0.322042,-0.417171,-0.516222,-0.607244,-0.706161,-0.816798,-0.937745,-1.05609,-1.1404,-1.1747,-1.197,-1.2384,-1.26438,-1.21627,-1.06399
-2.25804,-2.39504,-2.5508,-2.69555,-2.78857,-2.81401,-2.7859,-2.73419,-2.68057,-2.62621,-2.56241,-2.50002,-2.44801,-2.36889,-2.25811,-2.16634,-2.10116,-2.03273,-1.94153,-1.82784,-1.715,-1.63588,-1.59977,-1.59392,-1.59512,-1.58654,-1.56788,-1.56602,-1.59795,-1.64978,-1.69996,-1.72728,-1.74222,-1.75999,-1.76809,-1.72505,-1.60623,-1.46402,-1.39171,-1.38211,-1.31363,-1.15421,-0.988369,-0.873645,-0.791182,-0.709368,-0.622718,-0.532097,-0.456851,-0.415111,-0.414329,-0.434518,-0.45638,-0.502876,-0.59328,-0.730063,-0.901855,-1.04676,-1.10524,-1.10149,-1.0925,-1.08723,-1.0339,-0.874257
-2.31888,-2.41345,-2.51528,-2.62612,-2.7055,-2.7281,-2.70645,-2.67421,-2.65833,-2.65707,-2.63238,-2.5519,-2.44954,-2.34407,-2.22138,-2.1085,-2.04022,-1.98795,-1.91297,-1.81033,-1.68648,-1.57677,-1.51248,-1.4985,-1.50975,-1.50774,-1.48194,-1.46481,-1.48193,-1.50972,-1.53404,-1.5555,-1.56633,-1.58353,-1.60835,-1.60904,-1.55494,-1.47935,-1.45017,-1.44354,-1.38354,-1.24993,-1.11184,-1.02424,-0.963332,-0.898024,-0.819294,-0.730652,-0.629669,-0.530069,-0.455062,-0.39385,-0.329227,-0.296511,-0.334726,-0.451254,-0.624903,-0.794724,-0.902371,-0.93171,-0.914785,-0.87639,-0.787317,-0.626483
-2.40028,-2.47758,-2.52083,-2.56629,-2.61091,-2.62744,-2.61032,-2.57441,-2.54707,-2.56011,-2.59558,-2.57249,-2.45429,-2.29249,-2.14695,-2.04306,-1.97814,-1.92841,-1.8703,-1.78292,-1.66738,-1.54512,-1.44453,-1.3973,-1.39881,-1.40603,-1.38434,-1.34685,-1.33191,-1.34373,-1.3634,-1.38477,-1.39003,-1.38646,-1.4072,-1.45253,-1.48601,-1.49038,-1.49744,-1.49701,-1.44603,-1.34348,-1.24178,-1.17361,-1.12215,-1.06303,-0.983592,-0.885893,-0.775186,-0.661579,-0.54321,-0.41844,-0.279373,-0.162638,-0.122754,-0.17347,-0.310743,-0.47712,-0.593274,-0.624082,-0.584098,-0.517204,-0.433255,-0.332695
-2.48913,-2.57466,-2.59576,-2.60334,-2.6258,-2.64429,-2.63184,-2.57021,-2.47313,-2.39733,-2.38993,-2.41803,-2.3837,-2.24516,-2.07341,-1.95477,-1.91039,-1.88374,-1.82912,-1.74644,-1.64388,-1.52988,-1.41348,-1.32692,-1.2927,-1.28993,-1.27601,-1.2366,-1.206,-1.21121,-1.2287,-1.24081,-1.24072,-1.21848,-1.22,-1.29106,-1.39138,-1.46006,-1.49727,-1.50941,-1.4753,-1.41297,-1.35797,-1.30884,-1.25482,-1.18319,-1.08267,-0.966214,-0.858514,-0.758356,-0.64711,-0.505425,-0.335989,-0.165987,-0.0334219,0.0219538,-0.0172591,-0.121829,-0.203981,-0.207094,-0.141346,-0.069536,-0.0605258,-0.108317
-2.52224,-2.64956,-2.68514,-2.6943,-2.72931,-2.77581,-2.78887,-2.72376,-2.56205,-2.34745,-2.17529,-2.12371,-2.14283,-2.11171,-1.99945,-1.88395,-1.83616,-1.83293,-1.81001,-1.73422,-1.62933,-1.51809,-1.39766,-1.2869,-1.21229,-1.18256,-1.17662,-1.16508,-1.15079,-1.1598,-1.18413,-1.18224,-1.15746,-1.1249,-1.10813,-1.15749,-1.26172,-1.36017,-1.41193,-1.43066,-1.42723,-1.40762,-1.39855,-1.38173,-1.33277,-1.25144,-1.13441,-1.0065,-0.900214,-0.816594,-0.733051,-0.621315,-0.468315,-0.296193,-0.129306,0.00824677,0.0974561,0.109354,0.0765989,0.084622,0.158394,0.24016,0.205837,0.0715188
-2.44144,-2.62882,-2.72713,-2.77744,-2.82609,-2.88794,-2.92697,-2.88838,-2.73497,-2.47595,-2.17719,-1.95651,-1.86853,-1.85119,-1.81983,-1.76454,-1.73836,-1.74997,-1.75698,-1.71997,-1.63725,-1.52252,-1.39594,-1.27654,-1.18233,-1.13925,-1.13941,-1.15275,-1.16286,-1.17566,-1.19828,-1.19995,-1.16076,-1.1106,-1.07296,-1.07614,-1.14036,-1.23535,-1.29197,-1.29638,-1.29904,-1.32195,-1.36233,-1.38593,-1.36022,-1.28368,-1.1577,-1.017,-0.910301,-0.849268,-0.809807,-0.74594,-0.622106,-0.463652,-0.307606,-0.16719,-0.0153231,0.13573,0.192335,0.178076,0.196248,0.259966,0.286957,0.232318
-2.3388,-2.55331,-2.71511,-2.81086,-2.86118,-2.88272,-2.89302,-2.88089,-2.79376,-2.60095,-2.32451,-2.03127,-1.8071,-1.67777,-1.60507,-1.56687,-1.55989,-1.5811,-1.61397,-1.62726,-1.59584,-1.5204,-1.41324,-1.3063,-1.22851,-1.1904,-1.19716,-1.22264,-1.23089,-1.21914,-1.21271,-1.20788,-1.17549,-1.12571,-1.0729,-1.03487,-1.05282,-1.12628,-1.18028,-1.16904,-1.1547,-1.1999,-1.28637,-1.34978,-1.34694,-1.28187,-1.16482,-1.02579,-0.912719,-0.852173,-0.840718,-0.818292,-0.733497,-0.603991,-0.462473,-0.338889,-0.218101,-0.0571735,0.108879,0.18125,0.170553,0.18217,0.264885,0.358544
-2.31344,-2.52199,-2.69336,-2.79125,-2.81836,-2.78752,-2.71791,-2.65602,-2.60109,-2.51169,-2.35696,-2.14343,-1.9193,-1.72277,-1.56862,-1.45801,-1.3906,-1.37107,-1.39495,-1.44227,-1.47789,-1.47576,-1.4344,-1.37024,-1.31562,-1.29139,-1.29863,-1.32305,-1.32632,-1.2873,-1.22656,-1.17843,-1.13938,-1.09374,-1.05075,-1.00964,-0.997614,-1.0418,-1.08936,-1.07761,-1.0517,-1.09658,-1.20066,-1.28191,-1.29401,-1.24264,-1.14156,-1.02281,-0.920966,-0.854965,-0.837389,-0.825742,-0.776632,-0.696775,-0.59348,-0.493404,-0.404878,-0.302909,-0.138803,0.0693872,0.183682,0.203853,0.286742,0.463697
-2.27981,-2.47745,-2.62959,-2.69361,-2.66753,-2.58438,-2.46657,-2.34143,-2.25879,-2.2261,-2.20628,-2.15166,-2.04398,-1.89895,-1.73315,-1.5584,-1.40135,-1.29207,-1.24672,-1.26652,-1.328,-1.39472,-1.43526,-1.43602,-1.40757,-1.37742,-1.364,-1.36775,-1.36596,-1.32645,-1.25522,-1.17786,-1.10524,-1.04118,-0.996028,-0.966166,-0.950431,-0.967833,-1.00809,-1.01193,-0.982735,-1.00432,-1.08692,-1.16062,-1.17826,-1.14591,-1.07247,-0.983796,-0.916686,-0.872139,-0.851096,-0.828285,-0.794787,-0.755539,-0.702283,-0.640601,-0.568041,-0.477138,-0.347279,-0.14842,0.0767731,0.186933,0.237904,0.425698
-2.13812,-2.30053,-2.42,-2.44903,-2.38462,-2.27676,-2.16659,-2.06348,-1.99241,-1.97657,-2.00369,-2.0435,-2.05964,-2.02274,-1.91695,-1.75581,-1.5692,-1.39821,-1.28302,-1.24411,-1.2792,-1.35433,-1.42803,-1.47318,-1.47629,-1.44134,-1.39218,-1.34429,-1.30408,-1.27238,-1.2367,-1.19258,-1.13287,-1.05897,-0.988623,-0.940165,-0.923031,-0.925496,-0.941541,-0.942202,-0.911479,-0.89594,-0.928173,-0.977496,-1.00531,-1.00726,-0.978812,-0.931794,-0.895893,-0.869753,-0.8573,-0.850911,-0.83522,-0.814014,-0.781031,-0.746432,-0.689634,-0.579181,-0.430826,-0.263235,-0.0674013,0.0884986,0.130768,0.254544
-1.88668,-1.9816,-2.08653,-2.12876,-2.07299,-1.96947,-1.89969,-1.88173,-1.89252,-1.91718,-1.94568,-1.97205,-1.98855,-1.98385,-1.94521,-1.86056,-1.73403,-1.58357,-1.4404,-1.34741,-1.32831,-1.36573,-1.42579,-1.48066,-1.50715,-1.49395,-1.43938,-1.35584,-1.27449,-1.21109,-1.1706,-1.15295,-1.13796,-1.10691,-1.05151,-0.985243,-0.947879,-0.939152,-0.930586,-0.90721,-0.858063,-0.807018,-0.782691,-0.788126,-0.815664,-0.852078,-0.885325,-0.888789,-0.874228,-0.86192,-0.855221,-0.860664,-0.865867,-0.870408,-0.851803,-0.811844,-0.74982,-0.628436,-0.457382,-0.280027,-0.1182,0.00768787,-0.00815436,0.012424
-1.69007,-1.69772,-1.78478,-1.87252,-1.87847,-1.80573,-1.74285,-1.75337,-1.82308,-1.90262,-1.95475,-1.97254,-1.96469,-1.94309,-1.924,-1.89148,-1.82566,-1.72203,-1.59382,-1.46655,-1.37009,-1.32441,-1.32284,-1.36644,-1.43708,-1.49116,-1.49069,-1.42572,-1.32342,-1.22566,-1.15615,-1.12361,-1.12122,-1.11465,-1.08346,-1.03307,-0.987831,-0.966372,-0.952342,-0.918093,-0.860879,-0.791929,-0.728477,-0.692056,-0.700426,-0.751556,-0.81251,-0.854338,-0.872645,-0.870496,-0.861582,-0.861037,-0.87064,-0.893619,-0.894974,-0.861197,-0.803516,-0.686715,-0.502781,-0.293881,-0.112067,0.0262256,-0.0343438,-0.181408
-1.64764,-1.61677,-1.64839,-1.72706,-1.79018,-1.77982,-1.71315,-1.6658,-1.68489,-1.75164,-1.82835,-1.89067,-1.93491,-1.97058,-1.99419,-1.97895,-1.90519,-1.78529,-1.64929,-1.52171,-1.40021,-1.27886,-1.18399,-1.1438,-1.18334,-1.29034,-1.38578,-1.40851,-1.35253,-1.26553,-1.19532,-1.15114,-1.12361,-1.09612,-1.05451,-1.00111,-0.955645,-0.928496,-0.915337,-0.902215,-0.881017,-0.842071,-0.786632,-0.74178,-0.7267,-0.74731,-0.791953,-0.834775,-0.862364,-0.869024,-0.859715,-0.844961,-0.841181,-0.863983,-0.887712,-0.884835,-0.858902,-0.77704,-0.611403,-0.390127,-0.157812,0.0666092,0.124174,-0.168964
-1.67906,-1.68758,-1.68197,-1.68003,-1.69953,-1.71755,-1.68504,-1.59797,-1.52167,-1.51104,-1.57327,-1.68376,-1.81757,-1.94482,-2.03175,-2.0377,-1.93867,-1.78004,-1.62987,-1.51085,-1.40834,-1.29317,-1.15204,-1.02741,-0.969415,-0.991803,-1.07482,-1.16353,-1.20849,-1.20653,-1.18728,-1.16996,-1.14627,-1.09801,-1.02226,-0.929181,-0.851354,-0.808533,-0.804868,-0.833587,-0.868776,-0.88599,-0.863124,-0.827237,-0.811437,-0.808541,-0.81063,-0.820871,-0.827061,-0.820654,-0.805048,-0.783475,-0.770434,-0.785771,-0.823904,-0.861428,-0.885864,-0.85659,-0.73729,-0.543327,-0.306091,-0.033725,0.309162,0.0853962
-1.65687,-1.71973,-1.73679,-1.68341,-1.61174,-1.56612,-1.5273,-1.45595,-1.36638,-1.32048,-1.36777,-1.50506,-1.66686,-1.79457,-1.86213,-1.85714,-1.7819,-1.66252,-1.54535,-1.46333,-1.41376,-1.36151,-1.25908,-1.11838,-0.985872,-0.895395,-0.855905,-0.864901,-0.911635,-0.968798,-1.03276,-1.09371,-1.12562,-1.10437,-1.02165,-0.899158,-0.780332,-0.705229,-0.700553,-0.751267,-0.829075,-0.885209,-0.881156,-0.850004,-0.830153,-0.824303,-0.813027,-0.787984,-0.756551,-0.721447,-0.691445,-0.669012,-0.653404,-0.666113,-0.711029,-0.774604,-0.838723,-0.865526,-0.812768,-0.672512,-0.462581,-0.259345,0.205623,0.391665
-1.57832,-1.59039,-1.63571,-1.64113,-1.56606,-1.43692,-1.31423,-1.23559,-1.20529,-1.22465,-1.29901,-1.40963,-1.50055,-1.53131,-1.51229,-1.46948,-1.42761,-1.39078,-1.36095,-1.3615,-1.39619,-1.43513,-1.42329,-1.31978,-1.15275,-0.983193,-0.848303,-0.762857,-0.727015,-0.740384,-0.799605,-0.888441,-0.975721,-1.02237,-1.00148,-0.912205,-0.789191,-0.685991,-0.654643,-0.704349,-0.794808,-0.860651,-0.857135,-0.810836,-0.772599,-0.759115,-0.747532,-0.711921,-0.652102,-0.588857,-0.534231,-0.497997,-0.491668,-0.513116,-0.563257,-0.638872,-0.721032,-0.788846,-0.796339,-0.718258,-0.54793,-0.40409,-0.144531,0.477777
-1.50283,-1.38355,-1.38043,-1.45319,-1.49059,-1.39529,-1.2235,-1.11043,-1.10897,-1.18054,-1.25964,-1.30035,-1.27576,-1.19322,-1.09489,-1.02822,-1.02786,-1.08137,-1.16654,-1.27344,-1.37316,-1.44656,-1.47128,-1.40804,-1.2523,-1.06949,-0.924533,-0.822563,-0.746109,-0.700667,-0.698025,-0.735512,-0.798248,-0.865004,-0.908548,-0.897807,-0.823623,-0.727487,-0.679661,-0.706986,-0.782312,-0.838077,-0.820002,-0.751611,-0.69182,-0.666756,-0.652954,-0.616649,-0.55326,-0.470422,-0.380977,-0.317946,-0.303125,-0.330068,-0.391554,-0.473429,-0.555414,-0.639269,-0.686631,-0.668052,-0.565479,-0.412579,-0.417325,0.241442
-1.50566,-1.28416,-1.15425,-1.15683,-1.25686,-1.32113,-1.27756,-1.19737,-1.15773,-1.15193,-1.13155,-1.07135,-0.968247,-0.844466,-0.738027,-0.670111,-0.693353,-0.817859,-1.00035,-1.19717,-1.33383,-1.3827,-1.37162,-1.31868,-1.2192,-1.08314,-0.953852,-0.878698,-0.836909,-0.795969,-0.764696,-0.750883,-0.754533,-0.768621,-0.795434,-0.821877,-0.811733,-0.754777,-0.698031,-0.699072,-0.746864,-0.78327,-0.759852,-0.684344,-0.618906,-0.590551,-0.573536,-0.539186,-0.482726,-0.399657,-0.290964,-0.199982,-0.161383,-0.174654,-0.225889,-0.293743,-0.357741,-0.429141,-0.495074,-0.523443,-0.523872,-0.366617,-0.424348,-0.135976
-1.61919,-1.38971,-1.17892,-1.03351,-1.0347,-1.16493,-1.2826,-1.29959,-1.22909,-1.1048,-0.944376,-0.784746,-0.661117,-0.575362,-0.52135,-0.492421,-0.513335,-0.616682,-0.798975,-1.0172,-1.18676,-1.24878,-1.22619,-1.18975,-1.16484,-1.10862,-1.00904,-0.919268,-0.887658,-0.894789,-0.883878,-0.848028,-0.808162,-0.769345,-0.733796,-0.701559,-0.672098,-0.636048,-0.594363,-0.580693,-0.613791,-0.658284,-0.657223,-0.602316,-0.545545,-0.521088,-0.50993,-0.482885,-0.431186,-0.358536,-0.255662,-0.151257,-0.0949547,-0.0942704,-0.122257,-0.155589,-0.177387,-0.204787,-0.25541,-0.304849,-0.382012,-0.310325,-0.25066,-0.359796
-1.75852,-1.57491,-1.36979,-1.1805,-1.07312,-1.09565,-1.18436,-1.22432,-1.16457,-1.0062,-0.78993,-0.595665,-0.480381,-0.436563,-0.443809,-0.46139,-0.490225,-0.564659,-0.674387,-0.809548,-0.948733,-1.05436,-1.10198,-1.11924,-1.13621,-1.12971,-1.0622,-0.965878,-0.922761,-0.943105,-0.967265,-0.946023,-0.877914,-0.789747,-0.692004,-0.586058,-0.48484,-0.406424,-0.358276,-0.350102,-0.389027,-0.455928,-0.498269,-0.487484,-0.458287,-0.448117,-0.447096,-0.422046,-0.362703,-0.293376,-0.217235,-0.137193,-0.0882679,-0.0817317,-0.0911737,-0.0846824,-0.0466727,-0.00843288,-0.0107906,-0.0552865,-0.140289,-0.227946,-0.0873024,-0.284767
-1.88568,-1.70921,-1.52695,-1.36348,-1.21007,-1.09106,-1.01903,-0.982408,-0.950688,-0.872181,-0.72426,-0.548777,-0.422162,-0.3869,-0.423922,-0.497016,-0.574614,-0.63703,-0.686378,-0.739156,-0.810411,-0.896108,-0.968034,-1.01824,-1.06164,-1.10244,-1.09803,-1.01749,-0.92569,-0.907385,-0.957443,-0.981268,-0.9188,-0.789937,-0.637369,-0.48817,-0.341877,-0.217858,-0.137133,-0.109909,-0.142544,-0.21613,-0.284873,-0.313965,-0.319676,-0.33294,-0.350203,-0.341028,-0.276116,-0.193451,-0.137222,-0.0885062,-0.0662703,-0.0842221,-0.102153,-0.0716443,0.0222062,0.132388,0.199299,0.185707,0.12149,-0.0573036,0.0109839,-0.0913965
-1.97125,-1.7731,-1.56405,-1.38165,-1.19133,-0.97115,-0.775958,-0.671341,-0.661559,-0.690973,-0.670653,-0.571291,-0.4648,-0.431892,-0.489771,-0.588448,-0.660257,-0.688455,-0.703301,-0.726103,-0.758419,-0.800658,-0.84786,-0.887281,-0.932589,-1.01594,-1.09213,-1.08019,-0.98574,-0.899731,-0.903313,-0.948547,-0.927081,-0.798681,-0.608737,-0.422108,-0.250547,-0.0995427,0.0124084,0.0684769,0.0687985,0.0286374,-0.0222372,-0.0508569,-0.070646,-0.115123,-0.172467,-0.207976,-0.170349,-0.0698331,0.00234036,0.031655,0.0171383,-0.0511574,-0.10366,-0.0733186,0.0479279,0.211476,0.348617,0.389751,0.34202,0.17618,0.0881826,0.0812763
-1.96788,-1.74748,-1.48261,-1.23292,-0.983988,-0.721533,-0.497209,-0.382163,-0.406459,-0.526052,-0.627858,-0.650735,-0.637174,-0.646837,-0.697783,-0.73206,-0.704269,-0.637616,-0.582477,-0.58383,-0.633961,-0.695488,-0.747133,-0.793201,-0.850246,-0.929305,-1.03085,-1.09686,-1.0465,-0.925839,-0.847352,-0.848029,-0.860917,-0.796896,-0.643772,-0.4449,-0.239499,-0.0516281,0.0984187,0.199969,0.249857,0.264313,0.26386,0.261863,0.247302,0.193821,0.100089,0.00247255,-0.0329944,0.039948,0.139789,0.178453,0.142875,0.0449361,-0.0468219,-0.0490066,0.0716057,0.264049,0.443453,0.538866,0.516547,0.393759,0.19815,0.231674
-1.85457,-1.60651,-1.278,-0.952125,-0.673815,-0.464321,-0.329058,-0.289827,-0.382149,-0.573585,-0.759717,-0.878338,-0.923984,-0.91799,-0.877652,-0.7914,-0.669712,-0.548417,-0.457283,-0.4237,-0.448127,-0.501647,-0.571052,-0.650803,-0.724923,-0.794599,-0.878696,-0.952504,-0.951542,-0.856001,-0.735844,-0.679638,-0.691825,-0.705499,-0.651569,-0.512086,-0.308297,-0.0802701,0.130964,0.307213,0.432497,0.507197,0.553187,0.578503,0.576218,0.526539,0.417786,0.281316,0.170124,0.157369,0.232043,0.28122,0.253529,0.165884,0.0675848,0.0376399,0.13003,0.320819,0.517851,0.652355,0.658361,0.570114,0.347354,0.337911
