uploads/wind/20200722/wind_field_21.json
{"header": {"parameterUnit": "m.s-1", "parameterNumber": 3, "dx":  0.051, "dy": 0.036, "parameterNumberName": "northward_wind", "la1": 45.3082, "parameterCategory": 2,"nx": 177, "ny": 123, "refTime": "2018-10-03 01:00:00", "lo1":1.38177}, "data":
[rows 29 to 57 of 123, columns 0 to 63 of 177]
-1.09071,-2.55749,-2.79768,-2.99871,-3.19648,-1.24104,-1.74252,-1.7301,-2.10193,-1.57997,-1.06823,-0.689097,-1.45993,-0.67435,-0.50349,-1.97785,-1.48469,0.563397,1.00286,0.499877,-0.34013,-1.51489,0.0247992,0.779168,2.68967,3.83113,3.87466,2.89113,2.92084,3.07514,2.68186,2.18243,2.2977,2.16834,2.67172,3.23034,3.35245,3.19219,2.9354,2.72607,2.75288,2.71719,2.7911,2.76185,2.77331,2.69356,2.75511,2.78111,2.8612,2.83956,2.8424,2.70533,2.67486,2.65405,2.70184,2.93081,3.09595,3.07387,2.88857,2.68764,2.57733,2.55446,2.5869,2.63358
-2.7898,-3.2418,-3.09266,-3.1833,-2.97083,-2.54644,-2.02201,-1.90966,-2.9337,-2.92616,-1.75531,-0.567985,-1.85757,-1.31163,-1.40376,-2.15821,-2.72248,-1.64185,-0.0717986,0.932215,-0.311068,-1.35837,-0.610777,1.4791,3.09538,3.89363,3.91284,3.17207,2.83513,2.30298,0.934434,1.41341,0.776269,1.35446,2.01558,3.01832,3.6748,3.77103,3.60641,3.36405,3.21212,3.28157,3.16863,3.17604,3.08039,3.20288,3.17977,3.25374,3.32452,3.38897,3.35905,3.3429,3.12031,2.98055,3.24891,3.31536,3.34434,3.04324,2.67806,2.52193,2.55438,2.65462,2.76632,2.89852
-4.95659,-3.71022,-3.59619,-3.17034,-3.05363,-2.81953,-2.89042,-2.94579,-2.88535,-3.05643,-1.55325,-1.42996,-1.47487,-1.43702,-2.38972,-0.72204,0.532807,0.901391,1.342,0.268,-0.0150509,0.0950238,0.684346,2.24138,3.79874,3.19617,2.73419,2.49521,2.18686,2.09014,2.48087,2.13422,2.31511,2.2567,2.4991,3.00927,3.65807,4.00796,4.12796,4.06931,3.9061,4.0065,3.6416,3.72141,3.73318,3.9395,3.82247,3.7163,3.86835,3.86663,3.90897,4.1632,3.8866,3.82301,4.22697,3.99075,3.57464,2.98557,2.62609,2.55324,2.65709,2.77176,2.91062,3.07566
-5.97027,-4.44254,-3.47601,-3.06747,-3.04027,-2.77133,-2.95471,-3.09769,-2.72943,-2.50475,-1.23045,-1.2211,-1.35717,-1.86159,-2.72159,0.349521,2.88003,2.87713,-0.0417835,-1.21876,0.768072,3.42774,3.61125,3.63442,4.02054,4.23882,3.38508,2.58298,2.39342,2.67548,3.725,3.83441,3.30396,3.57402,3.58726,3.60104,3.85353,4.16452,4.43787,4.47196,4.54984,4.31304,4.0154,4.21549,4.37865,4.40012,4.40526,4.22607,4.49747,4.34416,4.55891,4.77178,4.4563,4.96495,4.60771,4.68088,3.56453,2.86742,2.74302,2.82781,2.86759,2.95469,3.05792,3.20604
-5.32484,-3.7816,-3.45456,-2.73432,-2.38595,-2.32837,-2.53462,-2.56638,-2.57162,-2.67768,-1.9574,-1.87921,-2.62998,-2.48938,-1.72981,1.10103,2.91213,2.25939,-0.143176,-0.158772,2.18363,3.24579,3.19793,2.86294,3.74067,3.9442,3.31542,3.50412,3.40538,2.9234,3.31977,2.75892,3.37099,3.30036,3.44536,3.79647,4.14151,4.42472,4.62226,4.8289,4.87582,4.52243,4.46786,4.84522,4.74551,4.92763,4.83619,4.91499,4.87968,4.80742,4.73681,4.8452,4.45428,5.03437,4.45445,4.51707,3.17468,2.80115,2.98738,3.107,3.13183,3.03267,3.07408,3.1334
-2.72371,-2.01541,-2.04145,-2.08324,-2.11865,-2.49935,-3.07287,-3.31438,-3.23435,-2.49583,-1.31845,-1.81968,-0.951131,-0.213618,0.99916,1.70869,1.24797,0.763627,2.00307,2.12264,1.24449,0.0664813,-0.238531,-0.220908,0.91011,0.811118,0.565136,1.16726,1.22669,-0.111608,0.185004,0.884577,0.992575,0.705639,1.38845,2.77501,3.86683,4.51394,4.89434,5.05892,5.29256,5.03048,5.36248,5.39852,5.41683,5.38312,5.37486,5.20122,4.98591,4.68345,4.5688,4.42544,4.45571,4.43533,4.11894,3.35263,2.67502,2.9341,3.24673,3.33018,3.22338,3.18134,2.84608,2.66527
0.113076,-0.443293,-1.00517,-1.621,-2.12592,-2.98,-3.47913,-3.43177,-2.91285,-1.4004,0.00332687,0.103732,1.67225,3.12074,3.15645,1.86298,0.462018,0.176774,0.896405,1.06679,0.0692027,-1.75541,-2.70601,-2.75567,-1.73255,-1.77787,-1.86756,-1.7588,-2.33074,-1.69149,-1.0295,-0.415824,-1.08714,-1.2681,0.188209,2.01397,3.4626,4.37311,4.99144,5.43876,5.75687,5.95434,6.2334,6.01742,6.04798,5.72063,5.64226,5.2623,4.84855,4.67957,4.48333,4.38366,4.26573,3.95684,3.40805,2.45697,2.63951,3.14948,3.41004,3.4283,3.27194,3.48939,2.771,2.17159
0.967449,-0.0191134,-0.830279,-1.65645,-2.46592,-2.59256,-2.22608,-2.26517,-2.63794,-1.90054,-1.11404,-0.669444,-0.21782,1.6898,1.72223,0.457328,-1.01097,-1.71605,-0.923853,-0.834042,-1.95132,-3.42703,-3.12414,-2.34641,-1.55404,-1.60287,-0.822615,-0.772629,-0.312516,0.554172,0.635487,0.0397753,-0.650605,0.00378357,1.26609,2.67442,3.69594,4.5002,5.2053,6.04674,6.32942,6.54965,6.34002,6.27127,5.73113,5.38286,5.11837,4.56186,4.32994,4.09152,3.92119,3.36879,3.27661,2.71918,2.6539,2.2527,2.7405,3.12383,3.34425,3.33365,3.55837,3.39996,2.7811,2.3465
0.0273952,-0.877903,-1.43124,-2.07169,-2.71041,-3.21394,-3.3206,-3.11869,-3.35983,-3.14094,-2.56526,-2.93942,-3.22909,-1.75432,-0.793642,-1.30007,-2.14711,-2.34582,-2.31892,-2.99971,-3.314,-2.98028,-0.322617,-0.129446,-0.605777,-0.247038,0.629761,0.834743,0.981025,1.50519,1.39026,1.18665,2.40623,2.44399,3.45035,4.02098,4.63878,5.25714,5.95697,6.41694,6.4248,6.05626,5.76217,5.29509,4.36893,4.09515,3.56625,3.27786,2.92937,2.63003,2.08287,1.60746,1.72592,1.54396,1.90938,1.91557,2.22372,2.70263,2.73741,3.18907,3.22962,3.02193,2.95783,3.16843
-1.02879,-1.57917,-2.20006,-2.29656,-2.66465,-3.06758,-3.59858,-3.40613,-2.60712,-2.21348,-1.91022,-2.23562,-2.81279,-1.64578,-1.02696,-1.948,-3.20294,-3.20127,-3.45856,-3.26396,-1.95012,0.182667,1.09339,1.04723,1.12671,1.37766,0.265134,-0.597259,-0.607871,-1.06816,-0.361526,3.27292,4.52655,5.40437,5.08603,5.25371,5.89107,6.2843,6.46348,6.21318,5.65537,5.18031,4.64994,3.61725,3.19136,2.67169,2.59993,2.14688,1.73456,1.53631,0.900319,0.989768,1.13303,1.38747,1.27339,1.41407,1.35375,1.73084,1.70155,2.16125,2.45092,2.38286,3.10079,3.25209
-2.8807,-2.97754,-2.85263,-2.60776,-2.39633,-1.58534,-0.914933,-1.86314,-2.73044,-3.31865,-2.8562,-2.68306,-2.81729,-2.17055,-2.06785,-3.22035,-3.72822,-3.08763,-1.27613,0.654444,0.425284,-0.886003,-0.916059,-0.302353,-0.0396494,0.138958,-0.538927,-2.43695,-3.11581,-3.04951,-0.792173,3.26352,5.15761,4.88539,5.33061,5.70762,6.23046,6.46752,6.11234,5.5539,4.96337,4.38973,3.43406,2.92629,2.65127,2.46266,2.51952,1.48419,1.18505,1.16254,1.04879,1.19262,1.4172,1.35018,0.92134,1.05608,0.790411,0.732935,0.844919,0.780519,1.6565,1.54318,2.03662,2.05185
-3.69124,-3.55009,-3.38004,-3.07116,-2.59953,-1.68494,0.3893,-0.140434,-2.71655,-4.9189,-5.75837,-4.89882,-4.02309,-3.76656,-4.15989,-3.94263,-1.82331,1.20776,2.84045,3.55582,2.59568,-0.534333,-2.38917,-2.20858,-1.82657,-2.05288,-2.90493,-3.97765,-3.72011,-2.28087,0.673146,3.50123,4.00799,4.56888,4.47976,3.84406,4.03691,4.72541,4.75392,4.31411,4.27122,3.507,2.99222,2.96291,2.6143,2.50062,1.84625,1.11979,1.09842,1.14841,1.17307,1.35823,1.43841,0.603347,0.55275,0.555086,0.547081,0.410638,0.568901,0.399627,0.672688,0.668247,0.638259,0.686373
-4.02968,-3.8853,-3.63425,-2.72903,-2.60193,-2.2863,-0.085752,1.1568,0.407849,-1.958,-3.53976,-4.53979,-4.05307,-3.37673,-4.47583,-4.34667,-3.22345,0.1028,0.541482,0.769131,3.47586,3.80779,1.73121,0.372871,1.10013,-0.0874153,-1.60065,-1.70889,-1.3937,1.42857,3.47395,3.48683,4.43443,3.81372,3.40891,1.73173,0.5624,1.57891,2.72158,2.77025,3.06455,3.07804,3.12739,2.89608,2.42283,1.86473,1.39183,1.44477,1.51459,1.39689,1.43642,1.51135,0.883927,-0.625635,-0.0598615,0.243785,0.519822,0.561118,0.698425,0.541635,0.14736,-0.0757036,0.0632005,-0.0793744
-4.05903,-3.61138,-3.38902,-2.82287,-2.18049,-1.92495,-0.7343,0.824114,0.992121,0.722,-0.215467,-1.58849,-2.42132,-2.69318,-2.27135,-4.07049,-7.16885,-6.61364,-4.55424,-3.09495,0.551983,4.78409,5.81929,5.60664,5.23387,3.82046,1.95741,0.398592,1.23188,2.75997,4.3867,4.3813,4.14118,3.9567,3.38042,1.84853,-0.0069825,0.462157,1.25647,2.236,2.78551,3.26473,3.3219,2.83572,2.13643,1.8157,2.14908,2.32633,2.2227,2.05956,2.01608,1.84893,0.42872,-0.638955,0.215422,0.759955,1.02847,0.9931,1.03704,0.833342,0.285601,-0.217566,-0.245086,-0.560743
-3.05579,-2.92708,-2.96481,-2.38357,-1.65007,-1.45739,-1.24747,-1.162,-0.344637,0.719809,2.69375,2.85308,2.303,1.57123,3.19112,0.451385,-3.72236,-4.41726,-3.28364,-2.18989,-1.25956,1.49002,3.84083,4.76745,5.53867,6.88844,7.07116,6.17163,5.57477,4.75155,4.2283,2.94798,2.41561,3.70229,3.85819,3.08214,1.79511,1.80255,2.18653,3.03746,3.5472,3.77134,3.61044,3.02944,2.79884,2.67817,3.0881,3.18388,3.13405,3.32234,2.87387,2.45926,1.07861,1.11546,1.62478,1.86796,1.798,1.52565,1.32699,0.93162,0.300188,-0.131428,-0.530238,-0.953299
-1.56992,-1.53475,-1.43273,-1.61232,-1.57894,-1.71936,-2.8644,-3.26872,-1.6048,-0.464896,1.96293,2.86498,3.67492,3.98886,4.76317,4.45186,3.81149,2.6083,1.32121,1.10041,0.810241,0.63805,0.619938,0.366908,2.8803,7.35247,7.42379,6.56464,5.31174,4.33127,2.59062,0.94353,1.88754,3.23067,4.25542,4.11132,3.92267,3.87309,4.00334,4.20725,4.4813,4.45652,3.97157,3.59472,3.86166,3.67394,3.71628,3.87524,3.95558,4.35873,3.63844,3.15873,2.58624,2.83227,2.90961,2.81543,2.43065,1.94983,1.53565,0.61655,0.155411,-0.101986,-0.425899,-0.692499
-0.29165,-0.0703262,-0.056602,0.045264,0.11786,-0.374245,-0.385176,-1.01583,-0.148009,-0.272831,0.396165,0.0937511,-0.242029,-0.242169,0.508961,2.11064,5.1286,5.5421,3.37551,2.39489,1.9599,1.79543,1.79812,1.41754,2.00823,4.07944,1.66006,-0.140962,0.488843,0.567862,0.271382,1.18486,2.79536,3.89488,4.52633,4.63318,4.7947,4.87344,5.03436,5.28328,5.36108,4.99346,4.46997,4.24713,4.54489,4.34284,4.30825,4.232,4.62058,4.39846,3.69971,3.4701,3.57864,3.61958,3.5413,3.3366,2.93381,2.36112,1.78053,0.795489,0.388051,0.162336,0.0536168,0.150819
2.81427,2.03635,2.30819,1.88764,1.67009,1.70886,1.59748,1.99921,2.33051,2.11641,0.988044,-1.29705,-3.94025,-4.85163,-3.55138,-1.58143,1.94956,4.17244,4.27036,3.83018,3.31233,2.78218,2.31129,1.97377,1.22879,1.96424,-0.833934,-1.31285,-0.0935279,-0.00408627,0.430091,1.49024,2.80498,3.82591,4.36788,4.58132,4.99162,5.35836,5.62533,5.79214,5.6534,5.30106,4.9824,4.91123,4.89753,4.96268,4.82387,4.80502,4.71928,4.16521,3.56688,3.57112,3.74192,3.76577,3.74806,3.62548,3.28304,2.68572,2.01129,1.33408,0.830896,0.571954,0.612574,0.836956
4.4491,4.61396,4.06996,3.93522,3.63409,3.2674,3.1507,2.65592,2.51742,1.65802,0.562123,-1.50394,-2.68249,-2.99741,-2.45295,-2.39101,-1.77544,-0.0622351,1.41979,3.0916,3.7741,3.52189,2.10542,0.543024,1.49903,1.49307,0.260635,-1.21387,-1.40255,-0.469363,0.353788,1.20496,1.98404,2.60234,3.17027,3.94588,4.72544,5.39137,5.72728,5.7335,5.576,5.45237,5.32788,5.29629,5.31587,5.68908,5.30888,5.43789,4.80488,4.25433,3.8626,3.83056,3.73698,3.65651,3.64553,3.54137,3.17732,2.62292,2.04772,1.52371,1.14204,1.01596,1.12496,1.26831
4.86646,4.58029,4.6215,4.11399,4.02221,4.3615,4.65189,3.79219,2.61538,1.23321,1.40992,2.25753,2.49669,1.23341,-0.492521,-2.59754,-3.66224,-3.5584,-2.91311,-1.982,-0.362787,0.545052,-0.373926,-0.0936711,1.15571,2.9517,3.24251,1.80208,0.881071,0.91791,1.45098,1.53987,1.77161,2.10991,2.48376,3.48512,4.40389,5.05637,5.37614,5.45855,5.4414,5.43994,5.41565,5.39465,5.82119,5.86265,5.76969,5.56637,5.13184,4.31762,4.06483,3.84372,3.45301,3.10395,2.82681,2.57827,2.38476,2.23167,1.97806,1.69008,1.54742,1.55981,1.60824,1.60049
4.8026,4.57839,4.38557,4.35368,3.9895,4.2219,5.02758,4.11379,3.49428,2.52165,3.85536,4.86902,4.34234,2.10275,-0.597505,-1.97993,-1.86236,-1.5133,-1.76185,-2.24028,-2.26007,-2.57784,-3.16446,-1.75319,-0.337523,0.714857,2.92128,3.23063,2.82359,1.55253,1.90248,1.93095,2.0069,2.31022,2.6904,3.56379,4.28733,4.76043,4.9927,5.04917,4.96596,4.97699,5.02458,5.58442,5.77633,5.78695,5.54316,5.37343,4.61828,3.89543,3.57506,3.1028,2.46604,1.87845,1.42561,1.17104,1.51244,1.95203,2.13884,2.17812,2.19095,2.16472,2.04622,1.87245
4.36167,4.21778,4.74962,4.24508,4.01111,4.05367,3.65446,3.16782,3.19639,2.06185,3.34146,4.70785,4.68541,3.47888,1.32647,0.535201,0.656511,1.2966,2.04434,2.31026,1.14053,-0.493886,-1.34913,-1.78373,-0.672249,-0.1969,0.664108,0.640747,0.122339,-1.03502,1.06707,1.96502,2.39254,2.73858,3.13054,3.8047,4.32832,4.57224,4.4585,4.09118,3.85627,4.02851,4.40601,5.10481,5.38635,5.26047,4.89462,4.34549,3.32692,2.68713,2.11181,1.37317,0.744146,0.429242,0.529523,0.805162,1.43956,2.04703,2.4842,2.72398,2.71872,2.5146,2.196,1.87662
4.93158,4.62024,4.34833,4.28733,3.83613,3.43667,3.05518,3.41513,3.25573,1.88089,1.73777,3.03468,4.03456,4.21395,3.74491,3.12768,2.89783,2.01198,1.11395,1.1774,1.39614,1.39857,0.462655,-1.13025,-1.55766,-0.470939,0.385017,0.176481,-0.0300246,-0.29555,0.835182,2.09196,2.81583,3.282,3.64236,3.98575,4.04136,3.62649,2.94952,2.48022,2.74692,3.42382,3.86295,4.27248,4.60005,3.91177,2.71132,1.39372,0.603234,0.192826,-0.0462154,-0.110755,-0.0318556,0.277738,0.832228,1.55273,1.96408,2.33733,2.65414,2.78059,2.63467,2.29557,1.88607,1.53468
4.68533,4.47668,4.3712,4.08913,4.17729,3.47067,3.72298,4.15865,4.48004,3.76204,2.7877,2.83724,3.24631,3.67288,3.5961,2.67295,1.13828,-0.935272,-2.28795,-2.41526,-2.30318,-2.33637,-2.11362,-1.78489,-2.73449,-1.93556,-1.25179,-0.56056,0.98518,2.07999,1.75192,2.33016,2.94871,3.30309,3.39742,2.95349,2.0905,1.48301,1.39771,1.85712,2.85379,3.50456,3.6147,3.75375,2.61833,0.340536,-1.09583,-1.74242,-1.67982,-1.19326,-0.650479,-0.0933705,0.443917,0.985134,1.71642,2.11133,2.36054,2.49404,2.49646,2.3426,2.07268,1.75081,1.41584,1.12498
4.48973,4.33883,4.42554,4.65321,4.29633,4.20676,4.60766,3.9356,3.79434,3.24824,3.02949,3.10341,3.60223,3.55964,2.56311,0.806079,-1.66306,-2.8717,-2.78725,-2.60122,-2.78922,-3.11183,-2.65817,-1.73427,-1.88288,-2.46011,-2.67571,-1.64205,0.256708,1.57188,2.48166,2.54268,2.64407,2.57159,2.10293,1.21981,0.633606,0.875614,1.58668,2.57741,3.51105,3.70649,3.64585,2.47128,-0.25672,-1.85884,-2.0097,-1.74871,-1.17637,-0.524078,0.181662,0.784057,1.32225,1.85548,2.14245,2.36565,2.50445,2.48505,2.25459,1.89815,1.57126,1.31257,1.05865,0.748467
4.17683,4.23808,4.42268,4.16761,4.80215,4.60148,4.63935,4.22635,3.54451,2.86236,2.79552,2.97541,3.75271,4.32624,4.29251,3.30164,0.920493,-0.143506,-0.818288,-1.27592,-1.36903,-0.698923,-0.517577,-0.915912,-0.145969,-0.345146,-1.11172,0.0873989,1.27256,2.33004,2.52719,2.57012,2.39528,1.98397,1.13339,0.614231,0.96271,1.73335,2.49299,3.44969,3.79851,3.80266,3.07963,0.631174,-0.525375,-0.237208,-0.0595446,0.0202195,0.274714,0.713475,1.1857,1.74807,2.11055,2.27127,2.38429,2.51637,2.60768,2.48473,2.08872,1.60449,1.20902,0.934453,0.65993,0.185445
3.21493,3.93307,4.22335,4.75891,4.56555,4.61864,4.77883,4.67277,4.142,4.21546,4.10853,3.05163,2.31526,3.05422,3.44078,3.80984,3.6611,2.87982,1.83416,0.252047,-0.334577,0.57742,0.920197,0.378968,2.24025,3.33062,2.88834,2.61672,2.57067,2.08453,2.63234,2.6248,2.30063,1.66078,1.17831,1.42292,2.06965,2.73102,3.52883,3.81653,3.73214,3.28721,1.47848,0.476807,0.849919,1.00547,1.02621,1.18142,1.42477,1.75406,2.26084,2.53214,2.7044,2.76744,2.78731,2.80791,2.74998,2.46626,1.95926,1.3235,0.838901,0.525637,0.131348,-0.32642
3.27539,3.47129,3.78963,4.37877,4.48742,4.36251,4.4904,4.35069,4.74016,4.17961,2.87063,1.37204,0.369171,1.54823,0.623836,-0.190797,0.836164,1.9627,2.27884,2.69334,1.99751,1.81166,1.8549,1.5521,2.51269,3.67577,3.78684,3.72006,3.09848,2.00763,2.5691,2.54791,2.02455,1.66135,1.83653,2.32186,2.84722,3.4568,3.93953,3.80726,3.32491,2.39586,1.37871,1.4529,1.7643,1.74123,1.84981,2.14301,2.46971,2.79542,2.98423,3.18112,3.30833,3.3322,3.27043,3.11122,2.83327,2.38206,1.73511,1.02788,0.643388,0.307995,-0.00647909,-0.179092
3.14986,3.03396,3.6327,4.02013,4.56705,4.37159,5.01957,4.28984,3.26971,3.18722,2.04667,1.07161,0.478485,1.39592,0.876785,-0.0994226,0.120399,0.721193,1.1301,2.40987,3.02576,2.77719,2.6793,2.03221,1.1965,1.14714,2.75765,3.83663,2.86098,1.22017,1.83084,2.18867,1.95186,2.14806,2.60444,2.97036,3.32988,3.60751,3.64367,3.37971,2.98196,2.71747,2.82316,3.3268,3.33229,3.06425,2.97041,3.13644,3.31226,3.47609,3.63743,3.7467,3.76352,3.70012,3.50829,3.20298,2.76086,2.11368,1.20723,0.839754,0.665633,0.555108,0.486233,0.492519
