uploads/wind/20200722/wind_field_19.json
{"header": {"parameterUnit": "m.s-1", "parameterNumber": 3, "dx":  0.051, "dy": 0.036, "parameterNumberName": "northward_wind", "la1": 45.3082, "parameterCategory": 2,"nx": 177, "ny": 123, "refTime": "2018-10-03 01:00:00", "lo1":1.38177}, "data":
[rows 87 to 115 of 123, columns 0 to 64 of 177]
0.132507,0.0896557,-0.00300226,-0.312124,-0.568319,-0.455828,-0.683504,-0.8195,-0.822716,-0.767501,-0.93553,-1.18274,-1.57081,-1.97288,-2.13385,-1.34625,-0.957042,-1.20708,-0.993989,-0.815144,-1.69275,-2.15861,-2.73879,-2.56199,-2.93993,-2.95766,-3.18747,-3.38692,-2.97776,-2.1152,-0.540124,0.392849,1.28817,1.34921,1.31446,0.33636,-0.684662,-0.921103,0.0651127,0.789159,-0.289953,-1.16973,-1.04815,0.536289,3.28108,4.11728,3.91905,3.21074,2.73888,2.66641,2.63191,3.34383,3.60635,1.53002,2.83319,2.22524,3.31801,3.39697,1.45695,2.01822,3.5163,4.37573,3.80838,3.68388,3.81713
0.00985511,0.00684465,0.0113787,-0.15874,-0.108088,-0.16728,-0.165266,-0.31018,-0.476825,-0.579332,-0.880245,-1.18485,-1.33326,-1.12255,-2.11463,-2.11149,-1.74456,-1.06807,-0.801599,-0.992062,-1.23612,-1.3447,-1.71263,-2.36595,-2.55436,-2.66274,-2.8021,-3.37607,-2.84743,-2.6275,-2.16366,-1.03221,0.149497,-0.0810152,-0.356802,-0.566111,-0.337211,0.129505,0.494068,1.28921,0.653292,-0.584695,-0.520028,1.25267,2.19715,2.62056,2.21724,0.556583,1.26709,2.51911,3.01154,3.16865,3.61936,3.28946,2.92675,2.05627,2.41553,1.02572,0.0433075,0.271701,0.58626,2.42771,3.81884,3.92088,3.92022
-0.141915,-0.0212292,0.0474086,-0.0457218,-0.0184694,-0.0629852,-0.0749694,-0.0528942,-0.0842832,-0.328814,-0.209514,0.216417,0.27266,0.437422,-0.684426,-1.91141,-2.38865,-1.61013,-0.986994,-1.08931,-1.10057,-0.681572,-0.72835,-0.755734,-1.05567,-0.81169,-1.11037,-1.24843,-1.20005,-1.38321,-1.40231,-1.35917,-0.0601702,0.719061,0.433718,0.187337,0.339701,0.538989,0.267115,0.188124,0.975738,0.856877,0.457284,0.715845,0.21255,0.195025,-0.345601,-0.198894,1.10523,2.27275,2.57197,2.54406,2.76181,3.36756,3.02283,2.03849,1.15489,0.168523,0.00987273,-0.364607,-0.717954,-0.43245,1.12587,1.63824,2.32157
0.0941782,0.212998,0.353015,0.303378,0.38134,0.399223,0.276437,0.41749,0.24494,0.621237,1.07587,1.13619,1.52332,1.39086,1.83218,1.82387,0.773568,-0.643447,-1.6265,-1.24147,-0.877411,-0.448253,-0.286142,0.118074,0.642072,0.0697215,-0.614183,-0.610709,-0.528799,-0.814993,-1.29914,-1.92402,-1.78701,-0.873934,-0.317398,0.101419,0.0169544,-0.428202,-0.509946,-0.342833,0.0581709,0.341021,-0.429128,-1.17364,-1.92475,-1.41008,-0.857268,0.218721,0.290494,0.306377,0.714897,2.32449,1.89326,2.55879,2.93039,2.47292,0.968723,0.00754931,-0.435942,-0.733614,0.0368427,0.500127,0.135568,0.575914,1.07399
0.851145,1.04153,1.04339,1.02348,0.93947,0.723737,0.636866,0.471878,0.350436,0.422687,0.0239196,-1.63561,-1.62293,-0.14022,0.4205,0.695084,0.842646,-0.713486,-1.47841,-1.98379,-1.73772,-1.20752,-0.787001,-0.24699,0.068668,-0.0929656,-0.391472,-0.269912,-0.181875,-1.102,-1.98508,-2.40478,-2.94983,-3.02624,-2.33328,-1.07039,-0.491292,-0.481489,-0.441065,-0.128181,-0.222927,-0.775962,-1.11028,-0.785179,-0.945635,-0.960851,-0.503033,-0.935134,-1.90673,-1.99211,0.0394952,1.37518,1.54863,1.67743,2.06642,2.81326,0.212729,0.315804,0.279674,-0.354372,-0.186704,0.314147,0.0619474,0.490299,0.929109
1.8867,1.65758,1.5372,1.50097,1.34134,1.05354,0.917041,0.608108,0.689696,0.86712,1.02171,0.0710366,-0.0418056,-0.545575,-0.637775,-0.898723,-1.36307,-1.01893,-0.772101,-0.840175,-1.35145,-0.877542,-0.328889,-0.275099,-0.727855,-0.850873,-0.289285,-0.188694,-0.518299,-1.0036,-0.935948,-1.34948,-2.16794,-2.33052,-2.30236,-1.53307,-0.921119,-0.759869,-1.10799,-0.487956,-1.95403e-05,-0.491741,-0.232967,0.164904,0.197739,-0.518315,-0.930145,-1.77628,-1.93796,-1.02842,-0.214909,-0.411245,0.631212,1.23167,1.99917,2.64,2.35781,2.33681,1.55808,0.210043,-0.94038,-1.31506,-1.56555,-0.658514,-0.76275
1.2264,1.34121,1.36501,1.26845,0.898991,0.558463,0.35149,0.0578238,0.10457,0.261546,2.23221,3.25191,2.88354,0.698004,-0.343783,-0.59034,-0.78547,-0.920983,-0.0852504,0.251002,0.0570974,-0.13282,-0.210372,-0.567653,-0.783401,-0.860415,-0.772236,-0.499356,-0.18027,0.420137,0.459563,-0.316101,-1.69737,-1.939,-1.94659,-2.01466,-2.13173,-1.5944,-0.883739,-0.396137,-0.0666267,-0.190366,-0.45902,-0.358089,-0.111683,-1.10094,-2.05425,-2.26801,-0.974015,0.709411,0.62139,0.666572,1.63091,2.78963,3.0517,2.31552,3.27346,3.2758,1.9969,0.2525,-1.61508,-2.41757,-1.99628,-0.778686,-2.11429
0.144955,0.579542,0.613933,0.602349,0.597705,0.48076,0.0532883,-0.198115,0.203509,-0.120312,0.983772,2.3076,0.973534,0.288055,0.033015,0.0450456,-0.0871137,-0.907516,-1.25187,-0.92598,-0.199204,-0.219449,-0.787438,-0.499267,0.161893,0.15415,0.392806,0.628301,0.751845,0.123125,-0.680559,-1.77879,-1.55787,-1.56846,-1.8365,-1.74479,-2.23274,-2.15748,-1.73095,-1.70469,-1.28056,-1.53889,-2.86984,-2.79176,-1.98297,-1.28522,-1.25865,-1.28227,-0.529537,1.42619,2.41669,3.12812,3.13262,2.08451,2.15003,0.659179,0.414603,1.30899,1.09698,-0.417471,-1.21116,-1.09007,-1.05245,-0.976319,-2.23138
-1.13359,-0.309237,-0.14099,-0.0591132,-0.0721882,0.0497496,-0.768127,-0.821237,-0.351387,-0.190732,-0.065329,1.27053,1.23121,0.625761,0.319727,0.110908,-0.235794,-0.787659,-0.972421,-1.30377,-1.50003,-1.75747,-1.98926,-1.08491,-0.163424,0.575071,0.709239,-0.122252,-0.700813,-1.34723,-1.71707,-1.43984,-0.912784,-0.0540049,-0.189013,-0.560064,-1.35327,-1.59352,-1.88747,-2.38452,-2.51146,-3.25866,-3.59011,-3.14621,-2.23282,-0.597255,0.912542,0.799141,0.2281,0.846972,3.22187,3.85987,0.722934,-1.58812,-0.714631,-0.359825,-0.403532,-0.0770694,-0.265335,-0.442132,-0.395194,-0.631779,-1.00751,-1.28539,-1.0595
-1.24707,-0.748806,-0.629932,-0.433591,-0.574645,-0.260034,-0.400259,-0.350004,-0.666022,-1.54265,-1.93221,-0.0459621,0.385137,0.300251,-0.00831097,0.74621,0.174447,0.0914325,0.0358545,-0.281224,-1.17216,-2.03231,-1.93247,-2.03298,-1.195,-0.776442,-1.0643,-1.62231,-1.86139,-1.20847,-0.733959,-0.419486,0.462746,1.05053,1.28493,0.409601,-0.422987,-0.465922,-0.586983,-0.938628,-1.42989,-2.25652,-2.22958,-1.81968,-1.17984,-0.0904553,1.2993,1.22142,0.624306,0.83115,2.27779,0.700335,-2.49436,-2.21559,-0.193353,0.0488522,0.598064,0.0535798,-0.0681592,0.364611,0.156784,-0.108344,-0.941949,-0.751559,-0.46826
-0.136533,-0.182253,-0.34078,-0.337674,-0.3752,-0.136292,0.327077,0.147418,0.580179,0.544524,-0.866283,-1.46688,-1.99776,-1.1329,0.0299239,0.314579,0.476228,-0.0340027,-1.09544,-1.69157,-2.14197,-2.16191,-1.50596,-2.29497,-2.2766,-1.8163,-1.75188,-1.55378,-0.717157,-0.445685,-0.418339,-1.24811,-1.81214,-0.658627,0.56752,1.5626,1.69267,0.97385,0.861098,0.681343,0.463541,0.753731,0.969548,0.63138,0.39025,-0.00941804,-0.148328,-0.550298,-1.19567,-0.0358332,0.0371044,-1.01702,-0.677982,0.264378,0.381892,0.0905334,0.394718,0.509981,0.738184,0.687071,0.683136,0.234168,-0.172696,-0.0909094,-0.760073
1.2008,0.688482,0.0821144,-0.0723027,-0.236745,-0.406005,-0.529398,-0.442221,0.653525,0.736979,-1.08085,-2.22789,-0.881449,-0.341569,0.393322,-0.125562,-0.55652,-1.27995,-1.55839,-2.53207,-1.88246,-1.38631,-1.64658,-1.66533,-1.05252,-0.860768,-1.2083,-1.06842,-1.68185,-2.32009,-3.18633,-3.48631,-3.39251,-2.78028,-1.1967,0.7388,2.32044,1.84325,1.24404,1.21468,1.63658,1.74985,1.78186,1.12095,0.112607,-1.18635,-1.63764,-1.87234,-1.44851,0.198854,0.205006,0.316028,0.562312,0.0219259,-0.646598,-1.09852,-0.716341,0.414625,0.906451,1.17472,1.37502,0.66995,-0.0283704,-0.388408,-0.396107
1.77729,1.08442,0.422526,0.27883,-0.213295,-0.68168,-0.485445,-0.408799,-0.962558,-0.057832,0.413118,0.937557,1.97885,1.4607,0.578744,0.192484,-0.486358,-0.568812,-0.355842,-0.652619,-0.886313,-0.606912,-0.164336,0.243596,0.313905,-0.428951,-1.25361,-1.7741,-2.45817,-2.89581,-3.06885,-3.0172,-2.855,-2.57592,-2.48587,-1.39528,0.663398,0.585777,0.00758493,-0.672984,0.181729,-0.415953,-0.716026,-0.54314,-0.0918483,-0.407692,-0.556471,-0.613463,0.0788207,1.27369,0.789541,0.541051,-0.11783,-0.577275,-0.426717,-0.750521,-0.786945,0.690016,2.17045,2.17608,1.79976,-0.116061,-1.06109,-1.19951,-0.320243
1.5578,1.1461,0.80652,0.707043,0.420134,0.344444,0.210077,0.13272,-0.3278,-0.182136,1.89199,1.75347,-0.0970449,-0.236679,0.0615718,0.439993,-0.0415133,-0.0143211,0.299115,0.550194,0.419113,0.0572326,0.0993649,-0.0606723,-0.418072,-0.839696,-0.767977,-1.10936,-1.69988,-1.72256,-1.97665,-1.57896,-1.75868,-2.12191,-2.19469,-2.34187,-1.88005,-1.16004,-1.49821,-1.66982,-1.5734,-1.71892,-1.55817,-1.12928,0.499376,0.641562,0.41381,0.109217,0.542602,1.02128,0.576392,0.131399,0.0843812,0.513658,1.77488,2.82851,1.9439,1.20678,2.08053,1.6036,0.257675,-1.74991,-3.08198,-2.58764,-1.16478
0.941217,0.971267,1.06959,1.0594,1.21476,1.42065,1.35791,1.2468,0.314231,-1.71729,-0.148291,0.373028,-0.685651,-0.714787,-0.356538,0.272208,-0.315064,-0.337602,-0.545363,-0.0576788,0.0629683,0.00996281,-0.229278,-0.772984,-0.837682,-0.522374,-0.00941497,-0.0150995,-0.268184,-0.281231,-0.00566203,-0.0693108,-0.147094,-1.11478,-1.49325,-1.84665,-2.4644,-2.51796,-2.05441,-1.77143,-1.91404,-1.41479,-0.587164,-0.372521,0.0282541,1.01438,0.657355,0.364064,0.579803,0.857495,0.606708,0.79496,1.5775,2.225,3.00806,2.73531,0.890336,-0.476582,-0.403021,0.259255,-0.590005,-2.34009,-2.6882,-2.20641,-1.9358
0.749382,0.780749,0.865118,0.962416,0.994059,0.55214,0.707455,1.20949,0.799712,0.347993,0.57869,1.25392,0.389702,-0.109311,0.0398452,-0.0978355,-0.136886,-0.108009,-0.119325,-0.211711,-0.452711,-0.295689,0.0844328,0.218922,0.0587628,-0.201903,-0.3817,-0.446161,-0.364921,0.177555,0.853319,1.32668,0.775262,-0.11268,-0.846189,-1.5978,-1.66453,-2.0178,-1.97454,-1.55791,-1.04826,-1.13006,-0.498665,-0.0955879,-0.177898,0.38989,0.305659,0.171769,0.689489,1.1886,1.31218,1.32894,0.357246,0.0793484,0.109997,-0.879162,-2.31549,-2.65251,-2.01784,-0.931552,-1.20295,-1.06306,-0.722417,-0.494552,-0.67522
0.691767,0.310573,0.042414,0.0316181,0.256139,-0.0919445,-0.832663,-0.714648,0.584414,1.3355,0.461891,0.298079,0.458,-0.213111,-0.536131,-0.243656,-0.106104,-0.25835,0.162406,-0.10941,-0.725936,-0.875293,-0.0454866,0.391629,0.274513,0.173646,0.0685971,-0.210923,-0.250383,0.0462963,0.534122,0.383106,0.0635348,-0.0840745,-0.436094,-0.574636,-0.708073,-0.848067,-1.15054,-1.476,-1.56808,-1.18798,-0.962299,-0.842443,-0.470697,-0.789382,-0.381166,0.254503,0.508033,0.841117,1.05936,0.212843,-1.50621,-2.07962,-2.66675,-2.65894,-2.61377,-2.51216,-2.63653,-2.12893,-1.47878,-0.049103,0.88621,0.866656,0.254625
0.712135,0.0293906,-0.629497,-0.80723,-0.628709,-0.62131,-1.56674,-1.55054,-0.600301,-0.555947,-0.873665,-0.942025,-0.470965,-0.891019,-1.06631,-0.166367,-0.393277,-0.996171,-0.774269,-0.850434,-1.10987,-0.865461,-0.66703,-0.139617,-0.167983,0.229778,0.763247,0.711371,0.483384,0.151376,-0.134518,-0.136924,0.0030886,-0.145877,-0.329961,-0.341083,0.0533606,0.254634,-0.0589298,-0.793844,-0.96851,-0.736551,-0.860976,-0.690167,-1.05031,-0.348429,-0.511218,-0.468421,-0.456268,-0.0343198,0.0161294,-0.903426,-1.5821,-1.51754,-2.21121,-2.17771,-1.4468,-1.22331,-1.37777,-0.938049,-0.293556,0.0701175,0.508479,0.848344,0.568606
0.84562,0.217136,-0.444167,-0.792218,-1.39723,-2.01421,-2.50929,-1.55054,-0.800743,-1.17989,-1.12557,-1.54362,-1.41468,-1.28122,-0.681446,-0.774798,-0.593685,-0.89632,-1.52481,-1.40598,-1.841,-1.38461,-1.51859,-1.67938,-0.921059,-0.246837,0.353936,0.538387,0.546583,0.364859,-0.18501,-0.221586,0.208154,0.155622,-0.0518032,0.197153,0.382681,-0.0140921,-0.315625,-1.05725,-0.464874,-0.323001,-0.242969,-0.103706,-0.443758,-0.422241,-1.23998,-2.26648,-2.44319,-1.91686,-1.38809,-1.14601,-1.33755,-0.985,-0.153896,0.131579,0.990605,0.550143,0.328702,0.0905417,-0.0960916,-0.406731,-0.598882,-0.213907,0.463251
1.12875,0.987849,0.828185,0.589252,-0.243284,-1.47426,-1.58983,-0.72638,-1.60888,-1.67855,-0.850203,-0.917934,-1.20664,-1.32012,-1.21122,-2.24267,-1.55299,-0.938999,-1.1818,-1.80391,-2.13807,-2.06537,-1.92695,-1.97181,-1.32076,-0.829059,-0.192257,0.175838,0.420234,0.388475,-0.052164,-0.647116,-0.481996,-0.548216,-0.268638,-0.232158,-0.272119,-0.443003,-1.361,-0.840308,0.0733235,0.357915,0.0803976,-0.270437,-0.591192,-1.85407,-2.25039,-2.29641,-2.39104,-1.30928,-0.186025,-0.115116,-1.63727,-1.95176,-0.186915,0.040017,0.574559,1.88707,1.68999,0.836073,0.456382,0.0325189,-0.0362637,-0.114014,-0.277345
1.53615,1.95982,2.01005,1.84225,1.88553,1.4471,1.46778,1.04978,-0.821666,-1.52218,-0.525968,-0.559084,-0.703865,-1.42685,-2.16935,-3.21346,-2.32744,-1.33288,-0.880579,-1.71508,-2.40144,-2.86907,-2.22254,-1.92567,-1.68415,-1.15448,-0.803281,-0.161708,0.243885,0.213332,-0.16547,-0.437843,-1.22788,-1.21171,-1.41918,-1.23409,-1.10847,-1.21074,-1.26395,-0.315109,0.703791,0.783428,-0.150907,-0.706973,-1.13148,-2.33005,-2.42211,-1.7124,-1.12493,-0.4709,-0.275731,-1.4772,-3.18276,-2.84747,-2.08931,-1.67767,-1.14557,0.0781259,0.631364,0.85717,1.00549,0.799569,0.378671,-0.119117,-0.747307
0.810781,1.15432,1.64064,1.92388,1.90054,2.12553,1.85916,1.1602,1.51895,1.98268,1.53824,0.642617,0.0390967,-1.16037,-1.58795,-1.52212,-1.47519,-0.872716,-0.869458,-1.42284,-1.5399,-1.91133,-1.74354,-1.38303,-1.7402,-1.9744,-1.11618,-0.138077,0.110886,0.257895,-0.0747603,-0.414405,-0.799893,-0.962272,-0.967645,-1.204,-1.39883,-1.18221,-1.34723,-0.238878,0.651364,0.0302069,-0.970576,-1.29726,-1.80246,-1.63906,-1.26817,-1.72926,-1.4149,-2.15148,-2.29179,-2.89279,-2.63085,-2.36552,-1.86844,-1.65036,-1.87582,-1.98209,-1.40865,-0.56836,0.149112,0.552835,0.120864,-0.0292872,-0.154978
-1.07912,-0.590529,-0.273204,0.102424,0.656603,-0.0371776,-0.232454,0.429932,0.956879,0.990134,0.517633,0.0851927,-0.0411152,-0.793551,-0.505022,0.0450536,-0.419957,-0.998916,-1.15521,-1.49682,-1.19177,-0.716454,-1.14815,-1.78093,-2.43687,-2.42483,-1.92984,-1.43035,-0.735844,-0.477167,-0.0683333,0.183887,-0.00844062,-0.439958,-0.999024,-0.976972,-1.13591,-1.58803,-1.30586,-0.487936,0.228803,-0.69313,-1.22343,-1.58381,-1.71084,-0.747578,-0.560764,-1.0239,-0.978466,-1.19271,-1.32031,-1.45764,-1.76373,-2.05067,-1.45005,-0.381994,-0.480797,-0.829611,-1.81973,-1.92024,-1.24498,0.0950467,0.672747,0.867128,0.854833
-3.72436,-2.70107,-2.2232,-1.55937,-0.791147,-0.881274,-1.07979,-1.44355,-1.47113,-0.901793,-0.313366,0.199193,0.851271,1.02114,0.825029,0.66293,-0.369688,-0.793664,-1.18409,-1.21974,-1.91062,-1.46833,-1.58708,-1.61257,-2.30856,-2.53476,-2.33915,-2.02605,-1.6764,-1.22062,-0.883564,0.0943271,1.16768,1.16437,0.988693,0.432713,-0.58384,-0.777757,0.102373,0.323941,-0.825597,-2.08457,-1.82922,-1.51724,-1.53252,-0.954885,-0.519748,-0.209837,-0.0509903,0.132729,-0.35435,-1.00501,-1.6773,-1.87257,-1.46736,-0.191401,0.918556,0.354443,-0.723881,-0.491335,-0.586329,-0.525293,-0.246635,0.250254,0.578412
-3.24462,-2.95405,-2.74182,-2.27942,-2.07937,-1.37495,-1.53619,-2.59227,-1.93988,-1.06785,-0.138774,0.277291,0.452753,1.43726,1.58783,0.606559,-0.173149,-0.807281,-1.03176,-1.29231,-1.29308,-1.43712,-1.23909,-1.30673,-1.66436,-1.81364,-1.9887,-1.76063,-1.88394,-1.76155,-1.29144,-1.08438,0.0339505,1.57827,1.46848,0.855932,0.474301,0.793386,0.88888,-0.555714,-1.73647,-1.7304,-1.49969,-0.630961,-1.2123,-1.5915,-1.09937,-1.21455,-0.710734,-0.148127,-0.780512,-0.616918,-1.18929,-1.60858,-1.52134,-0.853114,-0.361074,0.350241,0.639418,1.30458,0.920778,0.0907895,-0.0471631,-0.200681,-0.184183
-2.38437,-2.35796,-2.17181,-2.21564,-2.40429,-1.40804,-1.55263,-1.50764,-1.92966,-1.99881,-1.67101,-1.3955,-1.3171,-0.664809,-0.34659,-0.0822077,-0.00623955,-0.326286,-0.282928,-0.581554,-0.643298,-1.12328,-1.21736,-1.38091,-1.72539,-1.4358,-1.86516,-1.36441,-0.532461,-0.116713,-0.0261468,-0.176571,-0.288208,-0.00760892,-0.270259,-0.240948,0.447885,0.33391,-0.697633,-1.38174,-0.769531,-0.847043,-0.651991,-1.35476,-1.99181,-1.72393,-1.68219,-1.72361,-1.54162,-2.07465,-2.52555,-0.866338,-0.342064,-0.948555,-1.33953,-1.1499,-0.670282,0.0912282,1.86575,1.94748,1.36134,1.10425,1.10338,0.663786,0.288375
-0.401887,-0.849347,-1.46438,-2.18481,-2.46184,-1.86813,-1.49382,-1.57825,-2.00478,-1.7828,-1.22635,-1.01135,-0.773413,-0.407012,-0.249695,-0.123902,-0.246807,-0.182304,-0.949803,-1.07571,-1.55642,-1.37564,-1.68687,-2.03796,-1.48142,-1.83724,-1.13704,-1.14276,-0.906289,-0.192159,0.402083,0.161357,0.079829,-1.09663,-1.62607,-1.21295,-0.467689,-0.289811,-0.443752,-0.257981,0.0891651,0.165341,-0.478575,-2.03774,-2.25746,-1.939,-1.89646,-2.3279,-2.9656,-2.72546,-2.42662,-1.62171,-0.902379,-0.712361,-1.31817,-0.867219,-0.187681,0.049996,0.761139,1.10401,0.988859,0.946268,1.23689,1.38282,0.933615
-0.63274,-0.950449,-1.47615,-1.6966,-2.6583,-2.57294,-1.40582,-1.6814,-1.63254,-0.770966,0.0241692,-0.369761,-0.395845,-0.525933,-0.749785,-0.880789,-1.21176,-1.42204,-1.61819,-1.71678,-1.43258,-1.76607,-1.36592,-1.37795,-1.98472,-1.1848,-0.841919,-0.84565,-0.807919,-0.467663,-0.345253,-0.604583,-0.274526,-0.564096,-0.354374,0.0371812,0.348189,0.853166,0.710076,0.559284,0.141299,-1.34097,-2.27377,-2.12457,-1.95339,-1.76524,-2.45242,-2.30857,-3.17315,-2.91797,-2.83105,-2.06794,-1.67553,-1.46395,-1.23491,-0.431273,-0.528725,-0.640223,-1.05826,-1.0891,-1.00781,0.0821631,0.772027,1.11017,0.529871
-2.71532,-2.52652,-2.49205,-2.51705,-2.61378,-3.01731,-2.38116,-1.61454,-1.74806,-1.20602,-0.288016,-0.592582,-0.809413,-1.24012,-1.07696,-0.936224,-1.11119,-0.604418,-0.467321,-0.0710595,-0.41143,-0.77967,-1.32671,-1.31999,-0.731176,-0.68793,-0.421822,-0.559492,-1.13534,-0.896125,-0.410349,-0.621477,-0.231827,0.504517,0.0364965,0.941942,1.27415,1.18894,1.02711,0.191607,-1.29082,-2.61077,-2.56333,-1.61552,-1.51941,-1.79334,-2.87224,-2.31597,-3.0121,-3.14986,-2.86206,-2.52663,-2.41279,-1.47553,-0.613672,-1.28486,-1.19255,-1.72156,-1.94539,-1.95463,-1.83568,-1.10354,0.227562,0.410167,-0.25891
