uploads/wind/20200722/wind_field_15.json
{"header": {"parameterUnit": "m.s-1", "parameterNumber": 3, "dx":  0.051, "dy": 0.036, "parameterNumberName": "northward_wind", "la1": 45.3082, "parameterCategory": 2,"nx": 177, "ny": 123, "refTime": "2018-10-03 01:00:00", "lo1":1.38177}, "data":
[rows 29 to 57 of 123, columns 0 to 65 of 177]
5.74792,5.82082,6.07067,5.97811,6.27049,5.34116,5.35253,4.72008,4.93271,3.18131,3.03214,5.06263,5.91587,1.98463,1.44132,2.86255,2.20671,1.45834,3.08084,3.66267,3.84809,4.27497,4.09191,4.17678,4.38057,4.01985,3.6263,3.99993,4.36514,3.17398,2.9212,2.08737,2.69796,4.10849,3.41701,2.38676,1.73999,1.40053,1.14732,0.690381,0.336633,0.296958,0.474711,0.703355,0.86089,0.975669,1.03237,1.02316,0.967663,0.894243,0.848034,0.836726,0.85699,0.89844,0.887272,0.763911,0.549024,0.309959,0.138836,0.125255,0.351277,0.804024,1.25902,1.59879,1.80826,1.92864
5.99979,5.58086,5.53427,5.93298,6.04129,5.18831,4.55678,4.43344,4.79676,3.26735,2.47143,3.82428,5.10927,2.32419,1.03562,1.68546,1.06915,0.723761,2.0798,2.96797,4.006,3.80754,4.12682,4.8373,4.57839,3.79432,3.31844,3.5594,4.01536,2.77685,2.82926,2.32794,2.20522,3.92266,3.11167,2.28108,2.06141,2.15904,1.91006,1.42865,0.921264,0.592172,0.421505,0.374243,0.473404,0.696428,0.922422,1.07779,1.17659,1.24196,1.27674,1.29034,1.28313,1.24031,1.15971,0.994542,0.739161,0.443642,0.127549,-0.140308,-0.202092,0.024211,0.461509,0.889822,1.21052,1.48094
6.46709,5.36236,5.87328,5.71849,5.96377,5.60896,4.61583,4.16058,4.01617,3.71765,2.58277,3.53253,4.7919,2.83077,2.21144,2.26108,1.2018,1.84557,2.16111,2.95501,3.98009,4.72628,4.43257,4.52356,5.32039,3.94669,2.45088,2.46842,3.40743,3.63949,3.74775,2.5051,2.86155,3.61667,3.05036,2.64176,2.42772,2.41558,2.15247,2.00849,1.89354,1.7005,1.36039,0.920547,0.578009,0.502198,0.659664,0.892137,1.08024,1.24978,1.40653,1.529,1.5964,1.58428,1.45501,1.21798,0.935005,0.635933,0.324452,0.0478951,-0.167946,-0.263282,-0.181616,0.0519603,0.369336,0.694108
5.23748,5.32032,5.00971,5.34525,5.68572,5.07875,4.31397,4.01805,3.45696,3.12371,2.63241,3.32031,3.78776,3.13044,2.43169,0.0497432,0.253423,2.23189,3.06951,3.61032,4.07855,4.13693,4.28118,4.50385,4.60138,3.85,2.99927,3.76763,4.16375,3.22969,1.49448,1.27697,1.83464,4.31328,3.24972,2.54575,2.1665,2.07113,2.11002,2.23946,2.30002,2.21104,2.02906,1.76194,1.36873,0.977566,0.746748,0.81461,1.00354,1.17894,1.37384,1.54845,1.65729,1.73615,1.73329,1.56463,1.27218,0.943928,0.668999,0.476047,0.317977,0.163403,0.0444813,0.0203137,0.108921,0.259373
4.50631,4.55378,5.21124,4.93501,5.13106,4.57011,3.65489,2.78023,2.71284,2.79916,2.74063,3.41509,2.92868,2.50202,1.22657,-1.1197,-0.473629,1.90171,3.58869,4.13072,3.82305,3.32735,3.65091,4.17336,4.63777,3.4621,3.55684,4.13066,2.47765,0.76351,0.506085,1.73793,3.58878,3.96087,2.55365,2.04202,1.74277,1.86068,2.15234,2.20017,2.02273,1.8733,1.71163,1.60618,1.49188,1.32386,1.08222,0.92057,0.958836,1.10756,1.30393,1.51875,1.65198,1.72705,1.83475,1.8609,1.68304,1.34986,0.982896,0.653418,0.427563,0.31286,0.266636,0.240046,0.238062,0.282724
4.21566,3.93865,4.10763,4.22336,4.36651,4.04205,3.37128,2.48495,2.54548,3.15164,3.28242,3.16275,2.5214,2.14125,0.165868,-0.135203,0.701184,2.34022,2.63518,2.27,2.25136,2.06987,3.32575,3.79273,3.62767,2.75761,2.18121,1.57782,0.665909,0.659659,1.30652,2.3334,3.00483,2.68321,2.15551,2.02259,1.85052,1.93765,2.0943,2.01083,1.80237,1.60621,1.35034,1.18304,1.12758,1.20021,1.27701,1.22018,1.12895,1.12995,1.20538,1.37624,1.56789,1.68127,1.77541,1.90635,1.93258,1.74783,1.40663,1.05084,0.749862,0.501713,0.35318,0.319989,0.389662,0.485293
3.58888,3.59857,3.49542,3.64635,3.40023,3.7333,3.73084,3.01739,2.06847,3.05941,2.30132,1.72895,0.579843,-0.141888,-0.672591,-0.889306,-0.526581,0.181198,0.49407,0.443189,1.24286,2.07339,2.89182,2.35746,1.00813,1.14476,1.07116,0.842977,0.533542,1.2032,1.89067,2.78093,2.08875,1.89338,2.0526,2.26518,2.10562,2.02631,1.89048,1.72222,1.49683,1.19549,0.971885,0.88774,0.907168,1.04732,1.24889,1.41065,1.43558,1.37444,1.30908,1.33322,1.48988,1.676,1.77128,1.83773,1.94256,1.99925,1.91923,1.72598,1.4601,1.18432,0.963844,0.851553,0.854178,0.889624
3.77904,3.65554,3.60182,3.41069,3.45279,3.59369,3.63888,2.94237,2.35396,2.70765,1.90323,0.997371,-0.299058,-0.734875,-0.428875,-0.542378,-0.603314,-0.422474,0.16639,0.948402,2.33773,3.19267,3.30275,1.99113,0.6415,1.29004,1.29431,1.28527,1.02118,1.48771,2.52975,3.37807,2.96137,2.46424,1.99412,2.1692,2.21616,2.01087,1.70943,1.35347,0.946189,0.611438,0.483898,0.51833,0.666527,0.852079,1.05831,1.2683,1.45093,1.52074,1.49497,1.47581,1.55936,1.74354,1.90642,1.97694,2.02221,2.10183,2.18147,2.17324,2.0289,1.77259,1.49131,1.28855,1.19622,1.18364
3.53331,3.4591,3.47023,3.42072,3.10699,3.33977,3.47566,3.21081,3.55076,4.09282,3.5719,2.69227,2.42917,1.28286,1.15928,1.09314,1.16494,1.51052,1.82908,2.64767,3.46076,4.04985,2.98509,2.66066,2.69123,2.82858,2.62135,2.17677,1.77721,2.34032,3.89992,3.20408,0.622646,0.561021,1.3947,1.77269,2.0619,1.96489,1.72265,1.06724,0.442357,0.155772,0.132203,0.23107,0.419539,0.580152,0.711723,0.869399,1.17188,1.45253,1.58495,1.63471,1.71256,1.86423,2.05604,2.21767,2.31869,2.3549,2.36496,2.35075,2.24615,1.98522,1.65747,1.41439,1.29709,1.27743
2.5538,3.00903,3.39627,3.50854,3.44436,3.48215,3.70823,3.66396,3.66581,4.02753,3.83108,3.45021,2.9471,1.9514,1.90032,1.69837,2.02025,2.59177,3.10958,3.59628,3.46441,1.92963,0.852771,1.01197,1.61126,1.86099,0.901468,1.67494,2.52093,3.43569,1.97378,-1.10396,-2.30397,-1.34421,-0.0474794,2.1068,1.96789,2.00636,1.51168,0.704976,0.237873,0.0781496,0.118527,0.272019,0.464435,0.567378,0.56012,0.536681,0.810994,1.27499,1.62952,1.82051,1.92909,2.03614,2.16185,2.28594,2.42567,2.5469,2.55994,2.46752,2.28928,2.01297,1.70159,1.4737,1.36528,1.32536
3.06987,3.42836,3.40116,3.46812,3.56435,3.8159,3.97997,4.10537,3.71055,3.47952,2.78067,3.1849,2.83699,2.3135,2.42907,2.8061,3.66844,3.76081,4.07751,3.97736,2.69209,0.69269,-0.661967,-1.32097,-0.878785,-0.267155,0.596851,2.04017,3.65047,3.04598,-0.0424038,-1.67064,-0.476913,1.11033,0.907954,2.59337,2.25549,2.30571,1.38584,0.523135,0.55318,0.426523,0.461946,0.530171,0.542461,0.606953,0.584998,0.498922,0.654635,1.11358,1.58545,1.959,2.18638,2.30024,2.36035,2.3997,2.45495,2.55562,2.61047,2.53256,2.33384,2.08052,1.83539,1.64439,1.51779,1.42125
3.07553,3.04513,3.3256,3.76742,3.91031,4.26607,4.21707,4.33534,4.10879,4.41656,4.04022,2.65001,2.41044,2.93671,2.49132,2.81344,3.72865,3.88726,3.49856,3.55304,3.3246,3.0683,2.3918,0.860204,0.277805,0.437485,1.78896,2.55665,2.97713,2.33145,-1.19605,-1.52447,0.131512,2.12146,2.03258,2.52085,2.28283,2.40003,1.50974,0.840408,0.978136,0.783999,0.509326,0.310118,0.319799,0.42674,0.466507,0.512329,0.760691,1.19366,1.59668,2.00711,2.3727,2.57119,2.63588,2.64227,2.64862,2.67446,2.69055,2.63323,2.46488,2.24272,2.04836,1.88994,1.74442,1.59793
3.03947,2.85214,3.35519,3.64074,4.16509,4.52318,4.16711,4.58395,4.00458,3.72954,4.02407,3.70295,2.83449,3.04293,3.32191,3.83902,3.66951,2.52031,2.4216,2.47341,2.61985,3.56618,3.75711,3.43746,2.48218,1.20357,2.02858,2.71464,3.08365,0.568363,-2.00111,-1.26591,0.463948,1.58375,2.13574,1.99496,1.76556,1.93223,1.32617,1.19224,1.11492,0.767469,0.216007,-0.0881449,0.0248912,0.2361,0.353487,0.553345,0.961195,1.41229,1.74593,2.07797,2.45889,2.72959,2.8407,2.85634,2.85704,2.86685,2.85695,2.78927,2.66043,2.47596,2.2899,2.13585,1.99117,1.83832
3.04449,2.9465,3.47243,4.27783,4.6288,5.22899,5.10815,5.19026,5.04334,3.13034,2.84238,3.16059,2.54756,2.11384,3.12248,3.85777,2.97963,3.02776,3.76177,3.25033,0.702976,-0.764681,-0.140653,1.63266,2.02695,2.1772,2.57776,3.32711,2.44527,-0.672734,-0.949354,-0.201129,0.94787,1.13211,1.96444,2.0642,1.74821,1.6443,1.51128,1.10673,0.898379,0.363849,0.00925241,0.109566,0.385499,0.473034,0.519864,0.793227,1.30742,1.73481,1.97157,2.22448,2.52112,2.76641,2.89371,2.94683,2.98161,3.00322,2.9916,2.92333,2.8249,2.69069,2.53351,2.37806,2.23453,2.08018
2.46219,3.3335,3.92855,4.7309,4.90427,5.55847,6.20588,6.83583,5.6415,4.94484,3.37755,2.1477,1.529,-0.404617,-0.664609,2.19386,3.48884,3.36227,4.97992,4.32799,0.171354,-1.8209,-1.96132,-0.746217,0.325592,0.43968,0.01256,-0.617598,-0.900809,-0.470391,0.469556,1.30681,2.11949,1.63609,2.16326,2.44769,2.05691,1.89389,2.00494,1.11834,0.896078,0.710347,0.784601,1.09647,1.19878,1.0034,0.816426,1.05909,1.65274,2.11831,2.2573,2.39869,2.58764,2.75187,2.8508,2.92338,3.0003,3.06643,3.08828,3.05997,2.97105,2.85867,2.73156,2.58309,2.42329,2.26036
2.54904,3.28397,4.02103,4.51378,5.16685,5.73785,5.75431,5.99874,7.09799,6.32775,4.90179,3.3755,1.37005,-2.59734,-3.86382,-2.85594,0.999196,0.75737,1.83164,2.67798,0.0203193,-0.292613,-0.203233,-0.129897,-0.368882,-1.10684,-1.6374,-1.5443,-0.565165,0.683831,1.52541,1.68358,3.13112,2.57181,2.63118,2.73301,2.53046,2.31492,2.51352,2.07527,2.03795,1.84571,1.71782,1.7618,1.63326,1.2066,1.04646,1.37322,1.94237,2.42703,2.5573,2.58064,2.66572,2.76461,2.83309,2.90233,2.98911,3.08783,3.16837,3.19958,3.14446,3.03574,2.89794,2.74077,2.55809,2.37318
4.35358,4.45247,4.92366,5.91043,6.22427,5.52401,6.1462,6.38684,6.01072,6.71907,6.14251,5.02594,2.47088,-1.06844,-3.18138,-4.60784,-3.89624,-2.4532,-1.59427,0.24819,-0.0820734,0.0606403,0.741093,1.16698,0.230549,-0.69695,0.062717,0.353019,0.503441,1.0167,2.24118,3.17087,3.39379,2.83934,3.11911,3.19942,3.09043,3.18015,3.66216,3.17554,2.55246,2.10739,2.0575,2.0447,1.62322,1.23603,1.37337,1.8251,2.28783,2.66676,2.84481,2.75729,2.73269,2.7797,2.84588,2.92394,3.0124,3.11221,3.21953,3.29409,3.27823,3.18016,3.04275,2.87724,2.68336,2.45156
7.23574,5.25534,5.62838,4.80167,5.4108,5.62491,5.94259,6.22002,6.7031,6.0419,5.59687,4.83694,2.8717,-0.209534,-2.14928,-3.37327,-3.78555,-3.16126,-2.1216,-1.1352,-0.920703,-0.140354,0.873812,0.522094,-0.216766,0.719527,1.59434,1.38991,0.83427,1.98534,3.52724,3.72109,3.40582,3.08747,3.53551,3.94267,4.24025,4.34793,4.08355,3.13423,2.62253,2.73355,2.80451,2.29001,1.6292,1.4883,1.81962,2.21874,2.54171,2.78789,3.00341,2.91575,2.75561,2.75964,2.83915,2.94212,3.04664,3.12092,3.18641,3.25627,3.26114,3.18124,3.06464,2.93382,2.7716,2.55402
7.36505,7.48749,5.96768,5.93092,5.43188,4.45787,5.53162,6.01956,6.21696,6.06661,5.94355,5.65747,4.76402,3.16334,-0.0343197,-0.307069,0.00299185,-0.665178,-0.967179,-1.73592,-2.80237,-1.3424,-0.020029,0.153359,1.03403,2.38058,1.89155,1.62157,1.43051,2.48487,4.00656,3.9128,3.57346,3.44325,3.70953,4.21741,4.53142,4.3276,4.02055,3.75033,3.88113,3.95728,3.37114,2.48645,1.99538,2.01317,2.29326,2.5044,2.63787,2.74806,2.89336,3.02247,2.8732,2.81748,2.89122,2.96862,3.0493,3.10575,3.10584,3.10016,3.09082,3.03489,2.94506,2.85425,2.75601,2.64672
6.45184,5.5068,5.15096,3.87526,3.87409,4.21393,4.63529,5.33211,5.70049,5.30006,3.37789,4.30114,5.17783,4.36541,1.24612,0.266078,0.817804,0.20764,0.684913,0.811786,0.686921,0.855409,1.74866,2.79928,3.81651,2.57855,1.35161,1.31685,1.48426,1.71821,4.14304,3.80432,3.95472,3.81753,3.71171,3.85445,4.16759,4.5002,4.99084,5.2796,5.21954,4.57672,3.69187,3.05569,2.73547,2.64587,2.71449,2.77083,2.73493,2.69517,2.71644,2.97773,3.10556,3.02872,3.02738,3.05863,3.06883,3.08525,3.06322,2.99025,2.92195,2.86485,2.80243,2.73324,2.68311,2.65969
4.29227,3.19325,2.21975,1.21411,0.408396,-0.17928,0.396048,1.8363,3.55137,1.85725,-2.39711,-1.19849,-0.629124,-1.68132,-1.00381,-1.862,-1.6925,-1.49286,0.922779,2.91077,4.0978,3.45803,3.52535,3.67189,3.38082,2.1017,2.23834,2.34729,2.7462,3.16505,4.1891,3.79026,4.24756,4.07125,3.81771,3.82153,4.57658,5.38788,5.84565,5.73672,5.25875,4.53192,4.05475,3.72863,3.4386,3.22592,3.09951,3.04366,2.97251,2.84909,2.79535,2.94028,3.2529,3.29717,3.20096,3.16795,3.14738,3.10286,3.0523,2.95807,2.85491,2.76721,2.68994,2.62651,2.58252,2.52597
1.19971,-0.101711,-1.24443,-1.90315,-3.20312,-3.40869,-3.42206,-2.68228,-0.457684,-1.84865,-2.90931,-2.90063,-2.87251,-3.18726,-2.75765,-2.87181,-2.03228,-0.0883654,1.3754,2.37682,3.72111,4.33995,3.9405,3.38984,2.84567,2.53824,2.66658,2.72397,3.04088,3.36165,4.69586,4.1764,4.54831,4.32513,4.14204,4.03415,4.72868,5.48005,5.91458,5.49333,4.95693,4.47739,4.18308,3.96051,3.77838,3.63907,3.46863,3.3471,3.3218,3.22266,3.13482,3.1103,3.27975,3.45688,3.40111,3.27,3.20397,3.1358,3.02419,2.90745,2.80338,2.70875,2.60616,2.50924,2.40175,2.26162
-1.3292,-2.38232,-2.91375,-3.16228,-2.2717,-2.49839,-2.57265,-2.8482,-2.71708,-2.03409,-1.3694,-1.50045,-1.99787,-1.86694,-1.4933,-0.815987,-0.522898,0.875371,2.06055,2.80838,3.48869,3.8357,3.40904,3.21235,2.60126,2.31916,2.34494,2.09674,2.45902,3.07572,4.9907,4.56444,4.9293,4.6919,4.52079,4.3018,4.25485,4.61794,5.30614,5.3484,5.00658,4.51941,4.11603,3.94273,3.94056,3.9341,3.85236,3.74467,3.70577,3.6275,3.48033,3.32603,3.2497,3.37571,3.46838,3.38975,3.25222,3.14307,3.02478,2.8946,2.75782,2.6369,2.51318,2.36341,2.18742,2.02699
-3.4332,-3.06373,-3.07607,-2.89677,-2.66948,-2.62782,-2.53709,-2.07436,-2.1375,-2.5193,-1.19046,-1.46103,-1.41967,-1.36365,-1.05541,-0.145047,0.215001,0.945354,2.46828,3.10092,3.9071,4.59642,4.21532,3.41849,3.06155,2.35304,2.43593,2.78241,2.51019,2.99551,4.96898,4.7956,5.36335,5.23239,5.24058,4.81288,4.2625,4.05537,4.586,5.15156,4.9807,4.50817,4.18272,4.13824,4.26698,4.28855,4.18099,3.99753,3.84905,3.77071,3.6441,3.47083,3.2736,3.20131,3.2949,3.37107,3.30778,3.17395,3.0843,2.99764,2.85077,2.65384,2.45056,2.25743,2.08936,1.97105
-4.26399,-3.01202,-2.89311,-3.09695,-2.66415,-2.81526,-2.20473,-1.24998,0.258744,0.51754,0.0140211,-1.65283,-3.0236,-3.8449,-3.91114,-1.30372,1.24424,1.58802,2.58594,3.16658,3.79526,4.14065,4.39586,3.60972,3.48841,3.13466,3.50022,3.45299,3.68514,2.47827,5.64451,5.28468,5.89266,5.98233,6.19656,5.80095,5.04143,4.51199,4.28036,4.89976,4.9832,4.75796,4.67763,4.69838,4.77256,4.72489,4.47239,4.18695,4.01904,3.97543,3.88575,3.69563,3.42882,3.16469,3.06879,3.12407,3.1879,3.17851,3.12719,3.08759,2.99101,2.79188,2.53667,2.30746,2.14603,2.01318
-3.57449,-2.78046,-2.57662,-2.54383,-3.03468,-2.27974,-1.21209,-1.33511,-0.291064,0.386317,-0.213975,-0.245803,-1.26454,-1.78652,-3.66978,-3.00763,-1.57417,0.0464062,2.21505,2.80685,3.39357,4.11884,3.8899,3.67537,3.41815,3.32547,3.76568,4.37814,4.48469,4.80932,6.41725,5.89265,6.18923,6.33479,6.66316,6.41482,5.94968,5.23045,4.22939,4.85955,5.36265,5.30784,5.30491,5.19685,5.12504,5.10161,4.95805,4.7878,4.6409,4.47025,4.18686,3.82003,3.44191,3.09668,2.87559,2.83683,2.89763,2.98782,3.00129,2.96121,2.8897,2.7609,2.56492,2.35144,2.14904,1.90515
-0.853606,-1.8312,-2.23536,-2.97952,-3.65416,-2.96194,-1.67705,-1.75097,-2.19664,-1.93376,-1.41276,-0.079293,1.53022,1.73916,1.71438,0.0561137,-1.74535,-0.487529,2.1227,2.58599,3.83734,3.92696,3.8633,3.89613,3.36421,3.33039,3.25207,4.29537,5.24078,4.97771,6.72665,6.09203,6.23297,6.07748,6.67263,6.11578,6.15996,5.22811,4.15739,4.68463,5.75151,5.74957,5.54416,5.16519,4.86029,4.81493,4.86158,4.74599,4.49629,4.21432,3.8801,3.53013,3.22531,2.96858,2.76761,2.68489,2.69582,2.69941,2.68158,2.61621,2.5168,2.40062,2.26407,2.09463,1.87028,1.58993
0.785949,-1.07109,-1.91061,-2.79076,-3.03019,-3.30854,-2.71228,-1.04545,-1.82412,-1.3006,-1.26431,-0.979671,-0.554031,0.0405702,1.20314,2.70273,2.90632,0.0554225,0.432913,1.5427,1.8773,2.97097,3.4195,4.05723,3.7116,3.0351,3.12669,4.79548,5.69215,6.45558,7.25567,5.98457,6.26437,5.59387,5.93371,6.00473,5.27728,4.78731,4.10198,4.09998,5.48013,5.68338,5.23869,4.55746,3.86506,3.53911,3.58665,3.52114,3.31657,3.17994,3.12962,3.10123,3.05837,2.98522,2.86439,2.71542,2.62047,2.53438,2.41735,2.2962,2.17091,2.02841,1.85365,1.64494,1.40249,1.17942
-0.0949613,-1.47792,-2.26269,-2.76038,-3.48565,-3.84186,-4.17362,-2.77471,-1.70803,-1.36984,-1.2165,-0.506976,-0.670889,-0.199524,-0.847399,0.603654,1.54498,-0.409992,-0.316914,0.276814,1.13497,2.71384,3.83518,4.30605,4.59505,4.60751,4.86812,6.42178,6.65854,6.96437,6.58147,5.69293,5.62934,5.18796,5.2525,5.36918,4.44659,4.42679,4.17297,3.78197,4.68706,5.04913,4.52316,3.79954,3.12402,2.74166,2.78319,2.94181,2.95362,2.89267,2.89252,2.96127,3.03644,3.059,2.99414,2.80986,2.58686,2.47052,2.37716,2.23454,2.07672,1.91184,1.69161,1.4039,1.10768,0.870781
