uploads/wind/20200722/wind_field_19.json
{"header": {"parameterUnit": "m.s-1", "parameterNumber": 2, "dx": 0.051, "dy": 0.036, "parameterNumberName": "eastward_wind", "la1": 45.3082, "parameterCategory": 2,"nx": 177, "ny": 123, "refTime": "2018-09-30 00:00:00", "lo1":1.38177}, "data":
[rows 87 to 115 of 123, columns 0 to 65 of 177]
0.569294,0.89037,1.69211,2.78436,3.50256,3.67369,3.95109,4.50368,4.63629,4.61377,4.07557,3.95533,3.42725,4.15355,4.28014,3.0964,1.74464,1.98081,2.1175,0.79457,-0.251562,-0.323378,0.226349,1.04606,1.69339,1.51421,1.06492,1.16079,1.66686,1.4674,0.9346,1.2834,0.857428,1.36379,1.79554,1.5244,1.40131,1.14943,0.535156,0.432174,3.16452,4.26099,1.9418,0.859338,1.85908,2.28757,2.84153,2.1354,1.03209,0.869257,1.10338,0.852094,0.745677,-0.0535235,-1.04568,-0.893797,0.934023,2.23656,2.11972,1.73883,1.93031,2.00709,1.37703,1.26322,1.76989,1.55784
0.822205,1.18848,1.96466,3.12319,4.1946,4.66586,5.06789,5.50345,5.521,5.31151,4.92957,4.32707,3.74468,4.24754,3.02252,2.32192,1.91697,1.48313,1.29228,0.208803,-0.241211,-0.265912,0.116062,0.923353,1.17166,1.18592,1.09637,1.60643,2.3163,2.22911,2.11702,1.32859,0.747618,1.05026,1.77756,1.37082,1.97884,2.80892,1.58177,1.30202,2.79315,4.13894,2.92882,2.40363,2.69352,3.15384,2.50908,0.148974,-0.444723,0.518519,0.651554,0.481168,0.971414,1.31517,0.780156,-0.312703,0.715605,1.00427,0.781448,-0.272039,-1.14534,-0.398468,0.621874,1.68405,2.28605,1.86177
2.41143,3.09497,2.27474,3.61865,4.27002,4.75793,4.128,5.15561,4.61755,5.50497,5.57889,5.04007,4.66275,4.14333,3.87445,4.39573,4.36962,3.20732,1.57012,0.704006,0.577849,0.243929,0.637613,1.29667,2.02167,1.60067,1.62737,2.08643,3.05301,3.02649,3.05227,3.06971,1.56079,1.46141,1.25854,1.2325,1.50918,1.77181,1.42883,0.908108,1.81053,3.61753,3.60699,2.58811,2.76156,3.41661,2.6016,0.40566,0.156328,0.926747,0.448687,0.0260693,0.722881,1.06329,0.415184,-0.0637721,0.306041,0.120372,-0.177881,-1.01532,-2.47127,-1.2725,-0.898103,0.837561,1.49288,1.7904
0.988204,1.45314,2.88802,3.8516,4.65427,4.56958,4.0539,4.64122,5.26441,5.69156,5.2868,2.96304,2.13337,2.95458,3.14725,3.46182,3.52889,2.7855,2.28272,1.3908,0.585255,0.116273,0.311028,0.779041,1.16155,1.398,1.30881,1.74913,2.74868,3.01315,3.04675,2.89754,2.00363,0.714628,0.632161,0.974848,1.15668,2.20148,2.89211,3.45818,3.6973,4.091,3.08666,1.61886,1.65181,3.09053,3.4462,1.85166,0.563532,0.668497,0.230973,0.0797914,0.755435,0.716524,-0.554328,-0.797652,-0.922091,-0.958295,-0.638302,-1.76337,-2.00009,-1.96912,-0.321508,0.97988,1.3439,0.0518628
1.47805,2.42086,2.99341,3.91882,4.64588,5.38583,5.49175,5.65214,5.83179,5.54023,3.80663,1.66663,1.70116,1.33079,1.84648,2.20344,1.75612,1.29862,1.59272,2.053,1.20645,0.320386,0.258163,0.671271,0.901844,0.762075,1.43565,2.07034,2.93134,2.67943,2.51317,2.42421,2.23293,1.47569,1.3914,1.2296,0.921054,1.1223,1.47885,2.17161,3.21987,2.85992,1.56033,-0.205148,0.572885,3.0177,4.06946,2.22789,-0.0819213,0.180843,0.58875,1.19593,1.20089,0.653192,-0.477789,-1.36907,-1.49001,-1.85709,-0.904439,-1.07577,-0.857355,-0.744941,-0.103259,0.880124,0.810117,-0.614931
2.55038,2.9392,2.95471,3.80393,4.30466,5.1146,5.25726,5.62011,4.7208,5.71189,4.56013,3.74449,3.57889,2.7476,1.72988,1.75542,2.0148,1.11747,1.86467,1.7054,1.59338,0.755241,0.52657,0.650821,0.76351,1.13078,1.3219,1.59242,1.7636,1.79556,2.46098,2.53875,1.88697,1.61432,1.49975,0.995076,0.41827,0.41387,1.2386,1.55783,1.97928,2.95136,1.34908,-1.08805,-0.206009,2.49663,3.84549,2.74596,0.335139,-0.0700551,0.818316,2.24363,1.929,1.03302,0.265339,-1.70332,-2.68242,-1.26154,-0.518228,-0.631781,-0.263123,-0.297381,-0.323033,-0.327225,0.205842,-0.162445
1.26211,1.51743,2.2714,2.83597,3.48615,4.11748,4.52143,4.45338,3.59806,3.14646,2.31784,1.69567,1.71999,1.58697,1.17665,1.76419,1.44033,1.45241,1.22101,1.41755,1.4386,1.25705,0.904174,0.620872,0.987829,1.39536,1.69192,1.8768,1.69525,2.57297,2.52403,1.69736,1.26654,1.37912,1.61243,1.50073,0.720006,0.457547,1.34398,1.60206,2.23226,2.44435,0.960955,-1.02344,-0.441554,1.68074,3.46262,3.32872,1.5521,-0.00949401,0.485786,2.78386,3.07466,1.87559,0.937643,-0.515811,-1.91169,-1.81387,-1.61625,-1.50518,-1.27873,-0.446861,0.031907,-0.51419,-0.641141,-0.385722
1.62331,1.90436,2.18429,2.1657,2.23622,2.3184,3.02586,4.01086,3.96791,3.98457,2.70633,2.31938,1.46469,1.57339,1.781,1.5073,1.82411,0.959584,1.08675,1.15159,1.18288,1.11051,1.12449,1.14984,1.14297,1.93521,1.89847,2.13973,2.18266,1.56459,1.1858,0.727257,0.515509,0.893112,1.60829,1.40791,1.18724,1.2018,1.07314,1.56895,1.63866,1.00637,-0.277324,-0.551858,0.345822,1.73636,3.8439,4.76083,3.07386,0.893939,0.837947,2.89092,3.3014,1.75054,-0.499715,-1.73433,-1.97841,-1.39901,-2.27538,-2.86806,-2.28979,-0.562626,0.211855,-0.88699,-0.980983,-0.244214
2.30192,2.31459,2.14284,2.53723,2.9082,3.09317,3.48197,3.15283,2.51003,1.5675,2.09994,1.16236,1.47278,1.24962,1.43264,1.18214,0.914645,0.55801,0.615438,1.2239,1.1927,1.24597,1.83031,1.39427,1.13305,1.04168,1.76006,1.62992,1.05553,0.827569,0.680485,1.0225,1.70046,1.91034,2.24312,1.23579,1.23924,1.53963,1.6583,2.08702,1.92163,0.851624,0.333838,0.945793,1.66708,2.35549,3.56963,4.78537,3.24527,1.64508,1.445,3.21706,2.32996,-0.623771,-1.66729,-2.47714,-2.19806,-1.76821,-2.80617,-3.22308,-2.20658,-0.691796,-0.526435,-1.77235,-1.0736,-0.287905
2.64404,2.88023,2.87736,2.55793,3.08383,2.98562,3.6569,4.31737,3.45053,2.5574,1.53956,0.55208,0.640955,0.962893,1.63093,1.52264,0.844751,0.70165,0.688801,0.723505,0.798715,1.13422,1.36175,1.70898,1.61203,1.24196,0.886499,0.859061,1.15003,1.13427,1.36888,1.9088,2.49906,2.19484,0.833801,0.463479,0.854299,1.60852,1.72531,2.08149,2.14158,1.43616,1.78821,3.00438,3.55645,3.29986,3.5362,3.57426,2.78405,1.83134,2.47287,2.47324,-0.128202,-1.77694,-1.51235,-1.77907,-2.06736,-2.65068,-3.06199,-2.82434,-1.89141,-0.986296,-1.57718,-2.05207,-1.59601,-1.01629
2.75679,2.77303,2.87164,2.87824,3.23689,3.08233,2.96079,3.24695,2.73798,2.26783,2.34322,1.45091,0.922541,1.24885,1.78704,1.07666,0.121819,0.00143245,0.248471,0.317214,0.327953,0.911139,1.55595,1.97709,1.70428,0.999484,0.62988,0.616731,0.864251,1.02176,0.761665,1.15671,2.05053,1.50432,0.63573,0.206268,1.24177,2.16576,2.62505,2.84558,2.68221,2.24942,2.67567,3.31102,3.46856,3.52794,3.56947,3.33604,1.61782,0.397508,1.68289,0.746392,-0.862143,-1.64489,-1.07313,-1.11959,-1.57885,-2.63516,-3.12132,-2.59032,-1.86053,-1.37623,-1.51729,-1.28974,-1.70423,-1.36733
3.12557,3.19631,2.90913,3.17017,3.06788,3.01028,2.79706,3.42481,2.81389,1.33306,0.63884,0.653081,1.6061,2.10111,1.76151,0.549704,-0.381462,-1.01184,-0.223964,0.254057,0.591224,1.11313,1.95782,2.21939,2.53237,1.37293,0.650226,0.17202,0.134918,0.140818,0.191836,1.44467,2.4385,3.00895,0.969283,0.356031,0.500368,1.34317,1.5661,1.85875,1.41671,1.01975,1.5283,2.02922,2.28441,2.97942,3.73658,3.28804,0.927534,-0.221771,0.846199,0.833242,-0.366119,-1.05819,-1.31402,-0.505821,-0.616011,-2.35716,-2.89571,-2.6893,-1.62957,-1.62934,-0.919361,-0.464345,-1.37634,-1.09281
3.18134,2.85325,3.12415,2.92257,2.36279,2.74395,3.26078,3.30022,3.31905,1.85503,0.918876,1.73515,2.23986,1.23731,1.4432,-0.134749,-1.31807,-1.11738,-0.901447,0.147953,1.56583,1.46837,2.04942,1.93939,2.10259,0.941767,0.142455,-0.249579,-0.613017,-0.0461333,0.627866,1.70373,2.93801,3.32894,1.93501,1.15673,0.616516,0.835155,1.12755,1.79833,1.962,0.888822,0.544546,0.839993,1.77718,2.98378,3.94832,3.71871,1.04547,0.0957757,1.06604,0.927614,-0.297801,-1.12153,-1.09431,-0.340886,-0.0394685,-1.1396,-2.23608,-1.88515,-1.40044,-1.91848,-1.137,0.00343301,-1.6473,-0.867779
3.44589,2.89827,3.06279,2.97527,3.29499,3.85855,3.55364,2.7668,3.37624,2.14218,1.1117,0.634802,0.566859,0.851209,0.325682,-1.0027,-1.33352,-0.650194,-0.108324,0.641051,1.23067,1.86053,1.39153,1.58907,1.11236,0.506774,0.433721,0.139674,-0.257459,0.117326,1.04029,1.4954,2.82367,3.2144,2.25954,1.2759,0.56034,0.268129,0.460583,0.443905,0.495448,0.695505,1.05748,1.39962,1.45363,1.97914,3.50782,3.60542,1.63803,0.251976,0.925403,0.965659,0.0345371,-0.180334,-0.522944,-0.449809,0.458932,0.0271565,-1.61688,-2.62741,-2.14314,-2.47872,-1.56824,-0.119277,-1.0731,-0.427984
3.91709,3.75917,3.0204,3.19373,3.66527,3.48476,3.58603,3.09603,1.92702,1.40291,1.03973,0.230673,0.753958,1.74263,0.0920634,-0.780345,-0.556778,-0.294794,0.137101,0.607551,0.90298,1.2567,1.39385,1.60559,1.51453,1.25155,0.918919,0.433316,0.410872,0.803752,1.99936,2.26306,2.99228,2.64815,2.29152,1.26461,0.831903,0.567876,0.578992,-0.0436646,0.278572,1.12869,0.917252,1.47271,0.980015,0.951835,2.22887,2.78405,1.16976,0.172694,0.800393,1.55818,0.941563,0.852128,0.839258,0.423041,0.0500676,-0.0241598,-0.561934,-1.73359,-1.82686,-2.23445,-0.931068,0.313214,0.262609,-0.1662
4.15431,3.6145,2.96673,2.96699,2.91402,3.03097,3.11201,2.86339,1.57652,1.58278,1.38127,-0.359667,0.298128,0.315638,-0.436472,-0.472888,-0.579097,-0.166112,0.356092,0.72294,0.849443,1.12377,1.40524,1.37312,1.30153,1.26795,0.962291,0.433775,0.3884,1.10768,1.77667,2.49665,2.05986,2.43616,2.53203,1.59846,0.838045,1.01135,1.03,0.522439,0.527761,1.43658,1.61823,1.48744,1.31193,1.53956,1.77978,2.25751,0.770582,-0.00912263,1.16132,2.3431,1.72762,0.97826,0.832173,-0.170083,-0.95445,-0.577439,-1.53768,-2.64057,-2.93153,-1.46446,-0.115583,0.917334,0.963927,-0.424977
4.65784,4.02787,3.15742,2.85873,2.91057,2.88007,2.9185,2.04649,1.64926,1.31806,0.346882,-0.546208,-0.506464,-0.391684,-1.03123,-1.82834,-0.783411,-0.0426709,0.0427057,0.270555,0.758171,1.70259,1.21895,0.844873,0.91287,1.3531,1.10682,1.11706,1.31143,1.88674,2.694,1.57244,1.2845,1.78467,2.54717,1.80112,1.7552,1.84975,1.95693,1.10091,0.723381,1.43579,1.72527,1.38762,0.672878,0.635306,1.74321,2.23164,0.670292,0.150885,1.29672,1.89556,0.86558,-0.00877245,-0.410286,-1.52438,-1.80427,-0.947532,-1.31822,-2.1318,-1.42728,-0.342988,0.444966,1.36496,0.663058,0.280634
3.83856,3.45177,3.14088,2.80684,2.34775,1.85525,2.43312,2.69028,2.18147,1.13522,0.171665,-0.442723,-0.792634,-0.783686,-1.06007,-1.62531,-1.60126,-0.140217,0.323725,0.229116,0.784923,1.78621,1.57425,0.611512,0.3666,0.521414,0.501506,0.66191,1.0861,1.83324,2.82989,1.81054,1.6293,2.49845,2.26633,1.85443,0.961107,1.0985,1.30253,0.919028,1.42404,2.10795,2.86909,1.90429,1.0221,0.583327,1.87255,1.48271,0.256581,0.52369,1.45069,1.59972,0.795365,-0.475424,-1.01848,-1.54377,-1.71306,-1.31662,-1.44972,-1.64954,-0.463924,0.575647,0.939152,1.20327,1.37446,1.6173
2.4589,2.35248,2.97404,3.0632,2.88314,2.27913,2.24125,2.83684,1.4147,0.354505,0.00962123,-0.0848279,-0.729642,-0.811339,-0.579846,-0.79459,-1.62657,-0.794655,-0.435715,-0.0611222,0.291959,1.17242,0.982188,0.402687,0.409255,0.651766,0.509668,0.445041,0.799847,1.98657,2.00526,1.56427,1.32774,1.67163,2.28043,2.44523,2.07444,1.10401,0.674068,0.943841,1.46684,1.97288,2.35096,1.35989,1.05217,0.694367,0.330599,-0.587217,-0.638105,0.149409,0.504195,0.686486,0.928627,-0.155247,-1.56035,-1.78241,-1.52762,-0.841815,-0.900102,-0.896877,-0.184208,0.762655,0.99716,1.0978,1.08972,0.912108
1.58285,1.91023,2.97372,3.21849,3.11623,2.81899,3.56838,3.6633,1.83805,0.735414,0.427746,-0.0561282,-0.781979,-0.712617,-0.137851,-0.246759,-0.861063,-1.1145,-1.15421,-0.482487,0.31179,0.900196,0.827178,0.765551,0.586664,0.376019,0.397096,0.565581,0.894567,1.41007,1.44485,1.64228,0.996318,1.50917,1.19303,1.3231,1.22982,0.322572,-0.367884,0.124946,1.52856,2.19223,2.31054,1.70212,0.654195,0.125571,-0.786196,-1.01826,0.0329495,0.535403,0.0336021,-0.220128,-0.471552,-0.17351,-0.630175,-0.559279,-0.16399,-0.460514,-0.574727,-0.529824,-0.141587,0.421405,0.801951,1.17927,1.90176,0.823734
2.26306,2.59836,2.61531,3.03085,2.64961,2.57666,3.9532,3.33349,0.829828,1.19301,0.954448,-0.20159,-0.844439,-0.599376,-0.372226,0.154736,0.126076,-0.989936,-1.52715,-1.0671,0.0898786,1.01757,1.10454,0.875413,0.861253,0.301916,0.131632,0.566985,0.938191,1.40286,1.08238,1.01311,1.24541,1.29057,1.33983,1.43419,1.23279,0.179929,-0.171935,0.991778,1.90401,1.9251,1.9762,1.51886,0.209417,-0.793803,-0.667216,-0.459039,0.901403,0.933563,-0.235661,-1.593,-1.80734,-0.837942,-1.1109,-0.435345,1.55099,0.854465,-0.279072,-0.467965,-0.0728654,0.683704,1.04908,0.794214,0.428021,0.815822
1.94134,1.93588,1.96707,1.99359,1.35575,2.05256,2.34776,1.46446,1.14841,1.27181,0.887553,-0.545264,-0.959517,-1.057,-0.618285,0.625538,1.05526,-0.129472,-1.38251,-0.837949,-0.255186,0.751878,1.46512,0.959381,0.490378,0.394655,0.425791,0.700158,0.977116,1.25916,1.06048,0.912401,0.78353,1.31533,1.04582,1.47332,0.823835,0.119351,0.525355,1.74178,2.17661,1.78799,1.60486,1.4363,0.0994714,-0.374851,-0.109814,0.0416048,0.566928,0.120367,-0.832898,-1.88935,-1.72657,-1.10041,-0.697879,-0.236711,0.476473,0.499571,0.493552,0.432038,0.288192,-0.101871,-0.492669,-0.538228,-0.143546,0.719349
2.30932,1.68105,2.11134,1.59167,2.23723,2.35314,2.15772,1.90549,1.43027,0.671226,-0.0548601,-0.287055,-0.364854,-0.204795,0.400462,1.12072,0.888886,0.102326,-1.04206,-0.426508,0.174795,0.533033,0.998562,0.859695,0.515384,0.723579,0.781129,0.706637,0.713389,1.53709,2.07574,1.71575,1.03852,1.63859,1.65729,1.94455,1.01961,0.562271,1.26789,2.86622,2.22654,0.597526,0.982083,1.12143,0.661296,0.24153,-0.24456,-0.426633,-0.469355,-1.16925,-1.30879,-1.72338,-1.70178,-0.597542,-0.322713,-0.488823,-0.109396,-0.205898,-0.308321,0.879378,1.37814,0.301291,-0.0189078,-0.174338,-0.141378,0.443054
2.61204,1.93241,1.98079,2.14611,1.82561,1.68246,1.49929,1.47957,0.89125,0.24889,0.650175,1.85962,1.58756,1.28768,1.19476,1.41318,0.106148,-0.416886,-1.12763,-0.16082,0.812006,0.46075,0.508429,0.619726,0.642363,1.04391,1.47805,1.18528,1.02847,0.970974,1.42966,1.48034,1.45135,1.49764,1.59589,1.64839,0.870288,0.987042,2.19276,2.94157,1.42054,0.139623,0.4413,0.763421,0.571285,0.174488,-0.160483,-0.394712,-0.63366,-0.882448,-1.77408,-2.17315,-1.6183,-0.216526,0.341113,0.0124747,-0.319042,-0.703824,-0.736771,0.624091,2.21619,1.8029,0.882348,0.3596,-0.071105,-0.273979
2.09231,1.98881,2.05201,2.20699,2.2109,1.5399,0.629192,-0.325691,-0.763318,-1.12695,-0.823271,0.34902,0.276261,-0.278163,-0.513482,-0.952801,-1.50777,-1.39396,-1.06325,-0.649768,0.0692788,0.630137,0.828481,0.456652,0.337073,0.702552,1.19545,0.700439,0.762548,1.36624,1.51966,1.91748,1.65509,1.38032,1.51461,1.26173,0.420461,1.18226,2.13122,1.64317,0.744494,0.545404,1.18509,0.832768,0.233306,0.221008,0.599818,0.446934,-0.0608674,-0.923546,-2.198,-2.44682,-1.74728,0.0538146,0.951111,0.575053,-0.0039878,-0.859648,-0.357919,1.73129,2.64326,1.46223,0.963663,0.631463,0.939061,0.432276
2.29984,2.39295,2.192,2.40789,2.27682,1.27681,-0.553313,-0.744644,-1.99812,-2.47941,-2.72149,-1.76611,-1.62236,-1.60976,-1.93371,-1.42374,-1.78288,-1.07736,-0.746932,-0.176808,0.158004,0.288547,0.28102,0.0488866,-0.0911449,0.427159,1.28302,0.909588,0.921021,1.60418,2.51032,2.72128,2.31154,1.0249,0.379668,-0.367796,-0.0214278,1.21739,1.03587,0.580547,0.601218,1.31274,1.48529,0.927865,0.112042,0.492086,0.99111,1.15106,0.598797,-0.468265,-1.03755,-1.76108,-1.94234,-0.209259,1.17448,1.19272,0.778868,0.390817,0.55613,1.62416,1.83753,1.66639,0.799229,0.642191,1.47951,1.62057
1.58393,2.23039,2.02136,2.03136,1.79149,0.863926,-0.611357,-1.20384,-2.23387,-2.78453,-3.03748,-2.27249,-1.36885,-1.56491,-1.46462,-1.68085,-1.23378,-1.61093,-1.31656,-1.16372,-0.691429,-0.25832,-0.363788,-0.221038,-0.186164,0.326136,1.15095,1.08163,1.01037,1.32634,1.73027,1.82721,1.40378,0.0180019,-1.385,-1.77995,-1.39747,-0.0113501,0.869578,1.58064,1.42318,1.01395,0.475138,-0.100015,0.266117,1.04386,0.991659,0.728015,0.383867,-0.159563,-0.75838,-1.45076,-1.61308,-0.567765,0.862495,1.8644,1.75437,1.05137,1.54557,1.37344,1.23307,1.39803,1.034,0.464323,1.13765,1.7904
1.07781,1.45311,1.08394,0.738053,0.626021,0.37881,-0.741021,-1.80651,-1.79483,-1.92831,-2.60259,-1.97697,-1.61674,-1.39886,-1.34087,-1.55983,-0.841327,-1.41225,-0.936426,-1.0312,-0.264795,-0.463278,-0.406455,-0.469648,-0.384381,0.255161,1.1032,0.95609,1.05325,1.34906,2.03575,1.32659,0.118531,-1.55799,-1.54723,-1.65925,-0.584933,0.421211,1.21512,1.65608,1.46979,0.148901,-0.807254,-0.630572,0.577775,1.10524,0.462296,-0.236297,-0.479569,-0.671626,-1.3287,-1.61571,-1.40829,-0.505214,0.922472,1.86489,1.74794,0.836146,1.33289,1.36974,1.34644,1.4047,0.534094,-0.213079,-0.129457,0.156111
0.222919,0.470217,0.127609,-0.260313,-0.56307,-0.292177,-0.703999,-1.66331,-1.85789,-1.29915,-1.76215,-2.20959,-1.63922,-1.43583,-1.45707,-1.43064,-1.14551,-0.705562,-0.58247,-0.128374,0.046223,-0.282036,-0.731841,-0.795619,-0.057335,0.764202,1.4756,0.819385,1.02044,1.45523,1.3224,1.6311,0.68653,-0.88108,-1.5167,-0.95379,0.0725322,0.890875,1.55603,0.957288,-0.375498,-0.852859,0.0349938,0.00740794,0.359158,0.395189,-0.512448,-1.41519,-1.55556,-1.70158,-2.37316,-2.25874,-1.54596,-0.235277,0.678009,1.08563,0.551959,0.444959,0.910439,1.18243,1.50264,2.15329,0.488987,-1.01526,-0.765183,0.0836523
