uploads/wind/20200722/wind_field_20.json
{"header": {"parameterUnit": "m.s-1", "parameterNumber": 3, "dx":  0.051, "dy": 0.036, "parameterNumberName": "northward_wind", "la1": 45.3082, "parameterCategory": 2,"nx": 177, "ny": 123, "refTime": "2018-10-03 01:00:00", "lo1":1.38177}, "data":
[rows 0 to 27 of 123, columns 0 to 63 of 177]
-0.957603,-0.812225,-0.95149,-1.09149,-1.08198,-1.00887,-0.848925,-0.57944,-0.266841,-0.106118,0.154477,0.410113,0.777651,1.13413,1.48692,1.90565,2.25466,2.5108,2.5854,2.68671,2.73824,2.97799,2.96016,2.77729,2.73874,2.79806,2.52251,2.37387,2.44301,2.31713,2.4897,2.32189,2.43863,2.3255,2.59653,2.71422,2.79386,2.87532,2.93859,2.82286,2.87713,2.95838,3.04537,3.23741,3.27942,3.32762,3.2834,3.14598,2.76283,2.65918,2.62762,2.84504,2.79147,2.65457,2.4059,2.14834,1.95439,2.01946,2.01584,1.86253,1.64014,1.50739,1.43612,1.43243
-1.32408,-1.19244,-1.34001,-1.58142,-1.62596,-1.60195,-1.50485,-1.27729,-0.927662,-0.928524,-0.734513,-0.530065,-0.215304,0.129432,0.49708,0.99358,1.34239,1.52468,1.46298,1.54711,1.69646,2.13075,2.2495,2.18705,2.2506,2.41611,2.20329,2.12059,2.25269,2.1421,2.3491,2.16122,2.27863,2.13333,2.41031,2.53966,2.63063,2.7476,2.85597,2.75675,2.83665,2.99221,3.15485,3.40928,3.52231,3.63354,3.62695,3.49351,3.10051,3.01731,2.99,3.22548,3.17475,3.03837,2.78395,2.51199,2.3282,2.40123,2.3784,2.18185,1.89639,1.70124,1.56508,1.4954
-1.55921,-1.61617,-1.66943,-1.82051,-1.8674,-1.86038,-1.83033,-1.74773,-1.55465,-1.55685,-1.4215,-1.24395,-1.06055,-0.815868,-0.504979,-0.0938618,0.151172,0.226104,-0.0437104,0.0746516,0.270052,0.659853,0.912291,1.12269,1.27216,1.40551,1.47884,1.53649,1.60516,1.65916,1.72395,1.74343,1.80745,1.86394,1.9678,2.08748,2.22393,2.40943,2.61328,2.78608,2.94233,3.12065,3.25985,3.38403,3.49487,3.57574,3.60832,3.57947,3.52572,3.47833,3.3894,3.29776,3.20085,3.0995,2.99664,2.8788,2.77091,2.65219,2.50763,2.33127,2.12866,1.91449,1.69915,1.47227
-1.66625,-1.72531,-1.80872,-1.88768,-1.91297,-1.92454,-1.91519,-1.85497,-1.77547,-1.74194,-1.67038,-1.55808,-1.47982,-1.41719,-1.22968,-0.791138,-0.252447,-0.0322913,-1.32457,-0.814923,-0.71951,-0.333375,-0.0466268,0.21355,0.423464,0.601888,0.746216,0.862342,0.960385,1.04697,1.11724,1.16367,1.19714,1.23969,1.29197,1.36621,1.50571,1.74749,2.07161,2.44313,2.7667,3.01906,3.18663,3.31704,3.43318,3.51589,3.56879,3.58958,3.58855,3.55176,3.48984,3.40515,3.33377,3.26153,3.18876,3.10909,3.00598,2.88354,2.7297,2.54243,2.32369,2.08082,1.8241,1.56048
-1.66469,-1.67173,-1.7463,-1.75762,-1.68833,-1.71754,-1.67151,-1.60175,-1.55696,-1.61479,-1.65661,-1.62025,-1.63661,-1.73922,-1.67579,-1.2386,-0.699281,-0.744271,-1.98941,-1.46537,-1.44759,-1.19473,-0.982954,-0.77428,-0.5567,-0.359837,-0.192283,-0.0476282,0.0637863,0.143024,0.19369,0.200874,0.173048,0.130595,0.09864,0.119151,0.236132,0.473755,0.847842,1.35332,1.90752,2.41324,2.80639,3.09622,3.30866,3.44158,3.51983,3.56435,3.57167,3.55764,3.53019,3.49219,3.44906,3.3999,3.34454,3.28723,3.21214,3.10582,2.95482,2.76712,2.53757,2.283,2.01051,1.73059
-1.54903,-1.4283,-1.51194,-1.50197,-1.42171,-1.45581,-1.40879,-1.35804,-1.35228,-1.46528,-1.60188,-1.65264,-1.7224,-1.87515,-1.89883,-1.65036,-1.52441,-1.82924,-2.02567,-1.88994,-1.79487,-1.68414,-1.51732,-1.39746,-1.24134,-1.11002,-0.994352,-0.911259,-0.857462,-0.842547,-0.856345,-0.891567,-0.9539,-1.03748,-1.09944,-1.09719,-1.02228,-0.879328,-0.641244,-0.255245,0.285374,0.916834,1.56382,2.1578,2.64092,2.9979,3.24071,3.40559,3.49695,3.54963,3.56921,3.56735,3.54438,3.50811,3.46915,3.42364,3.36269,3.27279,3.13966,2.9663,2.75355,2.5104,2.25126,1.9835
-1.13332,-0.972948,-1.07324,-1.11818,-1.14687,-1.18615,-1.18525,-1.19402,-1.2375,-1.3432,-1.49771,-1.60334,-1.69571,-1.81868,-1.9038,-1.89463,-1.8968,-1.95511,-1.95449,-1.87194,-1.73751,-1.66826,-1.49664,-1.42532,-1.31649,-1.26788,-1.23662,-1.2422,-1.27102,-1.33349,-1.39971,-1.45082,-1.50243,-1.55399,-1.5839,-1.58159,-1.55023,-1.50536,-1.43784,-1.29917,-1.04211,-0.64138,-0.0836324,0.574696,1.25481,1.87638,2.38581,2.78389,3.05707,3.2488,3.38082,3.45348,3.47537,3.45711,3.42209,3.37389,3.31445,3.24091,3.12773,2.97638,2.78953,2.57812,2.34551,2.11795
-0.367308,-0.358975,-0.470704,-0.578324,-0.763442,-0.888893,-0.967166,-0.998083,-1.01378,-1.05867,-1.18978,-1.28311,-1.3493,-1.42099,-1.48961,-1.5515,-1.58053,-1.57814,-1.55558,-1.51865,-1.47305,-1.47038,-1.39172,-1.37859,-1.30575,-1.28668,-1.28671,-1.31476,-1.35336,-1.40732,-1.44546,-1.47525,-1.50828,-1.54253,-1.57334,-1.59046,-1.58895,-1.5767,-1.55275,-1.50458,-1.41924,-1.26563,-0.98823,-0.563107,-0.0111931,0.594798,1.18496,1.70381,2.11665,2.4426,2.69336,2.87983,3.00087,3.06224,3.07937,3.06836,3.03207,2.97585,2.88691,2.76872,2.6166,2.44511,2.26526,2.08392
0.415315,0.303194,0.19187,0.0200935,-0.287938,-0.15497,-0.294543,-0.276136,-0.380077,-0.602144,-0.704908,-0.712119,-0.750855,-0.801858,-0.826322,-0.861326,-0.942671,-1.04776,-1.11645,-1.18319,-1.25605,-1.32594,-1.3605,-1.42287,-1.42949,-1.44384,-1.45119,-1.45799,-1.45897,-1.46273,-1.45402,-1.45354,-1.45556,-1.4587,-1.45599,-1.44383,-1.41674,-1.37832,-1.33414,-1.27936,-1.22733,-1.1743,-1.08553,-0.927311,-0.660837,-0.299499,0.126875,0.557841,0.956262,1.30916,1.60669,1.87164,2.09944,2.27906,2.39842,2.47471,2.509,2.5137,2.48426,2.42844,2.35197,2.2514,2.14505,2.03402
1.57336,0.838226,0.720384,0.494653,0.0828596,-0.200295,-0.560181,-0.524642,-0.500516,-0.472905,-0.454116,-0.450586,-0.428095,-0.451268,-0.469127,-0.469105,-0.553819,-0.680033,-0.810361,-0.94725,-1.08348,-1.19298,-1.26439,-1.34506,-1.40947,-1.44883,-1.45141,-1.43973,-1.42474,-1.4092,-1.39754,-1.38692,-1.35305,-1.2875,-1.20446,-1.10878,-1.02833,-0.965482,-0.91851,-0.882442,-0.864189,-0.874148,-0.891078,-0.898234,-0.857111,-0.746509,-0.552937,-0.300902,-0.0129004,0.279444,0.550573,0.80319,1.03998,1.25317,1.4419,1.61142,1.76429,1.89547,1.99322,2.05859,2.09513,2.1042,2.08757,2.04708
1.89566,1.99767,1.808,1.44162,1.17663,-0.0946878,-0.598644,-0.642841,-0.468904,-0.331288,-0.928317,-0.701603,-0.553248,-0.595126,-0.671266,-0.635488,-0.597237,-0.59477,-0.665711,-0.767152,-0.868858,-0.936043,-0.957986,-0.973414,-0.994036,-1.0078,-1.00663,-0.993549,-0.97246,-0.952373,-0.933,-0.895759,-0.819198,-0.701456,-0.565472,-0.428287,-0.326565,-0.268279,-0.245299,-0.257251,-0.292412,-0.358328,-0.449274,-0.554082,-0.645742,-0.69945,-0.693692,-0.622624,-0.485223,-0.297617,-0.101312,0.0789025,0.223844,0.361251,0.521155,0.722454,0.95305,1.186,1.4029,1.59574,1.75674,1.88593,1.97409,2.01003
1.90783,2.25313,2.15014,1.77778,1.54033,1.50344,1.09556,0.764295,0.761793,-0.0353047,-1.63073,-1.37786,-1.08357,-0.92307,-1.07891,-0.987095,-0.88144,-0.774701,-0.780652,-0.798676,-0.790521,-0.751996,-0.697384,-0.651516,-0.615626,-0.576965,-0.53663,-0.462139,-0.353996,-0.241094,-0.140107,-0.0452393,0.070038,0.213478,0.384811,0.539136,0.653066,0.713532,0.724564,0.692034,0.625926,0.536783,0.421817,0.295842,0.157458,0.0212649,-0.0931825,-0.162305,-0.183459,-0.145477,-0.0876867,-0.0367865,-0.0089255,0.0313893,0.111905,0.244071,0.410155,0.599348,0.80843,1.03282,1.26145,1.47444,1.64798,1.7671
1.49092,1.96588,1.90875,1.16543,0.323213,1.6361,1.68909,1.39089,0.822164,-0.0886187,-1.21883,-2.08758,-1.96559,-1.46671,-1.56995,-1.31891,-1.10244,-0.882225,-0.81367,-0.769651,-0.694436,-0.616293,-0.578163,-0.6104,-0.680713,-0.750492,-0.784922,-0.716547,-0.511394,-0.17278,0.227832,0.603666,0.913991,1.15084,1.32749,1.45441,1.53844,1.59067,1.61591,1.6173,1.59705,1.56099,1.50495,1.41989,1.29677,1.13798,0.955624,0.7691,0.590502,0.433464,0.275396,0.131522,0.0343322,0.0154734,0.0593507,0.133294,0.220867,0.328228,0.467202,0.643266,0.850735,1.06494,1.25865,1.41171
0.192941,0.493267,0.670459,0.797617,0.81435,1.40859,1.72208,1.72904,1.22853,0.812004,-0.126527,-1.29748,-2.33578,-1.93051,-1.8331,-1.54214,-1.07775,-0.623624,-0.332923,-0.165125,-0.0814901,-0.0514764,-0.11246,-0.291034,-0.536149,-0.804955,-1.04092,-1.16532,-1.10514,-0.825257,-0.369583,0.169742,0.688597,1.10701,1.40842,1.61858,1.76376,1.86242,1.92516,1.95523,1.97008,1.97874,1.97571,1.93689,1.85809,1.72944,1.55082,1.32357,1.04656,0.736748,0.41314,0.141654,-0.0201752,-0.0545607,-0.00745574,0.0704684,0.154356,0.240647,0.346087,0.486148,0.662567,0.857276,1.04408,1.19737
-0.619462,-0.519746,-0.284168,0.295898,1.05578,1.24342,1.76916,1.84362,1.65563,1.11081,0.855463,-0.0128456,-1.21984,-1.05362,-0.831824,-0.848827,-0.468,0.0578616,0.461692,0.80763,1.01777,1.03023,0.851037,0.611239,0.337528,0.0500361,-0.233277,-0.476887,-0.641923,-0.674668,-0.547069,-0.266356,0.109228,0.521737,0.919849,1.26566,1.52532,1.6832,1.75525,1.77853,1.78932,1.80325,1.80622,1.78604,1.74006,1.66241,1.54477,1.38545,1.16573,0.907853,0.651795,0.452285,0.334249,0.283572,0.270814,0.275436,0.294085,0.3177,0.357903,0.429212,0.549401,0.716267,0.903033,1.08046
-0.905632,-0.895417,-0.597721,0.0247756,0.403721,1.2334,1.79249,1.77655,1.34057,0.827195,1.32125,0.961948,0.365075,0.348453,0.3784,0.869101,0.867961,0.965329,1.06655,1.25256,1.4522,1.56902,1.61136,1.5492,1.43291,1.3074,1.19133,1.05248,0.883446,0.732524,0.672584,0.71226,0.792742,0.872305,0.952128,1.04425,1.13378,1.2046,1.27137,1.35411,1.4446,1.52151,1.56485,1.57536,1.56631,1.54617,1.52158,1.48881,1.43218,1.37079,1.32481,1.29824,1.27449,1.2245,1.1413,1.0366,0.928108,0.821785,0.731022,0.669848,0.65875,0.707755,0.810281,0.954761
-1.12096,-0.605765,-0.14949,0.434966,0.992242,1.38556,1.83131,1.65238,1.5493,2.04789,2.02711,2.07911,2.14075,2.16766,2.10213,1.66377,1.50488,1.34703,1.2814,1.2556,1.28348,1.35088,1.46243,1.64616,1.83389,1.99905,2.16799,2.30646,2.36798,2.33201,2.20051,1.98187,1.69133,1.3626,1.06765,0.854034,0.749605,0.767853,0.892834,1.06356,1.22404,1.33316,1.3973,1.43396,1.4728,1.52656,1.59156,1.65656,1.72036,1.80783,1.92495,2.04726,2.13524,2.15578,2.09772,1.97579,1.812,1.63551,1.46458,1.31273,1.19079,1.10482,1.06604,1.08325
-0.725368,-0.0396076,0.395734,1.19696,1.74745,1.65446,1.91402,1.70446,1.60932,1.85606,2.00391,2.40459,2.25287,2.01615,1.81761,1.20199,1.02996,0.808714,0.747043,0.649512,0.610124,0.691233,0.816776,1.08044,1.47731,1.86713,2.19497,2.47611,2.68152,2.73464,2.53998,2.12149,1.63855,1.23803,0.969474,0.818326,0.787754,0.866408,0.998301,1.12241,1.2249,1.31859,1.4085,1.49537,1.58584,1.68261,1.76938,1.84903,1.93865,2.05511,2.19556,2.34507,2.47839,2.57262,2.6084,2.57298,2.47272,2.33121,2.17064,2.01496,1.87242,1.74432,1.63667,1.55504
-0.361685,0.509406,1.16106,1.63614,1.73706,1.94608,1.92723,1.54695,1.58059,1.86038,2.07138,2.02333,1.67818,0.43856,0.52724,0.74071,0.40799,0.050351,0.431578,0.336978,0.113446,0.294878,0.510785,0.64397,0.973297,1.29815,1.49874,1.60076,1.67293,1.72402,1.67505,1.50206,1.29722,1.15314,1.09318,1.10288,1.1445,1.17298,1.18322,1.22421,1.33345,1.49338,1.65216,1.80007,1.92573,2.02241,2.09224,2.14992,2.22046,2.30358,2.38214,2.45163,2.52369,2.60705,2.68981,2.74694,2.76129,2.71812,2.6286,2.51666,2.40049,2.29048,2.19322,2.10988
0.346997,1.00464,1.00404,1.85625,1.59175,2.29063,1.90163,1.80515,1.60594,1.31933,1.84095,2.02544,1.72969,0.526294,0.983244,0.800131,0.809558,-0.0416006,-0.0314927,-0.127659,0.285405,0.917072,0.76868,0.674304,0.608078,0.658941,0.674008,0.719424,0.82025,0.928289,1.04006,1.1678,1.31986,1.43478,1.46824,1.44172,1.37618,1.30219,1.29673,1.4186,1.63106,1.84125,2.01556,2.16542,2.29529,2.39752,2.47592,2.53983,2.59168,2.62094,2.6235,2.61794,2.62737,2.66154,2.71369,2.78299,2.85214,2.8903,2.88307,2.83767,2.76571,2.67495,2.57306,2.47238
1.12126,1.22259,1.19358,1.56211,2.11312,2.18848,1.07267,0.719494,0.353881,-0.102827,1.32234,1.87852,0.997453,0.669157,0.814981,1.02572,3.19114,2.52706,1.14863,0.666995,0.999566,2.04769,1.56266,0.919254,0.621709,0.265386,0.194272,0.464379,0.892593,1.12385,1.07481,1.09872,1.28587,1.51186,1.64317,1.61308,1.50675,1.47925,1.59594,1.79662,1.99323,2.15678,2.29431,2.41977,2.55759,2.69759,2.82159,2.90357,2.9164,2.86802,2.79551,2.75084,2.7475,2.77037,2.81764,2.8882,2.96757,3.02881,3.05015,3.0313,2.97725,2.88699,2.75757,2.60137
1.89132,1.96332,1.40387,1.47542,0.930818,1.68086,1.082,0.229604,-0.554246,-1.55607,0.187952,1.24749,1.26706,1.03239,1.12782,1.59427,2.24042,2.94316,3.9536,4.21191,3.68219,2.53084,2.39681,1.21002,0.347003,-0.671016,-0.391773,0.452304,1.23414,1.38293,1.41396,1.53587,1.67405,1.76729,1.77452,1.75893,1.79386,1.92186,2.08832,2.25849,2.36238,2.38025,2.37768,2.4589,2.60801,2.77822,2.9343,3.04173,3.06996,3.03729,2.97599,2.92883,2.90698,2.89823,2.8993,2.89824,2.89935,2.90438,2.91038,2.89859,2.8557,2.78795,2.70337,2.61792
2.73379,1.8202,1.69653,2.06325,1.40124,1.96564,1.97521,1.68642,0.0672717,-0.901468,-1.58984,-0.457841,-0.38375,-0.367555,-0.218932,-0.202303,-0.509456,0.704755,2.21159,2.79008,2.75074,2.76567,3.09699,1.40765,-0.0758649,-1.28833,-1.48069,-0.0409468,0.945346,1.30422,1.72061,2.23328,2.43112,2.32521,2.1298,2.06215,2.20216,2.40711,2.58732,2.70086,2.65331,2.49942,2.39334,2.40729,2.50837,2.63744,2.75569,2.86164,2.95482,3.02735,3.06539,3.06548,3.02656,2.95278,2.84287,2.71868,2.60401,2.53476,2.51834,2.53268,2.54807,2.56007,2.56459,2.57793
3.01385,2.4887,2.43297,2.2198,2.93341,2.33181,2.27029,1.98721,1.13769,0.287833,-1.32293,-1.51697,-0.896324,-1.72756,-2.85411,-3.38934,-3.31094,-2.31109,-0.716999,-0.13744,-0.0930609,1.08281,2.34432,2.62839,2.44226,2.54603,2.47242,0.987242,0.575005,1.4153,1.9812,2.04094,1.97583,2.01462,2.18232,2.39276,2.60311,2.76918,2.86222,2.80195,2.60357,2.43617,2.35519,2.2987,2.26332,2.2549,2.27612,2.33685,2.42547,2.53623,2.63556,2.69956,2.71231,2.675,2.60195,2.52648,2.46507,2.42666,2.41336,2.42853,2.46633,2.50389,2.52883,2.52968
2.67465,2.68114,2.72728,2.76623,3.14241,2.81535,2.53898,1.93809,1.3002,0.517789,-0.437747,-0.226403,0.585404,0.80519,-1.0492,-2.31381,-1.16004,0.0222791,-0.996957,-0.645168,-0.514085,0.306913,1.76229,2.09791,3.39771,3.02655,2.26546,-0.70754,-0.331664,0.823125,1.434,1.2434,1.05274,1.37331,1.98213,2.48424,2.70654,2.7476,2.68137,2.49999,2.32243,2.22927,2.15051,2.01556,1.8534,1.74914,1.73658,1.80147,1.89494,1.9939,2.07669,2.1569,2.23318,2.29064,2.3381,2.37985,2.42224,2.45216,2.46978,2.47675,2.47581,2.466,2.45299,2.42133
2.93905,2.67549,2.66497,3.07062,3.49392,3.37431,2.54955,2.33746,1.44264,0.605584,0.411642,1.29603,2.15923,2.75075,2.45853,2.21452,1.64282,0.959685,-0.986863,-1.49557,0.0264689,0.193848,0.482046,1.69481,1.26164,-1.22236,-2.37563,-2.58854,-1.72134,0.155673,1.058,1.24696,1.66456,1.75878,2.03076,2.32726,2.49064,2.54796,2.4747,2.30971,2.19819,2.13309,2.02367,1.84564,1.68241,1.61065,1.63325,1.71133,1.81158,1.90362,1.97437,2.04563,2.12074,2.19834,2.26632,2.32266,2.37214,2.41566,2.43651,2.41864,2.3731,2.32663,2.29574,2.27187
2.96537,3.23125,2.74692,2.93201,2.67626,3.43214,2.36699,2.88132,2.80869,2.46456,2.731,2.428,3.04297,3.52513,4.32515,3.65987,-0.115346,-2.98952,-2.90692,-1.52759,-0.124664,0.731943,0.799568,2.26199,0.622071,-1.33823,-1.81257,-0.957488,0.0214619,0.499598,1.38723,2.23158,2.45301,2.84443,2.64252,2.53874,2.67172,2.77232,2.63151,2.40956,2.28904,2.21872,2.11684,2.00941,1.92577,1.87061,1.84237,1.83767,1.88001,1.96112,2.04671,2.12165,2.18412,2.24253,2.30023,2.35346,2.40201,2.44516,2.45828,2.42479,2.37011,2.3293,2.31632,2.31824
3.01182,2.77147,2.5957,2.4153,2.98854,3.29987,2.82794,2.95352,3.66839,4.35215,4.14859,3.38125,3.54246,3.36053,3.39743,3.48531,2.26556,-0.148589,-0.560704,-0.0845319,0.752178,2.42158,1.59981,2.39149,1.32826,0.640755,1.37554,2.74852,3.15072,2.63511,2.22246,1.9919,2.7719,3.47006,3.61585,3.36213,3.21624,3.03823,2.75386,2.54324,2.4517,2.38836,2.33878,2.30076,2.24026,2.15764,2.06832,2.00174,1.9913,2.0348,2.10065,2.16316,2.21141,2.24296,2.28198,2.32881,2.37118,2.39617,2.40827,2.41884,2.42601,2.43787,2.45965,2.47818
