uploads/wind/20200722/wind_field_00.json
{"header": {"parameterUnit": "m.s-1", "parameterNumber": 2, "dx": 0.051, "dy": 0.036, "parameterNumberName": "eastward_wind", "la1": 45.3082, "parameterCategory": 2,"nx": 177, "ny": 123, "refTime": "2018-09-30 00:00:00", "lo1":1.38177}, "data":
[rows 29 to 57 of 123, columns 64 to 127 of 177]
-2.89326,-2.91147,-2.90844,-2.86548,-2.77098,-2.64066,-2.4986,-2.35176,-2.19511,-2.04132,-1.92843,-1.88011,-1.88537,-1.94561,-2.04508,-2.15573,-2.24244,-2.26601,-2.21002,-2.08776,-1.93295,-1.78602,-1.68487,-1.64254,-1.61407,-1.54431,-1.42444,-1.25093,-1.01349,-0.748106,-0.517558,-0.349301,-0.257057,-0.246345,-0.302321,-0.396422,-0.493989,-0.560256,-0.556347,-0.48148,-0.370813,-0.259601,-0.150705,-0.0316255,0.117532,0.342974,0.667974,1.01636,1.15296,0.889986,0.448853,0.172523,0.0941296,0.0939736,0.0872618,0.0338132,-0.0494371,-0.109762,-0.10818,-0.0991425,-0.143827,-0.247445,-0.383738,-0.502238
-2.43637,-2.5348,-2.64298,-2.71182,-2.70946,-2.63017,-2.49401,-2.33064,-2.16429,-2.00847,-1.88049,-1.80091,-1.77134,-1.78565,-1.84606,-1.96295,-2.10246,-2.21296,-2.25181,-2.19966,-2.08095,-1.9285,-1.7882,-1.69508,-1.62546,-1.52434,-1.35644,-1.1277,-0.865052,-0.598919,-0.358581,-0.160604,-0.0121223,0.0716907,0.0789162,0.0116783,-0.108549,-0.230435,-0.298821,-0.288346,-0.210044,-0.108513,-0.00355751,0.114995,0.262903,0.484114,0.812952,1.16817,1.32456,1.06693,0.563216,0.177901,0.0151208,-0.0125291,0.00963862,0.0171793,-0.0244409,-0.0833394,-0.0850936,-0.0288873,-0.0125293,-0.103587,-0.27069,-0.419624
-2.03885,-2.1405,-2.2725,-2.38254,-2.42849,-2.3962,-2.30468,-2.19355,-2.08813,-1.99968,-1.92061,-1.82963,-1.74025,-1.70036,-1.73355,-1.83574,-1.98136,-2.13803,-2.23658,-2.24177,-2.17314,-2.06249,-1.94543,-1.84229,-1.73644,-1.58955,-1.36934,-1.07536,-0.742391,-0.414859,-0.131943,0.0963745,0.279865,0.413379,0.475702,0.450756,0.350534,0.216376,0.0945512,0.0347263,0.0425451,0.0936218,0.15914,0.238223,0.356788,0.55867,0.869913,1.21537,1.38077,1.1732,0.700249,0.264484,0.00664076,-0.0972342,-0.0938002,-0.0430081,-0.00754835,-0.00909153,0.0065757,0.0897734,0.150043,0.0801515,-0.108406,-0.304802
-1.76099,-1.82654,-1.93093,-2.02255,-2.07683,-2.09658,-2.09364,-2.08788,-2.09814,-2.11685,-2.09944,-2.01641,-1.86733,-1.71949,-1.67816,-1.75056,-1.88691,-2.04959,-2.19386,-2.26461,-2.24513,-2.1761,-2.07553,-1.94109,-1.78725,-1.60855,-1.36708,-1.04109,-0.655455,-0.260414,0.0945808,0.381907,0.604688,0.772566,0.870869,0.882971,0.811374,0.678289,0.527347,0.406567,0.341611,0.329385,0.347937,0.382338,0.45319,0.611454,0.88798,1.20006,1.34013,1.16857,0.788704,0.398136,0.093435,-0.0988502,-0.159978,-0.114856,-0.0163102,0.0702847,0.143434,0.248602,0.337291,0.301408,0.118359,-0.124093
-1.70999,-1.68468,-1.73896,-1.82006,-1.89497,-1.96077,-2.02322,-2.09992,-2.18975,-2.26966,-2.32657,-2.30183,-2.15431,-1.94387,-1.75798,-1.69756,-1.78295,-1.94858,-2.10606,-2.20959,-2.25291,-2.22865,-2.11662,-1.92135,-1.69917,-1.48588,-1.24401,-0.923418,-0.524076,-0.0912648,0.316161,0.654727,0.914325,1.10862,1.23923,1.28579,1.23578,1.1023,0.919952,0.74644,0.624383,0.563493,0.546943,0.545516,0.569364,0.676528,0.911251,1.17901,1.26514,1.08737,0.790022,0.512096,0.255049,0.0250075,-0.119569,-0.139873,-0.0455539,0.108952,0.259457,0.401014,0.521063,0.533585,0.393539,0.141911
-1.77955,-1.75835,-1.77317,-1.84331,-1.94321,-2.04183,-2.12873,-2.20739,-2.29648,-2.40072,-2.46864,-2.44162,-2.34536,-2.23805,-2.11516,-1.96848,-1.85444,-1.8302,-1.89157,-1.99473,-2.09007,-2.11726,-2.02757,-1.83355,-1.59044,-1.3419,-1.07371,-0.738544,-0.329356,0.110625,0.535488,0.908584,1.20066,1.41218,1.55507,1.61807,1.58431,1.45818,1.26825,1.06914,0.910408,0.808073,0.749715,0.699465,0.665714,0.722587,0.921851,1.16048,1.21182,1.02104,0.762675,0.570954,0.416886,0.243816,0.0664578,-0.0510245,-0.0342723,0.117939,0.324717,0.505766,0.650469,0.718205,0.654409,0.456862
-1.63811,-1.73013,-1.84586,-1.98582,-2.12026,-2.22555,-2.28261,-2.30528,-2.34457,-2.40686,-2.4304,-2.38635,-2.34803,-2.36793,-2.37336,-2.25834,-2.01883,-1.78952,-1.70193,-1.75156,-1.84369,-1.89215,-1.85105,-1.71576,-1.50541,-1.24096,-0.934802,-0.580576,-0.166387,0.292163,0.733428,1.11496,1.43079,1.6618,1.8063,1.87424,1.85405,1.74455,1.57438,1.38915,1.22471,1.08269,0.950353,0.817249,0.715723,0.726663,0.894903,1.11996,1.17532,0.996721,0.760067,0.611459,0.541457,0.464929,0.340306,0.198566,0.123577,0.194726,0.376967,0.566133,0.714524,0.811048,0.818436,0.736579
-1.57958,-1.6083,-1.73461,-1.97768,-2.22486,-2.3501,-2.35303,-2.31862,-2.31953,-2.35053,-2.35407,-2.30691,-2.2648,-2.26829,-2.29164,-2.26877,-2.13914,-1.92082,-1.71621,-1.62076,-1.62291,-1.64235,-1.6146,-1.50775,-1.32299,-1.07189,-0.765604,-0.409857,-0.00332958,0.446518,0.89366,1.27887,1.58733,1.81557,1.95205,2.01178,2.01456,1.9574,1.84004,1.68607,1.5157,1.32415,1.10567,0.885616,0.730553,0.712388,0.849436,1.04959,1.12495,0.992616,0.785388,0.663705,0.654572,0.670433,0.61938,0.505317,0.407766,0.405779,0.513165,0.666653,0.784172,0.838665,0.835313,0.849954
-1.75847,-1.69101,-1.67987,-1.81796,-2.04564,-2.20901,-2.24234,-2.22104,-2.22924,-2.2686,-2.298,-2.29312,-2.24881,-2.19256,-2.17528,-2.1929,-2.15279,-1.98255,-1.74698,-1.55699,-1.44974,-1.3953,-1.3362,-1.22597,-1.04779,-0.807273,-0.509347,-0.167423,0.208965,0.60242,1.0034,1.36942,1.66436,1.87538,1.99732,2.04723,2.06162,2.0604,2.03302,1.94392,1.77134,1.52149,1.21977,0.926466,0.727905,0.691373,0.813624,0.995073,1.0862,1.01315,0.844488,0.728279,0.766963,0.880907,0.898433,0.79518,0.696585,0.680051,0.743259,0.85301,0.931189,0.91897,0.813637,0.781865
-2.01202,-1.94045,-1.82854,-1.7616,-1.78679,-1.86187,-1.93466,-2.01549,-2.13445,-2.27257,-2.3833,-2.43536,-2.38887,-2.24929,-2.11171,-2.03875,-1.9783,-1.84736,-1.63759,-1.41919,-1.2469,-1.1241,-1.02226,-0.90457,-0.741641,-0.5209,-0.244447,0.0691112,0.391866,0.71261,1.03814,1.35391,1.62325,1.82269,1.94801,2.01394,2.05149,2.09352,2.13688,2.1294,2.01212,1.76505,1.41257,1.04464,0.790068,0.728447,0.838887,1.00805,1.10944,1.08815,0.967704,0.838143,0.855823,1.03063,1.14867,1.08772,0.972091,0.938222,0.986028,1.06661,1.11732,1.07661,0.925211,0.758991
-2.10953,-2.10252,-2.01979,-1.87804,-1.74217,-1.7089,-1.8097,-2.01123,-2.26858,-2.51047,-2.66132,-2.68496,-2.55082,-2.2843,-2.00792,-1.81454,-1.68909,-1.55281,-1.37352,-1.17295,-0.980032,-0.809328,-0.661428,-0.532014,-0.406103,-0.259811,-0.0670039,0.177595,0.454283,0.734866,1.00891,1.26837,1.49046,1.67277,1.81698,1.92246,2.00882,2.0993,2.18997,2.23888,2.19212,2.00959,1.69166,1.31852,1.03236,0.932583,0.999241,1.12298,1.20318,1.20906,1.14371,1.02881,0.978675,1.10326,1.27884,1.31718,1.25013,1.21449,1.24329,1.29381,1.3254,1.29313,1.14385,0.848458
-2.01515,-2.07687,-2.09073,-2.01816,-1.93646,-1.99425,-2.19753,-2.44137,-2.64907,-2.78867,-2.86267,-2.84936,-2.66168,-2.31283,-1.94085,-1.64691,-1.43421,-1.24555,-1.05027,-0.862847,-0.690256,-0.521898,-0.357471,-0.221974,-0.136156,-0.0804051,0.000868057,0.158089,0.403222,0.696724,0.992528,1.26575,1.48148,1.62845,1.73734,1.84068,1.95914,2.10175,2.24853,2.3552,2.36218,2.2276,1.96898,1.65647,1.40064,1.287,1.29508,1.34466,1.37094,1.36651,1.343,1.28644,1.21669,1.23619,1.35318,1.43647,1.45672,1.48746,1.54026,1.57109,1.58931,1.61474,1.47996,0.987906
-1.83311,-1.93568,-2.06964,-2.21387,-2.41147,-2.66325,-2.87162,-2.9672,-2.9592,-2.90158,-2.86668,-2.82667,-2.65633,-2.33895,-1.96115,-1.59837,-1.28531,-1.01619,-0.779033,-0.591113,-0.457527,-0.337689,-0.212035,-0.102548,-0.0269768,0.0231783,0.0855521,0.19862,0.382557,0.639422,0.952099,1.28901,1.60151,1.82064,1.91697,1.94907,2.00276,2.12752,2.31401,2.49136,2.56132,2.47527,2.26716,2.01618,1.80232,1.67581,1.62806,1.6133,1.59764,1.58392,1.59814,1.62223,1.58866,1.51554,1.48716,1.51367,1.58731,1.71673,1.83873,1.87907,1.91479,2.04971,1.94185,1.1686
-1.79489,-1.93051,-2.23716,-2.60925,-2.93731,-3.1416,-3.20585,-3.15456,-3.01415,-2.85377,-2.74987,-2.68492,-2.5802,-2.37464,-2.06642,-1.676,-1.25823,-0.879284,-0.583197,-0.392165,-0.292704,-0.232128,-0.163795,-0.0760209,0.0205933,0.120896,0.233405,0.36023,0.503105,0.681864,0.928702,1.25107,1.62603,1.98666,2.215,2.25912,2.21507,2.22571,2.36277,2.57917,2.73596,2.73143,2.58577,2.38237,2.18641,2.02476,1.90428,1.83141,1.81388,1.8481,1.92751,2.02472,2.04368,1.92064,1.73998,1.649,1.71112,1.89938,2.10385,2.19632,2.28544,2.52322,2.36977,1.29203
-2.11635,-2.27815,-2.58202,-2.89065,-3.09135,-3.16165,-3.12049,-3.01259,-2.87888,-2.7482,-2.64261,-2.58291,-2.5523,-2.45756,-2.20131,-1.78799,-1.29851,-0.837055,-0.487353,-0.281077,-0.194882,-0.173398,-0.149391,-0.0858196,0.0179134,0.154775,0.31681,0.488802,0.655281,0.818711,1.01277,1.26796,1.58992,1.96934,2.33749,2.56215,2.57847,2.49339,2.48811,2.63424,2.82997,2.90793,2.81942,2.64668,2.46912,2.30064,2.13568,2.01085,1.98551,2.07029,2.22226,2.3819,2.45939,2.36289,2.13766,1.96999,1.98244,2.14284,2.32029,2.43553,2.65031,3.01088,2.71193,1.27804
-2.65805,-2.6359,-2.65848,-2.79162,-2.98816,-3.11689,-3.09948,-2.994,-2.86872,-2.74416,-2.63815,-2.57894,-2.56457,-2.50051,-2.2668,-1.84342,-1.32179,-0.820151,-0.435411,-0.216386,-0.144669,-0.158966,-0.176031,-0.135984,-0.0292065,0.124256,0.307283,0.508974,0.714614,0.920374,1.14249,1.4036,1.70105,2.01782,2.36264,2.70662,2.93561,2.97297,2.88741,2.84635,2.93667,3.03321,2.98707,2.83576,2.68645,2.5523,2.39461,2.24982,2.18976,2.26502,2.45032,2.64863,2.74894,2.67745,2.48119,2.2894,2.21965,2.31952,2.54394,2.75833,3.07014,3.47945,2.95847,1.16067
-2.84895,-2.77433,-2.73707,-2.81122,-2.98158,-3.12036,-3.14924,-3.10988,-3.01905,-2.87569,-2.71458,-2.60792,-2.58852,-2.54231,-2.30352,-1.85063,-1.28698,-0.747987,-0.35353,-0.161282,-0.141316,-0.195898,-0.225493,-0.173075,-0.0468452,0.109811,0.287606,0.489959,0.707691,0.949499,1.24006,1.59874,1.99635,2.34642,2.60751,2.84969,3.13826,3.35914,3.47094,3.47865,3.33273,3.22827,3.20694,3.10962,2.95518,2.81544,2.6936,2.54601,2.43858,2.42404,2.52266,2.7503,2.99174,3.11041,3.06959,2.90018,2.74917,2.61726,2.40883,2.48549,3.11301,3.75528,3.04052,1.00753
-2.94266,-2.9959,-3.04872,-3.04326,-3.00958,-3.00564,-3.06131,-3.13972,-3.14704,-3.01759,-2.82007,-2.71063,-2.69362,-2.60347,-2.30253,-1.79073,-1.17492,-0.61865,-0.258674,-0.127216,-0.1543,-0.220669,-0.235494,-0.168753,-0.0363878,0.136713,0.337837,0.551321,0.784501,1.07025,1.42422,1.86792,2.34252,2.80151,3.16726,3.27875,3.3785,3.6429,4.09737,4.60725,4.37383,3.71437,3.5215,3.52267,3.42569,3.29622,3.15474,3.04076,2.88828,2.85501,2.91273,2.89585,2.89729,2.89991,2.88526,2.91526,2.76008,3.13654,4.26949,4.292,3.96717,4.09651,2.77748,0.679716
-3.10477,-3.12985,-3.14373,-3.07723,-2.96731,-2.90871,-2.95063,-3.06209,-3.13001,-3.0705,-2.9576,-2.88787,-2.81775,-2.62383,-2.21698,-1.61719,-0.969995,-0.447177,-0.146679,-0.049186,-0.0756589,-0.139144,-0.174377,-0.124474,0.0279552,0.248304,0.51191,0.781738,1.0726,1.42029,1.82479,2.31262,2.66842,3.16148,3.9207,4.04262,3.70821,3.71034,3.70165,3.86655,4.59367,4.40665,4.16175,5.11466,4.86145,3.65988,3.21265,3.01663,2.97634,2.69633,2.99857,4.07622,4.53099,4.59691,4.54603,4.72859,4.39786,3.44534,3.27087,3.59468,3.79437,3.18472,1.66282,0.347155
-3.0647,-2.93373,-2.88756,-2.93451,-2.98292,-2.97999,-2.96171,-2.98861,-3.04735,-3.08974,-3.09969,-3.04763,-2.87544,-2.53166,-1.98756,-1.31916,-0.698651,-0.247827,0.0119373,0.113006,0.0992442,0.0346751,-0.00217469,0.0687546,0.256918,0.527867,0.856463,1.19936,1.59446,1.99723,2.37174,2.72571,2.93156,3.38677,4.0717,4.33432,4.18837,4.49355,5.03065,4.89173,4.52647,4.71863,4.63466,4.58335,5.39582,5.59725,5.55403,4.87461,4.01581,4.43093,4.19923,3.43805,3.25935,3.4923,3.56568,3.7609,3.86469,3.88983,4.678,4.75957,3.49912,1.75426,0.575414,0.262221
-2.73571,-2.66497,-2.66538,-2.74457,-2.87515,-2.96672,-2.98428,-2.96535,-2.99847,-3.13252,-3.25364,-3.17628,-2.84976,-2.32749,-1.67822,-1.01061,-0.446447,-0.0550862,0.181802,0.303391,0.331792,0.316982,0.329625,0.43586,0.646216,0.949102,1.34354,1.7965,2.29279,2.67553,2.90614,3.02535,3.2088,3.51216,3.81274,4.26726,4.42747,4.66912,5.2274,5.07779,5.03841,5.4593,5.53964,5.09324,4.99646,5.76651,5.16266,4.26253,5.2159,5.33188,4.6031,4.95662,4.54928,3.8241,4.6768,4.82156,4.26667,4.88577,5.10696,3.8317,2.07183,0.913129,0.547605,0.478438
-2.54593,-2.43099,-2.32459,-2.36238,-2.55294,-2.73138,-2.78944,-2.82787,-3.02286,-3.33721,-3.4789,-3.27486,-2.79513,-2.15646,-1.45389,-0.780082,-0.230485,0.159547,0.424874,0.599987,0.699587,0.746829,0.781686,0.876906,1.07707,1.4236,1.92632,2.52932,3.00826,3.19092,3.23099,3.23037,3.30027,3.67947,4.08572,4.47201,5.29525,5.46079,5.37113,5.88598,5.99705,5.97135,6.08319,6.078,5.82797,5.75713,6.10328,5.66773,4.78452,4.04134,4.15802,5.37147,5.73916,5.62863,5.09508,4.44241,4.92386,4.52457,3.15757,2.44882,2.05554,1.54425,1.01495,0.637482
-2.66564,-2.49863,-2.36105,-2.30068,-2.34331,-2.43723,-2.55472,-2.82108,-3.26996,-3.63358,-3.6646,-3.36432,-2.7987,-2.04169,-1.23194,-0.498756,0.0884706,0.528242,0.857637,1.10912,1.27312,1.31368,1.28155,1.29716,1.46136,1.877,2.50801,3.08168,3.27972,3.25891,3.19515,3.32313,3.57256,4.26249,5.00374,5.41858,5.80545,5.96193,6.16927,6.38898,6.47336,6.34209,5.94098,5.79613,6.2574,6.20083,5.83242,6.45395,6.11184,5.43855,5.92677,6.04221,6.12569,5.6048,5.00366,5.07065,4.35715,4.17368,4.07115,3.23192,2.85881,2.38253,1.4758,0.728264
-2.84373,-2.55278,-2.30745,-2.17756,-2.21281,-2.38827,-2.66632,-3.04377,-3.43178,-3.68588,-3.71515,-3.4288,-2.769,-1.85755,-0.912711,-0.07254,0.611226,1.12189,1.49703,1.77164,1.90357,1.85335,1.70622,1.62828,1.79364,2.28154,2.83387,3.09866,3.1048,3.23757,3.28095,3.7421,4.3868,4.49664,4.73763,5.46499,6.1398,6.44963,6.71191,6.87079,6.88494,6.69604,6.7858,7.08865,6.54978,6.32732,6.70032,6.72899,6.62845,6.48852,6.50901,6.33461,6.45045,6.10645,5.70368,4.63506,3.54316,4.36083,4.67988,3.73726,3.007,2.3852,1.52957,0.802563
-2.62047,-2.37677,-2.25528,-2.3504,-2.58687,-2.82933,-3.02964,-3.18884,-3.32562,-3.48083,-3.54832,-3.26987,-2.57002,-1.58789,-0.500564,0.517489,1.32955,1.87595,2.22805,2.42952,2.42174,2.21046,1.95062,1.85618,2.09133,2.4828,2.77823,2.91875,3.10078,3.33397,3.70798,3.81846,4.23694,5.21079,5.44658,5.27274,5.82318,6.58129,6.87723,7.07918,7.17403,7.16283,7.02403,7.03927,6.79255,6.9693,7.33083,7.18866,6.9876,6.86639,6.90199,6.87546,6.43622,6.17755,5.79673,4.67381,3.56818,3.40313,3.53859,3.26175,2.72414,2.14941,1.50583,0.945666
-2.47186,-2.42473,-2.58451,-2.96447,-3.3228,-3.43454,-3.33173,-3.20452,-3.18211,-3.22904,-3.16552,-2.82212,-2.12204,-1.08788,0.12332,1.25033,2.07382,2.56893,2.82592,2.86416,2.6806,2.34602,2.05898,2.05416,2.30641,2.53929,2.74124,3.02777,3.23971,3.66138,4.22841,4.37308,4.48022,4.80323,5.14274,5.62773,6.43681,6.79063,6.78869,7.25339,7.34268,7.48079,7.66617,7.58892,7.47377,7.41091,7.1676,6.68146,6.64992,6.994,6.79485,6.55096,6.46048,5.66304,5.4115,4.97221,4.15307,4.06717,4.03874,3.70595,2.8585,2.09755,1.66547,1.14705
-2.84874,-2.94648,-3.10775,-3.42691,-3.65959,-3.55544,-3.25941,-3.04099,-2.97859,-2.92678,-2.72255,-2.2801,-1.48081,-0.315497,0.942377,1.9619,2.61267,2.99021,3.12406,3.01913,2.74799,2.42309,2.21391,2.25146,2.42239,2.60004,2.8997,3.27278,3.64074,3.61066,3.90478,4.45122,4.87715,5.76122,6.1607,6.33651,6.42526,6.27477,6.64556,7.34934,7.63788,7.18549,7.44635,7.73807,7.74032,7.64952,7.49777,7.32105,7.16862,7.13046,7.04342,6.93091,6.66694,5.57748,4.30701,4.11193,4.79198,4.33017,3.91174,4.23386,3.14171,1.90505,1.4896,1.06268
-3.42425,-3.33525,-3.25777,-3.34437,-3.36798,-3.16315,-2.86293,-2.65248,-2.58802,-2.53786,-2.3177,-1.7942,-0.847242,0.466614,1.63501,2.4239,2.94416,3.25164,3.25898,3.07007,2.8422,2.55883,2.304,2.31161,2.49569,2.72843,2.93297,3.32645,3.37845,3.76779,2.87844,2.75435,3.73247,4.63629,5.97846,6.09069,5.82636,6.1123,6.24221,6.75193,7.12521,7.26538,7.4522,7.55407,7.5917,7.5602,7.48451,7.4174,7.36935,7.30516,7.22953,6.97507,6.12193,5.92237,5.99136,5.25398,5.32914,4.91827,3.94822,4.41472,3.80041,2.25717,1.39654,0.797934
-3.75641,-3.50362,-3.21712,-3.02772,-2.84853,-2.60271,-2.3731,-2.25016,-2.21311,-2.11959,-1.84888,-1.26966,-0.23282,1.05481,2.06386,2.73195,3.25471,3.50283,3.35592,3.14934,2.96004,2.61192,2.37422,2.3721,2.3844,2.36689,2.70512,3.35811,3.86575,3.77332,3.80703,4.98828,5.42215,5.22201,6.01061,6.45151,6.41562,6.21906,5.96009,6.50086,6.77841,6.75781,7.06643,7.38512,7.33985,7.11942,7.08679,7.01935,7.05142,7.28301,6.96794,6.35735,6.38569,5.74516,5.43887,6.02738,5.48974,4.52501,4.61847,4.34684,2.76102,1.34109,1.58353,2.46262
