uploads/wind/20200722/wind_field_02.json
{"header": {"parameterUnit": "m.s-1", "parameterNumber": 3, "dx":  0.051, "dy": 0.036, "parameterNumberName": "northward_wind", "la1": 45.3082, "parameterCategory": 2,"nx": 177, "ny": 123, "refTime": "2018-10-03 01:00:00", "lo1":1.38177}, "data":
[rows 29 to 57 of 123, columns 0 to 63 of 177]
0.144004,-0.550564,-1.19255,-1.31852,-2.27645,-1.09634,-1.16049,-0.680896,-0.544208,0.78252,0.398995,-0.487784,-0.535263,0.874112,0.177235,-0.71056,-0.13999,1.62716,1.37807,0.436676,-0.344645,-1.19811,-1.24932,-0.134984,1.0362,3.16054,1.81871,-1.27381,-1.16275,0.124674,0.451584,0.450113,1.26349,1.95496,2.16034,2.21384,2.4115,2.43613,2.29252,2.21094,2.20025,2.18687,2.13875,2.11447,2.198,2.32765,2.42319,2.4788,2.50198,2.45331,2.30111,2.10195,1.85993,1.51877,1.10542,0.786973,0.584329,0.469098,0.442175,0.517942,0.606711,0.636214,0.604931,0.565833
-0.530896,-1.30132,-1.77271,-2.13088,-1.81054,-2.13792,-1.6099,-0.8008,-0.825727,0.378735,0.431389,-0.199427,-0.77759,-0.151,-0.849203,-1.38126,-3.40608,-2.95036,-1.52709,-0.33322,-1.96943,-3.36242,-3.01243,-1.67993,-0.523061,-0.090653,-0.123705,0.339988,0.724459,1.01371,0.519061,0.785964,1.53081,3.08032,3.29023,3.25494,3.28776,3.21539,3.18726,3.27482,3.32291,3.20821,2.96177,2.78597,2.77066,2.82772,2.9045,2.96374,2.92148,2.76484,2.59163,2.47774,2.37536,2.23047,1.99249,1.74033,1.5507,1.40725,1.28158,1.17124,1.07933,0.981126,0.885763,0.825899
-3.98547,-3.55524,-3.78336,-3.59709,-3.35308,-3.02718,-2.80861,-2.54904,-1.1419,0.212682,0.611081,-0.0771791,-0.693324,-0.622815,-1.30688,-1.80122,-1.18592,-1.05072,0.0769213,-0.724522,-2.99557,-3.48079,-2.64859,-1.60323,-0.481442,-0.757725,0.24329,0.560215,1.08058,1.70365,2.50663,2.93304,3.44931,4.09783,4.20614,4.03703,3.8959,3.80511,3.91784,4.19217,4.32991,4.1882,3.92925,3.73652,3.58407,3.45522,3.39588,3.33027,3.05898,2.73478,2.56958,2.55667,2.64642,2.80796,2.94195,2.98242,2.9796,2.91382,2.76306,2.55899,2.36141,2.20589,2.07386,1.94834
-6.65752,-5.33095,-4.42932,-4.45515,-4.72876,-3.89646,-3.26885,-3.08763,-1.97862,-0.158531,0.700394,0.413926,-0.931977,-1.72218,-2.68985,-1.99257,2.06534,2.64304,0.00327523,-2.9933,-2.234,0.421103,0.25139,-0.244538,-0.503193,-1.08021,-1.17673,-0.761208,0.209131,0.79363,1.00494,1.32714,1.36926,3.3796,3.63651,3.75495,3.81209,3.85012,4.01532,4.30403,4.40018,4.27654,4.1688,4.06519,3.92262,3.71285,3.37031,2.86536,2.28514,1.94764,1.91374,2.07589,2.35454,2.73396,3.1364,3.44945,3.63347,3.70955,3.67375,3.54682,3.38927,3.24668,3.09142,2.90691
-6.87303,-5.16108,-4.91401,-4.46261,-4.13838,-3.83774,-2.91131,-2.42803,-2.11345,-2.08714,-1.52096,-1.25213,-2.37701,-2.89113,-3.7987,-1.75475,1.71292,1.93284,-0.849152,-1.95726,-0.0591746,2.05713,1.72668,0.27579,-0.813772,-1.52848,-1.3263,-0.707525,0.0835399,-0.0375731,-0.293071,-0.38698,1.00953,2.23198,2.69232,3.14822,3.3614,3.37465,3.3825,3.54626,3.51762,3.34367,3.14051,3.03674,2.96396,2.77835,2.30303,1.69537,1.27596,1.18622,1.32013,1.59989,1.92975,2.28038,2.61265,2.89918,3.10309,3.27253,3.42206,3.49463,3.42558,3.25505,3.06903,2.90366
-4.50021,-3.66856,-3.52778,-3.6152,-3.79242,-3.92184,-3.55055,-3.52604,-3.5879,-3.39605,-2.50148,-2.11219,-1.91681,-1.79445,-1.43996,-0.688261,0.0813511,0.930303,2.18856,2.41608,1.54389,1.098,0.935713,-0.452853,-1.09924,-1.48655,-1.34174,-0.326031,0.365653,0.254192,-0.283435,0.346512,1.74644,2.53926,2.73388,3.04593,2.95986,2.63989,2.61857,2.71807,2.55771,2.17742,1.90155,1.80169,1.77011,1.6491,1.43014,1.25447,1.28426,1.44543,1.60555,1.78149,1.9574,2.07861,2.12992,2.1852,2.28501,2.43966,2.63827,2.79941,2.78825,2.61924,2.44183,2.3097
-0.917931,-2.12382,-2.29724,-2.92941,-3.50592,-3.72835,-3.8926,-3.69441,-3.41574,-2.18041,-0.190872,0.0113052,0.645638,2.27265,2.45796,1.67007,0.9271,0.955955,1.95269,2.36041,0.986411,-1.27638,-1.05733,-2.22133,-1.54908,-1.41775,-1.36298,-0.765429,-0.290916,0.140419,-0.00778944,0.806947,2.28485,2.86723,3.40853,3.43152,2.96779,2.77643,2.83509,2.77886,2.32168,2.00389,1.92798,1.98411,1.89755,1.85329,1.88933,2.01015,2.2249,2.45269,2.52952,2.4964,2.42379,2.26886,2.06471,1.90102,1.83398,1.82994,1.87521,1.98244,2.07981,2.0689,1.95771,1.79351
-0.189012,-1.72857,-2.15058,-2.7226,-3.38537,-2.55978,-1.66017,-1.80287,-2.17842,-1.95385,-1.72344,-1.91271,-1.81975,0.774975,2.45921,1.04062,-0.371941,-1.29951,-0.786673,-0.354096,-1.36286,-3.86966,-4.16945,-3.76715,-2.23668,-2.10537,-0.929221,-0.863156,-0.694301,0.0404822,0.534365,0.930253,1.34389,2.35413,3.27499,4.07397,4.05003,4.21768,4.04434,3.44769,3.03707,2.96461,3.19735,3.04777,2.93883,2.87429,2.98117,3.13287,3.33093,3.45768,3.41761,3.22993,2.92778,2.51287,2.07995,1.72009,1.43958,1.24518,1.21684,1.37938,1.65495,1.84482,1.81564,1.58177
-0.192032,-1.24024,-2.16426,-2.74224,-3.28546,-3.14675,-3.01766,-3.18145,-3.81293,-4.45339,-4.59917,-4.77441,-5.13251,-4.97169,-3.80699,-3.19377,-3.32756,-3.39336,-3.16569,-3.46161,-3.95596,-4.11429,-2.66125,-2.11096,-1.84514,-2.27108,-1.23145,-0.522728,-0.417761,0.408309,0.855776,0.741329,1.83016,3.57776,4.89103,5.31012,6.04845,5.82109,5.03405,4.58536,4.22017,4.45507,4.24921,3.97072,3.74063,3.69593,3.71977,3.89323,4.0319,4.02803,3.90699,3.61961,3.12858,2.49588,1.88578,1.37287,0.995062,0.827846,0.912252,1.1629,1.46038,1.66425,1.63655,1.33614
-0.341,-1.05612,-2.02792,-2.40889,-3.14695,-3.59614,-4.1928,-4.54416,-4.40944,-4.02042,-3.62037,-3.54599,-3.65031,-4.3698,-3.52741,-3.36321,-4.42578,-4.85772,-4.96941,-4.59931,-3.87255,-1.56671,0.0821719,-0.0922987,-0.852904,-1.29321,-0.853144,-0.496696,-0.388153,0.279343,1.0109,2.685,4.2173,4.84827,5.30642,5.65366,6.38755,6.25005,4.97924,5.97143,5.40946,5.23488,4.8327,4.28336,4.1514,4.0223,3.93041,4.02512,4.08821,4.02346,3.78086,3.38367,2.80115,2.11951,1.52679,1.09204,0.876327,0.865525,0.991239,1.15883,1.27767,1.29617,1.16063,0.837591
-1.69775,-2.30416,-2.66383,-2.61459,-3.08092,-2.14699,-1.05795,-1.50121,-3.34258,-4.45394,-4.72288,-4.45353,-3.66749,-2.72495,-2.1867,-3.55488,-4.80432,-4.2916,-3.50002,-2.20837,-1.74422,-2.4134,-2.10916,-1.35176,-0.673195,-0.788339,-0.790766,-0.656644,-0.563546,-0.38174,0.961011,3.36756,2.33073,0.210651,1.69757,3.52237,4.29362,5.10465,4.57378,6.17255,5.98402,5.21815,5.473,4.42766,4.29769,4.10988,3.91316,3.80839,3.72334,3.41701,2.97797,2.4989,1.94867,1.45731,1.11811,0.974931,1.00848,1.11158,1.19079,1.20687,1.11813,0.903395,0.595311,0.294135
-4.02903,-3.79482,-4.11209,-4.19199,-4.14188,-2.1725,0.889346,0.916328,-1.05498,-3.60821,-5.50991,-6.60828,-5.70872,-4.81931,-4.98144,-4.90087,-3.74535,-1.641,0.746917,1.84804,0.737134,-2.46057,-3.73349,-3.91109,-3.23048,-2.23098,-1.74009,-1.93963,-0.803625,-1.91662,-0.355294,1.17119,-0.733735,-1.00109,0.393524,1.79097,2.63533,4.7087,5.03817,5.5586,5.32005,5.2979,5.51097,5.12125,4.46034,4.09893,3.87065,3.68125,3.19462,2.5785,2.03235,1.53941,1.0932,0.870263,0.801575,0.89211,1.07477,1.26334,1.35446,1.29683,1.06329,0.656784,0.220149,-0.0251022
-5.72953,-4.80009,-4.96198,-4.70322,-4.50646,-3.75562,-0.545296,2.38069,2.61726,1.56924,-0.792296,-4.02965,-4.19402,-4.01604,-4.20401,-4.31107,-3.91713,-2.42694,-1.01794,0.555211,2.23253,1.49916,-0.614037,-2.35865,-2.58775,-3.18612,-3.45844,-4.29465,-3.5451,-3.07437,-0.19599,-0.45864,-0.445524,0.853844,1.95649,2.36243,2.9413,4.60063,4.90785,4.90653,4.96467,5.25098,5.43659,5.0134,4.91686,3.93979,3.90326,3.42347,2.77603,2.12879,1.73804,1.319,1.04525,0.959105,0.93856,1.00961,1.15596,1.30524,1.31576,1.05508,0.541151,0.0514811,-0.187818,-0.186764
-5.89947,-4.69614,-4.57331,-4.7558,-4.12617,-4.12563,-2.44442,0.71526,2.53667,3.46544,2.11367,-0.309354,-0.773821,-0.139827,0.210799,-0.507722,-3.90149,-5.7325,-5.11149,-3.30278,-0.278979,3.00585,3.92602,3.62409,1.99547,-1.62452,-2.71413,-3.16075,-2.80263,-1.33197,0.602237,-0.0153215,0.182566,2.20501,2.85952,3.27085,4.20411,4.31283,4.49878,4.27889,4.85715,5.1588,4.67445,4.08801,4.49653,3.54025,3.46628,2.81963,2.04422,1.89672,1.82204,1.71023,1.70816,1.71322,1.67689,1.58713,1.46147,1.19403,0.639772,-0.0640499,-0.607104,-0.814188,-0.666364,-0.351574
-3.54189,-3.26965,-3.56729,-3.84007,-3.72116,-3.80435,-3.78291,-2.85725,-0.706553,0.840052,4.40555,5.31839,5.24119,5.02698,4.59206,4.26119,0.183746,-3.45624,-3.75232,-3.10954,-2.39708,-0.50049,2.20649,2.37591,1.5505,0.273432,1.20107,3.1255,3.05021,2.17344,0.529194,-0.926539,0.399224,2.72258,3.43593,3.83722,4.75978,4.44879,5.17761,4.28381,4.58621,4.88574,3.56667,3.06413,2.96596,2.70912,1.83282,2.1041,0.826581,0.895185,1.28608,1.61692,1.93888,2.13872,2.21549,2.04128,1.49223,0.572474,-0.385889,-0.92949,-1.04536,-0.928627,-0.64507,-0.266497
-1.38356,-0.900717,-1.38858,-3.08362,-3.78394,-3.79413,-4.85129,-5.23154,-4.43906,-2.57564,0.939981,3.81961,5.50741,5.66618,5.42551,5.29011,4.18798,3.22549,2.22019,0.910123,-0.246473,-1.25398,-1.53975,-1.40869,-0.866217,0.576399,1.21812,2.20469,1.61005,-0.0213085,-1.53408,-1.68775,-0.277697,2.49562,3.95821,5.04305,4.63304,4.73744,5.14495,5.04588,4.87979,4.22903,2.09717,1.54253,1.64386,1.67664,0.283062,0.924916,0.250022,-0.441655,0.233871,0.498325,0.93874,1.21199,1.40072,1.29782,0.729796,0.00734257,-0.40606,-0.474027,-0.357943,-0.173934,0.0463419,0.316023
0.558703,0.991093,0.27851,-1.05785,-1.25918,-1.99596,-3.48021,-3.92611,-4.14504,-3.12829,-1.56807,-1.39543,0.0910885,1.46128,2.05857,3.11772,4.6155,6.59238,4.72623,2.88955,0.983645,-0.183943,-0.39593,-0.18538,-0.3549,-0.520038,-0.253856,0.0347516,-0.845452,-1.50647,-1.42907,-1.29634,-0.526637,1.38962,3.95876,5.49183,4.81918,5.30743,4.55033,4.42057,3.51064,2.58095,0.569072,0.593077,1.18534,0.453885,-0.00433319,-0.436097,-0.150093,-0.802051,-0.544745,-0.608596,-0.443814,-0.327564,-0.144784,0.0245931,0.162766,0.366166,0.627105,0.734825,0.801224,0.915728,1.04316,1.2125
2.40481,1.90634,1.97228,1.04612,1.31353,0.987373,-0.196742,-0.525497,-1.5995,-0.468552,0.890521,-0.737662,-3.86119,-4.3911,-2.46916,0.3186,3.31481,4.78777,3.67226,2.93222,1.66215,0.745415,0.740312,0.682454,-0.0242571,-0.732978,-0.25508,-0.524684,-1.53019,-1.61997,-1.25299,-0.918837,-0.901912,0.636086,3.50005,4.88865,5.32099,4.60313,3.80858,2.80571,1.49996,1.43745,0.532465,0.446081,0.834544,-0.115839,-0.109434,-0.611496,-0.704409,-0.629481,-0.790079,-0.868258,-0.941317,-0.865525,-0.667192,-0.262416,0.369428,1.01279,1.48667,1.74138,1.85081,1.89608,1.90173,1.8877
3.34525,4.16491,3.98949,3.80364,3.54864,3.38946,2.20567,1.71716,0.528037,-0.61651,0.393413,-1.21613,-3.98288,-3.71911,-1.5804,0.0901847,0.73634,0.38279,0.442475,2.06542,2.58802,2.02178,1.02786,-0.273945,-0.472364,-0.724515,-1.64841,-2.63565,-2.38462,-2.12721,-1.47474,-1.12741,-1.25249,0.624426,3.31392,4.51177,3.9842,3.21105,2.41692,2.05651,1.20289,1.03558,0.796967,0.527305,0.627068,0.291191,0.0228282,-0.0103807,-0.553536,-0.372205,-0.549709,-0.612144,-0.719853,-0.66061,-0.479104,-0.0910675,0.480783,1.09966,1.63594,2.0749,2.31538,2.37616,2.26187,2.0296
4.34627,4.61088,4.89398,4.58052,4.43474,4.3027,4.37847,4.46289,3.8951,0.776816,0.320261,0.300935,0.90331,0.614042,-1.23959,-3.08101,-4.29435,-4.61164,-3.81584,-2.40197,-0.605085,0.30932,-0.657382,-0.481731,-0.0205143,0.196107,-2.02579,-2.88541,-2.46375,-1.40453,-1.6934,-1.09874,-1.43618,0.413589,2.56084,2.98583,2.09591,2.70586,1.99394,2.05597,1.65192,1.29382,1.25191,1.15277,0.756806,0.664895,0.446983,0.329473,0.0267696,0.0294404,-0.119158,-0.234182,-0.360355,-0.457551,-0.463196,-0.312472,0.00432261,0.477218,1.06736,1.70006,2.09644,2.21556,2.10199,1.85823
5.41868,5.38399,4.99708,4.98642,4.56348,4.19102,4.43632,4.19884,4.09259,3.5654,4.07791,4.11784,4.39882,2.46344,-1.23095,-4.02218,-5.23829,-4.91685,-3.69845,-3.1051,-2.44148,-2.26645,-2.61073,-1.1759,0.674765,0.534696,-0.414207,-3.22014,-3.15459,-2.98022,-2.95691,-1.53847,-1.52353,-0.171235,1.20305,1.47376,1.86018,2.57066,2.26905,2.4285,2.45991,2.18853,2.14892,2.08006,1.27733,1.17255,0.824023,0.620205,0.395939,0.257748,0.141355,0.0490385,-0.057786,-0.220729,-0.369207,-0.427442,-0.384368,-0.226946,0.119087,0.694421,1.2326,1.59156,1.78435,1.81151
5.83795,5.46229,5.52988,4.81818,4.2613,4.09075,3.38001,3.14138,3.59371,3.60099,4.21942,4.57313,4.38638,3.93541,1.8975,-1.66667,-3.03236,-3.6357,-2.32136,-0.504124,-0.601139,-1.7433,-1.74471,-1.58951,-0.38335,0.324881,-0.736635,-3.84693,-3.57851,-3.52157,-3.93467,-1.49452,-1.07068,-0.242235,0.699127,1.22101,1.67015,1.98327,2.0926,2.62431,3.09952,2.69746,2.89326,2.69258,2.32103,1.85303,1.41592,0.974453,0.602905,0.364763,0.293234,0.306512,0.294216,0.221546,0.102014,-0.0376397,-0.144695,-0.201435,-0.192087,-0.00855863,0.456688,1.02917,1.54157,1.88866
6.70701,5.71939,5.07206,4.89208,4.12049,3.56633,3.16141,3.63547,3.7727,3.04888,2.08622,2.25306,2.52682,2.4571,1.14243,-0.983101,-2.21703,-3.30757,-3.24828,-1.36073,-0.0852797,0.0633595,0.623388,-1.20433,-3.39216,-0.683404,0.194321,-3.20381,-3.95746,-3.81616,-4.58964,-1.55696,-0.692198,-0.229545,0.380304,0.788671,1.16024,1.43966,1.93897,2.60712,2.87541,3.07069,2.98637,2.7049,2.78647,2.14251,1.96729,1.4772,1.04019,0.740343,0.660706,0.708317,0.765162,0.79321,0.76821,0.675563,0.563291,0.459777,0.368433,0.29791,0.379443,0.664833,1.10426,1.52277
4.97058,4.3671,4.42613,3.97746,3.99781,3.5345,3.72069,3.70344,3.69461,2.42382,0.635545,1.35662,1.97007,-0.454019,-3.1806,-3.51235,-3.96414,-4.77725,-4.87859,-3.86375,-2.85638,-2.42347,-1.20759,-3.39656,-4.35144,-2.36247,-0.633063,-4.34815,-4.21182,-5.05804,-4.79915,-1.71235,-0.510617,-0.333224,0.320435,0.662729,0.950196,1.26929,1.96318,2.68923,2.4768,2.80867,2.63675,2.26554,2.52842,2.10541,2.22153,2.02481,1.73495,1.46481,1.31838,1.29723,1.35094,1.42035,1.44598,1.40793,1.32696,1.22236,1.0669,0.839399,0.592052,0.374568,0.40885,0.636293
3.08026,3.14988,3.64318,3.81901,3.65507,3.83869,3.75147,2.71339,1.60325,0.171328,-0.514232,0.692185,0.743885,-2.85488,-4.38267,-4.73804,-5.33176,-5.66591,-4.89558,-4.15412,-3.834,-4.42524,-4.09738,-4.53847,-4.26238,-5.58375,-5.53001,-5.86907,-5.94979,-3.45228,-4.70146,-1.90931,-0.312382,-0.31555,0.437611,0.830643,1.16869,1.48193,1.71578,2.37139,2.51101,2.28691,2.69666,2.10665,2.57914,1.98817,2.36297,2.40354,2.4308,2.30914,2.14177,1.98758,1.90623,1.8617,1.82924,1.80172,1.7525,1.65922,1.48871,1.21907,0.895249,0.615055,0.413144,0.437249
2.48497,2.76847,3.1435,3.30297,3.74366,3.69091,3.08089,2.34161,0.809477,-0.0954249,-0.10707,0.0411937,-0.610547,-0.549362,-2.82811,-3.2607,-3.91085,-3.91706,-3.22806,-2.26799,-2.24552,-3.2551,-3.92965,-4.37165,-4.5469,-5.23975,-5.98698,-6.12369,-5.48054,-4.66186,-4.44967,-2.34899,-0.254606,-0.0517645,0.512839,0.991568,1.58617,1.97285,1.21672,1.56904,1.83977,1.89036,2.56294,1.98357,2.50031,2.24875,2.53673,2.71449,2.91393,2.94204,2.84129,2.62604,2.36759,2.11669,1.95508,1.92187,1.90538,1.84335,1.72805,1.5617,1.38712,1.2639,1.19174,1.15785
2.02261,2.51333,2.93197,3.57252,3.32096,3.28827,2.98193,2.41338,1.10825,0.361238,-0.186179,-0.79682,-1.45664,0.278837,0.195472,-0.842661,-0.720841,-0.541544,-0.499228,-0.288824,-1.065,-2.01046,-2.76518,-3.59962,-3.03008,-2.2296,-1.83461,-3.55712,-4.3061,-3.71484,-4.11858,-2.48554,-0.124441,0.432327,0.801775,1.21348,1.81406,2.21468,1.14885,1.41588,1.02621,1.55615,2.02695,1.57531,2.22455,2.5618,2.59594,2.93911,3.10055,3.13846,3.08994,2.94701,2.73274,2.48994,2.30588,2.20191,2.13455,2.08523,2.01456,1.95444,1.92863,1.94077,1.95982,1.91538
2.2578,2.3123,2.81405,3.21531,3.17875,2.81974,2.89176,2.31895,1.42428,0.0965641,-0.941294,-1.6867,-2.17137,-0.823795,1.92671,1.84681,1.2668,1.16511,1.77468,2.34031,0.48062,-1.22324,-1.9681,-2.54791,-1.75377,-0.0422316,0.212211,-1.53936,-2.01531,-3.62989,-3.56482,-2.48196,-0.119591,0.669708,1.0882,1.41291,1.82973,2.17845,1.52407,1.95101,1.27274,1.53494,1.90292,1.63389,2.14257,2.36302,2.46569,2.84127,3.0178,3.06563,3.02968,2.97502,2.93239,2.90837,2.86794,2.76079,2.64316,2.55606,2.47869,2.44825,2.47829,2.53562,2.50953,2.28955
2.28357,2.19484,2.62618,2.81569,3.05264,2.46282,2.72646,1.91801,0.799015,0.137564,-0.864178,-2.10795,-2.61573,-1.91385,1.95606,1.92735,1.61667,1.49553,2.23247,1.88836,1.19239,0.290229,-0.554295,-1.27672,-1.68901,-1.72337,-0.901287,-0.509267,-0.812562,-1.76593,-2.1191,-2.59771,-0.50436,0.455948,1.01358,1.34601,1.70472,2.03927,1.89412,2.16723,2.10792,1.84136,2.33385,1.91802,2.19487,2.16982,2.3376,2.61185,2.82605,2.95139,2.98097,2.98621,3.03977,3.17938,3.3047,3.3152,3.25188,3.14325,3.04633,2.99137,2.96651,2.89498,2.72176,2.44817
