uploads/wind/20200722/wind_field_21.json
{"header": {"parameterUnit": "m.s-1", "parameterNumber": 2, "dx": 0.051, "dy": 0.036, "parameterNumberName": "eastward_wind", "la1": 45.3082, "parameterCategory": 2,"nx": 177, "ny": 123, "refTime": "2018-09-30 00:00:00", "lo1":1.38177}, "data":
[rows 29 to 57 of 123, columns 0 to 64 of 177]
-1.07748,-2.0156,0.832116,0.0335063,-0.165911,-0.554966,-0.889467,0.511927,0.399766,-1.18281,0.831551,4.09276,1.89011,-0.285281,0.132143,0.887103,1.30447,1.92109,2.59144,3.08751,2.33734,0.580696,0.092345,0.184786,-0.382214,-0.0256292,2.31474,3.58403,3.08158,2.46187,2.00111,1.7733,2.3702,1.96326,2.08305,2.39384,3.06656,3.55631,3.62232,3.51827,3.51073,3.59622,3.66699,3.71562,3.778,3.84335,3.88283,3.91212,3.89859,3.88064,3.80718,3.72416,3.6203,3.52009,3.5013,3.51006,3.42316,3.12866,2.71587,2.42016,2.31747,2.26986,2.18956,2.12632,2.12091
-0.852333,-0.797444,0.850814,0.577471,0.376146,-0.339739,-0.803532,0.237627,1.05882,0.0946682,0.970428,3.77511,2.00927,-0.941242,-1.29661,0.465889,3.33753,4.40065,4.01659,2.51701,-0.0818486,-0.123524,1.02693,1.0163,1.25276,1.82307,1.95984,2.72956,2.75225,2.12148,0.955137,2.64513,3.06309,3.15087,2.39003,2.25994,2.72372,3.30272,3.66875,3.77796,3.80301,3.77866,3.83063,3.92909,4.02231,4.08918,4.19447,4.24085,4.23498,4.15326,4.06066,3.84503,3.73776,3.7192,3.73023,3.78427,3.47944,2.9001,2.46283,2.3377,2.38669,2.40185,2.34207,2.26958,2.23204
0.338222,0.549763,1.01758,1.0673,1.3395,0.942102,-0.085804,0.059049,0.670192,0.283428,1.5173,2.69323,0.84068,-0.984573,-2.05393,-0.404638,3.20067,5.23561,4.31174,0.887523,-0.677432,0.20553,2.67426,2.4191,2.22385,2.41781,2.12319,1.90394,2.02407,1.50851,1.52324,2.63469,3.74403,2.64815,2.3167,2.30966,2.67136,3.07833,3.61405,3.92702,4.084,4.4252,4.39298,4.26259,4.48183,4.84934,4.68568,4.37794,4.27392,4.14519,4.12589,4.50275,4.26135,4.20763,4.76596,4.31163,3.31429,2.51374,2.18902,2.40084,2.62374,2.64677,2.58333,2.50773,2.42793
0.745636,1.27212,1.31609,1.54104,1.85848,1.75549,0.621162,0.566476,0.818151,0.657316,1.64077,1.95422,0.534651,-0.401315,-0.107235,1.51582,4.48069,4.80308,2.34257,0.73502,0.767957,1.34607,2.38651,2.6079,1.99191,2.3099,2.57992,1.98247,2.24944,2.18334,1.7677,2.76918,2.89544,2.76863,2.14689,2.35156,2.7393,3.15329,3.5562,4.01526,4.53027,4.42735,4.06139,4.24977,4.67944,4.77613,4.72836,4.70603,4.89372,4.77321,4.73374,4.5216,4.47198,4.86675,4.98338,4.60067,3.19179,2.0192,2.12635,2.6114,2.87856,2.88309,2.81685,2.76115,2.68653
1.25319,1.99288,2.20765,2.36602,2.34047,2.37993,1.20768,0.986393,1.07416,1.28143,2.01925,1.44652,-0.974587,-1.06249,2.32146,4.85852,5.11777,2.76736,0.743638,2.40284,3.19809,2.19131,1.95139,2.18249,2.27867,2.37141,1.77141,1.69808,2.32296,2.75468,2.51011,2.60429,3.14783,2.72583,2.05301,2.19819,2.69946,3.08704,3.62428,4.11249,4.24299,4.12023,4.27394,4.77088,4.93606,5.0384,5.04615,5.11816,5.16786,5.08343,5.01432,4.89538,4.77496,5.09061,4.95406,4.2996,2.88199,1.85818,2.35095,2.92066,3.06837,3.09288,3.10664,3.05323,2.95018
2.21212,2.84481,2.6615,2.68149,2.52676,2.19346,1.55309,1.48043,1.69375,2.48701,3.45351,1.06926,-1.89814,-0.0600976,3.70774,6.24704,4.48685,0.70274,0.302925,2.68998,3.42613,2.3236,2.00278,1.8017,2.09324,2.32547,2.52697,1.76009,2.09143,1.28081,1.88968,2.14558,2.96979,2.97875,2.95342,3.04059,3.1454,3.25514,3.45733,3.91398,4.33425,4.41636,4.72682,5.02409,5.13828,5.18992,5.21429,5.15402,5.11405,4.99214,4.93226,4.84003,5.01211,5.25581,4.91983,3.56136,2.19905,2.13194,2.75507,3.15328,3.2075,3.00916,2.98986,3.1266,3.17256
2.02234,2.94927,2.73222,2.65899,1.98568,1.12717,1.08411,1.74262,2.46606,3.91766,3.88899,0.662525,-0.83453,1.55497,4.99986,5.76467,3.78623,0.534044,0.130742,1.92081,2.48555,1.37113,0.96592,1.47143,1.79482,1.95335,2.62364,2.20387,1.27246,0.464098,0.551838,1.12961,1.99707,3.52191,4.36616,4.24603,3.81037,3.58146,3.61754,3.7777,4.10722,4.77841,5.3701,5.38753,5.52093,5.37099,5.25169,5.08208,4.78119,4.80949,4.88751,4.92754,5.00851,5.08755,3.9776,2.39348,2.12122,2.64762,3.21068,3.3487,3.30857,3.68227,3.53832,3.10744,2.95427
2.59357,3.29579,2.43598,2.06354,1.18359,0.063333,-0.0647176,1.27888,2.82904,4.36624,3.77869,1.02451,0.525805,2.33538,4.17784,4.84016,3.64798,1.60982,0.801962,1.29484,0.354353,-1.4342,0.238747,2.66635,2.29829,0.900022,1.26382,1.79771,1.10855,0.68989,0.679492,0.724502,1.6564,4.63035,5.84778,5.7774,4.46794,3.77968,3.98998,4.49112,4.81299,5.13042,5.24981,5.28984,5.22096,5.02534,4.92553,4.64778,4.61412,4.72635,4.75596,4.67393,4.73041,4.55654,3.98154,2.99379,2.48648,2.96299,3.35688,3.50361,3.8016,3.73337,3.15441,2.99151,3.59221
2.22038,2.62707,1.96832,1.37985,0.428077,-0.109856,0.324457,1.40734,2.81728,4.63218,4.25495,1.9059,2.32186,4.29321,4.52606,4.05634,3.18834,2.20187,1.46899,0.592943,-0.735726,-0.748075,1.38553,3.12374,2.70729,1.39168,0.956311,0.790634,1.13844,0.891612,0.20939,-0.00775251,2.84956,5.27501,7.07354,6.00359,4.74448,3.94901,4.47441,4.97503,5.05252,4.96693,4.9764,4.81067,4.4221,4.39329,4.36327,4.37306,4.35133,4.33481,4.13483,3.99556,4.15016,4.13159,3.70601,3.07588,2.92002,3.36944,3.94502,4.28973,3.94099,3.22179,2.99372,3.51857,3.62713
1.01419,1.5507,1.30676,0.682339,-0.618327,-0.878494,0.519875,1.91711,2.91449,4.42723,3.99423,0.569076,1.44049,4.69706,4.13242,2.71069,2.32975,2.05758,1.37038,0.988133,0.726505,1.14294,3.05495,3.06017,3.00582,2.72641,1.47372,0.799005,0.734345,0.816816,0.327639,1.88564,3.57715,4.85586,5.60995,5.65898,5.00817,4.50716,4.50016,4.66061,4.61647,4.60174,4.33419,3.83645,3.75592,3.89354,4.08437,4.15775,4.22993,3.97232,3.6424,3.84476,4.1526,4.02776,3.43766,2.87964,2.9398,3.48964,3.92146,4.02414,3.52658,3.24121,3.76082,3.77989,3.23844
1.04506,1.54317,0.383129,0.108953,-1.41981,-1.86264,0.117012,1.87677,2.69415,3.49422,2.88614,-0.635677,0.314892,4.16585,3.22697,1.51964,2.18613,2.70288,2.85912,3.10977,2.33925,2.06276,2.99778,3.16151,2.54932,1.62699,1.14192,1.40797,0.712576,0.46758,2.94223,4.61935,5.46449,4.22891,5.43351,5.73286,5.01963,4.12833,3.88679,3.92431,4.00799,3.9234,3.4384,3.29414,3.35958,3.5837,3.74477,3.449,3.41641,3.98183,4.19771,4.19172,4.29433,3.7242,3.0067,3.34849,3.55244,3.65185,3.87147,4.13402,4.5722,4.07909,3.40846,3.2421,2.85544
-0.98549,-0.283525,0.0341387,-0.0849859,-0.561274,-1.0008,-0.0148383,0.569355,0.530867,1.56686,2.14195,0.61263,1.05723,3.31837,2.48438,1.70357,2.24315,3.56176,3.28182,2.59611,-0.224666,-0.20982,2.14215,2.75343,2.66656,1.03395,-0.321982,0.218191,0.71969,1.74245,4.21004,6.48815,5.16029,5.56996,5.5304,5.06372,4.25076,3.39346,2.87176,2.99029,3.25231,3.02757,2.95414,3.08674,3.16044,3.19574,2.89682,2.8594,3.60794,4.03753,4.12166,4.41942,4.14407,3.40098,3.36797,3.34002,3.21647,3.51718,4.07017,4.27102,4.1293,3.84617,3.39086,2.9233,2.80552
-1.62327,-0.693733,0.225663,-0.0541339,0.280938,1.15891,1.11481,0.202713,-0.893941,-0.508695,1.56342,2.22124,1.96947,2.91618,2.43943,2.11669,3.10291,2.96443,2.53213,2.16188,-0.49861,-1.77645,0.653245,3.29766,3.20115,-0.493479,-2.00802,0.333026,2.52563,3.94223,5.52416,6.62283,5.45282,5.47366,5.6328,4.63221,2.45362,1.90905,2.12837,1.92815,1.96984,2.45398,2.88446,3.03262,2.7027,2.19354,2.31886,3.19994,3.7256,3.83523,4.18056,4.4612,3.47219,1.95415,1.7204,2.38404,3.0093,3.53878,3.98597,4.07118,3.77872,3.51941,3.23245,2.69072,2.18603
1.02255,2.16986,0.530934,0.322948,1.0024,2.20912,3.10251,1.18986,-0.633527,-0.727662,0.618605,2.44079,3.39124,3.82679,2.48411,0.705127,1.00296,2.3041,2.54771,2.87567,2.24753,0.281007,0.00973013,1.63083,1.05954,-2.21434,-2.762,0.175354,3.41182,5.2266,6.12124,6.57104,4.72887,5.06166,5.04949,3.91345,1.36776,0.726052,1.25706,1.88369,2.13163,2.47815,2.87244,2.61159,1.91482,1.92934,2.71083,3.32997,3.58237,3.82483,4.25445,3.93364,2.34667,1.53479,2.54169,3.26967,3.40334,3.55128,3.96359,4.2118,3.79411,3.40706,3.72194,3.23156,2.22539
2.48604,4.14855,1.00529,1.15316,1.4504,1.39514,1.39995,1.62205,0.468351,0.348306,2.26868,3.35151,3.89273,3.98161,1.39811,-3.09657,-1.53207,4.00891,5.07722,3.77623,3.63849,3.11368,1.76375,1.10182,-0.582945,-2.48886,-2.099,0.711369,3.00785,4.50499,5.13331,4.14054,1.60296,2.52629,3.89948,3.54926,1.26223,0.396807,0.812967,1.58063,2.20697,2.70573,2.70043,2.09464,1.62941,1.92648,2.6623,3.26142,3.62152,3.84427,4.11126,3.93272,2.9496,2.66066,2.96585,3.10215,3.23308,3.42549,3.71212,3.6104,3.37556,3.66348,3.20175,2.14904,1.47384
0.609862,1.77129,1.47609,2.20607,1.87208,1.25551,1.57107,2.11887,2.77679,2.39033,3.41162,4.67787,4.32837,2.86076,1.27126,-2.37757,-2.72905,2.73224,5.74365,4.25151,3.75028,3.89656,3.58953,2.34955,0.680984,-0.694565,-0.868473,0.243161,1.29816,2.27332,2.45257,0.289965,-0.334789,0.885971,2.7508,2.80189,1.26418,0.394876,0.666851,1.41283,2.31369,2.73962,2.30487,1.95495,2.299,2.59855,2.98239,3.40363,3.87127,4.48356,4.04885,2.89864,2.20101,2.13694,2.37121,2.57217,2.76259,3.04898,3.03737,2.90588,3.27282,3.00512,2.19432,1.69742,1.32688
3.808,3.90327,1.72605,2.77573,1.87101,0.368111,0.957783,2.87877,3.5438,4.95951,4.95889,5.54068,5.78553,3.5606,2.97398,1.05874,-1.0793,1.21851,3.01164,2.92761,2.99022,3.26798,3.71651,2.60108,1.86314,1.25633,-0.456666,-0.539703,0.100466,0.380197,0.0205678,-0.538266,-0.439486,0.677996,2.06759,2.21512,1.18714,0.581839,0.889008,1.66436,2.36226,2.35987,1.88855,1.78702,2.28683,2.89569,3.27274,3.86435,4.63504,4.4324,3.219,2.21023,1.89071,1.84938,1.85652,1.96686,2.16088,2.37542,2.47495,2.28256,1.98574,1.86039,1.83797,1.7928,1.63348
2.69911,2.58062,2.54998,3.28643,2.05657,0.0505568,0.357747,2.32883,3.10528,4.69082,4.31994,4.42184,5.00462,3.90124,3.68642,3.98936,1.89015,0.385459,1.00534,1.08082,1.65429,2.64659,3.12953,1.8837,0.765615,2.54947,3.38955,2.15149,0.223181,-1.06456,-0.628618,-0.462801,-0.114175,0.616617,1.609,1.70203,1.0541,0.842558,1.30484,1.94706,2.17818,1.95131,1.68575,1.78055,2.2667,2.89507,3.52568,3.99487,4.29134,3.70139,2.50795,2.0064,2.00764,1.85387,1.61899,1.54752,1.59387,1.68017,1.78277,1.76433,1.74933,1.80438,1.73637,1.60054,1.50032
2.40569,2.81958,2.07068,2.76035,1.47951,-0.519097,0.391448,2.64204,2.73941,3.96241,3.30814,1.57847,3.45916,4.68146,4.90486,4.97071,3.84835,1.47648,0.248672,-0.00773388,0.85001,1.68316,2.19877,1.02711,-0.688298,0.457585,3.37236,2.64749,1.22454,0.0373429,-0.451957,-0.479527,-0.153571,0.396073,1.0418,1.16067,0.998006,1.2018,1.62594,1.9354,1.91204,1.68998,1.71283,1.93812,2.54154,3.4203,3.95839,4.41173,4.15746,3.19294,2.3604,2.08737,2.0889,1.86845,1.53399,1.28409,1.10969,0.995214,1.02731,1.25641,1.55953,1.71791,1.68996,1.64004,1.65957
2.61949,2.55214,1.89577,1.77906,1.1592,0.0459933,0.628369,2.15251,2.21561,3.4523,3.31888,-0.000535296,1.90368,4.65572,5.05271,4.47378,3.31186,2.4879,1.9545,1.69498,2.0301,1.85916,1.10124,1.18089,0.311135,0.592319,2.26452,2.83763,3.25364,2.06634,0.923052,-0.297702,-0.501719,-0.0679574,0.549183,0.93767,1.18931,1.52978,1.79291,1.80931,1.62958,1.56243,1.66268,2.14301,3.05008,3.76485,4.18417,4.41367,4.13893,2.99524,2.14577,2.01588,1.91063,1.66313,1.26046,0.822332,0.529803,0.4705,0.678851,1.04136,1.33331,1.51145,1.66192,1.8188,1.95066
4.72058,4.20147,1.41298,1.24291,1.31825,1.06162,0.73383,0.780754,1.4014,3.74693,2.78661,-0.124398,1.10672,3.40175,4.62682,3.8635,3.99089,3.55727,3.12054,2.43877,2.29032,2.03553,1.14727,0.736277,1.06978,1.63797,2.02519,2.50446,2.49128,1.45272,0.186308,-0.23287,-0.536808,-0.216715,0.399743,0.98117,1.41404,1.77267,1.94816,1.77507,1.43872,1.26183,1.69943,2.59022,3.36681,3.94714,4.2626,4.28327,3.39357,2.2199,1.73722,1.55544,1.31532,1.00112,0.5883,0.237097,0.178889,0.369458,0.666841,0.936433,1.13116,1.32963,1.59154,1.86385,2.06901
5.01505,4.34395,1.18732,0.678022,1.13987,1.50244,0.163035,-0.598957,1.23992,3.93713,3.0192,0.572815,0.898457,2.26312,3.29482,3.94995,4.16844,4.15184,3.27049,2.41509,2.33233,2.49517,1.99524,1.74171,1.53019,1.52597,2.35703,2.72819,2.23123,1.02139,0.245063,0.120101,-0.100647,0.0858729,0.54974,1.15732,1.64242,1.94473,1.92923,1.49873,1.04233,1.14587,1.83774,2.78151,3.60133,3.91852,3.85704,3.24003,2.21657,1.47294,1.03641,0.600549,0.280748,0.0978913,0.0713074,0.179959,0.438049,0.731627,0.946047,1.04056,1.08852,1.22548,1.48481,1.7854,2.04878
2.77185,1.91272,0.7191,0.186901,0.633565,0.658286,-0.716478,-0.539501,1.43783,3.85621,3.68861,1.88611,1.86098,1.87116,2.33369,3.27442,3.73396,3.92531,3.32055,2.33797,2.39876,2.67979,1.43257,1.19927,1.35503,1.55533,1.35891,1.63701,2.23646,2.49471,1.44489,1.14271,0.687302,0.58637,0.864403,1.34603,1.62591,1.52075,1.10807,0.721311,0.883712,1.61811,2.40999,3.09275,3.59681,3.72584,3.08374,1.79899,0.698188,0.197686,-0.120101,-0.257264,-0.184993,0.0492699,0.37732,0.828926,1.13077,1.38399,1.48718,1.36027,1.16866,1.16101,1.39095,1.74608,2.08373
2.15089,1.4334,0.567161,-0.0138865,-0.209769,-0.260628,-0.054447,0.740924,1.86726,3.04647,2.80171,2.74938,3.36277,2.42749,1.867,3.36913,3.45906,3.05938,2.96098,2.43505,1.83331,1.44675,0.443439,-0.0736039,0.950527,1.83691,1.47372,1.39183,1.46924,2.4709,2.00146,1.81309,1.42159,1.17401,1.14046,0.991231,0.440422,-0.0138027,0.10881,0.621664,1.47824,2.33224,2.91572,3.36252,3.16932,1.49609,0.0897999,-0.52625,-0.666317,-0.58395,-0.441371,-0.195431,0.178589,0.616627,1.16208,1.47518,1.734,1.93075,1.92029,1.63684,1.30241,1.2191,1.46542,1.86785,2.16145
2.89461,1.96427,0.45792,-0.0352352,-0.841177,-0.53282,0.688222,1.28911,2.47188,2.35968,2.10819,3.19428,3.801,1.52831,1.16059,3.35672,2.9725,2.58771,2.73,2.5342,2.01044,1.88617,2.41306,1.5691,0.167953,1.48177,2.82092,3.18203,3.23666,2.11398,2.83387,2.40141,1.69674,1.25471,0.686487,-0.290087,-1.04883,-0.786901,0.203291,1.29086,2.218,2.7017,2.99603,2.34465,0.0451342,-1.60024,-1.67557,-1.37861,-0.906867,-0.482478,-0.0789031,0.330544,0.814642,1.3663,1.70731,1.92706,2.0977,2.19551,2.0708,1.71823,1.38788,1.34894,1.61379,1.93911,2.04562
0.259069,-0.609923,0.628764,0.0237209,-0.686746,0.0227672,1.03023,1.01473,2.03097,2.10433,2.20812,4.19244,3.62839,0.646975,0.326994,1.29107,0.956768,2.43531,3.14606,3.06189,2.59725,2.03151,3.24434,2.83976,-0.000467282,0.312505,3.21178,4.49039,3.91592,3.12654,1.73694,1.91899,1.29485,0.495828,-0.594579,-1.44051,-1.31478,-0.369493,0.836438,2.04356,2.60445,2.83617,2.04029,-0.31767,-1.67083,-1.47202,-1.25051,-1.0293,-0.556368,-0.000313777,0.470557,0.955022,1.41579,1.79114,2.07058,2.24378,2.3104,2.20429,1.87458,1.46722,1.21201,1.24846,1.49088,1.61648,1.42163
1.17846,0.302623,0.645736,0.211845,-0.120489,0.594474,1.18114,0.797258,1.13735,1.73448,2.20555,3.93679,2.95874,0.406778,-0.18357,-0.267669,-0.545584,1.4093,2.53016,2.89065,3.36806,2.57022,3.09787,3.34146,1.46889,0.196869,2.45916,4.52618,4.58683,2.66428,1.09562,1.14161,0.366641,-0.7436,-1.52051,-1.45635,-0.74336,0.262665,1.48145,2.42188,2.79178,2.25846,0.198654,-1.30712,-1.32608,-1.0719,-0.994021,-0.679254,-0.113087,0.489047,1.0774,1.48348,1.81486,2.09888,2.33985,2.46949,2.33827,1.88796,1.30582,0.86166,0.737597,0.810539,0.801309,0.667982,0.577091
3.01314,2.02854,0.784222,0.44225,0.291694,1.13125,1.38641,1.34481,1.09011,1.16851,2.07534,3.61971,2.22536,0.995311,-0.196215,-1.64399,-1.6958,0.803287,2.09124,2.17921,2.884,2.37341,2.47931,3.37537,2.28545,0.769069,1.58184,4.04485,4.59592,2.31536,0.444018,0.112732,-0.844963,-1.60973,-1.57786,-0.937128,-0.0369733,1.01315,1.95286,2.38119,2.18223,0.866474,-0.563082,-1.0117,-0.822818,-0.67407,-0.4953,-0.134922,0.40213,1.0518,1.59271,1.9863,2.23395,2.40129,2.51649,2.46503,2.06622,1.31398,0.536958,0.142874,0.0905499,0.0680627,0.0430392,0.152101,0.462635
3.64119,2.78549,1.15276,0.910176,0.593933,1.09267,1.42141,1.66345,0.699682,-0.401766,1.32992,3.39465,2.04088,0.255248,-2.01815,-1.87931,-0.397699,2.10545,3.2711,2.77018,2.47789,1.72705,2.27342,3.05303,2.82458,1.73871,2.22025,3.80279,3.86705,1.03174,-0.249395,-0.991453,-1.73755,-1.76135,-1.16413,-0.337447,0.581567,1.54494,2.12548,2.03679,1.64169,0.915098,0.238621,-0.121406,-0.367489,-0.31118,0.0375474,0.490726,1.02853,1.61012,2.09816,2.41068,2.57106,2.62493,2.56059,2.27519,1.57276,0.494167,-0.348806,-0.581701,-0.493847,-0.329088,-0.146015,0.123542,0.52839
