uploads/wind/20200722/wind_field_05.json
{"header": {"parameterUnit": "m.s-1", "parameterNumber": 3, "dx":  0.051, "dy": 0.036, "parameterNumberName": "northward_wind", "la1": 45.3082, "parameterCategory": 2,"nx": 177, "ny": 123, "refTime": "2018-10-03 01:00:00", "lo1":1.38177}, "data":
[rows 28 to 55 of 123, columns 0 to 62 of 177]
-0.667621,-1.22897,-1.90284,-1.89546,-2.52003,-2.0477,-2.43759,-2.20477,-0.872587,1.90577,2.07714,0.00799223,0.372905,1.68305,1.90524,2.12699,2.74624,3.00289,2.32096,1.13481,0.597477,0.055738,-1.22127,-0.691553,-0.127399,-1.20579,-0.809787,0.669731,1.11379,1.19042,0.693032,-0.546987,-0.125241,0.587369,0.936312,1.11469,1.26481,1.25969,1.07264,0.72993,0.308825,-0.0272806,-0.09678,0.108142,0.495342,0.90879,1.16475,1.14862,1.09183,1.22885,1.45635,1.6443,1.77309,1.85858,1.89874,1.9082,1.914,1.92324,1.92256,1.89904,1.92899,2.12911,2.52177
-1.51206,-2.80722,-2.82575,-3.01027,-2.90339,-2.36665,-2.75524,-2.47221,-2.24172,0.202282,0.228175,-1.1442,-0.589724,1.41111,1.45199,0.15617,-0.000301079,1.76507,1.56688,0.718922,0.0375139,-0.509465,-0.103919,0.54279,0.22972,-0.0465124,0.323263,-0.0797454,-0.27473,-0.129297,0.349804,0.238062,1.13765,1.63623,1.87347,2.01418,2.23614,2.38295,2.3844,2.1314,1.64563,1.18049,0.948088,0.984925,1.2417,1.52882,1.64343,1.63807,1.71944,1.90277,2.051,2.1151,2.12091,2.09735,2.0526,2.01561,2.02368,2.03517,2.02383,1.99573,1.99811,2.08822,2.37318
-3.28298,-3.59211,-3.57838,-3.69343,-3.45876,-2.83267,-2.40557,-2.33696,-2.54481,-0.727089,-0.248324,-0.734803,-0.524137,0.438304,-0.335509,-1.08727,-3.27713,-3.00979,-1.30531,0.461546,-1.18058,-3.07504,-2.735,-1.77416,-0.306365,1.21304,1.16504,0.0661459,-1.10847,-1.44118,-0.374072,-0.316645,0.38777,1.77006,2.85562,3.31204,3.54313,3.58046,3.55704,3.42929,3.21083,2.95429,2.74411,2.68509,2.76158,2.86482,2.92402,2.92794,2.8991,2.83987,2.69625,2.53884,2.41901,2.31077,2.19966,2.12981,2.10318,2.08008,2.05449,2.06157,2.09765,2.16714,2.32539
-5.35172,-4.26605,-4.53399,-4.36204,-4.52951,-3.72834,-2.89702,-2.8178,-2.62097,-1.46478,-0.452471,-0.531464,-0.48001,-0.275648,-1.14778,-1.63414,-1.24959,-1.35946,0.355796,-0.342894,-2.74461,-3.19723,-2.94836,-2.71922,-1.21671,0.0914462,0.37502,-0.876926,-1.24745,-1.27088,-1.09907,-1.45209,-1.9681,-0.861591,0.773468,1.65291,2.33597,2.77067,2.98212,3.15247,3.42354,3.73934,4.01628,4.17524,4.17936,4.06585,3.84471,3.55423,3.31174,3.10494,2.86495,2.6507,2.49763,2.39338,2.30828,2.27848,2.2652,2.23149,2.19959,2.22639,2.2655,2.30375,2.36152
-6.35412,-5.16821,-4.47154,-4.61173,-4.97509,-4.28231,-3.45881,-3.22885,-2.63078,-1.68545,-0.423173,-0.172546,-0.946956,-1.86805,-2.65503,-2.07588,1.39734,2.40426,0.516013,-2.62009,-1.29637,1.67244,0.962762,-0.413969,-0.435878,-1.26533,-1.17006,-1.62452,-1.75485,-1.32107,-0.514762,-1.14689,-2.00388,-2.8756,-2.62296,-2.24202,-1.30016,0.0394434,1.05947,1.77057,2.54567,3.33251,3.88417,4.06755,3.89148,3.42617,2.84284,2.44926,2.35004,2.38482,2.39322,2.37155,2.32792,2.32327,2.3424,2.37295,2.45261,2.52335,2.53258,2.53656,2.53943,2.51133,2.43745
-6.06681,-4.74215,-4.71473,-4.43458,-4.19033,-3.80439,-3.25653,-2.61808,-2.47774,-2.34426,-2.17013,-1.76783,-2.23386,-2.80516,-3.64347,-2.14691,1.70601,2.20272,-0.429047,-1.88803,0.061091,2.60002,2.63243,1.15909,-0.183355,-1.24047,-1.34391,-1.28044,-1.05851,-1.00348,-0.353353,-0.856392,-1.82818,-2.52919,-2.75235,-2.81078,-2.50998,-1.63061,-0.422072,0.709993,1.48082,1.7917,1.82689,1.72159,1.54199,1.31905,1.21501,1.31775,1.57795,1.8684,2.08278,2.25944,2.39655,2.51216,2.609,2.60781,2.64625,2.81501,2.94866,2.9532,2.87126,2.72747,2.50127
-4.39003,-3.60598,-3.69784,-3.71357,-3.6907,-3.77438,-3.6027,-3.45793,-3.40055,-3.22562,-2.68576,-1.98001,-1.49945,-1.04261,-1.09541,-0.64094,0.343708,1.69429,2.36478,2.42137,1.62924,1.31348,1.41404,0.616204,-0.440234,-0.879014,-0.775905,-0.349448,-0.100557,-0.0384546,-0.335445,-0.958555,-1.64864,-1.94514,-1.7355,-1.48353,-1.41266,-1.04633,-0.210095,0.326308,0.158627,-0.137081,-0.283132,-0.164569,0.189627,0.644967,1.13868,1.55068,1.89062,2.20278,2.44486,2.68484,2.91754,3.06421,3.164,3.10634,2.97433,3.00558,3.15915,3.18354,3.01184,2.7248,2.36659
-2.18558,-2.61402,-2.82243,-3.01377,-3.15281,-3.50074,-3.8478,-3.77902,-3.24969,-2.13801,0.0893236,-0.114218,0.234581,1.98722,2.5394,1.60923,0.833254,1.14242,2.01407,2.50313,1.24466,-0.937392,-0.820014,-1.48719,-0.923426,-0.55883,-0.488173,-0.00851167,0.692622,0.805112,0.590035,-0.0557708,-1.17301,-1.51896,-1.31375,-0.95736,-0.628266,-0.16179,0.235086,-0.00653741,-0.31922,-0.154526,0.124643,0.586594,1.18298,1.72834,2.15732,2.48161,2.71774,2.92806,3.08594,3.25317,3.41947,3.44103,3.40078,3.39642,3.28101,3.09862,3.05044,2.97989,2.72691,2.35759,2.00965
-0.76035,-2.19005,-2.5371,-2.62465,-3.04565,-2.53637,-1.85089,-1.60918,-1.2699,-1.6533,-0.743839,-1.82151,-1.77496,0.900982,2.31365,0.967538,-0.515999,-1.16241,-0.342088,0.390197,-0.767527,-3.40428,-3.34881,-2.86628,-1.31524,-0.430533,-0.265991,-0.0558403,1.10701,2.14347,1.95917,0.813404,-0.712565,-1.84467,-1.00941,-0.956096,-1.24466,-1.12433,-0.718126,-0.460888,0.233679,0.985748,1.52214,1.98284,2.40211,2.77778,3.09667,3.35323,3.51025,3.61342,3.62993,3.55714,3.41366,3.17237,2.95148,3.01919,3.14296,3.00722,2.73088,2.45526,2.15287,1.90922,1.82108
-0.4976,-1.86928,-2.22451,-2.50003,-3.0017,-3.08673,-2.79885,-2.80453,-3.47255,-4.42574,-4.66008,-4.31139,-4.43894,-4.69095,-3.48653,-2.83207,-3.10757,-3.01637,-2.80927,-2.8591,-3.74074,-3.82337,-1.87537,-0.841239,-0.729754,-0.981909,-0.253322,0.978038,2.12529,2.812,1.43611,-0.356928,-1.04069,-0.966818,-0.0218765,-0.560696,-1.49052,-1.97634,-1.79051,-0.679767,1.04193,1.87707,2.33098,2.66828,3.01234,3.3104,3.51342,3.67706,3.83135,3.87768,3.67643,3.28468,2.83984,2.49925,2.30652,2.32378,2.51825,2.56076,2.28718,1.98705,1.82239,1.86301,2.0604
-0.456493,-1.08926,-1.92206,-2.11994,-2.79243,-3.36996,-3.97433,-4.66133,-4.66646,-4.42374,-4.18265,-3.56048,-3.13136,-3.69522,-2.48727,-2.88009,-4.06813,-4.17357,-4.62154,-4.50345,-4.27289,-1.75538,0.123565,1.2391,0.838422,-0.161902,0.640261,0.900064,1.33375,1.40937,-0.0240148,-0.807769,0.311592,1.936,1.69953,1.18063,0.175737,-0.676941,-1.59856,-0.998424,1.06414,2.29703,2.65704,2.94131,3.24971,3.40899,3.43037,3.44549,3.43847,3.21246,2.81449,2.46574,2.24109,2.16411,2.12262,2.01603,1.99513,2.04565,1.97704,1.92938,1.994,2.17435,2.40564
-1.10833,-2.24096,-2.58629,-2.6438,-3.15669,-2.00796,-1.02926,-1.75641,-3.01611,-4.2347,-5.17747,-4.53309,-3.01741,-1.52807,-1.27406,-3.21446,-4.4313,-3.86655,-2.84258,-1.65828,-2.01182,-2.77356,-2.27147,-0.869732,1.76876,1.7888,2.36961,3.02067,2.66093,1.13702,-0.199995,0.989715,1.86282,2.46986,2.06801,2.34961,2.32277,1.61709,0.213502,-0.672611,0.421753,2.14656,2.88488,3.19433,3.23614,3.21486,3.2103,3.07867,2.69982,2.26077,2.03312,2.05821,2.22141,2.40149,2.44015,2.24281,1.99807,1.93322,2.03213,2.20804,2.33991,2.40603,2.45451
-4.01726,-4.01508,-4.22296,-4.45001,-4.52304,-2.39564,0.784126,1.72708,0.689952,-2.19154,-5.01397,-5.79219,-4.77995,-3.82644,-3.82982,-4.03044,-3.05455,-0.977833,1.46351,2.39843,0.306297,-3.35066,-4.80252,-5.34646,-3.93917,-2.33066,-1.13164,-0.115131,1.12502,-0.363816,-1.65607,0.648215,1.42058,2.02723,2.0437,2.30806,2.69149,2.46153,1.78344,0.642506,0.344745,1.70092,2.97432,3.15835,3.05046,3.15144,3.1843,2.88978,2.4339,2.24864,2.33286,2.4712,2.60865,2.73781,2.75339,2.55675,2.27553,2.1305,2.2189,2.39575,2.44513,2.3423,2.21696
-5.94461,-5.23674,-5.15361,-4.84264,-4.87007,-4.10273,-1.41135,2.13352,3.66113,3.58311,1.14584,-1.00094,-1.99849,-2.49322,-2.79723,-3.06799,-3.2157,-2.12813,-0.917251,0.897962,2.3179,0.843489,-2.92029,-4.78584,-5.48246,-6.0942,-7.56639,-8.41798,-6.84996,-5.77612,-4.35675,-0.749248,0.776108,0.495463,1.45373,1.75874,2.04957,2.23341,2.14698,1.81325,1.22167,1.61448,2.57242,2.78258,3.01645,3.22898,3.11696,2.85126,2.73154,2.80871,2.84683,2.81758,2.80742,2.81285,2.76244,2.61107,2.39368,2.21272,2.17997,2.20532,2.17119,2.08648,2.01475
-5.96557,-4.86475,-4.71444,-4.90268,-4.35915,-4.19316,-2.0577,0.415271,1.7736,4.22032,5.0845,3.96862,2.27435,2.27599,1.71002,0.731884,-1.8033,-4.21466,-4.09406,-2.35765,0.652718,2.92379,3.00019,2.99349,1.46926,-3.38884,-7.17037,-8.97534,-8.09917,-6.62217,-4.94882,-2.74304,-2.25085,-2.19183,-0.18029,0.0363554,0.720486,1.50829,2.15306,2.47045,2.37684,2.19382,2.22048,2.64824,3.12637,3.09876,2.90602,2.85909,2.88975,2.81467,2.66436,2.60891,2.62584,2.58447,2.47504,2.34845,2.20331,2.06637,1.96503,1.88274,1.88859,1.98816,2.10503
-3.25421,-2.74548,-3.22409,-3.78596,-3.67099,-3.84856,-3.91312,-3.08154,-1.02338,0.712646,4.90428,7.1003,7.31135,6.15081,5.7151,5.60394,3.72815,1.21448,-0.154282,-0.297437,-0.102073,0.683473,2.59027,3.09977,2.75197,1.63751,0.757839,1.28667,-0.576942,-2.28022,-3.2536,-4.54459,-4.59434,-4.49699,-1.94295,-2.39891,-1.32703,-0.30884,1.60923,2.70405,3.19637,2.99274,2.49535,2.85077,3.12126,2.9387,2.80642,2.70417,2.47784,2.21094,2.11307,2.18263,2.2089,2.11942,2.04164,2.02736,2.02245,2.00501,1.95853,1.94592,2.08339,2.30743,2.50794
-0.707483,0.186325,-0.61463,-1.59745,-2.53867,-2.95895,-4.16688,-4.69629,-3.62366,-1.50744,1.17014,3.78216,5.83716,6.37019,6.31563,6.446,5.9898,4.94087,4.22122,2.72406,1.55865,0.393617,-0.811886,-0.851351,-0.381097,1.82599,3.14729,3.73954,2.61674,0.549911,-1.2654,-2.26207,-3.6755,-3.80034,-2.78451,-3.70557,-3.83212,-3.34133,-0.0926663,2.57631,3.62448,3.55371,2.97272,2.93335,2.98524,2.84384,2.59901,2.22851,1.86968,1.75034,1.84161,1.94661,1.92309,1.86875,1.93331,2.07283,2.1871,2.26433,2.3282,2.45499,2.66282,2.85542,2.98792
1.87847,2.48839,1.43422,0.887936,0.99002,0.333829,-0.05746,-1.20197,-1.77701,-0.804556,0.590158,0.164158,0.658278,1.56439,2.09983,3.23826,5.56534,6.82889,5.60927,3.60127,2.38038,1.64091,1.38019,1.3185,1.07047,0.204868,-0.292128,-0.434044,0.588149,1.00319,0.207458,-0.446409,-2.29953,-2.91076,-3.20064,-4.24728,-5.48313,-5.2923,-2.66727,1.98368,3.89654,3.83862,3.21876,2.89377,2.81243,2.60429,2.24468,1.90559,1.78589,1.89559,2.04559,2.12598,2.13488,2.17463,2.30216,2.45582,2.57994,2.69764,2.83958,3.01111,3.14151,3.17447,3.12775
4.37022,4.13961,4.30215,3.71008,3.87413,3.58622,3.90037,2.95625,1.55114,1.77798,2.1673,0.201947,-3.63119,-4.64025,-3.33824,-1.33687,2.16968,4.35827,4.3903,3.58193,3.3253,2.4601,2.25128,2.38947,2.28622,1.34983,-0.284104,-0.95514,-0.759455,-0.461165,-1.39947,-1.72004,-3.01896,-4.23662,-4.67243,-5.90128,-6.37964,-5.9579,-4.17711,1.22549,3.95991,3.96971,3.37744,3.0902,2.79543,2.48657,2.18053,2.07322,2.18924,2.38066,2.51232,2.59334,2.66132,2.72323,2.78342,2.84449,2.92263,3.0313,3.14154,3.19497,3.15643,3.04156,2.9034
4.97693,6.58773,5.59799,6.08278,5.1781,4.54347,5.23403,5.25768,3.71012,2.16889,1.53522,0.561142,-2.66329,-2.75145,-1.57843,-0.998974,-0.708829,-0.179128,0.974304,2.59131,3.66813,3.65805,3.01679,1.93475,1.29444,1.89978,1.17625,1.11279,0.754745,-1.24137,-3.19346,-4.03658,-4.17582,-5.17661,-6.01141,-7.2183,-7.74721,-6.55795,-3.63864,1.08632,3.82573,3.84376,3.53059,3.35974,3.03862,2.79674,2.55382,2.47773,2.58826,2.77383,2.90877,3.00382,3.06499,3.06552,3.02275,2.99982,3.03745,3.08814,3.06375,2.94833,2.81181,2.69861,2.63065
5.24429,5.83218,6.07431,6.16695,6.67377,7.13198,7.16757,7.05753,6.19036,4.291,2.94949,3.56847,3.8669,3.63375,1.5011,-1.27729,-2.43528,-2.85385,-1.81846,0.38968,2.17629,1.75826,2.08301,1.95425,1.52134,1.32471,0.964765,1.03441,0.562399,-1.03254,-3.33836,-3.87347,-3.93819,-5.28196,-6.55559,-7.4981,-8.09252,-5.67432,-2.05543,1.50601,3.40348,3.45681,3.24855,3.20182,3.17479,3.2196,3.24007,3.19276,3.11276,3.12832,3.17848,3.18328,3.11238,3.00912,2.921,2.90488,2.92486,2.87494,2.72049,2.51765,2.32561,2.16117,2.07646
5.14465,5.27937,4.85072,5.10274,5.48758,4.77087,5.46664,6.02274,6.25245,6.09052,4.31232,4.64534,5.44653,3.93921,0.734412,-1.85609,-2.3186,-2.12569,-2.5621,-2.18489,-1.86839,-0.5246,-0.312677,-0.834827,0.70387,0.66382,0.842819,0.758603,0.425649,-0.324329,-2.69961,-3.33551,-3.55721,-5.50312,-6.61124,-7.26347,-7.09659,-4.65275,-0.998192,1.77683,2.80682,2.69848,2.64432,2.675,2.93168,3.2955,3.71255,3.97159,3.89437,3.67226,3.42343,3.14472,2.89995,2.75962,2.71683,2.70842,2.63389,2.4507,2.20496,1.91596,1.57638,1.24987,1.07042
4.51266,4.1669,3.67271,2.80739,1.59299,0.430548,-0.140842,1.54216,4.40656,3.8511,2.63298,3.09796,3.15306,2.19578,-0.40666,-1.35481,-1.51858,-1.97717,-2.20822,-2.90721,-3.28253,-2.29069,-2.11985,-1.22396,-0.314266,0.447577,0.63268,1.05547,0.895405,-0.780349,-3.17462,-4.0517,-3.88318,-5.67616,-6.48865,-6.47219,-5.68766,-3.78911,-0.577415,2.03832,2.87847,2.17317,2.17433,2.23202,2.5271,2.96755,3.48694,3.96233,4.09444,3.84146,3.40933,3.00459,2.78369,2.7126,2.6611,2.51938,2.3011,2.04293,1.73647,1.34855,0.897537,0.498614,0.275978
4.39827,3.70059,2.59108,2.0734,1.45868,0.389719,0.431328,1.86312,2.80392,2.03585,0.936229,2.06671,2.82524,2.55188,0.86593,-0.451798,-1.07073,-1.96073,-2.29889,-1.86452,-1.58268,-2.08536,-1.10217,-0.305304,-1.045,-0.429618,0.906353,0.185105,-0.260248,-2.0467,-3.94289,-4.70933,-4.62586,-5.65766,-6.08817,-5.83443,-4.59303,-2.91451,0.0497321,2.18796,3.1978,2.76818,1.73732,2.07242,2.21399,2.50318,2.80278,3.12798,3.34573,3.31344,3.13173,3.00027,2.96664,2.89387,2.70271,2.45462,2.23401,2.01455,1.73227,1.37669,0.994129,0.647422,0.40095
3.19418,2.92887,2.50335,2.22452,2.39471,1.81543,2.19097,2.32036,1.97972,0.53113,-0.252686,1.1954,2.30316,1.75589,0.316462,-1.01898,-1.77122,-2.38722,-2.64168,-2.63973,-2.36887,-2.42864,-1.46008,-1.25154,-2.22759,-1.44955,1.39735,1.34457,-0.260093,-3.16857,-4.99106,-5.32849,-5.31142,-5.21986,-5.2854,-5.215,-4.01858,-2.61952,0.46335,1.76567,2.66344,2.80269,1.58153,2.01014,1.9917,2.08816,2.12018,2.21987,2.44095,2.67949,2.85699,2.98369,2.99731,2.84692,2.62471,2.47654,2.39359,2.28725,2.12544,1.93028,1.71125,1.47576,1.24324
2.15985,2.30644,2.58123,2.84645,2.93263,2.53919,2.07396,1.3032,0.491791,-0.393311,-0.695277,0.216545,1.90814,-0.439091,-2.18027,-3.13807,-4.05956,-4.59322,-4.31719,-4.25929,-4.15077,-4.7827,-4.7249,-3.6662,-3.74099,-5.91688,-4.36214,-1.09078,-2.31354,-2.56053,-5.35951,-5.63854,-5.10365,-4.65457,-4.64761,-4.35473,-3.61486,-2.51763,-0.045544,0.930035,1.57672,2.03742,1.69646,1.79781,1.5984,1.41325,1.18756,1.13261,1.38284,1.85897,2.19599,2.40447,2.4582,2.42429,2.40792,2.4487,2.48571,2.48875,2.46167,2.42655,2.36823,2.28418,2.1534
1.81028,1.99448,2.50405,2.56348,2.89698,2.56391,1.77986,1.26957,0.473794,0.14239,0.242903,0.154312,1.85233,1.387,0.0965529,-1.37881,-2.63657,-3.13597,-3.40939,-3.75099,-4.05726,-4.43545,-4.57948,-4.58437,-4.31136,-6.04228,-6.72189,-5.54031,-4.95033,-4.73164,-4.38306,-4.62125,-4.33057,-4.19499,-4.07806,-3.77706,-3.54859,-2.58856,-1.16115,0.0243493,0.894916,1.54892,1.62918,1.46594,1.04429,0.718004,0.437938,0.283095,0.308131,0.560066,0.940738,1.4625,1.80741,2.03355,2.22066,2.35929,2.44397,2.50048,2.54492,2.57259,2.5803,2.5842,2.54839
1.59921,1.98206,2.36111,2.8047,2.78364,2.77345,2.34765,1.87639,1.28554,1.07958,1.05721,0.434909,0.744357,2.54876,2.18518,0.4729,-0.181817,-0.314914,-0.416039,-1.60474,-3.06797,-3.17959,-3.13942,-3.15705,-1.32717,-3.17381,-3.77578,-4.90453,-4.86689,-3.94564,-3.4647,-3.67014,-3.77669,-3.67211,-3.58732,-3.49824,-3.56038,-2.86851,-1.85413,-0.407477,0.526527,1.20225,1.4351,1.30415,0.977863,0.586004,0.335552,0.164852,0.1062,0.2393,0.558458,0.97994,1.58781,1.9587,2.17253,2.30014,2.38874,2.45185,2.47296,2.42366,2.31661,2.19891,2.09412
