uploads/wind/20200722/wind_field_23.json
{"header": {"parameterUnit": "m.s-1", "parameterNumber": 3, "dx":  0.051, "dy": 0.036, "parameterNumberName": "northward_wind", "la1": 45.3082, "parameterCategory": 2,"nx": 177, "ny": 123, "refTime": "2018-10-03 01:00:00", "lo1":1.38177}, "data":
[rows 87 to 115 of 123, columns 64 to 127 of 177]
2.04471,1.66164,2.13848,2.41336,1.47027,0.627672,-0.838961,-1.59673,-2.8116,-3.18427,-3.91312,-3.96427,-3.49944,-2.1927,-2.13806,-3.59085,-3.89106,-2.75252,-1.14448,0.145615,1.84743,2.78586,1.41251,-0.203194,-1.15399,-2.03122,-2.09703,-2.69416,-3.42403,-3.1465,-2.24771,0.155326,2.29775,2.61654,-0.843923,-5.20584,-4.72544,-2.50075,-1.50934,-2.30326,-2.17811,-2.46134,-3.90623,-4.13118,-4.24045,-4.49832,-3.62133,-3.99236,-4.45256,-5.10421,-5.49158,-4.42932,-0.288259,2.30959,1.23507,-0.122449,-0.794064,-4.12577,-4.37384,-2.83228,-3.42649,-4.77417,-5.17401,-3.68078
2.09617,1.19387,1.20406,1.45895,0.667183,1.34146,0.89469,0.238536,-0.0781337,-1.16005,-1.87559,-1.14637,0.563945,0.721083,-1.55392,-1.1994,0.644585,2.15385,2.01362,2.27979,2.41424,2.45617,1.80966,0.924909,-0.336601,-2.78509,-1.98384,-2.30635,-3.40243,-3.64795,-3.98631,-3.68006,-1.86479,1.81353,1.99507,-0.92909,-4.40548,-3.94674,-0.652747,-1.91324,-4.6099,-7.04457,-6.59928,-1.78478,1.55004,0.467124,-3.37641,-5.48656,-4.45794,-2.18704,-0.558191,0.517704,2.90176,5.35987,4.36096,2.55308,1.65093,0.517209,0.720447,-1.56028,-3.63791,-3.56625,-3.76768,-3.41592
2.91044,2.49653,1.92184,1.29414,-0.178373,0.994268,1.94616,1.53444,1.03094,2.23575,3.45617,3.54059,2.34183,-1.27284,-0.963716,1.32165,2.453,2.31631,2.77068,1.37056,-2.84713,-2.62884,-1.63426,-0.00400979,-0.38791,-3.18129,-3.23825,-2.98855,-3.88384,-4.36624,-4.88912,-5.27456,-4.98076,-3.15191,-0.287864,-0.0535103,-3.712,-4.00017,-2.29864,-4.34091,-5.93684,-5.94079,-4.69593,1.15698,3.56696,-1.50125,-4.94966,-4.80995,-1.7057,-0.357328,2.01303,3.5396,4.12411,5.13895,5.5823,4.54829,4.07528,3.76572,4.88378,2.85653,2.56982,2.17176,1.83283,-0.274696
2.84541,2.93237,2.21092,1.04211,-0.180038,-0.503956,0.369466,1.00531,0.299314,0.598719,2.25028,2.46491,0.522217,-2.09293,0.195151,1.25557,-0.689106,-0.467793,0.778612,1.8664,0.205956,-0.247472,-0.681779,-1.0868,-0.336655,0.062091,-1.57821,-2.43746,-2.98879,-3.89723,-4.22707,-3.49446,-3.49341,-3.27457,-3.79168,-3.75854,-3.87249,-3.38144,-3.89677,-4.55363,-4.7155,-3.42306,-1.40427,0.554665,-3.00531,-5.2464,-3.38967,-0.000843586,1.62375,2.0242,1.39255,2.43721,3.80076,4.62564,5.03359,4.28061,3.44732,4.15991,6.11366,6.57136,5.88813,5.51594,5.56601,4.68297
0.853142,0.912669,0.582003,0.147477,-0.222722,-0.754221,-0.930782,-0.0324494,-0.812721,-2.60381,-2.63,-0.706354,1.82449,0.991613,-0.842824,-2.10827,-2.78138,-2.6023,0.0247769,1.34393,2.6847,2.38074,0.889072,-1.82776,-1.31718,1.39031,2.20319,1.91673,0.422116,-1.8712,-3.64218,-3.7974,-2.2773,-2.49066,-3.85059,-4.57581,-3.88285,-3.4283,-2.24131,-1.73139,-2.09332,-2.34373,-2.71576,-4.62028,-5.78011,-2.47238,1.07899,3.51164,5.63397,6.40337,5.27644,3.64992,2.85697,3.84902,5.38948,5.0706,4.96042,5.76059,5.62199,6.29769,6.7445,5.25914,4.68972,5.15849
0.265953,-0.568957,-1.97594,-1.19229,-0.472292,-0.884602,-1.93891,-1.19605,-0.244768,-0.502869,-0.614363,0.280853,1.40499,0.88155,-0.45464,0.0375674,0.571079,-0.316447,-0.755711,0.206888,1.32282,0.928646,-0.534953,-1.45761,-0.965686,-0.509282,0.578897,1.52873,1.64314,1.30815,-0.778582,-1.50982,-0.552407,-1.85811,-1.95593,-1.61801,-1.7971,-0.825402,2.27936,1.62972,-0.479488,-3.02565,-5.33083,-6.54162,-3.16604,0.683969,0.761388,-0.89568,0.405008,3.29925,2.74553,0.417477,0.210734,1.62807,2.62117,3.43683,5.26131,5.52564,4.88123,4.44292,4.53055,4.55698,4.46009,4.41381
0.246297,0.26546,-0.950254,-0.747231,-0.0500697,0.150138,-0.683129,-1.68451,-0.384176,1.50746,2.50575,-0.446143,-2.07707,-0.68752,2.29643,2.7135,2.68279,2.01253,-1.76835,-2.26584,-1.41962,-1.41831,-1.81848,-1.33234,0.104177,-1.00142,-2.54087,-2.77522,-1.16338,1.99978,2.65525,2.88483,-0.197214,-1.23255,2.01823,4.05566,4.21976,3.27772,3.84423,3.88931,2.33601,-0.886736,-4.2146,-4.2519,-1.45881,-1.28216,-4.76022,-6.60887,-6.51543,-5.60558,-4.88043,-4.20271,-2.88753,-0.621223,0.477141,1.27487,3.0936,3.54273,3.85991,3.62192,3.50566,3.99293,4.54446,4.60919
0.0644157,1.35209,0.944065,0.0355854,-0.461484,0.531533,-0.167777,-2.12701,-1.78401,-0.033161,1.8961,-0.0532737,-0.234402,-0.709299,-2.23968,-2.93171,-2.48027,-0.90921,-1.98154,-1.65392,-2.08567,-3.00386,-3.81947,-3.75773,-2.36378,-0.724509,-0.215362,-1.80436,-0.364707,3.25808,3.89975,2.95214,-0.195516,1.06272,3.62308,2.89854,1.4916,-1.02742,-1.85424,1.71322,2.9103,2.28955,0.772412,-0.615042,-2.54054,-4.01917,-4.51152,-4.35784,-4.24852,-3.11567,-0.931395,1.04588,1.07115,0.935878,1.36632,1.81225,2.13415,2.4268,3.18526,3.31028,3.25299,3.53681,3.70184,3.40319
-0.352361,0.0197324,-0.959264,-1.77884,-2.45482,-1.34658,-0.961479,-1.75882,-1.29303,-1.9552,-2.16117,-2.07767,0.0816322,0.260427,-2.15363,-2.7167,-3.36327,-3.4186,-3.02627,-0.920294,-0.0736757,-0.769182,-2.06903,-3.13759,-3.5795,-1.46645,1.80772,2.88994,3.34452,2.6953,2.36169,2.62459,2.8273,2.73645,-0.211538,-3.18462,-4.31865,-4.61084,-3.53878,-2.90391,-1.43857,2.21983,2.05629,-0.512318,-1.27198,0.516549,2.66075,3.17572,2.88664,3.00228,3.89082,3.44214,2.94731,2.35226,2.22054,2.33216,1.53233,2.23725,2.56316,2.81713,2.8787,2.46128,2.87688,1.45338
0.299559,0.184142,-0.926296,-0.958185,-1.2313,-1.39151,-0.54702,0.638055,0.17185,-2.69401,-3.75574,-3.79857,-3.08971,0.339664,0.878224,-0.277263,-1.60801,-2.34596,-2.91311,-1.87341,0.0493608,1.12934,0.746997,-0.705031,-3.61218,-2.96312,-0.693054,2.49595,1.9025,-2.3641,-2.48659,1.19364,2.65106,0.941562,-1.23124,-0.904573,-0.643148,-0.636415,-0.675462,-1.40177,-2.17175,-1.63321,-2.04186,-1.81503,0.42091,2.08797,4.87689,6.06539,5.16078,3.23706,0.916048,-1.42749,-2.2702,-1.7027,-0.0529933,1.84963,2.11367,2.55722,2.53822,2.37271,1.77217,0.891444,1.36703,1.41138
0.933256,2.20569,2.126,1.88102,2.07906,0.990851,1.94192,2.76035,1.74747,-0.346281,0.0999734,0.412116,-2.19803,-3.11673,-3.4768,-3.06307,-1.17563,0.686448,-0.296861,-1.57391,-1.07106,0.729814,1.85069,1.17306,-0.897772,-0.589663,-0.868203,-0.197135,0.50566,0.270112,-0.17313,-0.309988,0.110461,2.86322,5.04673,4.79103,4.09051,3.30751,2.1326,0.322208,-1.79854,-0.971778,-1.35732,-1.62159,-2.39772,-3.95137,-3.34716,-1.29908,-1.3211,-3.05309,-3.86084,-3.86283,-3.23902,-2.21728,-0.988389,0.865392,2.0246,2.01182,2.03911,2.37104,2.35182,1.72498,2.24967,2.56801
-0.878888,1.42729,3.04155,3.49584,3.68126,3.48655,1.97644,0.966035,1.85635,2.05889,1.26546,2.38534,-0.413248,-3.18157,-2.61327,0.291314,1.95296,0.222847,-1.61062,-2.33371,-3.13051,-1.78911,0.016646,2.18169,2.71949,0.171444,-0.795798,0.667928,0.604561,1.48086,0.481064,-2.96038,-3.76364,-0.917703,1.25677,3.2218,3.13679,3.11497,3.37716,-0.584136,-4.23409,-1.73408,1.61144,0.1113,-2.68237,-3.60332,-4.24013,-3.87303,-3.0766,-2.29353,-1.55324,0.282548,1.4159,0.801427,0.212051,0.244729,1.0109,1.40722,1.60588,2.14818,2.53953,2.93373,2.93139,2.70266
-1.57467,-1.15107,1.19579,1.96025,1.88341,2.28176,1.28974,1.31581,1.15066,-0.557554,-1.53073,0.0731014,-0.575196,-0.263012,0.822079,2.65867,1.13151,-2.05668,-3.77936,-3.74269,-4.15515,-4.43222,-3.8814,-2.79029,-2.71575,-4.84711,-5.52175,-4.02231,-4.11003,-3.88471,-4.48138,-5.62961,-6.00781,-5.64914,-5.21717,-1.75785,1.49134,1.7132,1.91487,0.0882673,-2.72771,-1.76985,3.14827,1.97611,0.100418,0.247966,-0.59194,-3.07853,-3.83931,-3.08157,-1.77489,2.38847,3.34916,2.54795,1.40892,0.962774,1.27535,1.85876,1.88535,2.22174,2.59811,2.98913,2.8545,1.258
-0.120383,-0.595782,-0.466664,-0.860084,-0.0341427,1.79298,2.52188,2.45628,-0.555392,-2.20859,-1.83711,0.441877,1.34236,1.92944,2.43869,0.87177,-1.34164,-1.46502,-2.16664,-3.23662,-3.66639,-4.41014,-5.06446,-5.65453,-5.76308,-5.44027,-5.39763,-4.28153,-3.57719,-2.91433,-4.16257,-4.10266,-4.2368,-4.45471,-3.71588,-2.44065,-0.398362,4.20809,4.32683,2.93836,2.69094,2.05203,2.63467,2.45589,0.774962,-0.545545,-3.36246,-6.14764,-5.99646,-5.18099,-3.40353,0.222826,2.78556,3.92359,3.19809,2.42922,2.27271,2.50234,2.25914,2.39923,2.54058,2.47563,2.64624,2.04664
-0.42391,0.074603,0.0449659,-2.55473,-2.73893,-0.320455,1.29901,1.461,0.940438,2.20209,2.7444,1.86643,1.22184,2.53163,2.27674,0.98186,0.218629,-0.107244,-1.61726,-2.49164,-2.70336,-3.27764,-3.38638,-1.40862,-0.816201,-1.62722,-1.07857,-0.744911,-1.25557,-0.553993,2.12993,1.84959,0.00998796,-2.63882,-3.52295,-4.28471,-3.55103,2.32517,4.47021,4.14468,4.82867,4.85279,2.71298,2.71568,0.931225,-3.3476,-5.55681,-4.45717,-2.12645,0.672325,2.34389,2.71109,3.25732,4.17631,4.0879,3.74581,3.05857,2.88859,2.65245,2.16094,1.25779,0.912086,2.3927,2.97642
-1.22247,-0.791167,-0.406012,-2.70571,-3.18473,-1.58753,-0.0141174,1.05845,2.37538,3.11828,3.35643,2.37989,1.28172,1.48039,-0.21239,-0.865021,-1.06228,-1.99854,-3.25874,-3.62871,-1.95989,-2.29137,-2.84136,1.24992,2.82399,1.12585,0.806859,-1.61051,-5.09819,-4.60139,0.0641006,2.17546,-1.32253,-3.78545,-3.52771,-2.98411,-2.36946,-1.11048,-1.02608,0.160372,3.39572,3.94859,3.74816,4.21205,1.49482,-1.80945,-1.67974,-0.36114,1.14836,1.86937,2.20389,1.96633,1.3041,1.12124,0.48711,1.07995,1.59798,1.99598,2.0039,1.38977,0.115993,-0.367236,0.524165,1.43985
-1.98499,-1.45978,-0.988466,-0.828287,-0.396557,-0.696498,-1.00106,-0.830069,0.516129,0.141353,-0.953116,0.361311,2.60057,1.94663,-2.11989,-4.49828,-4.37059,-3.6875,-3.1013,-1.2645,1.32376,0.199484,-1.66617,-0.147786,1.87214,1.91287,0.190715,-4.06858,-5.6615,-6.33247,-5.80079,-4.75459,-4.32372,-4.15483,-1.08103,0.553565,1.87116,-1.95194,-2.76573,-3.84668,-0.316419,3.16133,4.20933,4.3729,4.0822,3.43859,2.64176,1.54586,0.0254411,-1.21377,-0.882348,0.802105,1.41202,-0.288455,-1.44525,-1.64354,-1.04675,0.688565,1.07225,0.909946,0.295221,-0.167083,-0.033657,0.166562
-3.22682,-2.19003,-0.458689,1.10517,0.440099,-1.02861,-2.62224,-3.16916,-2.2501,-2.16015,-2.48864,-1.47405,1.72643,1.29,-1.76367,-3.79889,-4.49866,-2.70773,0.638269,2.71362,3.2699,1.2048,-0.577302,-1.18083,2.13654,2.19767,-0.422934,-1.45152,-1.0273,-1.38663,-4.56346,-4.55769,-3.41115,-1.82508,0.0426892,0.715244,1.33968,-1.61864,-1.69266,-2.78424,-2.85514,0.0461809,2.86666,4.75269,4.64723,4.37317,4.32642,3.75802,2.76412,2.1817,1.97944,1.79241,0.543271,-1.0339,-1.36048,-1.54721,-1.61877,-0.2642,0.881477,1.04259,1.24511,1.32864,1.20653,1.10334
-1.50212,-0.307327,0.318505,1.03122,0.419429,-1.03092,-1.92317,-3.29824,-3.95763,-3.45667,-2.77871,-2.65862,-2.45713,-2.75757,-2.66758,-3.18833,-2.52478,-0.105697,2.4882,2.9443,1.87305,1.43304,3.08503,3.50669,3.04844,-1.32769,-3.55341,-1.33234,2.59104,1.98259,-0.711004,-2.59703,-3.38263,-0.818901,0.729293,0.64348,-0.102909,-0.105454,0.0520868,-0.768873,-3.60749,-4.27372,-4.22395,-2.24706,-1.4624,-1.45302,0.0777363,2.69155,3.65738,3.48067,2.16428,0.0642826,-1.46039,-1.68377,-1.15903,-0.67787,-0.364606,0.0184964,1.10526,2.32133,2.86945,3.15184,3.2371,2.61679
-1.54215,-0.863279,0.43301,1.12271,1.01468,0.323527,0.345421,-0.511568,-2.72308,-3.42855,-3.5886,-3.75809,-4.01167,-4.12537,-3.41882,-2.68933,-1.69544,0.256305,1.12746,0.75369,0.997196,2.47135,4.01171,2.37826,-2.67565,-3.23607,-3.03323,-3.01534,-3.29661,-4.31973,-4.5228,-4.17066,-5.1511,-2.75107,-0.27929,-0.219301,-2.32775,1.68431,2.9763,2.51804,0.0452656,-0.484121,-2.4032,-4.14314,-3.12842,-2.45688,-2.82612,-3.52993,-3.07887,-2.13772,-1.88487,-2.83572,-2.32181,-1.26562,-0.456693,0.0319495,1.04587,2.60629,2.62158,1.90626,1.5376,2.85363,3.43142,3.27995
-4.853,-4.32453,-2.26632,0.651297,1.18975,1.07005,1.21237,1.4318,0.339718,-2.2819,-3.47222,-3.70372,-3.41438,-1.69248,-0.648135,-1.23922,-2.06609,-1.84162,-1.34145,-0.63845,-1.04557,0.614998,1.73026,-0.0562238,-0.820387,0.96922,-0.182472,-3.22029,-4.64795,-5.36169,-4.99783,-4.0851,-4.27075,-3.51252,-2.1539,-3.42036,-3.6166,0.13515,3.60638,4.07956,3.7343,4.31908,3.44929,1.74002,1.77967,1.78315,-0.116349,-2.06669,-2.72795,-2.1271,-2.22255,-2.04782,-1.52492,-0.0553628,1.56823,2.61943,2.17013,1.4954,0.91303,-0.506333,-1.28756,-0.469701,0.200758,2.05031
-4.63976,-3.86177,-3.14988,-1.70509,-0.676458,0.252831,1.01585,1.74488,1.63919,-0.118202,-1.26484,-1.574,-1.7784,-0.288769,1.41416,0.703095,-0.307859,-0.576633,-0.551133,-0.884778,-2.05539,-2.21967,-1.99774,-2.51634,-2.33347,-0.00606941,-2.53847,-2.92909,0.140413,3.64629,2.30886,0.245771,-0.527727,-2.49864,-3.05279,-2.63704,0.463721,-0.385194,-0.0575847,2.31306,4.33511,5.6747,5.25526,4.28445,3.09541,3.24996,4.15686,4.16723,2.99459,1.22328,-0.65796,-0.93401,-0.135011,2.22536,2.30629,0.754822,-0.148472,-1.52678,-1.84154,-1.96645,-2.10726,-1.85606,-1.60614,0.10649
-2.46237,-2.93623,-3.26238,-2.57871,-2.75652,-1.49848,-0.0714728,1.48222,2.0923,2.65204,3.17167,2.99911,0.871838,1.85766,2.29312,1.58445,1.55516,1.58948,1.70559,1.87424,1.11584,-2.60679,-3.74373,-3.81004,-4.06058,-2.87289,-1.14488,1.40034,3.46379,3.13725,-1.01341,-0.975773,0.334685,-0.438099,-0.695913,0.830582,1.48367,-3.00813,-2.63771,-2.33826,1.03792,3.56392,2.75002,1.52496,-0.153602,-0.0997879,1.91486,4.80662,2.82107,-0.772918,-2.43521,-1.41326,0.523721,0.880381,-0.73853,-1.85343,-2.04341,-1.37126,-1.15239,-1.2173,-0.734913,-0.323035,-0.501732,-0.905863
-1.42018,-1.96307,-2.77626,-2.30039,-2.50885,-3.295,-1.17354,1.70464,2.13696,2.43007,3.34371,3.78095,3.42756,3.5457,2.40782,1.42976,0.472331,-0.879512,0.0316183,1.68746,0.197763,-1.83695,-2.79051,-2.33953,-3.07121,-0.881749,2.93879,4.6404,2.21589,-3.34009,-5.63721,-3.73912,-0.616131,1.86993,1.74885,0.870515,-0.761627,-0.677745,-0.623445,-1.89667,-0.574377,1.09336,1.09944,2.27237,1.18426,-0.312157,-0.322587,-0.628669,-1.95134,-3.65645,-1.87635,0.535115,1.54268,-0.501034,-1.41403,-0.710136,-0.957419,-0.523064,-0.425227,-0.34441,0.280113,0.654177,0.226975,-0.953957
1.79548,0.354699,-0.817709,-1.6628,-1.49616,-3.31928,-2.53201,0.766081,2.50272,2.66739,3.37121,4.2365,4.69759,4.28073,1.86688,1.15585,0.549587,-1.49167,-1.07414,1.99499,1.42224,1.69321,0.846006,-1.52234,-1.28002,1.42653,5.24575,4.7792,3.17815,3.27269,3.5191,3.62404,2.87736,2.10934,-1.5199,-4.60449,-3.99951,0.824417,3.51943,4.05551,3.31674,3.9744,5.18637,6.20513,6.58309,5.12403,1.71818,-3.60902,-6.28175,-4.74277,-1.15922,2.35288,2.83512,0.981773,-0.164882,0.274997,0.235415,0.587417,0.720028,0.710627,0.799384,0.746915,0.355662,-0.359551
0.366497,0.547509,-0.722635,-2.1672,-3.17842,-3.58996,-3.26578,-0.0346521,0.90389,2.61827,3.73281,3.45531,3.29513,2.82048,1.51604,1.93223,3.28884,2.40054,0.696568,2.28848,3.53284,4.03302,3.37078,2.42016,2.68632,3.12151,2.09238,-2.65886,-0.825868,3.93091,4.06214,2.96292,-0.0162651,-1.54861,-4.12584,-4.51173,-4.16886,-3.6179,1.35709,5.32651,2.1033,-0.879275,2.19566,5.28977,6.40252,5.62807,0.253313,-3.99329,-4.60089,-3.83729,-2.46745,0.320415,1.39827,2.95924,1.57886,0.853066,1.6354,2.65883,3.059,2.59752,1.03507,0.869829,0.981057,0.741574
-3.41878,-3.24179,-3.41702,-3.41033,-4.00515,-3.95061,-3.30574,-1.06763,-1.26328,-0.53802,-0.0448895,0.207232,0.202091,0.271755,0.34779,1.33226,2.78714,2.89872,0.313629,-0.119446,0.726587,0.927313,1.11095,2.39413,4.01463,1.08668,-1.79502,-3.45479,-3.97404,-2.77808,-3.09941,-3.7121,-3.21167,-1.96243,-0.478961,-2.25364,-4.00906,-5.04177,-4.59162,-2.36569,-3.73127,-4.71893,-2.11227,2.28067,5.29741,4.27366,2.48552,2.29807,1.49311,0.764597,-0.65693,-0.794048,0.0118096,1.74306,2.76128,3.25453,3.42021,3.40202,3.53539,3.44901,3.51957,2.70395,2.28612,1.43561
-2.38098,-3.02544,-3.47541,-2.97985,-3.64566,-3.71731,-2.77396,-2.20399,-2.62688,-2.73076,-2.92339,-1.99534,-0.0399697,1.04303,0.900948,1.15413,1.5317,1.83515,0.630238,-0.25335,-0.252743,0.37875,0.869519,0.626618,-0.725254,-2.81675,-1.25769,0.773463,-0.239555,-0.0773323,1.1528,1.81364,2.4103,3.12702,2.8083,-0.789195,-3.30688,-3.83767,-5.95903,-7.72771,-7.10367,-5.04,-3.99717,-1.61017,3.69343,5.35108,4.24076,3.72474,2.03047,0.0469535,-2.67731,-3.4085,-1.37099,-1.05236,1.13895,2.2233,1.26712,1.13728,1.12166,1.36015,2.26658,2.26651,2.00347,2.49515
-0.899868,-1.389,-1.85936,-2.09388,-2.8184,-2.99192,-2.44308,-2.50796,-2.10509,-2.34462,-2.95858,-3.0229,-0.990375,1.9646,3.18231,3.34395,2.73737,2.36839,2.0571,1.1165,0.0982986,0.815675,1.93884,1.89863,0.854681,-0.309361,-1.17687,1.35914,1.06749,2.06599,4.4385,5.17877,4.74636,3.76919,3.52011,3.37804,2.27739,0.799574,-1.44924,-4.31642,-5.18571,-4.39943,-3.60928,-4.19537,-2.64041,0.630064,0.5156,-0.413407,-1.34656,-2.78237,-3.49825,-3.84594,-1.95901,-0.460629,-0.222372,-0.606723,-1.73504,-0.889609,0.206084,-1.314,-1.53182,-0.768503,0.265438,1.42284
