uploads/wind/20200722/wind_field_05.json
{"header": {"parameterUnit": "m.s-1", "parameterNumber": 2, "dx": 0.051, "dy": 0.036, "parameterNumberName": "eastward_wind", "la1": 45.3082, "parameterCategory": 2,"nx": 177, "ny": 123, "refTime": "2018-09-30 00:00:00", "lo1":1.38177}, "data":
[rows 84 to 111 of 123, columns 0 to 63 of 177]
-0.745574,-0.563678,0.276436,0.825567,0.754029,0.927749,0.631805,0.137155,-0.209054,-0.538026,-0.953281,-0.760193,-0.310663,-0.167435,-2.11042,-3.3076,-3.33902,-2.65993,-2.21222,-2.42012,-2.2935,-0.765215,0.704328,1.89499,0.445166,-1.1176,-1.57012,-0.386835,0.950622,0.554554,-0.121231,0.878543,1.77165,1.4114,2.30734,2.32988,1.39569,-0.0586883,-0.300155,0.952194,1.8029,2.24246,2.07438,0.314392,-1.5993,-0.0273682,2.54394,2.21863,1.42236,0.773439,-0.167064,-0.512961,-0.428977,-0.551575,-0.707072,-0.36482,0.228781,0.106143,0.0258301,0.269325,1.02649,1.08705,2.21713,2.24828
-0.386125,-0.136193,0.0824469,0.411405,0.447491,0.854285,0.850136,0.049913,-0.747138,-1.22954,-1.8791,-1.9929,-1.32138,-1.14583,-2.43341,-3.3383,-2.95082,-2.53511,-2.50932,-2.17115,-1.16148,-0.455093,0.590541,1.26818,0.355795,-1.31029,-1.40961,0.62527,2.34294,0.551145,-0.636865,-0.0605164,0.753184,1.07011,1.61863,2.84813,1.5977,-1.00996,-2.72398,-0.992879,1.55113,2.87466,3.00157,0.952733,-1.88985,0.32424,3.33605,2.52008,1.48991,1.29556,1.19418,0.300644,-0.405166,-0.993287,-1.5198,-0.533986,0.999821,1.25248,0.568755,0.539261,1.2157,1.98676,2.1105,1.44777
-0.0867936,0.0674654,-0.0762228,-0.135862,-0.287851,-0.0282023,0.407341,0.542979,-0.230347,-1.20936,-1.80906,-2.16592,-2.04014,-1.87644,-2.4985,-3.5563,-3.10819,-2.30672,-1.99236,-1.80359,-1.14687,-0.68417,0.292314,1.45769,1.70273,0.570041,-0.236076,0.731491,1.73341,0.418012,-0.069539,0.257425,1.32747,1.439,1.69158,2.02216,0.302914,-1.72624,-3.06552,-2.83876,0.190672,3.59589,4.30454,1.67898,-0.188269,1.77924,2.95298,2.30824,1.37084,0.550527,1.25934,0.939491,-0.340205,-1.63917,-1.80923,-0.301432,1.41564,2.16565,1.74678,1.52521,2.26693,2.13265,2.0581,1.12906
0.0884984,-0.0558725,-0.251163,-0.337984,-0.442797,-0.46534,-0.0120073,1.05039,0.848638,-0.764165,-2.17083,-2.42759,-1.64087,-0.921782,-1.9147,-3.09791,-3.05368,-2.51775,-2.50099,-2.59319,-2.60048,-1.78059,-0.764397,0.498785,1.24895,0.968416,0.562439,1.3092,2.43087,1.90007,0.43996,0.396111,0.119034,0.865822,1.4879,-0.25085,-1.44927,-1.02121,-1.68911,-2.93675,-0.899868,2.45906,3.70159,3.04816,2.3914,2.34353,2.12672,1.61691,1.10663,1.36196,1.97419,0.898105,-0.452638,-1.59665,-2.45158,-0.424755,1.64284,2.00273,1.68195,2.07742,2.11508,2.33786,1.60161,0.181734
0.327948,0.016837,-0.324855,-0.416308,-0.347735,-0.251197,-0.0913293,0.705807,0.906025,-1.33914,-3.15068,-3.23991,-1.83002,-1.12942,-1.5874,-2.84148,-2.8658,-2.46029,-2.06721,-2.48912,-2.41235,-2.00199,-0.870834,0.233985,0.95441,1.03583,0.666984,1.86387,3.25167,2.9878,2.23674,0.538017,-0.996058,0.262003,1.28057,-0.873919,-1.08648,-0.0026898,0.0828029,-1.41615,-1.39488,1.90412,3.99782,4.07115,3.1438,2.40866,1.56726,0.280597,0.68343,2.30768,1.99964,0.427651,-0.138523,-0.422506,-1.4075,-1.16242,1.12726,1.46677,2.04761,1.88317,1.6312,1.90279,0.39452,-0.46554
0.793574,0.401314,-0.384925,-0.454381,-0.26043,-0.00226215,-0.0128053,0.53908,0.501497,-1.27283,-2.76634,-3.21317,-2.85564,-2.07499,-2.07166,-3.19198,-3.35954,-2.43815,-2.4254,-2.3625,-1.81883,-1.92208,-1.39789,-0.292375,0.988307,1.22728,1.13055,2.03033,3.36887,3.17586,2.93755,2.01513,0.0315875,0.0426521,0.522307,-0.474837,-0.919104,-0.483047,0.000470443,-0.571199,-1.33205,1.08541,3.61867,4.10826,3.26785,1.84538,-0.0136143,-0.958484,1.24709,2.76547,1.68286,0.455753,0.367373,0.388351,-0.469938,-1.30416,0.0936092,1.54623,2.35873,1.03204,1.36869,1.50239,0.304265,-0.779874
0.701424,0.241596,-0.420683,-0.520305,-0.461228,-0.338901,-0.166215,-0.0694239,-0.529651,-1.45634,-2.13709,-2.74118,-3.50842,-2.59844,-1.99654,-2.79375,-3.2408,-3.17887,-2.51843,-2.27588,-1.83566,-1.81806,-1.19035,-0.0145693,1.37943,1.15813,0.36235,1.29423,2.54366,2.75004,3.08986,2.92521,1.59182,0.0950722,-0.634181,-1.55434,-1.16292,-0.910629,-0.726746,0.0644023,1.28435,2.5502,3.00235,2.99698,2.04502,1.60047,1.11725,0.353415,1.52046,2.62412,1.69944,1.16363,1.63927,0.485114,-0.397777,-0.694224,-0.666629,1.5633,1.82386,0.978526,1.10825,0.89061,0.180547,-0.576635
0.734334,0.155526,-0.644509,-0.863303,-1.05077,-1.32428,-0.965138,-0.687755,-1.48703,-2.24161,-2.73824,-2.6339,-3.57214,-3.51825,-3.06318,-2.03813,-2.28668,-3.21602,-2.6514,-1.27216,-0.97656,-1.12487,-0.0341298,1.15018,1.53076,0.622796,0.534185,1.36538,1.76232,1.66222,2.72032,3.06436,2.50564,1.28042,0.837939,-0.277333,-0.444361,-0.174489,0.126101,0.445742,2.1017,2.81146,2.58467,0.655466,0.460893,2.18295,3.10247,2.17273,1.31748,1.58691,1.87974,2.2297,1.50014,0.591578,0.505403,0.111587,-0.144748,0.211082,0.409954,0.726911,1.76647,1.17223,-0.0677859,-0.508334
1.41093,0.873691,-0.819488,-1.19845,-1.49505,-1.61154,-1.06767,-0.708479,-0.915735,-1.47965,-2.50729,-3.37957,-4.01294,-4.09218,-3.43339,-2.09322,-2.08795,-2.67082,-1.82694,0.692823,1.35196,1.43782,1.36703,1.04901,0.544946,0.119877,-0.0336714,0.450984,0.831201,1.29521,1.95827,2.03059,1.27935,1.54877,1.96228,0.932577,0.31237,-0.159859,0.512635,1.23165,1.51291,3.08345,2.56092,-1.49512,-1.38943,2.00815,3.28259,2.51629,1.90622,1.71247,1.77462,2.00048,0.773846,0.54977,0.607224,-0.00455481,-0.394349,-0.703314,-0.436889,0.587012,1.91902,0.349312,-0.940943,-0.886311
0.437644,-0.150581,-1.14196,-1.42106,-1.70963,-1.80949,-1.12209,-0.502734,0.14266,0.00104473,-1.98165,-3.96985,-4.02518,-3.68275,-2.53339,-1.93777,-1.16363,-1.11252,-0.0364369,1.59918,2.6951,2.92119,1.39352,-0.170919,-0.509433,0.173342,0.958936,1.48332,1.41501,1.73245,1.27358,0.0164731,-0.784143,-0.0477042,1.06486,1.52315,0.785024,0.0168467,0.552164,1.34641,1.34681,2.42123,2.11438,-1.76089,-2.76955,0.0609076,2.19728,2.6069,3.12682,2.4587,0.837559,1.04725,1.33293,1.2728,0.539459,-0.577182,-0.375145,-0.348298,-0.863279,0.12204,0.566619,-0.052843,-0.311699,-0.139739
-0.092366,-0.591149,-1.22738,-1.19401,-1.16949,-1.54391,-1.14155,-0.415484,0.121683,0.820992,-0.663971,-3.48123,-3.77327,-2.20917,-0.924316,-0.307545,0.00637266,0.438982,1.91333,3.29522,2.87671,0.475425,-1.25612,-1.77785,-1.16591,-0.0580261,1.5972,1.71041,2.12565,0.795357,-0.728004,-2.33823,-2.36974,-1.025,0.940344,1.53216,-0.0730202,-0.455389,-0.588993,0.0619296,1.26442,2.05173,0.358781,-1.1865,-1.84959,-1.17977,0.768236,3.3546,4.82656,3.26532,0.687593,1.75664,2.61738,0.463098,-0.918963,-1.93375,-0.204269,0.513374,-1.12424,-0.991675,-0.252658,0.640168,0.655219,0.293337
-0.65608,-0.981443,-1.1027,-1.20834,-1.24961,-1.47607,-1.15905,-0.437522,0.302428,1.07494,1.42668,-0.802862,-2.57834,-1.40955,-0.475069,0.182876,0.163724,1.06188,1.9459,0.467148,-1.76196,-1.9154,-1.61991,-1.67829,-2.26285,-0.572848,0.753052,2.05041,1.10443,-0.416673,-2.07294,-1.57907,-1.41835,0.090985,1.13526,0.0828463,-0.758502,-0.835717,-1.49293,-0.583636,0.609241,-0.525548,-2.04838,-1.39324,-0.721289,-0.124156,1.23231,4.186,5.00189,3.48536,1.69997,2.70753,2.31375,-0.26542,-1.07748,-0.739102,0.034368,0.617632,0.0794903,-0.670358,0.387509,1.52146,0.925966,0.0586484
-0.803016,-1.06091,-1.14494,-0.959252,-1.05127,-1.26677,-1.18282,-0.593916,0.250276,0.907413,1.87763,0.918957,-1.22886,-1.55323,-0.415273,-0.443566,-0.0748097,0.365372,-0.281486,-2.3394,-3.08339,-2.85789,-2.08885,-2.23865,-2.15276,-1.02688,-0.0351118,0.0568422,-0.714221,-1.574,-1.27593,-0.971259,-0.562633,0.143931,-0.0732661,-1.38356,-1.28116,-0.651638,-0.760071,-0.351837,-0.524274,-2.68964,-3.15563,-0.999151,0.665011,2.36252,3.01119,3.36096,3.63018,2.98674,2.48092,2.56702,1.46571,0.505233,0.259466,0.447906,0.429113,0.188743,0.442825,0.48617,0.807667,0.928856,0.300907,0.130728
-1.13823,-1.14423,-1.06257,-0.954674,-0.992221,-1.10677,-1.03777,-0.699428,-0.131585,0.616797,1.19645,1.99105,0.178925,-1.95483,-1.84532,-0.844578,-0.898374,-2.04352,-1.99877,-2.55628,-3.43086,-3.25688,-3.0499,-2.29585,-1.36117,-0.64137,-0.470379,-0.609958,-0.201196,0.165379,-0.438145,-0.541996,0.285621,0.523935,-0.573133,-1.67599,-1.82331,-1.10296,-0.726222,0.0906255,0.00824455,-1.71225,-1.86444,-0.0914401,1.25854,2.82152,3.44599,2.72845,2.36644,2.4113,2.23234,1.77607,1.40283,1.3318,1.01827,0.39974,0.268218,-0.211108,0.0253941,0.632665,1.22813,0.774927,0.782083,1.49528
-1.57288,-1.42878,-1.27591,-1.28156,-0.934308,-0.503131,-0.480337,-0.662606,-0.725155,-0.421303,0.0506735,0.0936383,1.08288,0.269769,-0.953922,-1.087,-2.26218,-2.76572,-1.85697,-2.78278,-3.58534,-3.4081,-2.49894,-1.33607,-0.601793,-0.128862,0.300076,0.270681,0.195987,-0.0333572,-1.17153,-0.848379,0.911254,2.24254,1.66967,-0.357684,-1.45483,-1.63637,-0.865003,-0.536054,-0.379394,-0.925776,-1.41762,-0.961585,-0.523937,1.90464,3.97628,3.44504,2.54505,1.72929,1.64982,2.57108,2.7818,2.05494,1.30498,1.08234,0.776215,0.0656363,-0.344258,-0.516264,-0.23552,0.817613,1.46932,1.65834
-2.74988,-1.9354,-1.32131,-1.26972,-0.877478,-0.749867,-1.11649,-1.22086,-1.51981,-1.03278,-0.832698,0.0294294,0.0844134,0.360248,-0.300153,-2.2423,-2.6084,-2.21779,-1.81108,-2.39656,-2.63906,-1.90342,-1.52566,0.240631,0.87572,0.668023,0.628409,0.40853,-0.909966,-1.82471,-1.57711,-0.652453,1.71493,3.19073,2.87665,1.99554,-0.346896,-1.48834,-1.38172,-0.207247,-0.270401,-0.759208,-0.888928,-1.13681,-0.993043,0.847996,3.92308,3.74814,2.95788,1.10387,0.515268,2.69889,2.85607,1.4221,0.959021,1.71181,1.98853,0.743608,-0.317505,-1.24113,-1.15786,-0.337471,0.500407,0.784111
-3.1012,-2.22358,-1.89959,-1.82319,-1.62162,-0.872489,-1.21863,-1.85953,-1.7188,-0.55015,-0.160049,-0.560681,-2.03667,-2.55118,-1.43352,-0.910647,-2.6356,-3.09967,-2.39727,-2.62706,-2.27625,-1.04921,-0.158982,1.00663,1.02629,-0.0867163,-0.328437,-0.290874,-1.5107,-2.44279,-1.91609,0.0384761,2.51094,3.67738,3.04119,2.87664,0.808737,-1.5952,-2.07485,-1.21195,-1.12329,-1.29712,-0.254633,2.14665,1.16093,1.03461,3.50395,3.76662,2.55982,0.32732,-0.899684,1.41637,3.19499,2.37721,1.91164,2.95013,2.96503,1.50299,0.151755,-0.804478,-1.31458,-0.0219854,1.07191,1.95265
-2.68271,-2.44552,-2.08508,-2.07636,-2.1278,-1.73069,-1.25119,-1.35644,-1.87192,-1.41163,-0.654171,-0.368111,-1.21758,-2.28856,-1.33169,-0.809483,-3.16039,-3.455,-2.25991,-2.07121,-1.05043,0.198353,0.132033,0.123714,0.159067,0.239804,-0.0434365,-0.686045,-2.44371,-2.79046,-0.995963,1.48714,3.26328,2.82483,2.85323,3.38312,1.90198,-1.08525,-2.0744,-2.41047,-2.84588,-1.87856,0.654852,3.20227,2.24614,1.66292,3.19832,3.09755,1.04791,-1.06345,-1.60619,1.56209,3.93801,3.88556,3.40093,3.38176,2.56068,0.845133,-0.0605889,-1.29961,-0.146702,2.29972,3.09304,2.45102
-3.31921,-3.0598,-2.09792,-2.09389,-2.23396,-2.33057,-1.9056,-2.11896,-2.4479,-1.35348,-0.519756,-0.703821,-1.3286,-1.55673,-1.4623,-2.05505,-3.08307,-2.65813,-2.08379,-1.59202,-0.471464,-0.0179688,-0.992162,-1.80103,-0.599349,0.0800678,-0.721447,-2.415,-2.82499,-1.85478,0.636827,2.87155,2.76234,2.03705,2.6564,3.03842,1.04606,-0.613501,-1.52507,-2.67154,-3.49224,-1.86599,2.06003,3.69117,2.75002,2.47255,2.65869,1.05942,-1.75272,-3.03042,-1.18586,2.97986,4.33229,4.08573,3.85521,2.85381,1.63376,0.559361,-1.75396,-1.99807,1.4754,3.9156,3.18232,1.39251
-3.37869,-3.09991,-2.31656,-2.38587,-2.33134,-2.51539,-2.38976,-2.30674,-2.69047,-1.73181,-1.41067,-1.27855,-0.903055,-0.210845,-0.346072,-2.21965,-3.5254,-2.77292,-2.09543,-1.89204,-1.3577,-0.180979,-0.694683,-2.16408,-1.26018,-0.90669,-1.26023,-2.86789,-2.82401,-0.581059,2.40987,3.17165,1.44613,1.27394,3.0998,2.8739,0.935729,-0.147116,-1.23453,-2.65741,-2.99763,-0.865335,2.65584,4.11311,3.91173,2.52222,0.396939,-1.0643,-2.64877,-2.98866,-0.0960706,3.0596,3.75462,3.79519,3.40837,1.59426,0.832439,0.737728,-0.937307,-0.204498,3.88902,3.87629,0.878964,0.129326
-3.67161,-3.46997,-2.14768,-2.05342,-2.02382,-2.32421,-2.42649,-2.35932,-2.65463,-2.23044,-1.63111,-1.36295,-1.30473,-0.346821,0.0581828,-1.46863,-3.33393,-2.67109,-1.56032,-1.61775,-0.749916,1.22121,1.07336,-1.29486,-1.2428,-0.875433,-1.87792,-2.82459,-2.42194,0.487871,3.41026,2.46529,0.284753,1.9956,3.77811,2.59734,0.655873,0.677415,-0.807152,-2.66776,-2.58462,0.114247,3.25972,4.61645,4.31175,0.346938,-1.35098,-2.07874,-3.24021,-1.95204,1.35723,2.88841,2.38413,2.78134,2.6614,1.08608,1.36257,2.31186,1.4508,3.49645,4.98106,1.08934,-1.34713,-0.407535
-3.29174,-3.24095,-2.17197,-2.15831,-2.04015,-2.09217,-2.29257,-2.41156,-2.23752,-2.24036,-1.35132,-1.7686,-2.26381,-1.30767,-0.610541,-0.860862,-2.98429,-2.75655,-1.6688,-0.285831,0.0434524,1.11318,0.679087,-0.454314,-0.911303,-0.617233,-1.47812,-2.17072,-1.4561,1.25725,3.1823,2.20227,0.56715,2.01265,3.85392,2.61716,0.653384,0.985201,-0.332542,-2.65186,-2.0126,1.04006,4.24006,5.03742,2.3957,-0.510716,-0.857609,-3.02655,-2.81581,-0.20473,2.51898,2.09582,-0.479885,0.0352591,1.58972,1.42455,2.59155,3.81907,3.7213,4.9133,3.11099,-1.12758,-1.57333,-0.235592
-2.59929,-2.59096,-2.06841,-2.15838,-2.16576,-2.12291,-2.32293,-2.65168,-2.66905,-2.40276,-1.58008,-0.983645,-1.99897,-1.31523,-0.41362,-1.23907,-2.72655,-2.25614,-0.83308,0.677755,1.13116,1.19054,-0.179771,-0.432824,-0.0674199,-0.860754,-1.39243,-1.16819,-0.0161676,1.57561,2.63858,2.90645,1.99512,2.50172,3.4261,0.939753,-0.346987,0.455374,-0.722183,-2.81567,-1.09007,2.46588,5.06816,2.60246,-0.47653,-0.31346,-1.89828,-3.25538,-1.05297,1.6045,1.27862,-0.747669,-2.80843,-1.63587,0.98881,3.59252,3.94523,3.45271,3.54699,4.32736,2.80283,0.648971,0.091543,-0.93263
-1.49408,-1.43825,-1.8585,-1.83153,-1.88837,-1.9558,-2.26127,-2.65491,-2.50172,-1.86654,-1.48002,-1.2135,-1.46546,-0.48117,-0.530655,-1.38873,-2.26079,-1.63456,-0.0167324,0.926199,0.749172,0.713812,0.574671,-0.370723,-0.345626,-0.31334,-1.14485,-0.356667,1.1135,1.89611,2.41378,2.74711,1.88205,0.606302,-0.760408,-1.68969,-0.240807,-0.4697,-2.15488,-2.47126,0.247083,3.90363,4.83593,0.164535,-1.19856,-1.62444,-3.41784,-1.85324,1.42328,1.11581,-1.98813,-2.96418,-3.38092,-1.38893,2.0905,4.44756,3.70419,2.05734,1.64533,3.2444,3.3655,1.32475,-0.979641,-2.10413
-2.82673,-2.57127,-1.64047,-1.66986,-1.59184,-1.98685,-1.97629,-2.11233,-1.7425,-1.49136,-1.9672,-1.92679,-1.37839,-0.741435,-0.594299,-1.33406,-1.60806,-0.447188,1.31296,0.507371,-1.29123,-0.709642,0.969308,0.191641,-1.04084,-0.347597,-0.149042,0.361655,1.82579,2.19006,1.5694,-0.388175,-1.3147,-2.49769,-2.47796,-1.3597,0.170406,-1.20677,-2.83591,-0.624028,2.46655,4.60998,3.40605,-0.170481,-1.36556,-3.29109,-2.66344,1.44875,2.75687,-0.869158,-3.12259,-3.51141,-3.81059,-1.93729,3.10393,5.40466,3.60796,0.572543,1.41397,2.68812,1.4887,-0.557674,-1.54909,-1.57306
-2.50006,-2.12121,-1.79927,-1.73392,-2.14851,-2.08138,-1.76425,-1.32272,-1.71484,-2.23954,-2.72935,-2.1602,-0.793885,-0.358884,0.0416389,-0.081261,-0.43253,0.430621,0.531629,-1.29397,-2.51542,-1.95723,0.0377461,-0.346967,-1.03563,-0.0948307,1.53406,1.36587,1.63239,2.84913,1.34274,-1.75543,-2.00848,-1.63374,-1.49015,-0.302549,-0.402795,-2.52409,-2.6831,0.852585,3.9665,4.4973,2.35826,0.861418,-1.46004,-3.86576,-0.724116,3.39803,2.80401,-1.22671,-2.84605,-2.64623,-3.30891,-1.5619,2.87244,5.07142,3.93382,1.73309,0.797181,1.95484,0.966318,-0.377255,-0.835901,0.56563
-3.00951,-2.19202,-1.91332,-1.74585,-1.82293,-1.5807,-1.24001,-1.6265,-1.44395,-1.99925,-2.36622,-1.321,0.035003,0.806354,0.87335,0.867685,-0.0952985,-1.19956,-2.3692,-2.54146,-2.81194,-1.94464,-1.60318,-1.2084,-0.799469,0.229261,2.07538,2.57543,3.18791,4.49417,4.38333,-0.192603,-1.85186,-0.663061,-0.304995,-0.623978,-1.53149,-3.08277,-0.984291,2.35844,4.66473,4.10457,2.4212,0.163625,-2.2127,-3.1613,1.43595,3.69237,2.10304,-0.535452,-1.97104,-2.6867,-2.90154,-1.18801,2.36583,4.73678,3.91856,1.41435,-0.053286,3.06807,2.50458,-0.660446,-0.508558,1.01361
-2.5275,-2.3495,-2.07107,-1.69502,-1.50551,-1.41839,-1.67843,-1.16334,-1.18239,-2.16078,-1.8147,-0.10174,0.938734,0.924631,0.561464,-0.0163108,-0.613797,-2.28129,-2.80976,-2.88599,-2.69501,-1.44839,-1.12889,-1.42944,-2.38146,-0.45296,1.96533,2.90293,3.13733,4.53525,4.4837,1.31337,-1.11511,0.225375,1.25101,0.202948,-3.15357,-2.79345,1.15834,3.64908,5.04246,3.51177,-0.178795,-2.05295,-2.6194,-1.52711,2.49827,3.00696,1.74049,0.624515,-1.01843,-2.62219,-3.30059,-1.89468,2.09727,4.40509,3.51828,0.908366,1.5137,3.78181,2.24994,0.0570251,0.1459,-0.0314248
