uploads/wind/20200722/wind_field_21.json
{"header": {"parameterUnit": "m.s-1", "parameterNumber": 3, "dx":  0.051, "dy": 0.036, "parameterNumberName": "northward_wind", "la1": 45.3082, "parameterCategory": 2,"nx": 177, "ny": 123, "refTime": "2018-10-03 01:00:00", "lo1":1.38177}, "data":
[rows 58 to 86 of 123, columns 64 to 127 of 177]
1.09923,1.05891,0.757528,0.402753,0.269302,0.267345,0.266289,0.107926,-0.108756,-0.335288,-0.520641,-0.717501,-1.056,-1.28038,-1.1477,-0.967042,-1.13553,-1.31334,-1.20973,-0.908251,-0.53466,-0.230995,-0.537156,-0.36745,-0.00319566,0.668463,1.13626,1.94238,1.96263,2.06603,2.32607,1.89179,1.22753,1.12142,1.38728,1.65297,1.82396,2.03509,2.24015,2.36442,2.40496,2.39734,2.46272,2.72623,3.16341,3.56389,3.73858,3.76492,3.80868,3.91589,4.03443,4.11892,4.1555,4.17096,4.19612,4.23382,4.27903,4.28556,4.14288,4.19309,4.27894,3.95499,3.69131,3.65829
1.25181,0.692103,0.225531,0.00239646,-0.0229843,-0.00123839,-0.0596974,-0.228899,-0.470282,-0.684938,-0.940843,-1.42386,-1.80122,-1.59494,-1.17882,-1.10109,-1.15358,-0.873131,-0.353097,0.157912,-0.0812102,-0.091147,-0.636933,-0.458247,0.123323,1.14953,2.04132,2.27696,1.44652,1.23335,0.67768,0.48229,0.148825,0.255422,0.812641,1.72034,2.45537,2.7673,2.82616,2.86685,2.93872,2.9968,3.00748,3.11611,3.39259,3.76201,4.02545,4.13328,4.15955,4.19374,4.25785,4.33901,4.43719,4.54949,4.63374,4.66782,4.64889,4.51161,4.39618,4.52824,4.45884,3.48138,3.85879,4.10544
0.812657,0.157356,-0.118916,-0.124407,-0.083951,-0.0382229,-0.0720039,-0.211473,-0.398607,-0.698427,-1.25404,-1.77247,-1.82207,-1.30565,-1.10174,-0.782881,-0.425065,-0.0631587,0.510756,1.17566,0.500954,-0.43142,-1.53366,-2.09381,-1.9037,-0.278768,1.43552,1.74457,1.02076,-0.374339,-1.01462,-1.97366,-0.733443,0.0424069,0.596834,1.22044,2.27617,2.90224,2.97974,3.40428,3.6442,3.73208,3.76898,3.81302,3.92536,4.13396,4.33222,4.45447,4.48544,4.45201,4.4315,4.51314,4.72402,4.94816,5.0894,5.1132,4.97797,4.6973,4.66842,4.34877,4.3813,4.05845,4.49764,5.33135
0.197796,-0.111649,-0.0587256,0.0727586,0.146581,0.128404,0.0729683,-0.025274,-0.327357,-0.814282,-1.21222,-1.36194,-1.50321,-1.1062,-2.04227,-1.09505,-0.557947,-1.01965,-0.747435,0.254373,0.409231,-0.170862,-2.46354,-3.99224,-3.61604,-2.43892,-0.0295931,0.83203,0.895626,0.0188672,-0.975447,-1.80668,-1.53409,-0.791178,0.300834,1.24146,1.46819,1.9987,2.49545,3.3071,4.0005,4.17753,4.20242,4.3386,4.50262,4.6265,4.67903,4.76663,4.85728,4.87866,4.84719,4.88956,5.09095,5.32269,5.42157,5.31331,5.02548,4.76354,4.65376,4.5387,4.69181,4.74079,5.21455,5.81173
0.0624895,0.248429,0.497057,0.562936,0.457492,0.332788,0.2022,-0.124461,-0.519926,-0.690131,-0.635787,-0.797865,-1.23364,-1.55807,-2.78721,-2.55067,-2.45542,-2.75141,-2.71279,-1.41409,-0.0645158,-0.707851,-2.95267,-2.57196,-1.15763,-1.70484,-2.17813,-0.206513,-0.0354288,-0.261678,-0.913226,-1.0913,-1.85839,-1.75279,-0.538578,0.885155,0.976447,0.945361,1.32619,2.04843,3.28607,4.17861,4.43449,4.49792,4.65953,4.84236,4.92538,5.06579,5.27651,5.47943,5.57083,5.60605,5.66507,5.62432,5.38427,5.08427,4.79054,4.74499,4.72479,4.7916,5.1799,5.38286,5.52698,6.26906
0.648168,0.978662,1.12772,1.11599,0.867089,0.483692,-0.0675435,-0.425164,-0.345723,-0.153975,-0.159116,-0.519466,-0.842348,-0.789434,-1.84348,-2.30955,-2.41447,-2.46056,-2.76653,-2.73451,-1.28097,-0.9803,-1.03606,-0.168597,0.213228,-0.645463,-2.6959,-1.98999,-0.412246,-0.972977,0.464389,-0.0876655,-0.279218,-1.48516,-2.44091,-2.02807,-0.13654,0.954363,1.70484,1.72267,2.20387,3.47593,4.35251,4.52012,4.53015,4.75015,5.06107,5.36149,5.68283,6.01999,6.29362,6.39975,6.28074,5.88392,5.31881,4.92517,4.82675,4.95079,5.07547,5.10544,5.31461,5.50084,5.93296,5.87326
1.25978,1.48623,1.56458,1.37544,1.04867,0.322769,-0.415209,-0.524716,-0.250076,-0.126344,-0.178837,-0.122353,-0.293188,-0.118178,-0.424981,-1.05228,-1.23102,-0.929382,-1.48918,-3.08341,-3.40627,-2.36005,-0.505046,0.181558,-0.229072,-0.574028,-1.16431,-2.74637,-2.15499,-1.77594,1.92438,2.94238,2.59346,1.38557,-1.17045,-3.20474,-3.06165,-1.626,-0.0826432,0.482588,2.09083,2.99655,3.73605,4.35043,4.48562,4.73641,5.25573,5.75491,6.13424,6.41509,6.61298,6.66627,6.45407,6.11756,5.69607,5.37671,5.2153,5.24628,5.27262,4.96587,4.52214,5.07729,5.70103,4.85694
1.73088,1.6761,1.18213,1.21129,0.672748,0.107989,-0.0713074,-0.151301,-0.19806,-0.341055,-0.645701,0.366737,0.351498,0.643951,0.0470751,-0.113499,-1.16599,-0.583122,-0.419608,-1.05573,-1.41214,-1.49229,-0.950474,0.302262,0.884323,-0.0936676,-0.224039,-0.485184,-2.15371,-2.22227,0.220049,2.4276,2.92805,2.7362,1.54795,-0.453562,-2.21581,-3.0076,-2.24536,-1.09622,1.73147,3.05122,3.4341,3.94403,4.57705,4.97717,5.36618,5.72752,6.08187,6.33111,6.36659,6.2934,6.11112,6.14649,6.08973,5.87347,5.69546,5.35271,4.98916,4.16881,4.19515,4.50456,4.53462,4.26366
1.61709,0.903837,0.767632,1.07496,0.660711,0.180941,0.198021,-0.25519,-0.37098,-0.239443,-0.319795,0.314586,0.286579,0.153485,-0.688149,-0.580943,-1.12814,-0.669085,0.496701,1.78299,1.40502,0.908919,1.18133,1.28265,0.606335,-0.168086,-0.569176,0.407227,0.464611,-1.09212,-1.38557,-0.560535,0.227944,1.95406,2.86926,2.09984,0.361936,-1.19658,-1.67196,-1.4393,0.154415,2.04857,3.17361,3.79419,4.64929,5.02118,5.29507,5.44149,5.49366,5.57863,5.63148,5.6693,5.63595,5.90508,6.32066,6.37932,5.8154,5.38518,3.99489,3.98633,4.23555,3.08977,3.58645,2.40466
1.28704,0.435404,0.605892,1.19457,0.914515,0.627802,0.272214,-0.0365515,-0.389113,-0.758957,0.0283701,-0.131971,-0.166078,-0.465398,-0.693445,-0.827493,-0.961665,-0.818865,-0.166294,1.23069,0.653658,0.204102,1.16271,1.08729,-0.511685,-0.930803,-0.39913,-0.254193,1.43877,1.09965,-0.761361,-2.01322,-1.88496,0.174271,2.2294,3.26453,2.92802,1.90059,1.20524,0.612227,-0.362685,0.0138688,1.43566,2.24455,3.49728,3.98236,4.13581,4.21956,4.4805,4.71034,4.87281,5.01421,5.1577,5.4605,5.57176,5.32842,4.33668,4.0699,2.52138,2.79882,2.32259,1.02848,2.34845,1.11912
-0.100594,-0.180798,0.692121,1.37657,0.789369,0.597029,0.687095,0.957174,0.352936,-0.483518,-0.0602509,0.0908304,-0.0487417,0.0636893,-0.11785,-0.20213,-0.325209,-0.382092,0.343661,1.70885,1.25382,0.304719,-0.150033,-0.387503,-0.60779,-1.37478,-1.39893,-0.974441,1.75811,1.38019,0.747672,-1.38384,-2.4098,-2.24597,-0.608887,2.16648,3.66965,3.85684,2.71033,1.18687,-0.45702,-1.67896,-1.60102,-0.687446,0.99388,0.98413,1.10211,1.68922,2.97854,3.76227,4.19994,4.32811,3.90655,3.73387,2.53374,2.00219,2.32782,1.75559,1.42305,1.16539,0.300027,1.01061,1.92295,1.91283
-1.14189,-0.749853,-0.22048,-0.0417913,0.25034,0.456018,0.788805,1.98221,1.00159,0.469428,0.541891,0.158271,0.309378,0.0264036,0.0937969,0.0978888,-0.290123,-0.284028,1.58749,2.49902,2.03887,1.13345,-0.390338,-0.886982,-0.40314,-0.641426,-2.38731,-2.11446,0.0040659,0.171423,0.127576,-1.34977,-2.11426,-2.23004,-1.92218,-0.0408881,1.7269,2.31265,1.69882,0.502734,-0.629692,-1.57128,-2.55831,-1.84054,-1.28532,-1.36942,-0.365582,0.311106,1.35489,1.79314,2.42044,2.81664,1.70104,1.33223,0.300835,1.20833,1.65563,1.32205,1.65193,1.47621,1.10727,2.26043,2.66323,2.75667
0.197506,-0.281281,-0.435956,-0.485905,-0.284742,0.112537,0.900463,1.53033,0.935728,0.891243,0.822209,0.399051,0.521837,-0.519347,-0.192082,-0.396119,-0.749325,-1.51257,-0.815755,0.754152,0.746597,-0.0275875,-0.808749,-1.29756,-1.3293,-1.11886,-3.07718,-4.09793,-3.46565,-2.61151,-1.65886,-2.02549,-2.23975,-1.84647,-1.52005,-1.55192,-0.335125,1.49885,1.4551,0.586526,0.240588,0.0276531,-1.04234,-1.31224,-1.58693,-1.52092,-0.414973,-0.413589,0.0465978,0.539153,0.940741,1.4149,1.01148,1.29604,1.36973,2.76431,2.43358,2.64767,2.63412,2.54317,2.64177,2.68769,3.07643,3.16293
1.04152,1.08043,0.55008,0.140145,-0.124512,0.125213,0.750685,1.06541,0.56285,1.10723,0.72397,0.536734,0.562223,0.209209,0.579363,0.242873,0.0304595,-0.528559,-1.1142,-0.810195,0.70503,1.06894,0.460632,-1.18433,-2.32801,-3.12518,-3.5128,-3.38332,-3.55917,-3.57835,-2.70213,-2.76891,-2.62827,-2.67812,-2.61794,-2.88021,-2.68512,-0.401742,1.31943,2.11221,1.35964,2.10502,1.79763,0.163713,-0.51337,-0.951812,-1.49737,-1.03034,-0.32564,0.535929,1.2264,1.69856,2.33143,2.93335,3.2013,3.30149,2.95147,2.88171,2.69694,2.62471,2.73948,2.62686,2.92376,3.12539
1.54579,1.64634,1.34908,1.31207,1.04369,0.337548,-0.0300778,0.00227867,1.65118,0.867091,0.43531,0.359635,0.48173,0.625791,0.90228,1.07373,1.65746,2.30876,1.78612,0.0470202,0.206699,1.8892,1.73496,-0.675416,-2.87024,-3.53668,-3.03868,-2.26075,-1.74461,-2.92316,-3.62746,-4.02206,-3.74696,-3.55281,-4.2328,-4.63646,-5.78272,-4.70068,-2.32943,0.267496,0.328005,0.800269,1.91461,1.23134,0.930455,-0.501154,-1.66959,-1.81589,-1.33171,0.0853473,0.918147,1.88408,2.58185,2.89778,2.87458,2.30774,1.83014,1.78185,1.87418,1.88377,2.00613,2.27597,2.57893,2.82066
1.86174,1.7027,1.9455,2.11134,1.74683,0.512681,0.19378,-0.0144187,1.23609,0.786746,0.864694,0.624782,0.239903,0.30029,0.833743,0.609888,1.43183,2.04584,1.46551,0.56891,-0.0903777,0.606711,0.51278,-1.01224,-2.77922,-2.84886,-2.53654,-3.37221,-3.67261,-4.02076,-4.86103,-4.85621,-4.73166,-4.54969,-4.71155,-4.92456,-5.48136,-6.51406,-5.09289,-4.08705,-1.77548,-2.32655,-2.47904,-1.18919,-0.249978,-1.04291,-1.08918,-0.742906,-0.774986,-0.355647,0.17042,0.917681,1.14882,0.934744,0.653814,0.298339,0.271152,0.564002,0.769437,0.894221,1.17174,1.54878,1.82165,1.92206
1.60079,1.67857,1.91577,1.5467,1.10745,0.539958,-0.317114,0.35673,0.985919,1.29432,0.880709,1.21848,2.01094,1.96655,0.801148,-0.613022,-0.526512,-0.221251,0.094091,0.831389,0.699409,-0.0470953,-0.498145,-2.18635,-2.36685,-1.65395,-0.925142,-2.66185,-3.83174,-4.32315,-4.23098,-4.69955,-4.91637,-4.82017,-4.70135,-4.94482,-5.31504,-5.39568,-4.79738,-5.03001,-4.80447,-3.69345,-3.7866,-3.10825,-2.32652,-1.28239,-0.29142,0.0883864,0.107699,-0.235519,-0.154689,0.138089,-0.201415,-0.82274,-0.950984,-0.548901,-0.242117,-0.131387,-0.0818694,0.0222648,0.260007,0.54733,0.833038,1.04
1.5432,0.993624,0.901088,0.728722,0.593968,0.334124,0.457113,0.645717,0.484074,-0.470357,0.561225,0.155498,1.10245,1.16503,-0.20952,-0.598568,-0.132335,-0.0173132,-0.384985,0.696196,1.24393,1.04206,0.045615,-0.714105,-0.395295,-0.761038,-0.921524,-1.22303,-0.530135,-1.7457,-3.17877,-4.22356,-3.90166,-3.7669,-3.91963,-3.50264,-3.42729,-5.09698,-4.92097,-4.91315,-5.15011,-4.91905,-4.26805,-3.76727,-2.85125,-2.04096,-1.73041,-1.4867,-0.755203,0.147633,-0.0555948,0.0635311,-0.437228,-1.03585,-1.24913,-0.863832,-0.47544,-0.39192,-0.426912,-0.445797,-0.188862,0.201974,0.599344,1.10687
1.83405,0.795573,1.02752,1.51162,2.55778,2.3224,1.84914,0.334682,0.114088,-1.19033,-0.0411064,-1.71022,-1.30301,-1.55158,-1.404,-0.452647,0.528644,0.789119,-0.0827012,-0.776977,0.540629,2.39388,2.06556,1.5998,1.17468,0.369901,-1.20984,-0.86009,0.936777,0.796735,-1.12517,-3.41207,-3.6403,-2.48831,-2.12464,-2.19186,-3.46605,-3.29235,-4.13486,-5.42757,-6.51887,-5.7436,-5.53701,-5.26093,-4.15085,-2.86262,-3.82217,-3.57403,-2.55832,-1.37289,-0.492551,-0.770809,-0.889969,-1.65242,-1.52692,-1.82304,-1.38418,-0.776516,-0.68582,-0.673043,-0.41399,0.124267,0.646574,1.20514
3.15852,3.34265,3.56968,3.9172,4.00615,3.63247,2.5217,0.626461,0.050744,-1.40528,-0.835731,-2.06352,-3.32755,-3.64274,-3.62948,-3.04297,-1.86278,-0.246474,0.108249,-1.21244,-1.40903,0.9395,2.40515,2.02983,1.24414,0.652606,-0.231734,-1.25947,-0.540044,0.0550228,0.0483163,-1.91339,-2.57911,-3.00063,-2.64131,-3.65534,-3.83649,-2.55791,-3.4247,-4.14283,-4.87535,-5.12126,-4.82787,-4.73995,-5.56873,-6.16079,-5.7406,-4.75233,-3.47654,-2.69919,-1.84353,-1.52727,-0.84371,-1.45592,-2.01964,-1.15834,-1.71133,-1.02102,-0.670227,-0.853932,-1.01448,-0.767137,-0.119029,0.130578
2.70382,4.4466,3.36317,2.34722,1.9752,2.60403,2.84148,2.05455,1.58435,1.66538,1.15612,-0.148269,-0.914822,-2.0578,-2.67702,-2.83572,-2.43871,-1.40979,-0.550189,-1.23346,-2.49133,-0.597817,2.3098,1.8904,0.673949,0.11597,0.335869,-0.0341581,-1.68976,-2.23895,-1.78476,-3.14976,-3.78999,-3.70252,-3.52839,-2.75477,-3.63214,-4.29838,-3.98523,-3.02572,-2.0023,-1.82151,-1.79751,-1.72558,-3.72547,-4.59173,-3.50895,-1.70961,-0.420012,-1.09606,-2.32963,-1.76391,-0.730314,-1.54281,-1.65614,-1.39053,-0.851765,-0.00606483,0.151426,-0.774572,-1.06719,-1.51345,-1.26259,-1.22325
2.37593,2.78049,0.21549,0.499972,1.31856,1.51492,1.93895,0.873902,0.986353,2.73744,2.89071,2.80042,2.61672,1.90047,2.08209,0.756907,-0.289109,-0.959823,-1.19876,-2.16422,-2.69209,-2.51497,1.67054,2.63075,1.55208,0.299872,-0.00749103,0.271531,-1.339,-2.76145,-3.20312,-3.71859,-3.35822,-3.01976,-2.42301,-1.92231,-2.18582,-3.91237,-3.987,-2.65155,-0.0752315,1.536,1.97639,2.25953,2.11516,2.14389,2.05876,1.02044,-0.541742,-1.95395,-3.0438,-3.23281,-2.45517,-1.86547,-0.160221,-0.659651,0.430574,0.499622,-0.204174,-1.61888,-1.45609,-0.876806,-0.758235,-0.933594
2.72448,1.03314,0.831338,2.09634,1.57152,2.11819,1.39003,-0.650747,-2.05338,-1.64007,-0.222963,0.826166,1.72308,1.5305,2.23974,0.406068,-0.591666,-1.21077,-2.39658,-2.57652,-1.90153,-2.49176,-0.988382,1.28444,2.3955,0.958405,0.395995,0.87308,0.542011,-1.2992,-1.94243,-2.38972,-1.43623,-0.538734,-1.95288,-3.29575,-1.72325,-1.27003,-1.44465,-1.33244,-0.763229,0.548563,0.626711,1.31819,2.93366,1.71938,-0.849992,-2.38547,-3.12825,-3.05633,-2.74098,-3.591,-3.48389,-0.937633,0.935841,0.715185,-1.94089,-2.08749,-1.26436,-1.76437,-2.25678,-0.724893,-0.636989,-1.81523
1.98217,1.22964,2.19912,2.02105,0.847988,1.51324,1.40586,-0.426653,-2.12814,-3.30766,-2.89064,-2.33652,-1.74595,-1.13877,-0.963796,-2.42989,-2.45261,-1.84627,-2.71168,-2.9191,-2.66515,-2.35179,-2.13632,-0.400763,1.93754,0.831497,-0.4507,-0.0165179,1.04783,0.778184,-0.0416365,-0.57462,0.0708779,0.137397,-0.169289,0.00389017,-0.59624,-1.28404,-0.347498,1.15911,1.77755,1.31786,0.201892,-0.125315,0.163366,-0.667311,-2.07803,-1.57925,-0.316624,-0.868511,-1.21171,-1.2837,-3.65344,-3.97781,-2.87452,-2.2664,-3.19451,-3.6445,-1.78689,-1.42528,-2.37438,-2.652,-2.835,-1.98441
1.1574,2.66827,2.21449,1.86971,2.35179,1.50423,1.2662,0.435492,0.42628,-0.78374,-2.87902,-3.64114,-4.01942,-3.63621,-3.83299,-3.66734,-2.67317,-1.9011,-0.993165,-1.37815,-2.24603,-2.59622,-1.97393,-1.25684,0.921995,-0.0191336,-1.94379,-2.41249,-0.584841,1.56614,2.5322,1.86778,-0.0611696,-0.693472,0.524934,1.07386,-1.20865,-2.37533,-0.661479,0.645318,2.04675,1.9562,0.695497,-1.54531,-3.00263,-1.76609,-2.75001,-2.84587,-1.97668,-4.33547,-3.58159,-0.562331,-1.65212,-4.54224,-4.06139,-2.47892,-0.528092,-3.09359,-4.02606,-3.2729,-0.29574,-0.208678,-2.21648,-1.9833
2.45468,2.6319,1.66336,2.01448,2.69522,2.18042,2.54885,1.96818,2.89929,2.33366,0.316415,-2.2095,-3.23251,-3.68791,-3.49913,-2.17163,-1.63894,-2.17486,-1.51261,-0.457781,-0.578571,-0.594165,-1.17199,-0.589011,0.646171,0.290601,-0.03553,0.222065,0.604538,0.741908,1.78892,1.83534,-0.951459,-1.92846,-3.01509,-3.53399,-3.59663,-2.76535,-2.4492,-3.28877,-3.37871,-2.53811,-3.26905,-4.59931,-5.15243,-4.60772,-4.39699,-3.57439,-4.23587,-5.86548,-4.66108,-2.11021,-1.17861,-1.379,-1.03537,-1.29012,0.0332666,-1.51809,-3.73586,-2.76067,-0.528208,-2.08712,-1.93925,-1.02319
2.30651,0.974582,1.88769,2.08723,2.05692,2.56817,1.98726,1.01962,2.19365,2.34491,1.57866,-0.128232,-0.809747,0.0657257,0.215931,-0.288776,-1.18412,-2.91825,-2.96714,-3.25368,-3.54087,-3.37075,-3.03148,-0.6534,0.0699113,0.617181,0.904819,1.37003,0.989186,0.434896,-0.0117464,-0.488013,-2.10715,-2.37189,-2.96772,-3.51513,-3.31305,-2.95863,-3.79705,-5.35728,-5.0392,-4.81506,-3.75039,-3.64118,-4.50155,-4.31832,-2.63963,-1.05112,-3.15944,-3.23345,-2.0128,-3.38266,-3.88794,-3.97539,-3.54089,-3.97562,-3.60959,0.156732,0.898616,-2.22498,-3.82482,-4.01271,-0.989437,0.651256
0.479775,1.14201,2.30641,2.52512,3.26658,3.19605,1.10913,0.590603,0.5141,0.0807686,-0.243795,-0.730029,-1.29463,0.391316,1.41819,0.268393,-2.34891,-4.14371,-4.67458,-5.69723,-7.0704,-6.93077,-6.73112,-5.60743,-3.63794,-1.17831,-1.51377,-2.19949,-1.11994,-0.36946,0.524172,-0.0714318,-2.76124,-3.97167,-3.52604,-1.94072,-0.721083,-3.17047,-5.12584,-5.03176,-3.36645,-2.19948,-0.695849,-0.154413,-2.01451,-2.50012,-1.21061,-1.91591,-4.42455,-4.31476,-3.44623,-5.62211,-5.87871,-5.17544,-4.0737,-3.01214,-2.54348,0.0577319,0.767446,-3.69507,-2.51327,0.272683,0.813962,-1.19336
0.614655,2.01526,1.86401,2.24816,3.26395,2.60235,0.628512,0.0836347,-1.16853,-1.69581,-2.46085,-3.06183,-3.68727,-2.68909,-0.614648,-2.85461,-4.42746,-5.14216,-5.60189,-5.58641,-5.54282,-5.90604,-5.47286,-4.88082,-4.039,-2.42753,-1.67728,-3.42956,-2.96921,-1.44543,-0.592693,0.868596,-0.82843,-3.53362,-4.593,-4.08927,-1.38536,-1.82632,-3.85954,-3.36916,-1.43311,0.164229,0.0434734,-0.613945,-2.72166,-3.22581,-2.61075,-3.39727,-5.25378,-6.07287,-6.28954,-5.88146,-4.53939,-2.66156,-1.96599,-1.04986,0.465321,-2.36594,-3.75273,-2.61097,0.505685,2.092,-0.265553,-3.5899
