uploads/wind/20200722/wind_field_08.json
{"header": {"parameterUnit": "m.s-1", "parameterNumber": 2, "dx": 0.051, "dy": 0.036, "parameterNumberName": "eastward_wind", "la1": 45.3082, "parameterCategory": 2,"nx": 177, "ny": 123, "refTime": "2018-09-30 00:00:00", "lo1":1.38177}, "data":
[rows 0 to 27 of 123, columns 0 to 63 of 177]
-2.22241,-2.18954,-2.18897,-2.2658,-2.46428,-2.67678,-2.82289,-2.92132,-2.99701,-3.04468,-3.08491,-3.09419,-3.043,-2.94786,-2.82478,-2.69615,-2.56114,-2.46171,-2.4416,-2.48979,-2.55134,-2.59107,-2.60374,-2.6045,-2.61253,-2.6113,-2.60276,-2.558,-2.44792,-2.32628,-2.23219,-2.16531,-2.11322,-2.05957,-2.00626,-1.96178,-1.93785,-1.92816,-1.91922,-1.90473,-1.88223,-1.85498,-1.83421,-1.82143,-1.8289,-1.86911,-1.94435,-2.03513,-2.11759,-2.18906,-2.25833,-2.33439,-2.41439,-2.4833,-2.52531,-2.54183,-2.54475,-2.54532,-2.5421,-2.53386,-2.51597,-2.48615,-2.45064,-2.41519
-2.42005,-2.66778,-2.68889,-2.51553,-2.52417,-2.73718,-2.88212,-3.19697,-3.47145,-3.2787,-3.05943,-3.06253,-3.03485,-2.98077,-3.05431,-3.06225,-2.73408,-2.60739,-2.70625,-2.55711,-2.43033,-2.4678,-2.50036,-2.52736,-2.54243,-2.54002,-2.5364,-2.48305,-2.36299,-2.24182,-2.14839,-2.08053,-2.02751,-1.97214,-1.91726,-1.87259,-1.85551,-1.85713,-1.85423,-1.83939,-1.81547,-1.79069,-1.76462,-1.72733,-1.70414,-1.71643,-1.76686,-1.84157,-1.91435,-1.98699,-2.06539,-2.14903,-2.2335,-2.3065,-2.355,-2.38307,-2.39684,-2.4041,-2.40967,-2.41409,-2.41058,-2.39223,-2.36604,-2.33458
-2.61337,-2.85218,-2.47721,-2.27924,-2.47762,-2.69177,-2.80202,-2.89749,-3.26432,-3.52356,-3.2545,-3.02358,-3.00772,-2.94115,-2.84419,-2.70714,-2.5135,-2.36131,-2.2933,-2.25237,-2.25418,-2.3077,-2.38287,-2.45216,-2.48476,-2.48924,-2.48004,-2.41188,-2.28361,-2.15955,-2.06142,-1.98862,-1.93062,-1.87188,-1.8165,-1.77626,-1.762,-1.76593,-1.77339,-1.76879,-1.7571,-1.741,-1.70112,-1.63712,-1.58945,-1.58072,-1.61257,-1.66622,-1.72354,-1.79348,-1.87245,-1.95259,-2.02904,-2.09653,-2.15111,-2.19002,-2.21969,-2.24533,-2.26389,-2.2799,-2.28739,-2.27847,-2.25826,-2.22521
-2.46451,-2.45424,-2.19466,-2.2192,-2.35881,-2.51213,-2.6558,-2.79102,-2.91406,-2.98307,-2.99765,-2.99537,-2.96608,-2.89903,-2.79627,-2.65729,-2.49137,-2.32524,-2.18066,-2.06121,-2.01978,-2.10083,-2.26783,-2.42062,-2.48559,-2.49062,-2.45083,-2.3554,-2.22412,-2.0917,-1.97634,-1.88676,-1.81529,-1.74907,-1.69102,-1.65048,-1.63679,-1.64631,-1.66924,-1.69292,-1.70946,-1.70679,-1.66398,-1.58495,-1.51157,-1.47617,-1.47988,-1.50436,-1.54738,-1.6138,-1.68551,-1.75157,-1.81325,-1.87064,-1.92173,-1.96346,-2.00116,-2.0402,-2.07409,-2.10815,-2.13895,-2.15174,-2.1446,-2.10271
-2.35139,-2.35286,-2.14178,-2.25409,-2.35498,-2.42,-2.60542,-2.77272,-2.90966,-2.98467,-2.98943,-2.95264,-2.90664,-2.85059,-2.76373,-2.64905,-2.50422,-2.30575,-2.06059,-1.862,-1.83416,-1.98755,-2.19493,-2.35051,-2.4378,-2.44237,-2.36832,-2.25665,-2.13639,-2.01198,-1.89472,-1.80167,-1.72963,-1.67369,-1.62861,-1.59011,-1.56815,-1.56753,-1.59569,-1.65138,-1.69462,-1.67731,-1.60407,-1.51252,-1.43062,-1.37889,-1.36198,-1.37929,-1.42611,-1.48409,-1.53111,-1.56631,-1.60877,-1.6702,-1.73352,-1.78413,-1.82407,-1.86246,-1.90408,-1.95218,-2.00203,-2.03302,-2.01542,-1.93627
-2.14241,-2.36503,-2.17055,-1.80192,-1.82577,-2.01079,-2.21598,-2.41064,-2.56334,-2.69256,-2.75976,-2.76483,-2.74128,-2.70568,-2.64589,-2.55871,-2.44932,-2.29795,-2.08799,-1.85764,-1.73363,-1.80917,-1.98376,-2.12071,-2.20832,-2.25755,-2.2405,-2.15662,-2.04116,-1.92295,-1.81435,-1.72374,-1.6474,-1.5768,-1.51831,-1.48073,-1.4719,-1.49179,-1.52997,-1.56635,-1.58154,-1.5636,-1.51595,-1.45106,-1.382,-1.32509,-1.29222,-1.28346,-1.29872,-1.32886,-1.35735,-1.38022,-1.40646,-1.45451,-1.51145,-1.54817,-1.56831,-1.5975,-1.64419,-1.70944,-1.78894,-1.86095,-1.88406,-1.83236
-1.73224,-1.75059,-1.81803,-1.71048,-1.58293,-1.66825,-1.94718,-2.18731,-2.31582,-2.40059,-2.44816,-2.47069,-2.48263,-2.48456,-2.46805,-2.41608,-2.32872,-2.21816,-2.07828,-1.90454,-1.74354,-1.70736,-1.79926,-1.88634,-1.91975,-1.95181,-1.99686,-1.99718,-1.9308,-1.84776,-1.79001,-1.73936,-1.67349,-1.59844,-1.52774,-1.48986,-1.48861,-1.50139,-1.50812,-1.4975,-1.46033,-1.41362,-1.39712,-1.4033,-1.39671,-1.36329,-1.30996,-1.2563,-1.22022,-1.19927,-1.19124,-1.19785,-1.21629,-1.25826,-1.32317,-1.37422,-1.37956,-1.35897,-1.35555,-1.41172,-1.52285,-1.63927,-1.70308,-1.69605
-1.62722,-1.6908,-1.72249,-1.86738,-1.78159,-1.59172,-1.68827,-1.91656,-2.09719,-2.18436,-2.21055,-2.21857,-2.23258,-2.26649,-2.29076,-2.27854,-2.22572,-2.14168,-2.03747,-1.91419,-1.7751,-1.67032,-1.65809,-1.67794,-1.66034,-1.62513,-1.6373,-1.69596,-1.72592,-1.7159,-1.71456,-1.71919,-1.70458,-1.66673,-1.62877,-1.60473,-1.5857,-1.57842,-1.54616,-1.47824,-1.39796,-1.35127,-1.38339,-1.4298,-1.4354,-1.3956,-1.3094,-1.21449,-1.15163,-1.11604,-1.10111,-1.10108,-1.10131,-1.11217,-1.15075,-1.21757,-1.2734,-1.27161,-1.22689,-1.21111,-1.27462,-1.37097,-1.43028,-1.44989
-1.38562,-1.47327,-1.572,-1.92046,-2.0241,-1.81165,-1.72828,-1.7883,-1.92246,-2.03325,-2.08614,-2.10214,-2.11021,-2.13783,-2.16353,-2.14671,-2.08716,-2.00025,-1.91083,-1.83629,-1.75581,-1.67945,-1.62954,-1.57303,-1.49102,-1.40179,-1.3292,-1.31539,-1.37208,-1.46526,-1.55828,-1.62371,-1.67272,-1.72268,-1.7414,-1.69377,-1.6425,-1.63096,-1.58533,-1.48902,-1.41449,-1.44304,-1.50944,-1.48813,-1.43206,-1.36295,-1.25507,-1.15289,-1.08135,-1.04851,-1.04804,-1.06163,-1.07968,-1.09365,-1.09976,-1.10845,-1.14197,-1.19204,-1.21601,-1.19816,-1.17446,-1.1847,-1.20543,-1.20109
-1.7267,-1.11429,-1.3018,-1.80387,-2.08082,-1.80239,-1.65121,-1.75164,-1.88935,-1.99883,-2.04512,-2.08945,-2.11883,-2.13489,-2.15281,-2.13141,-2.03849,-1.89765,-1.76063,-1.68349,-1.64576,-1.63444,-1.63668,-1.59294,-1.49121,-1.35385,-1.21467,-1.11363,-1.08266,-1.14355,-1.27268,-1.39273,-1.48519,-1.60918,-1.71782,-1.68129,-1.58888,-1.57565,-1.55076,-1.4762,-1.45396,-1.53352,-1.56478,-1.47932,-1.41017,-1.34042,-1.23545,-1.123,-1.03323,-1.00656,-1.03348,-1.07588,-1.11093,-1.13459,-1.13503,-1.12833,-1.12478,-1.11359,-1.10251,-1.09945,-1.08951,-1.0789,-1.0869,-1.08373
-1.53066,-1.47341,-1.54231,-1.41505,-2.42738,-1.98483,-1.88453,-2.06996,-2.20137,-2.1609,-2.07216,-2.14822,-2.21882,-2.20643,-2.19289,-2.11898,-2.0017,-1.84395,-1.68172,-1.58146,-1.53725,-1.52413,-1.53134,-1.51527,-1.43844,-1.30473,-1.16424,-1.07014,-1.03446,-1.03397,-1.04151,-1.06315,-1.11974,-1.2535,-1.45981,-1.56969,-1.51517,-1.44807,-1.41345,-1.39253,-1.42504,-1.47738,-1.49142,-1.51478,-1.49764,-1.38124,-1.23594,-1.10263,-1.02947,-1.0322,-1.08067,-1.12873,-1.15291,-1.16566,-1.17016,-1.16012,-1.13018,-1.10114,-1.08235,-1.05335,-1.00861,-0.961154,-0.931854,-0.916456
-0.997705,-0.959932,-1.41948,-1.39151,-1.70809,-2.15086,-2.0158,-2.07847,-2.42969,-3.29014,-2.01426,-2.09226,-2.36653,-2.23559,-2.26951,-2.15767,-2.06819,-1.91412,-1.72005,-1.5307,-1.42016,-1.37373,-1.35155,-1.31265,-1.23449,-1.12705,-1.0259,-0.973215,-0.987668,-1.04645,-1.06352,-0.990923,-0.872481,-0.76826,-0.800554,-1.07602,-1.32809,-1.3389,-1.29839,-1.33255,-1.41134,-1.47922,-1.5158,-1.54226,-1.51141,-1.38048,-1.21669,-1.10398,-1.07793,-1.11132,-1.16301,-1.18751,-1.17762,-1.16711,-1.16598,-1.16048,-1.13204,-1.09165,-1.05634,-1.01802,-0.950632,-0.861083,-0.794071,-0.748416
-1.60834,-1.38221,-1.48963,-1.52241,-1.55608,-2.02137,-2.28643,-2.39153,-2.83648,-3.53021,-2.25853,-2.12717,-2.26993,-2.32529,-2.37824,-2.33451,-2.21925,-2.03285,-1.82554,-1.55538,-1.29447,-1.11323,-1.0331,-1.01121,-0.976565,-0.923962,-0.872041,-0.849612,-0.885405,-0.972584,-1.06947,-1.08501,-0.985403,-0.800565,-0.556966,-0.388426,-0.575334,-0.948019,-1.17456,-1.33979,-1.45724,-1.48932,-1.4899,-1.47951,-1.43367,-1.32848,-1.20062,-1.13059,-1.14304,-1.18814,-1.21858,-1.20912,-1.16582,-1.13594,-1.13421,-1.13966,-1.11983,-1.0626,-0.988454,-0.912777,-0.829554,-0.74924,-0.687897,-0.632194
-2.16465,-1.79239,-1.45902,-1.34529,-1.6153,-1.89613,-1.93445,-1.93564,-2.5108,-3.02294,-3.66276,-2.23353,-2.3055,-2.53916,-2.49675,-2.46631,-2.45763,-2.35836,-2.20176,-1.8907,-1.4714,-1.04708,-0.746556,-0.648587,-0.639321,-0.639507,-0.657708,-0.704703,-0.799252,-0.921743,-1.01114,-1.03004,-0.987892,-0.885122,-0.755573,-0.586659,-0.388417,-0.423565,-0.729046,-1.05684,-1.26054,-1.34319,-1.38114,-1.37692,-1.31175,-1.21816,-1.15788,-1.15251,-1.19112,-1.22767,-1.23072,-1.20353,-1.14983,-1.10828,-1.0939,-1.08817,-1.05672,-0.972645,-0.870419,-0.776243,-0.70344,-0.646413,-0.590132,-0.534845
-2.10414,-2.05877,-1.42295,-1.60233,-1.44888,-1.46502,-1.41714,-1.18923,-1.96336,-2.84712,-3.2225,-3.71901,-2.62112,-2.80094,-2.53921,-2.26531,-2.48506,-2.60657,-2.52582,-2.2099,-1.78906,-1.32847,-0.839283,-0.51987,-0.408824,-0.399568,-0.450994,-0.541122,-0.677577,-0.837657,-0.934542,-0.921719,-0.824213,-0.715944,-0.667556,-0.675822,-0.636254,-0.521816,-0.49409,-0.611013,-0.804263,-1.01548,-1.15309,-1.19959,-1.17191,-1.10084,-1.07733,-1.13199,-1.19676,-1.21402,-1.2047,-1.17446,-1.12121,-1.08193,-1.0555,-1.01974,-0.958477,-0.856807,-0.765277,-0.695939,-0.627478,-0.564692,-0.498286,-0.435331
-3.18857,-2.98417,-1.55629,-2.00969,-1.28747,-1.52341,-1.30485,-1.01578,-2.01515,-2.5421,-2.87593,-3.66933,-2.73556,-2.77743,-2.40031,-1.952,-2.0809,-2.45325,-2.46227,-2.19375,-1.84209,-1.5099,-1.10427,-0.766374,-0.570569,-0.434237,-0.392174,-0.462482,-0.594841,-0.705719,-0.727488,-0.671898,-0.580787,-0.498823,-0.495401,-0.553553,-0.585797,-0.527579,-0.42575,-0.402278,-0.513391,-0.717227,-0.868386,-0.917181,-0.936553,-0.939057,-0.963387,-1.04027,-1.11294,-1.1438,-1.15597,-1.1432,-1.10387,-1.05861,-0.993773,-0.921694,-0.86924,-0.827379,-0.810146,-0.792576,-0.689209,-0.50952,-0.356849,-0.264955
-2.06821,-1.9607,-1.87955,-1.8884,-1.97728,-1.85539,-1.80851,-1.74848,-1.78012,-1.81549,-1.84291,-2.12524,-2.68712,-2.93774,-3.12703,-1.65902,-1.50777,-2.00476,-2.3543,-2.20282,-1.78554,-1.33785,-0.963405,-0.779873,-0.796793,-0.725475,-0.554973,-0.492366,-0.502675,-0.510787,-0.450492,-0.336374,-0.253945,-0.265691,-0.371173,-0.495972,-0.515628,-0.385445,-0.271791,-0.325879,-0.46171,-0.565346,-0.612915,-0.610268,-0.618392,-0.672198,-0.76556,-0.861061,-0.924164,-0.997164,-1.08758,-1.13986,-1.12739,-1.05246,-0.93798,-0.846619,-0.818346,-0.826411,-0.83674,-0.827759,-0.75253,-0.556352,-0.302278,-0.128766
-2.32401,-1.92769,-1.61968,-1.70841,-1.5493,-1.60113,-1.69336,-1.70085,-1.57834,-1.38413,-0.968534,-0.776872,-1.50599,-2.32328,-2.72449,-2.34877,-0.87455,-1.35468,-2.35917,-2.63014,-2.25048,-1.46267,-0.678617,-0.228587,-0.333482,-0.680726,-0.747098,-0.640499,-0.441932,-0.274464,-0.168521,-0.106778,-0.117662,-0.243177,-0.394257,-0.451784,-0.36758,-0.194981,-0.114308,-0.202218,-0.333782,-0.414879,-0.423331,-0.378723,-0.360835,-0.406783,-0.511519,-0.618811,-0.692121,-0.797752,-0.962246,-1.11896,-1.17021,-1.0829,-0.933531,-0.821167,-0.778791,-0.77957,-0.774641,-0.715907,-0.620373,-0.493012,-0.317089,-0.177246
-0.970999,-0.775347,-1.70359,-1.17187,-1.04555,-0.933957,-1.4439,-1.68797,-1.47245,-1.13893,-0.614066,-0.275762,-0.924378,-1.84607,-2.13144,-2.04664,-1.779,-1.90037,-1.68572,-2.59789,-3.10711,-2.18673,-0.847804,-0.0473496,0.09688,-0.287495,-0.756581,-0.935613,-0.698396,-0.253732,-0.0145358,-0.086926,-0.259966,-0.421044,-0.443721,-0.335081,-0.15849,0.0236749,0.0853908,0.000515636,-0.11804,-0.200746,-0.228436,-0.218867,-0.227507,-0.269066,-0.328629,-0.39016,-0.465962,-0.590906,-0.779613,-0.99496,-1.12205,-1.0909,-0.972045,-0.855073,-0.779132,-0.741912,-0.697171,-0.604891,-0.483808,-0.375373,-0.300189,-0.276065
-0.376268,-0.316623,-1.41971,-0.977883,-0.599139,-0.457955,-1.03625,-1.80516,-1.97962,-1.61431,-1.12515,-0.853912,-0.967507,-1.16958,-1.54194,-1.78423,-2.09601,-2.12324,-1.74141,-1.87426,-2.99957,-2.13508,-1.10013,-0.138627,-0.246543,-0.755286,-1.32157,-1.5014,-1.26405,-0.776703,-0.420346,-0.379979,-0.439144,-0.398371,-0.25795,-0.116549,0.051481,0.192381,0.202166,0.101639,-0.00206985,-0.0702512,-0.11377,-0.134022,-0.158878,-0.178308,-0.176431,-0.192395,-0.264989,-0.417418,-0.619425,-0.819726,-0.942382,-0.972534,-0.953808,-0.904907,-0.842112,-0.766641,-0.661483,-0.532628,-0.416515,-0.350996,-0.359556,-0.436752
-0.911892,-0.754165,-1.35675,-0.88883,-0.53565,0.115729,-0.223409,-1.37836,-2.09177,-2.10648,-1.78686,-1.796,-1.47388,-1.70787,-1.63707,-2.37863,-2.55929,-2.60453,-2.15734,-2.02291,-1.75946,-1.83434,-1.27414,-0.415447,-0.843162,-1.48207,-1.75275,-1.84298,-1.66792,-1.10508,-0.892473,-0.705377,-0.288798,-0.130765,-0.0752746,0.0360603,0.191849,0.287851,0.163025,0.00281125,-0.0837514,-0.104371,-0.0899249,-0.0343977,0.0120007,0.0434901,0.0627236,0.0409134,-0.0663006,-0.276049,-0.573197,-0.72851,-0.79552,-0.805916,-0.819985,-0.86225,-0.893138,-0.844378,-0.706355,-0.534236,-0.418263,-0.416358,-0.526913,-0.683776
-1.96402,-1.81399,-1.1888,-0.981041,-0.454914,0.350705,0.255145,-0.722198,-1.34774,-1.64096,-1.63664,-1.37958,-1.66998,-2.14557,-2.4154,-2.43007,-2.66873,-3.03167,-3.19188,-2.60557,-2.10927,-1.32555,-0.800692,-0.824199,-1.30249,-2.00927,-2.12072,-2.23186,-1.91058,-1.22876,-0.963833,-0.700984,-0.266021,-0.0442156,0.0596012,0.114161,0.107279,0.0224145,-0.0885333,-0.123096,-0.0589269,0.0412095,0.112333,0.156503,0.181292,0.203837,0.202619,0.145738,0.00457205,-0.216421,-0.531149,-0.752828,-0.786219,-0.7521,-0.7281,-0.771258,-0.852044,-0.857955,-0.741815,-0.585492,-0.514097,-0.593732,-0.768665,-0.926815
-2.41676,-1.84011,-1.26503,-1.26805,-0.499554,0.170569,0.499163,0.479565,-0.0859709,-1.22207,-1.12866,-0.641621,-0.497829,-0.474489,-1.15238,-1.55704,-2.1335,-3.24272,-3.19238,-3.04434,-2.80956,-1.65996,-0.988344,-0.991103,-1.3675,-1.75524,-2.63208,-2.4182,-2.36117,-1.77358,-1.40517,-1.04213,-0.726141,-0.487282,-0.418859,-0.403803,-0.367094,-0.25571,-0.0666365,0.156035,0.357628,0.482054,0.391085,0.303382,0.257764,0.255026,0.231674,0.15103,-0.00267528,-0.234807,-0.557108,-0.801905,-0.841664,-0.782131,-0.726651,-0.746679,-0.807021,-0.816811,-0.737052,-0.648999,-0.674894,-0.818538,-0.963978,-1.04704
-3.64485,-2.81443,-1.03458,-1.47117,-0.469122,0.350885,0.73309,0.92283,0.628033,0.524859,0.373312,-0.294193,0.102412,1.54374,1.27027,0.463416,-0.736542,-2.60097,-2.39838,-2.96005,-3.13156,-2.92813,-1.89704,-1.35748,-1.30748,-1.54652,-1.65249,-2.75337,-2.30364,-2.12303,-1.79182,-1.62866,-1.70667,-1.59068,-1.32347,-0.957086,-0.51415,-0.0432131,0.340822,0.570191,0.690335,0.727933,0.682953,0.520185,0.363591,0.270277,0.193886,0.0931043,-0.0727801,-0.311455,-0.638099,-0.860842,-0.892601,-0.833827,-0.77977,-0.782316,-0.76022,-0.702085,-0.655796,-0.701763,-0.851195,-0.990058,-1.0291,-1.014
-1.89097,-2.04127,-1.53526,-1.4214,-0.514658,0.342674,0.859268,1.31766,0.755627,0.840835,1.52836,0.0445694,-0.647193,0.618722,2.55473,2.95562,0.155973,-2.00767,-1.72196,-2.24683,-3.06609,-2.57528,-2.38748,-1.76186,-1.68263,-1.6371,-1.84359,-2.32042,-2.89453,-1.80896,-1.87896,-1.88608,-2.06478,-1.95884,-1.61279,-1.05321,-0.457448,0.047123,0.43933,0.686148,0.791415,0.782954,0.710438,0.630297,0.526456,0.376542,0.270262,0.099146,-0.135778,-0.386475,-0.697226,-0.8657,-0.899674,-0.878853,-0.846986,-0.783486,-0.660671,-0.541651,-0.54242,-0.71299,-0.929411,-0.999248,-0.930364,-0.859972
-3.38571,-2.67531,-1.1358,-1.54224,-0.531083,-0.0119273,0.6319,1.21414,1.01948,1.51408,1.50824,-0.313047,-0.816638,0.452452,1.93496,2.07772,-0.437762,-2.09749,-2.29812,-2.60263,-2.80433,-2.26146,-2.08701,-1.63666,-1.11602,-0.937649,-2.29766,-2.75582,-2.6679,-2.24294,-1.74346,-1.8083,-1.83412,-1.84058,-1.65914,-1.26663,-0.805072,-0.367227,0.0258317,0.347188,0.5689,0.663257,0.666614,0.656276,0.675482,0.587462,0.426699,0.190556,-0.104399,-0.403236,-0.70237,-0.798619,-0.790059,-0.765454,-0.714912,-0.5917,-0.420419,-0.321962,-0.421282,-0.699661,-0.91144,-0.875201,-0.712779,-0.643471
-2.35521,-2.34235,-0.990151,-1.33332,-0.73195,-0.254494,0.0917321,0.660241,1.08324,1.9324,0.845657,-1.29426,-1.1913,-0.382568,0.170204,0.801638,1.29559,0.011311,-1.85016,-2.86075,-2.5894,-1.89365,-1.70195,-1.46856,0.00309015,0.0223296,-2.65118,-2.84453,-1.93924,-1.93421,-2.01799,-2.07476,-1.46788,-1.8731,-1.78149,-1.4659,-1.08215,-0.715977,-0.42664,-0.146021,0.14412,0.401106,0.600207,0.752828,0.850858,0.833434,0.57056,0.294529,-0.00542506,-0.245657,-0.478785,-0.577158,-0.521579,-0.358337,-0.19022,-0.148042,-0.20978,-0.284841,-0.450351,-0.694636,-0.787637,-0.649691,-0.478998,-0.486692
-2.44593,-1.71126,-0.873487,-1.26258,-0.781433,-0.348686,-0.142257,-0.165371,0.544816,1.52229,-0.255738,-2.05188,-1.62144,-1.42676,-1.47877,-0.102408,1.16966,0.847216,-0.716072,-2.50282,-2.50897,-2.17426,-1.77794,-1.50716,-0.963167,-2.70561,-3.80175,-2.79353,-1.33792,-1.66831,-1.97802,-1.47364,-1.14008,-1.42238,-1.67379,-1.35277,-1.00388,-0.652584,-0.403306,-0.212427,-0.00061619,0.263979,0.59079,0.880976,1.02592,1.0018,0.699348,0.363965,0.0708322,-0.104038,-0.161391,-0.0935512,0.0882398,0.291951,0.249738,-0.117233,-0.393144,-0.447396,-0.509404,-0.583932,-0.533379,-0.366836,-0.277902,-0.362748
