uploads/wind/20200722/wind_field_02.json
{"header": {"parameterUnit": "m.s-1", "parameterNumber": 3, "dx":  0.051, "dy": 0.036, "parameterNumberName": "northward_wind", "la1": 45.3082, "parameterCategory": 2,"nx": 177, "ny": 123, "refTime": "2018-10-03 01:00:00", "lo1":1.38177}, "data":
[rows 58 to 86 of 123, columns 0 to 63 of 177]
1.91236,2.0881,2.19091,2.21822,1.97184,1.82734,1.65362,0.77349,0.272545,0.133979,-0.730587,-1.57621,-1.80606,-0.868013,1.48257,3.03962,2.77487,2.68057,1.95428,0.400774,0.660206,1.16963,0.864979,-0.213739,-1.54763,-1.72956,-1.35493,-0.968164,-1.36287,-1.66359,-2.71779,-2.81035,-1.37056,-0.00222656,0.70387,1.16958,1.51723,1.84036,2.03007,2.2768,2.54184,2.33954,2.59753,2.273,2.41042,2.35574,2.40104,2.52693,2.68233,2.8513,2.9697,3.02016,3.07349,3.20298,3.35741,3.48595,3.55337,3.50846,3.41109,3.30091,3.15175,2.93372,2.71937,2.60317
2.29206,1.70165,1.75821,1.091,1.55998,0.84686,0.813858,-0.0316331,0.243423,-0.223234,-1.09307,-1.35856,-0.908702,0.0698602,1.64799,2.99115,3.43172,2.45182,1.60454,0.241932,0.0179325,0.254604,0.280919,0.260269,-0.410137,-0.251368,-0.696634,-1.54942,-2.50405,-2.43998,-2.29267,-2.50325,-2.42354,-0.518785,0.569449,0.960857,1.38968,1.75411,2.12498,2.2374,2.51489,2.55579,2.51197,2.48301,2.52245,2.50722,2.44608,2.45811,2.53288,2.67971,2.81548,2.88421,2.91757,2.96599,3.06523,3.23482,3.37382,3.37998,3.28591,3.14551,2.96184,2.77792,2.69092,2.75177
1.48981,1.3062,0.863029,0.629855,0.342852,-0.0927721,0.294379,-0.237467,-0.000596005,-0.296062,-0.840214,-1.11335,-1.72091,-1.16784,-0.028181,2.32604,2.38526,1.67387,0.869804,0.236365,-0.0580249,-0.602479,-0.572111,0.530126,0.579856,0.513172,0.16857,-1.3453,-2.68005,-2.68695,-2.69452,-2.33347,-2.56636,-1.47674,0.16811,0.418105,1.23043,1.6707,2.1939,1.89508,1.98494,2.09763,2.13688,2.14837,2.21028,2.2284,2.1871,2.20853,2.28489,2.38168,2.4732,2.5569,2.6302,2.70697,2.84084,2.97372,3.00719,2.92732,2.80848,2.71263,2.65532,2.64934,2.72087,2.84075
1.26134,0.876612,0.588429,0.16119,-0.0330046,-0.518426,-0.100972,0.0113059,0.193266,-0.248192,-0.395877,-0.812381,-1.6193,-1.66704,-1.84234,0.319479,0.917115,1.04393,0.836958,0.684731,0.600783,0.0463948,-0.00564409,0.958307,0.521831,-0.0798539,-0.170793,-1.48623,-2.06531,-2.70812,-2.29015,-1.46572,-2.26377,-2.11507,-1.27268,-0.476333,0.609938,1.16757,1.72445,1.65579,1.0455,1.30554,1.39277,1.50066,1.59023,1.65039,1.69158,1.77383,1.88116,1.97016,2.088,2.2771,2.50692,2.73051,2.90718,2.90008,2.73986,2.56082,2.47809,2.51787,2.62196,2.70758,2.76971,2.78074
0.687672,0.500171,0.218721,-0.209477,-0.523924,-0.693952,-0.149366,0.135086,0.367058,0.0530564,-0.363849,-0.330486,0.485533,0.135906,-0.688491,-0.198275,0.761169,1.26076,2.24195,2.41559,2.33007,2.21441,1.79834,0.451397,-0.670238,-0.878515,-0.98308,-1.89006,-2.3159,-2.51538,-1.47856,-1.98649,-1.67732,-1.83045,-1.88821,-1.62927,-0.247178,0.379446,0.919695,1.24943,0.89142,1.07532,1.05787,1.1558,1.21899,1.28183,1.31809,1.36596,1.45317,1.59823,1.87093,2.24071,2.61744,2.88648,2.96896,2.83741,2.64889,2.56344,2.63581,2.77039,2.87051,2.86439,2.77383,2.63911
0.287451,0.127658,-0.0944521,-0.487533,-0.626505,-0.825072,-0.377039,-0.0691291,-0.211385,-0.318004,-0.460553,0.631371,2.36484,2.62863,2.00092,1.16708,1.74253,2.47072,3.0909,3.006,3.31908,2.76919,2.21177,-0.18093,-1.5652,-1.59104,-2.21742,-2.20912,-2.51381,-2.57906,-2.15603,-2.23567,-1.65497,-1.38647,-1.99456,-2.20913,-1.41713,-0.148805,0.52866,0.911307,1.31034,1.40292,1.38317,1.32482,1.33022,1.36477,1.36174,1.3654,1.4495,1.67144,2.04632,2.46155,2.77646,2.91474,2.87107,2.77106,2.76607,2.89876,3.0648,3.17146,3.15291,3.04483,2.85477,2.61913
-0.131886,-0.282191,-0.401881,-0.618871,-0.54589,-0.942668,-0.721409,-0.422816,-0.552434,-0.469155,0.0986152,1.26645,2.44927,2.56083,1.78,1.33206,1.58285,2.05793,2.53556,2.3568,1.80122,0.983826,0.508037,0.17841,-0.636959,-1.79608,-2.44594,-2.05973,-2.21674,-2.18816,-2.81072,-2.43363,-2.44819,-2.23787,-1.22896,-2.16722,-2.29501,-1.02336,0.289194,0.590394,1.26371,1.73922,1.87747,1.84324,1.79837,1.79866,1.85219,1.93113,2.07266,2.29576,2.57473,2.82057,2.93959,2.92526,2.85573,2.87589,3.03816,3.26279,3.44988,3.49036,3.40132,3.23344,3.00815,2.69154
-0.420645,-0.560671,-0.684595,-0.654593,-0.840592,-0.327589,-0.02588,-0.022062,0.0159645,0.55971,0.69404,0.988459,1.69924,0.706134,0.218179,0.601716,0.761321,1.13325,0.174737,-0.136786,-0.820565,-0.224348,-0.343414,0.521257,-0.00164187,-0.76879,-1.88245,-2.10871,-2.16189,-2.4303,-2.46711,-2.60325,-2.60182,-2.72712,-1.27531,-1.39771,-2.50153,-2.86778,-0.637363,0.058316,0.443866,1.42753,1.92051,2.33807,2.3604,2.40502,2.50175,2.64086,2.78037,2.91859,3.0487,3.13094,3.1321,3.08399,3.06156,3.16174,3.35249,3.55637,3.65708,3.67212,3.60022,3.49443,3.23905,2.70187
-0.469132,-0.665679,-0.798861,-0.591603,-0.718318,0.379839,1.01315,0.957857,0.808841,1.61961,0.800918,1.14007,0.887552,-0.341576,-1.02519,-0.919101,-0.398418,-0.296751,-1.4566,-1.33203,-1.13711,-0.719583,-2.56796,-0.861122,-1.70734,-0.626478,-0.852531,-1.93601,-2.90453,-3.16289,-2.95096,-2.90579,-2.80042,-1.43894,-1.77395,-2.11847,-1.58629,-2.92304,-1.43129,-0.570248,-0.150865,0.510167,1.03783,2.06316,2.51513,2.78448,2.82923,2.91067,3.0565,3.20377,3.30386,3.35715,3.35448,3.3222,3.36502,3.50053,3.66406,3.75994,3.84389,3.8474,3.77441,3.52063,3.21835,2.61868
-0.211772,-0.496152,-0.540502,-0.457884,-0.307369,0.316876,1.16317,1.52902,1.61832,2.58826,1.80299,2.05299,0.205987,-1.65084,-2.70719,-3.08759,-2.26302,-2.13368,-2.99221,-3.43744,-3.93453,-4.1394,-4.50881,-4.14206,-4.16216,-2.87481,-2.40064,-3.01965,-3.11556,-3.42435,-3.53612,-3.53623,-2.64625,-1.42278,-1.70994,-2.13767,-2.84358,-2.67079,-1.96308,-1.52381,-1.2369,-0.65347,-0.608563,0.413706,0.982572,2.19073,2.59576,2.96069,3.14758,3.25249,3.33604,3.38075,3.39613,3.46749,3.58892,3.70477,3.76193,3.79498,3.75599,3.68958,3.56202,3.16941,2.5552,1.85514
0.188261,-0.0565196,-0.168924,-0.187809,-0.136383,0.127737,0.800816,1.52264,2.58507,3.54008,2.75005,0.554537,-0.998405,-1.30787,-1.5259,-1.66633,-1.93511,-1.83885,-2.44404,-2.76782,-3.00956,-3.68676,-4.43589,-4.35604,-4.70638,-4.90891,-4.81505,-3.57082,-2.71683,-2.72366,-3.18517,-2.78313,-2.53903,-2.26439,-2.09848,-2.45097,-2.89619,-2.67826,-2.58622,-1.49447,-2.32202,-1.46573,-1.24893,-1.11092,-1.06191,0.00903747,0.0825138,0.774233,1.72992,2.29303,2.57463,2.82123,3.04779,3.16056,3.22447,3.23341,3.11232,2.85231,2.84828,2.74962,2.60865,1.79962,1.65753,0.948121
0.455326,0.320368,0.194228,0.121787,0.0729879,0.410749,0.892178,1.56094,3.39482,4.98822,5.55078,4.63988,3.07812,2.08383,1.20123,1.49483,2.79144,2.98509,3.10399,3.00493,2.61566,1.25941,-1.35788,-2.3474,-2.1354,-3.20409,-4.20666,-4.57318,-3.64285,-2.3045,-1.93926,-2.34534,-2.55834,-2.64741,-2.73139,-2.70392,-2.75891,-2.48428,-2.06622,-2.42852,-2.64716,-1.39806,-0.891788,-1.22244,-1.53933,-1.56365,-2.18363,-2.13486,-1.61073,-0.778902,-0.393641,-0.0444089,0.654129,1.26649,1.8376,1.77805,0.999391,0.32935,1.25884,1.84456,1.82765,1.5704,0.948922,0.876191
0.839553,0.701488,0.541539,0.391295,0.374083,0.83349,1.2464,2.01264,3.58795,5.92219,6.36921,6.05686,6.83216,7.02593,6.14693,6.18675,6.70197,6.05936,5.75659,5.33233,3.93226,1.91962,-0.64938,-0.68028,-0.174438,-0.198806,-1.61401,-3.18915,-3.4545,-2.58551,-2.54816,-2.99615,-3.26245,-3.48434,-3.30153,-2.89476,-2.66452,-2.46801,-1.32105,-2.41752,-2.30763,-2.5401,-1.65136,-0.816576,-0.393232,-1.13458,-2.23498,-2.62612,-2.64357,-2.50905,-2.72019,-2.73032,-1.9025,-1.70925,-1.21971,-0.388349,-1.43759,-1.81423,-0.666242,0.426097,0.810891,1.4353,0.811507,1.10113
1.02394,1.00551,0.841138,0.655779,0.592849,0.979014,1.38492,2.0743,2.95393,4.91,2.99608,0.135213,0.0901628,2.55958,4.84884,5.88017,5.45134,4.16718,3.54754,2.31493,0.899108,0.284132,-1.10886,-3.21317,-3.84373,-3.21067,-1.45318,-0.596925,-1.18219,-2.26387,-3.5867,-3.97344,-3.70351,-3.57206,-3.20914,-2.97938,-2.76822,-2.84613,-1.73739,-2.27187,-1.29823,-2.069,-2.51475,-1.88859,-1.26901,-1.95434,-2.01463,-2.32724,-1.83616,-1.87625,-2.83686,-2.14715,-2.07299,-1.99516,-2.15109,-2.26384,-2.10134,-2.35944,-2.07348,-1.84684,-0.781191,-0.00989065,0.147204,0.111167
1.18327,1.10972,1.05501,0.901885,0.839884,1.05616,1.37685,1.71833,2.24743,3.39717,2.96191,-0.107377,-1.88281,-2.27378,-2.22927,-0.91168,1.53466,2.44157,1.87131,0.346016,-0.929646,0.08352,0.819558,0.11677,-2.11642,-4.15051,-4.00287,-2.01649,-1.56512,-2.58853,-3.00449,-1.82861,-2.02825,-2.81187,-2.75411,-2.54527,-2.52466,-2.69304,-2.54842,-2.20562,-0.428612,0.0447549,-0.868443,-1.7101,-2.67835,-1.76864,-1.40043,-2.05274,-1.96347,-1.98353,-2.46275,-2.72445,-1.6146,-1.73374,-1.32789,-1.50643,-1.77265,-1.51138,-1.43792,-1.73026,-1.70549,-1.32859,-0.652444,-0.340961
1.0435,1.13075,1.15924,1.03733,1.04106,1.13705,1.293,1.54655,1.92143,2.84766,3.06523,2.37666,0.994927,-2.4779,-2.99148,-2.94418,0.827638,1.96452,2.79904,2.11068,0.941001,-0.184083,0.463012,1.94892,2.09067,1.54881,-2.80101,-4.20513,-4.69629,-4.42821,-2.95116,-0.666668,-0.193509,-1.6913,-2.1037,-1.31816,-1.60428,-1.69817,-1.60968,-1.39518,-0.432039,0.941649,0.758054,-0.842457,-2.74893,-1.52653,-1.39337,-1.72328,-1.68767,-1.65284,-2.6942,-2.12421,-2.59541,-1.83721,-1.2668,-2.35461,-2.09221,-1.07508,-0.826503,-0.480054,-0.13226,0.00709113,0.0567035,-0.0462434
1.05467,1.10745,1.18666,1.06254,1.08774,1.15119,1.25615,1.60013,2.01638,3.13673,4.20482,4.23678,0.841794,-3.50128,-3.59477,-2.53905,-0.102872,1.37755,2.95802,3.58882,2.35401,-0.196965,-2.32478,-3.00159,-1.91277,1.87411,1.42122,-1.66318,-3.06434,-2.18722,-1.1414,-1.5834,-1.35104,-0.735063,-1.20606,-2.10396,-1.24739,-0.486973,-0.368912,-0.242353,-0.00706772,-0.0729653,0.0910603,-0.827568,-2.03282,-0.829056,-1.26691,-1.30645,-1.6133,-1.58302,-1.60978,-2.09116,-1.62408,-1.60817,-1.46858,-2.3108,-2.07221,-0.905643,-0.231064,0.127515,0.397937,0.233704,0.396938,0.261344
0.731762,0.716288,1.08792,1.0268,1.0336,1.09529,1.24558,1.72269,2.0716,3.0397,3.80647,2.58628,-0.850513,-3.0296,-3.62271,-3.04802,-1.66466,2.18592,3.01503,2.80322,2.09354,0.685353,-0.824424,-2.14707,-3.03558,-1.85243,1.86075,3.03804,2.79988,2.00262,-0.471046,-2.31366,-1.96865,-0.9205,-0.851405,-1.33378,-0.750598,-0.639474,-0.201399,-0.286316,-0.437838,-0.914682,-1.15975,-1.99566,-2.03627,-1.26391,-1.008,-1.22234,-1.19228,-1.22058,-1.53503,-1.44063,-1.38533,-1.23069,-0.734466,-0.842831,-0.988961,-0.820026,-0.209049,0.395428,0.199201,-0.246458,0.153689,-0.299599
0.287492,0.452565,0.812612,0.868542,1.00759,1.00693,1.1596,1.44203,1.4332,1.77666,1.52838,0.0537191,-1.17919,-1.71013,-2.91984,-3.3577,-2.26535,1.37177,3.70713,3.15872,3.72859,4.26887,4.02304,2.97241,2.59203,1.18681,1.26004,3.33279,4.50743,2.85259,-1.11373,-0.985089,-0.209732,-1.14444,-0.571536,0.190981,-0.703524,-1.87105,-2.13449,-2.48041,-2.4476,-1.85337,-1.10727,-0.866127,-1.16446,-1.31227,-0.988803,-1.07631,-1.42461,-1.37959,-1.0278,-1.17571,-1.02277,-1.07907,-0.500274,-0.174715,0.199522,0.274358,0.273152,-0.114959,-0.379075,-0.766344,-0.509029,-1.04677
-0.0901689,0.188347,0.464665,0.646676,0.879854,0.826082,0.865571,0.999993,1.00482,1.16033,1.07108,0.588974,0.264304,-0.228733,-1.94368,-3.22926,-2.21611,-1.18037,0.661583,1.29133,2.47687,4.08179,5.61374,6.56843,5.85211,4.32752,2.61708,2.85501,4.49515,4.70158,3.47067,3.16202,1.71185,-0.676605,-0.537901,-0.401491,-0.894633,-1.81393,-2.57049,-2.76228,-2.54587,-2.37112,-0.508686,0.484652,0.323221,-0.047351,-0.797221,-0.391193,-0.728032,-1.0802,-0.955389,-0.892158,-0.499035,-1.05094,-0.469027,0.116479,0.728448,1.31842,0.587321,-0.336311,-0.733566,-0.971265,-0.528009,-0.741486
-0.183351,0.0937341,0.264322,0.488133,0.666582,0.724274,0.63339,0.872904,1.34204,1.79181,1.8328,1.69728,1.37688,0.534042,-0.962061,-1.53338,-2.33039,-2.20505,-0.656117,-0.647116,-1.12651,-1.36925,0.66971,3.56824,4.92662,4.97958,4.69256,4.97602,5.17496,4.99309,5.42161,4.39601,1.20796,0.652524,-0.160999,-1.93701,-1.31806,-2.48408,-2.29791,-1.24292,-0.903242,-1.50115,-0.299635,1.69239,1.63607,0.87432,0.165477,0.00981411,-0.0312906,-0.19243,-0.404335,-0.64791,-0.437577,-1.12443,-0.961534,-0.430926,0.244573,1.23394,0.676379,0.247355,-0.302288,-0.50555,-0.458636,-0.261043
-0.0524959,0.125518,0.242853,0.411427,0.540007,0.71553,0.745263,0.944346,1.3096,1.58175,1.61258,1.46308,1.16481,0.435545,-1.07605,-2.36288,-2.12966,-2.68157,-1.08957,0.132449,-1.00741,-2.10464,-1.64524,0.0388426,1.28193,3.95634,6.25525,5.78225,3.33369,1.01621,2.37261,2.69729,0.720596,2.00846,1.91608,-0.387163,-1.64425,-1.89082,-1.21603,-0.0194338,0.603811,-0.47005,-1.10331,0.33852,1.50532,0.945916,0.505219,-0.226888,-0.662001,0.00314219,0.130761,-0.514001,-0.677559,-0.501968,-0.849891,-0.825888,-0.672879,-0.0131093,0.14408,0.298048,0.446059,-0.173475,-0.562022,-1.41358
0.070486,0.157498,0.279959,0.461678,0.551818,0.804274,1.16605,1.32447,1.30128,1.38238,1.65512,1.83059,1.39639,0.681482,-0.440098,-2.55604,-2.78934,-2.32612,-2.84227,-0.918678,0.45675,0.423407,0.743138,0.258636,-0.672506,-0.185224,2.27858,2.03193,0.47589,-0.719426,0.112073,1.58899,0.886093,1.02378,2.12177,1.4098,0.29228,0.330137,0.0244342,0.113324,0.397664,-0.557255,-1.15481,-0.566259,0.809855,1.36118,0.852915,0.0838213,-0.776855,-0.554603,-0.0593281,-0.589723,-0.379129,0.235891,0.467829,-0.0090854,-0.83695,-1.08893,-0.651699,-0.103655,-0.0802914,-1.14845,-1.15565,-1.71315
0.0122868,0.138469,0.31137,0.580861,0.81938,1.05354,1.44079,1.94399,2.17325,2.25614,2.35529,2.4584,2.07997,1.18139,-0.610356,-2.49125,-2.06395,-0.771228,-1.37635,-0.535986,1.49449,2.3365,1.87381,-1.05812,-2.30761,-2.2346,-0.959192,0.877972,1.04924,0.226844,-0.288714,0.330618,-0.195903,-0.360882,1.59568,1.9474,0.471751,0.46307,-0.434559,-2.07195,-2.33236,-1.4014,-0.725996,-0.838537,-0.0154174,1.42629,1.89865,1.46552,0.731802,0.677156,0.110896,-0.208992,0.636067,0.898313,1.84673,1.55082,0.0578551,-0.730534,-1.17901,-0.966919,-1.10703,-2.15617,-2.44858,-2.53719
-0.150437,0.0669775,0.306617,0.77094,1.18479,1.24737,1.45049,1.79537,2.4463,2.47064,2.31247,2.45147,2.21679,0.752859,-1.55211,-1.8368,0.160413,2.0354,2.55895,1.5273,2.25486,2.43261,-0.178013,-1.76685,-0.77639,-1.1036,-1.1511,0.564006,1.86904,2.37412,1.02875,-0.462521,-1.28849,-1.31923,0.0933946,2.30862,1.39544,-0.548216,-1.46066,-1.61612,-1.74335,-0.389964,0.291834,-0.308446,-1.2484,-0.792764,-0.118242,0.798242,2.07956,1.7742,0.774086,0.548986,1.27363,0.930047,1.05735,1.34344,0.988575,0.345527,-0.621004,-1.57055,-2.09921,-2.86055,-3.16072,-2.7015
-0.252595,0.048171,0.475803,1.13106,1.52223,1.48886,1.51953,1.45048,1.32776,1.18075,0.941592,0.706527,1.03594,-0.231827,-1.33156,-0.226393,1.69954,2.27359,2.60503,2.57318,1.86302,0.450976,-0.977687,-0.580817,0.38012,-0.37623,-1.18432,-0.815012,-0.626249,1.5238,2.48348,1.88861,1.36519,-0.490254,-1.09725,0.503194,2.33377,1.82083,-0.133876,-1.16452,-0.411783,0.800984,1.37804,0.0852264,-2.01538,-2.66094,-2.22846,-1.17825,-0.259575,0.233212,0.727465,0.681276,0.944263,0.311241,0.184237,0.31162,0.497501,0.163677,-0.635308,-1.37911,-2.7655,-3.51671,-2.60475,-1.73185
0.080988,0.364486,0.855581,1.49554,2.06211,1.97044,2.05125,2.25444,1.30234,0.61158,0.407936,-0.0939837,0.983279,-0.122654,-0.780269,1.05026,1.25241,0.895005,0.929503,0.64484,-0.125872,-0.751898,-0.809646,-0.799383,-0.814014,-1.5343,-2.18592,-1.99142,-2.38291,-0.690618,1.2276,3.0695,1.9448,0.694911,-1.29155,-2.18173,0.873696,2.19182,0.941346,-2.79664,-3.72776,-3.26336,-2.1322,-1.16554,-2.04867,-2.74303,-1.8744,-1.50974,-1.17733,-0.804509,-0.319971,-0.0792761,0.177399,0.0474802,-0.276991,-0.823337,-1.06477,-1.1406,-1.71617,-2.30491,-2.08889,-1.16983,-0.343338,0.326345
1.10332,1.29381,1.64426,2.04032,2.61221,1.9326,2.17385,2.52972,1.88357,1.24808,0.892562,0.757301,1.07427,0.852051,1.08403,2.64527,2.79317,2.09066,1.61713,0.00275743,-0.644302,-0.362292,-0.52675,-1.61287,-2.88132,-2.79244,-1.77715,-0.44205,0.14762,0.220998,-0.806714,2.06356,2.97519,2.20602,2.69056,1.73448,0.180033,-0.500404,1.08856,-1.10012,-3.47763,-3.69904,-2.81772,-2.98071,-2.97378,-2.07873,-1.10984,-0.734575,-0.0545367,-0.768569,-1.63718,-1.20749,0.0689344,-0.0550048,-0.914041,-1.58647,-2.59114,-2.76528,-2.95163,-1.47617,0.29046,1.50591,2.03918,1.79972
2.14885,2.26095,2.29822,2.38969,2.51976,1.83516,1.31888,1.37037,2.57109,2.4552,2.22954,2.27315,1.99694,1.48337,2.36558,3.0344,3.0765,2.38844,2.20243,1.89894,1.50551,1.04837,1.01243,0.0989764,-2.14433,-3.10124,-1.7992,-1.89111,-1.02403,0.657777,-0.886289,0.401055,3.53673,3.95333,3.91502,3.02806,-0.685912,-2.29305,0.281892,1.6353,1.15112,-0.707918,-1.10226,-2.52353,-1.24985,1.16718,1.27034,0.363703,-0.413261,-1.13049,-1.74971,-0.875838,0.362647,-0.0656324,-0.898007,-1.85134,-1.67179,-2.16644,-2.08631,-1.10993,0.737984,1.90072,1.67956,0.794088
