uploads/wind/20200722/wind_field_20.json
{"header": {"parameterUnit": "m.s-1", "parameterNumber": 2, "dx": 0.051, "dy": 0.036, "parameterNumberName": "eastward_wind", "la1": 45.3082, "parameterCategory": 2,"nx": 177, "ny": 123, "refTime": "2018-09-30 00:00:00", "lo1":1.38177}, "data":
[rows 29 to 57 of 123, columns 65 to 129 of 177]
2.57944,2.56062,2.50228,2.40837,2.29988,2.23518,2.24967,2.29528,2.30501,2.28543,2.34652,2.55329,2.81217,2.97051,2.99363,2.96741,2.93699,2.87351,2.77363,2.68877,2.63937,2.5988,2.57274,2.58896,2.65782,2.70604,2.6234,2.39524,2.16484,2.08894,2.15015,2.22277,2.2315,2.18887,2.13508,2.11681,2.18043,2.31771,2.47565,2.60555,2.6571,2.58477,2.41069,2.23922,2.16667,2.1781,2.19614,2.17626,2.1325,2.10428,2.08406,2.04624,1.99817,1.95462,1.8996,1.82541,1.75179,1.67761,1.54739,1.33524,1.08953,0.864906,0.705503,0.653879,0.686724
2.65315,2.62991,2.56575,2.47164,2.38726,2.33251,2.32937,2.36753,2.3992,2.41113,2.46367,2.61484,2.80092,2.90947,2.93067,2.92315,2.90615,2.8548,2.76658,2.66633,2.5675,2.48051,2.44251,2.49026,2.62916,2.74299,2.63285,2.32186,2.07006,2.04347,2.1813,2.32617,2.3928,2.39956,2.40573,2.44277,2.51808,2.62544,2.73808,2.81618,2.80868,2.68947,2.50813,2.37751,2.34199,2.34734,2.31762,2.22578,2.14012,2.11908,2.12455,2.10114,2.05113,1.99224,1.92947,1.88081,1.85336,1.80415,1.65641,1.38796,1.09033,0.839486,0.648722,0.5668,0.60323
2.7298,2.69388,2.62162,2.54127,2.49011,2.46379,2.45252,2.46964,2.49634,2.51851,2.56096,2.65998,2.7792,2.84487,2.8574,2.86094,2.85104,2.79722,2.71612,2.61511,2.48921,2.38671,2.3742,2.4747,2.6076,2.62322,2.46438,2.28453,2.24108,2.31481,2.4268,2.52746,2.58384,2.60435,2.64042,2.71834,2.82549,2.92565,2.9746,2.94756,2.84401,2.68384,2.52706,2.45227,2.46213,2.47126,2.39938,2.27052,2.19181,2.22387,2.306,2.31005,2.19209,2.04166,1.94742,1.90851,1.88877,1.83635,1.68742,1.41819,1.10377,0.831821,0.592921,0.435162,0.441186
2.79301,2.75706,2.69452,2.63461,2.59516,2.57767,2.57477,2.58137,2.5967,2.61081,2.62837,2.66299,2.7092,2.73371,2.73857,2.74326,2.73343,2.69362,2.6274,2.54781,2.46151,2.40902,2.45279,2.58277,2.67018,2.6022,2.46368,2.42475,2.52233,2.65145,2.73071,2.76782,2.77851,2.7854,2.81836,2.89289,3.00216,3.10603,3.13641,3.04719,2.86039,2.64963,2.52469,2.54126,2.60557,2.59771,2.49262,2.36232,2.32509,2.41433,2.51411,2.48354,2.32506,2.15485,2.0481,2.00133,1.97455,1.91654,1.77215,1.51026,1.17928,0.881274,0.636017,0.43308,0.375309
2.82172,2.83704,2.8119,2.74924,2.6922,2.66225,2.65494,2.66015,2.66302,2.65088,2.6243,2.59447,2.57832,2.57999,2.60166,2.63362,2.63826,2.60986,2.57288,2.54275,2.52184,2.53775,2.62584,2.73962,2.77678,2.68496,2.56009,2.5557,2.68071,2.83973,2.9483,2.9786,2.97393,2.97677,2.99,3.01006,3.051,3.10822,3.13055,3.05256,2.88424,2.71597,2.6541,2.70931,2.76135,2.70125,2.54267,2.40056,2.39368,2.5229,2.65531,2.66896,2.54026,2.32924,2.14175,2.04674,2.03333,2.0318,1.92773,1.64777,1.2619,0.906449,0.645974,0.427376,0.305475
2.94004,2.96219,2.95492,2.89131,2.79525,2.72057,2.68022,2.67272,2.66995,2.64047,2.57637,2.49802,2.45101,2.4634,2.52105,2.58577,2.62587,2.6227,2.59569,2.58708,2.60782,2.66784,2.75885,2.82694,2.82667,2.7395,2.63665,2.63854,2.75699,2.92326,3.05936,3.1218,3.13707,3.12906,3.09291,3.03897,2.99394,2.9963,3.03708,3.0488,2.98988,2.89203,2.82326,2.80269,2.79616,2.76961,2.70296,2.61792,2.56739,2.58872,2.6577,2.69945,2.65723,2.55472,2.45486,2.36874,2.27664,2.14299,1.90245,1.5528,1.18935,0.878702,0.638854,0.439696,0.300602
2.88012,3.06752,3.08303,3.00409,2.89851,2.7937,2.71249,2.64605,2.593,2.54292,2.48963,2.43352,2.40189,2.42631,2.49607,2.58394,2.65931,2.68452,2.66202,2.64629,2.67358,2.73236,2.80475,2.85566,2.85383,2.79816,2.70911,2.66858,2.75782,2.93964,3.11078,3.20621,3.22234,3.17961,3.09588,2.99802,2.93246,2.93831,3.00861,3.08001,3.07089,2.98349,2.88562,2.8424,2.88406,2.96538,2.99918,2.94338,2.83656,2.75102,2.71606,2.69156,2.65014,2.62395,2.59769,2.50448,2.35066,2.19231,2.01893,1.76478,1.41032,1.02838,0.720352,0.487852,0.324563
3.75552,3.30612,3.28068,3.19979,3.0368,2.89679,2.75191,2.64259,2.53623,2.45965,2.42591,2.408,2.39609,2.41132,2.47673,2.59087,2.70141,2.73432,2.69439,2.65985,2.68639,2.75772,2.83322,2.89597,2.91887,2.87134,2.77583,2.71493,2.767,2.92652,3.10354,3.21017,3.21263,3.12709,3.00683,2.91588,2.89972,2.95984,3.05234,3.09892,3.04531,2.92456,2.82998,2.83482,2.94148,3.09979,3.21985,3.26207,3.24221,3.17486,3.05295,2.8639,2.66005,2.52689,2.50805,2.50093,2.36905,2.12497,1.88681,1.73501,1.61417,1.38342,0.99502,0.595173,0.339498
3.5406,3.34023,3.22609,3.19287,3.11566,2.89741,2.72756,2.58528,2.49357,2.43666,2.41405,2.40723,2.3998,2.4133,2.48803,2.61282,2.72508,2.76014,2.72282,2.6872,2.70639,2.78795,2.89939,2.98565,3.00221,2.93866,2.84493,2.792,2.81665,2.91952,3.05942,3.17083,3.17894,3.04929,2.87809,2.79211,2.82194,2.93304,3.05677,3.10673,3.04914,2.93714,2.87191,2.92236,3.08026,3.2288,3.37326,3.46921,3.43515,3.33035,3.18212,3.06915,2.98487,2.70866,2.21537,1.92461,1.92432,1.93509,1.85929,1.68082,1.46176,1.23032,0.957422,0.646201,0.380711
4.24274,4.03258,3.92726,3.4446,2.80242,2.63322,2.52102,2.45649,2.43915,2.44849,2.45699,2.44417,2.42795,2.45069,2.54187,2.67484,2.77894,2.81415,2.78753,2.75611,2.77425,2.8519,2.96782,3.06286,3.07032,3.00974,2.9376,2.87528,2.86544,2.91587,3.04826,3.17481,3.1345,2.96264,2.78199,2.68096,2.70189,2.81425,2.94397,3.01849,3.02359,3.00966,3.03594,3.20178,3.23356,4.00334,4.89772,5.09346,5.2026,4.64733,4.39366,4.2156,3.17636,3.07204,4.04863,3.9326,2.8705,2.30865,2.04113,1.78815,1.50377,1.15752,0.821919,0.577176,0.36084
3.73297,4.17785,4.24453,4.07964,3.30146,2.46814,2.27707,2.3149,2.38142,2.45851,2.50939,2.51203,2.49825,2.52436,2.61354,2.73712,2.83613,2.8706,2.85549,2.84061,2.85945,2.93005,3.02725,3.09445,3.13105,3.1155,3.03686,2.96609,2.8586,2.86778,2.9429,3.45248,4.10384,3.53618,2.68115,2.57574,2.70325,2.87246,3.02149,3.15965,3.26765,3.38437,3.30236,3.84992,4.85967,5.18928,5.28425,4.56343,4.16379,5.27522,5.19209,3.95715,3.34142,3.04315,3.06215,3.04392,2.67467,2.39873,2.20773,2.00366,1.76912,1.41095,0.977309,0.597915,0.302219
4.58252,3.91725,3.01271,2.77382,2.71664,2.41385,2.29374,2.33316,2.41462,2.5063,2.57272,2.58885,2.57563,2.58087,2.64236,2.75063,2.85289,2.90341,2.90235,2.8831,2.90406,2.96492,3.05164,3.14348,3.12139,3.05114,3.07504,2.95658,3.40225,3.96633,3.70401,4.08325,4.45517,3.55504,2.68104,2.34912,2.31313,2.59578,2.79593,3.51936,4.2047,4.59015,4.90074,4.9711,5.41598,5.51731,5.42406,5.26893,5.48484,5.34233,4.99643,5.23345,4.95409,5.03166,4.34074,2.99598,2.66114,2.58503,2.4657,2.34957,2.1031,1.67179,1.18304,0.742548,0.367242
3.34256,3.02729,3.5308,3.24341,2.56219,2.47035,2.5456,2.59557,2.62697,2.64896,2.6572,2.64314,2.6166,2.60064,2.62594,2.69875,2.78463,2.842,2.84877,2.84151,2.84948,2.93523,3.02674,3.05463,3.24928,3.40198,3.2096,3.04536,2.95002,3.35321,4.25574,4.1466,3.38157,2.72681,2.90441,4.04275,4.08494,3.03695,3.10527,4.44887,4.70132,3.98722,3.74195,3.67354,3.88473,3.99324,4.28181,5.43353,5.62268,4.97802,5.62187,5.9531,5.11212,4.52459,3.89366,3.09299,2.74887,2.62391,2.26321,1.96942,1.91345,1.71242,1.26498,0.767285,0.411273
3.49361,3.06918,2.51548,2.53598,2.48827,2.5989,2.79643,2.91581,2.9217,2.85396,2.76707,2.69105,2.61832,2.56908,2.54851,2.56353,2.61487,2.67745,2.71399,2.73849,2.75413,2.81933,2.90339,2.93175,3.11259,3.28739,3.18972,3.0686,2.98934,2.99279,3.20676,3.06988,2.69929,2.49231,2.4508,2.85544,3.27463,3.25332,3.08334,3.36656,3.75361,3.76801,3.46014,4.03433,5.06308,4.90618,5.17875,5.37785,5.0404,5.54849,5.63671,5.2095,4.90287,4.25222,4.00067,4.79222,4.53744,3.65981,3.98551,3.56559,2.30078,1.64622,1.42221,1.11156,0.607161
3.08903,2.31486,1.93769,2.06165,2.34361,2.62689,2.86167,2.98362,2.98809,2.92297,2.82838,2.72006,2.60421,2.5045,2.43897,2.41672,2.45469,2.53209,2.61172,2.66191,2.68602,2.73193,2.78716,2.84326,2.93768,3.01108,3.02317,2.99869,2.98531,2.96258,2.90128,2.76631,2.59982,2.48367,2.38467,2.40301,2.65139,2.99254,3.12745,3.1299,3.34801,3.56608,4.19957,4.71182,4.70659,5.37397,5.42904,4.91797,5.55488,5.41398,4.84364,5.59665,5.33543,4.58295,5.31041,5.24883,4.49698,4.81117,4.69064,3.42654,2.39864,1.84265,1.14041,0.716473,0.580803
1.92076,1.82018,1.8612,2.07708,2.39089,2.6661,2.82585,2.86624,2.83302,2.77954,2.7254,2.65698,2.56913,2.48097,2.41602,2.38833,2.41765,2.49485,2.58457,2.65846,2.70422,2.72582,2.75469,2.79913,2.84988,2.91462,2.9701,2.96656,2.9386,2.90843,2.85455,2.74977,2.58475,2.42368,2.32956,2.40048,2.5984,2.91646,3.17931,3.28888,3.26385,3.78904,5.26036,5.46782,4.8536,5.63361,5.60826,4.83683,5.52717,5.46548,4.82167,5.67836,5.59588,5.0587,5.40695,5.24515,5.38829,5.05747,4.29768,4.62779,3.77306,2.57914,2.88444,2.10221,0.675366
1.70255,1.82728,2.02459,2.26587,2.52019,2.69572,2.74365,2.69495,2.62391,2.57423,2.54596,2.52728,2.50704,2.47881,2.44541,2.41715,2.41706,2.4659,2.55178,2.63971,2.69637,2.70499,2.71463,2.74756,2.78916,2.85927,2.94456,3.00205,3.02179,2.96592,2.8457,2.66904,2.47848,2.34873,2.30834,2.34911,2.58983,2.73396,3.29712,4.90096,5.29877,4.93636,5.69818,5.99042,5.07893,4.87999,5.69562,5.81839,5.69461,5.69511,5.79627,5.6415,5.26022,5.87614,5.71449,4.99478,5.62572,5.42646,4.02673,3.21818,3.16698,3.73676,3.69042,2.47865,1.19835
1.739,1.95398,2.1584,2.36596,2.53087,2.59485,2.56711,2.49428,2.42595,2.39012,2.39313,2.42337,2.44792,2.44769,2.42875,2.39675,2.3841,2.42023,2.48672,2.559,2.60908,2.63359,2.65467,2.68884,2.7461,2.83069,2.93833,3.05551,3.1039,3.05955,2.85503,2.69147,2.42266,2.70434,4.17835,4.4975,4.12991,4.85633,5.0702,4.43778,4.67918,5.78932,5.90641,5.54741,6.00511,6.23717,5.7877,5.88482,5.32901,4.75628,5.62184,6.07105,6.09401,6.02819,6.20856,5.70703,4.92362,5.62168,5.224,3.99075,4.23674,4.13424,2.94795,2.04341,1.53168
1.78865,1.9795,2.15685,2.30458,2.38173,2.37012,2.31458,2.26465,2.23974,2.25111,2.2967,2.35821,2.41713,2.44684,2.445,2.42576,2.41282,2.40765,2.40499,2.40735,2.41553,2.43614,2.47551,2.54252,2.65811,2.80776,2.98963,3.13594,3.23101,3.11376,2.95703,2.63393,2.95229,4.39751,4.89147,4.24978,4.00397,3.99535,4.44144,5.64924,5.66195,5.46127,6.13463,6.26486,6.17494,5.9451,5.9177,5.35033,4.71433,5.57312,5.66355,5.36386,6.11848,6.21027,5.39137,5.10864,5.87921,5.7252,4.82556,5.12473,4.63599,3.50542,3.67157,3.3318,2.18884
1.95086,2.05414,2.12284,2.17415,2.18949,2.14491,2.0653,1.99842,1.98887,2.04863,2.15048,2.2556,2.33826,2.38912,2.40792,2.38868,2.33783,2.27701,2.23446,2.23205,2.27126,2.34807,2.47244,2.6432,2.87694,3.13969,3.37966,3.60764,3.6761,3.50112,3.22686,3.05418,2.94649,3.23689,3.46303,4.20083,5.58577,6.17778,6.14012,6.26298,6.37549,6.20337,6.2907,6.11778,6.17937,6.21158,6.06302,5.71179,5.34872,5.70892,6.05933,6.21321,6.2861,6.38109,6.19103,6.19225,5.80366,5.06421,5.64685,5.29636,4.10118,4.22457,4.03707,2.84882,1.90809
2.12328,2.13566,2.11522,2.09864,2.07202,1.99883,1.87648,1.74321,1.67483,1.72013,1.85384,2.00548,2.12568,2.20027,2.21748,2.18472,2.15275,2.16081,2.20485,2.27787,2.38011,2.53081,2.74969,3.0094,3.2728,3.93614,4.86793,4.90858,4.72625,4.86539,4.70223,4.97778,4.72725,4.42197,5.51469,6.30598,5.85869,5.88427,6.6469,6.76125,6.82364,6.90592,6.61214,6.37397,6.17334,6.00717,5.97796,5.90039,5.48066,5.92468,5.83189,5.53842,6.21549,6.47272,6.47309,6.37828,6.24915,6.00964,5.12986,4.48109,4.97929,4.65834,3.65375,3.81744,3.33834
2.26285,2.20717,2.141,2.10065,2.05526,1.93515,1.74315,1.54284,1.42345,1.44607,1.58389,1.75884,1.91104,2.01852,2.08235,2.12493,2.17947,2.2522,2.33502,2.45319,2.61823,2.86221,3.12531,3.46433,3.84549,4.09598,4.77644,5.47093,4.99433,4.71542,5.34015,5.1406,4.71982,5.61913,6.34681,6.46037,6.79288,6.56323,7.03828,7.41082,7.0712,6.77302,6.51317,6.31845,6.135,6.13394,6.07011,5.63448,6.11156,6.62866,6.36624,6.38083,6.48806,6.48046,6.34882,6.39856,6.35462,6.29172,5.94594,5.66187,4.99199,3.57021,2.46529,2.18668,2.26239
2.42219,2.33634,2.30929,2.27279,2.13337,1.92598,1.67401,1.41346,1.23933,1.23348,1.38347,1.60257,1.82629,2.02425,2.18858,2.31919,2.41846,2.51303,2.63104,2.78865,3.002,3.2522,3.59681,3.82288,4.42402,5.26365,5.75695,5.86749,5.41382,5.54394,5.33854,4.90387,5.86853,6.86348,7.20092,7.38983,7.49399,7.56229,7.5326,7.41066,7.06996,6.74861,6.52505,6.3787,6.30788,6.32823,6.42156,6.53364,6.56588,6.24357,6.52744,6.56176,6.73985,6.95506,6.93971,6.734,6.08494,6.07199,5.88091,5.63816,4.85977,3.76212,4.24699,3.79576,2.81727
2.63089,2.59724,2.47914,2.34445,2.23578,2.00369,1.67856,1.35791,1.13898,1.10527,1.25189,1.50556,1.80376,2.08978,2.32656,2.51423,2.66735,2.81815,2.96755,3.1558,3.3484,3.65374,3.953,4.41138,4.93263,5.53019,6.17559,6.18435,6.03135,5.72464,6.02719,6.58621,6.35861,6.90142,7.60141,7.67345,7.80779,7.9141,7.81685,7.51668,7.10736,6.73558,6.51505,6.46742,6.44958,6.47594,6.4845,6.68594,6.66614,6.23904,6.62182,7.09339,6.90703,7.02513,6.95579,6.35152,6.36575,5.61911,4.70345,5.2145,4.92638,4.33935,4.16141,3.79768,4.06054
2.68289,2.64114,2.79505,2.75895,2.4118,2.08227,1.75644,1.40014,1.14061,1.07303,1.18675,1.42588,1.73071,2.04231,2.32829,2.58712,2.8266,3.05013,3.25346,3.45,3.69185,3.90435,4.57606,5.42086,5.7356,6.2913,6.74857,6.45982,6.05799,6.07267,6.27964,6.18593,6.76209,7.37984,7.63904,7.9258,8.16152,8.22948,8.08195,7.7255,7.25866,6.85964,6.65054,6.59353,6.55808,6.54327,6.57135,6.66543,6.79865,6.79132,6.83045,6.88622,6.95665,6.97586,7.21719,7.01404,6.34286,5.967,4.75967,4.02421,4.79202,4.58054,4.06975,4.63021,4.54746
2.51394,2.4111,2.54639,2.62273,2.38778,2.14691,1.91603,1.60007,1.30454,1.14878,1.16879,1.34755,1.64328,2.00174,2.36884,2.69798,2.97125,3.18701,3.38046,3.58549,3.85037,4.10891,4.51637,4.89499,5.41634,6.05422,6.06266,5.9527,5.99263,6.02069,6.67374,7.01458,6.60629,7.16046,7.94196,8.22932,8.42142,8.47117,8.31889,7.94611,7.43929,7.03779,6.84207,6.77141,6.73064,6.67837,6.6635,6.72712,6.77781,6.7556,6.69608,6.72839,6.83527,7.10403,7.10916,6.8534,6.59709,6.04034,5.46671,4.71595,4.66722,4.77095,4.69885,4.50244,4.17228
1.98111,1.8182,1.88966,2.08259,2.18834,2.13905,1.947,1.70361,1.51075,1.41746,1.43654,1.56566,1.78939,2.09094,2.42772,2.71355,2.92269,3.07276,3.24531,3.44108,3.59797,3.68411,3.9494,4.29353,4.89457,5.93793,6.44168,6.20543,5.95862,5.95403,6.28223,6.91193,7.52105,7.9065,8.30351,8.66085,8.87027,8.86809,8.64349,8.1928,7.58435,7.05909,6.83009,6.82415,6.86283,6.87999,6.8682,6.82462,6.7161,6.61912,6.63314,6.78995,7.01968,7.21737,7.37796,7.3238,7.05378,6.35352,5.45015,5.3343,5.35587,4.71377,4.67013,4.64208,4.789
1.33401,1.31935,1.46987,1.68737,1.82297,1.75846,1.59958,1.51899,1.55185,1.64987,1.7734,1.89484,1.98603,2.02986,2.04364,2.09217,2.25339,2.51673,2.83946,3.0182,3.0746,3.37351,4.08459,4.76646,5.44531,6.08436,6.45135,5.92956,6.06338,4.71641,4.18091,5.53381,6.79782,7.81734,8.45737,8.8768,9.04754,9.04271,8.80845,8.25675,7.5557,7.03567,6.86316,6.91303,6.98597,7.01605,6.97827,6.84818,6.70443,6.6732,6.78172,7.01023,7.28747,7.46786,7.50641,7.49714,6.89146,5.6876,5.50588,5.55807,5.2013,4.7847,4.42784,4.62295,4.37353
0.673673,0.81086,1.05744,1.20632,1.21489,1.08121,0.967025,0.974894,1.06249,1.13517,1.14793,1.0712,0.945183,0.961918,1.21935,1.63964,2.14019,2.61628,2.88948,2.86193,2.8888,3.49222,4.26573,5.1098,6.10006,6.71926,6.7793,6.85142,7.04545,7.13911,7.28736,7.42493,7.3298,7.98348,8.78345,9.18843,9.27131,9.20658,8.98954,8.47959,7.80976,7.32916,7.18812,7.23507,7.23126,7.14251,7.02541,6.88453,6.77792,6.81166,6.9788,7.21188,7.4669,7.60347,7.54033,7.37379,7.03404,6.4504,6.09633,5.88696,5.35072,4.93444,4.51109,4.38053,4.73023
