uploads/wind/20200722/wind_field_03.json
{"header": {"parameterUnit": "m.s-1", "parameterNumber": 2, "dx": 0.051, "dy": 0.036, "parameterNumberName": "eastward_wind", "la1": 45.3082, "parameterCategory": 2,"nx": 177, "ny": 123, "refTime": "2018-09-30 00:00:00", "lo1":1.38177}, "data":
[rows 58 to 86 of 123, columns 64 to 127 of 177]
1.60095,1.5999,1.58747,1.65903,1.94647,2.41142,2.88857,3.2406,3.45252,3.57673,3.68729,3.77857,3.80306,3.81069,3.86879,3.91416,3.9354,3.98381,4.11354,4.05426,3.96436,3.30998,3.66429,3.37743,2.68428,2.80368,2.73904,2.69247,2.4246,1.05947,2.34949,3.07336,3.06085,2.70668,2.67382,3.28122,4.22297,5.02624,5.31644,5.16619,4.73483,4.33877,3.97455,3.47877,3.21885,3.20404,3.65595,4.30285,4.83453,5.3281,5.82939,6.28625,6.03823,5.24243,5.01969,5.15635,5.01882,4.73505,4.5882,5.03924,5.09492,4.90573,4.61114,3.7126
1.72465,1.8142,1.78734,1.82131,2.05977,2.4613,2.87624,3.15758,3.33051,3.51086,3.73392,3.87977,3.9044,3.91771,3.93656,3.8862,3.85707,3.94543,4.17823,4.03713,3.7161,3.08651,3.45492,2.21235,1.84795,1.77467,1.67223,1.85714,1.88759,2.05601,1.72742,1.69708,2.30829,1.34841,1.56762,2.1336,3.11801,4.22891,5.00605,5.19912,5.0555,4.7589,3.8979,2.66293,2.38731,2.97308,3.43171,4.1576,5.37605,6.01774,6.26163,6.38708,6.03249,6.38514,6.47281,5.52311,5.24658,4.87614,3.93544,3.65005,4.26393,4.85941,4.62778,4.25103
1.73066,1.85366,1.89812,2.02297,2.30016,2.65335,2.96519,3.149,3.28466,3.50244,3.73534,3.84281,3.88273,3.84124,3.78374,3.86985,3.98501,4.06766,4.10216,3.31937,3.36798,2.33525,1.74572,0.93672,1.13253,2.1573,1.97317,0.781921,0.9566,0.749718,0.0338342,0.290949,2.01529,2.20856,1.79436,1.6991,2.30706,2.84125,3.79028,4.37169,4.20022,3.37344,2.54092,2.17885,2.29913,2.83334,3.59834,4.43228,5.16716,5.90734,6.18815,6.03217,5.67049,5.38642,5.92307,5.50722,4.35073,4.02388,4.44729,4.93421,4.66518,4.59073,4.15892,3.15917
1.6704,1.81248,2.00596,2.25225,2.56119,2.86188,3.07165,3.14706,3.26132,3.48652,3.66013,3.67246,3.54186,3.27898,3.29628,3.5339,3.04974,3.70396,3.28927,2.73007,2.05743,0.477217,-0.637774,0.408076,2.09156,3.63098,2.54613,-0.289345,-0.88389,-0.911519,-1.09657,-0.449893,2.21517,3.40583,2.93315,3.04862,3.24758,2.62709,1.96547,1.30869,1.10257,1.67001,2.26516,2.61714,2.80254,3.17992,3.88962,4.95338,5.8649,5.99163,5.36374,4.9808,5.56648,5.40083,4.32127,4.35782,5.37183,5.44033,4.54268,4.36937,4.83632,4.43895,3.21602,2.81245
1.63226,1.84075,2.15997,2.4813,2.7506,2.9759,3.09211,3.15345,3.26507,3.44959,3.542,3.47643,2.79185,3.10181,2.85227,3.22059,1.92667,1.55035,1.97086,2.27504,1.66867,-0.916709,-1.93014,0.34114,3.41517,4.10722,3.33063,0.918178,-1.61916,-2.09527,-2.00932,-1.45716,1.11847,4.19179,4.18209,2.9154,2.49697,2.56554,1.3726,0.775581,0.851127,1.67478,2.35988,2.78238,3.17164,3.63142,4.35561,5.0444,5.1185,4.62058,3.95803,3.52966,3.518,3.47288,3.16627,3.24218,3.91849,4.19479,4.40489,5.12518,4.76554,3.52888,2.73812,2.44307
1.73213,1.98519,2.28573,2.56292,2.79435,3.04059,3.15785,3.20422,3.22221,3.28406,3.41539,3.46549,2.68882,2.80655,2.76293,2.97939,1.80761,0.814221,0.41166,0.648183,0.594394,-0.177977,-0.324044,1.90546,3.84435,3.20576,3.07215,3.03953,-0.225928,-2.82181,-2.41732,-0.340484,1.00839,4.01724,4.87663,3.49996,1.69823,0.588352,0.595085,1.13228,1.4741,1.90595,2.18077,2.38253,2.67374,3.14137,3.62314,3.92302,4.19549,4.3976,4.15654,3.65364,3.31578,3.24022,3.39509,3.63659,3.89478,4.40012,4.70598,4.21212,3.35941,2.89076,2.63038,1.99943
2.00245,2.20083,2.37959,2.63432,2.94374,3.11745,3.04937,3.00935,3.12068,3.37215,3.69265,3.82356,3.10966,3.3759,3.51259,3.68929,2.2202,0.114554,-1.86503,-0.660443,0.872301,1.0637,0.865868,2.03267,3.35389,3.13759,2.6111,3.20691,2.8313,0.549038,-0.435384,0.534842,1.6018,2.77,4.21743,4.52711,3.81593,2.46194,0.327985,0.182486,1.05407,1.47362,1.38023,1.51059,2.02435,2.77349,3.88006,4.77562,4.77496,4.76307,5.35954,5.01102,3.8979,3.43104,3.92429,4.67918,4.54061,4.04103,3.81357,3.33678,2.66445,2.01598,2.22734,3.20408
2.21731,2.35909,2.62149,2.91288,3.05357,2.83923,2.57157,2.67567,2.92487,3.15896,3.41152,3.51397,3.2395,3.63745,3.13055,2.47255,0.973636,-0.138794,-2.59381,-2.02211,0.538889,1.32259,2.44717,3.49671,4.04209,3.92621,2.93745,2.90001,3.23752,3.26199,2.41373,2.04818,1.45759,0.440202,1.2091,3.68245,4.09761,4.26499,3.69559,1.63066,-0.22108,-0.0684452,0.19987,0.654863,1.59084,2.76859,3.74088,4.47848,5.4276,5.45775,4.62077,4.04537,3.65561,3.43812,3.60525,4.17858,4.33711,3.98486,3.66632,2.77627,2.28225,3.03458,3.00742,2.57354
2.39836,2.14365,2.3801,2.19668,3.13203,2.29344,1.65089,1.17083,1.32988,1.50178,1.50752,2.68576,2.48882,1.81773,1.04724,0.56436,0.185778,0.0895238,-2.08108,-2.44538,-0.490783,0.843167,1.93141,3.00118,2.88976,2.96278,3.36054,2.53211,2.91096,3.72165,3.66063,3.70224,1.2145,-0.247088,-0.347315,0.576106,2.96135,4.19907,5.32284,2.86604,-0.227868,-0.349745,-0.0673591,0.523616,1.79275,2.68673,3.4788,4.55037,4.8265,4.37925,3.93906,3.4757,3.2005,3.03509,3.0112,3.21305,3.2606,3.18506,2.94883,2.39104,1.85461,1.99599,2.29356,2.27423
2.2137,2.26848,2.30505,2.66933,2.57731,2.12197,1.20563,1.07593,0.627983,0.0669156,0.672269,2.20113,2.57365,1.85524,0.24431,-0.699035,-0.858256,-1.17047,-2.07395,-2.94156,-1.02933,2.16428,2.89685,2.89012,1.34675,2.37195,2.90201,2.27167,2.52044,3.4164,3.75328,4.52051,2.73523,-0.0972624,-0.309158,0.201075,2.11724,4.3725,5.68473,3.39835,1.92025,0.768403,0.471156,0.634634,1.17647,1.82037,2.69188,3.29372,3.45051,3.38036,3.21226,2.90577,2.59994,2.3768,2.29975,2.35696,2.44756,2.5167,2.41163,2.21154,1.93661,1.79384,1.9281,1.89599
1.88852,2.36938,2.42273,1.2859,0.894778,1.07484,1.36015,1.68292,2.14888,1.64673,2.19693,3.00188,3.65423,2.91927,0.403277,-1.30202,-1.13146,-1.17477,-1.2762,-2.82477,-1.36415,2.27038,3.85282,1.55399,0.79962,2.27007,4.04701,3.52834,2.56677,3.10689,3.91476,3.93162,2.74699,1.74054,0.994915,1.03149,1.77449,3.27896,3.78979,1.70156,1.26392,0.363651,-0.312099,0.658359,0.653058,1.00679,1.85359,2.06005,1.78068,1.5265,1.37036,1.32047,1.34891,1.44139,1.57541,1.73253,1.84348,1.86862,1.82747,1.76808,1.66239,1.50816,1.49274,1.5364
2.69193,2.38552,2.03296,0.997256,1.03864,1.04489,1.12362,1.23273,2.07043,2.02963,2.73271,3.43532,3.61182,2.38598,0.446317,-0.670143,-1.11422,-1.53618,-1.44133,-2.01828,-1.75199,0.749188,2.57833,1.46795,0.328754,2.26588,4.08676,3.61846,1.94452,2.34224,2.11758,1.8491,1.35049,1.43076,2.06872,1.6182,1.93376,1.92146,1.76656,0.719888,-0.167178,-1.1822,-0.502019,1.32877,1.65261,0.787744,0.991649,0.408454,-0.118753,-0.582215,-0.989564,-1.0903,-0.885399,-0.411779,0.0646712,0.46457,0.787032,1.02811,1.21948,1.3453,1.35327,1.24148,1.13086,1.22423
2.00615,1.87747,1.87922,2.23657,1.97292,1.3091,1.23974,1.5191,1.51912,1.69594,2.50518,3.08222,2.70623,0.966261,0.226937,-0.719687,-1.49013,-1.1552,-0.0821353,-0.186734,-0.841026,-0.626859,1.13427,2.16991,1.69828,1.50029,2.02354,2.29372,2.37434,1.42135,0.152616,-1.23084,-0.162937,0.966965,0.950752,0.866448,1.2895,0.800377,-0.243707,0.229859,-0.690667,-2.3012,-0.86266,1.79799,1.88678,0.490358,0.0532709,-0.250064,-0.538903,-1.33195,-2.10363,-2.45363,-2.47948,-2.24056,-1.91627,-1.47363,-0.967013,-0.482314,-0.0439937,0.317996,0.527442,0.617891,0.654211,0.804689
1.35287,1.63688,1.44618,0.952366,1.24875,2.40464,1.27556,0.773154,1.29196,1.91358,1.63935,2.50691,1.2971,0.203269,-0.748308,-1.19317,-2.19689,-1.95221,-0.29978,1.0253,0.321377,-0.373909,1.42975,3.37559,3.46348,0.870676,-0.539366,0.675756,2.19488,1.38254,-0.777411,-1.96397,-0.451968,0.71077,0.340186,0.677549,1.57892,0.598515,-0.71537,0.0878242,0.524217,-1.17878,-0.829072,1.80469,1.67349,-0.210197,-0.892328,-0.356782,-0.686395,-1.73712,-2.57111,-2.82652,-2.94641,-2.89632,-2.67966,-2.41632,-2.14812,-1.8191,-1.44174,-1.0405,-0.642385,-0.225556,0.160039,0.454674
1.80039,1.76644,1.07088,0.753029,0.90216,1.80269,1.54184,1.18996,1.02442,1.68689,1.76648,2.18408,-0.216735,-1.23044,-1.25247,-1.84337,-2.50414,-1.90782,-0.360021,0.63081,0.0647166,0.00527154,1.2241,2.91404,2.44155,0.356291,-0.204146,1.07572,1.85392,0.540643,-1.91406,-2.05644,-0.711281,0.346002,0.285293,0.606322,0.976702,0.949449,0.76496,0.625512,0.806373,0.354054,0.107253,1.39325,0.55822,-1.07435,-0.866869,0.113649,-0.751946,-1.83389,-2.71706,-2.87617,-2.96226,-2.92811,-2.76367,-2.65807,-2.63218,-2.56139,-2.39633,-2.19984,-1.94209,-1.53008,-1.01103,-0.535698
1.94761,1.66022,1.41264,1.40632,1.41729,1.06714,1.14425,1.10106,1.59224,1.49771,1.90395,-0.311327,-2.01137,-2.03624,-0.442368,-0.649488,-1.05912,-0.868009,-0.704866,-0.787095,-0.151688,0.400745,0.81412,1.26473,0.63652,-0.602979,0.896874,1.88541,0.350174,-1.61639,-3.17812,-2.00662,-0.657621,-0.0176974,-0.00611574,0.0236736,0.00863876,0.464302,1.39198,1.30919,0.730249,0.222048,0.414317,0.642888,-0.120653,-0.774806,0.08902,0.495129,-0.400903,-1.74283,-2.76584,-3.47869,-3.6842,-3.4992,-3.40884,-3.2473,-3.17525,-3.29211,-3.1997,-2.96189,-2.7331,-2.43528,-2.0553,-1.68252
2.31044,1.78446,1.37452,1.2226,1.36383,1.42671,1.20214,0.988032,1.09638,1.59629,0.795486,-0.918919,-2.29296,-1.02617,-0.248069,-0.58276,-0.737848,-1.24895,-1.45483,-1.76187,-0.612162,-0.542183,-0.611662,-0.77823,-1.18407,0.0963252,1.7941,1.04366,-0.889519,-3.16587,-3.37479,-2.25866,-0.509718,-0.16501,-0.409714,-0.414712,-1.23807,-0.982321,1.3111,2.05319,1.37085,-0.215575,-0.380746,0.42883,1.22426,1.13042,1.21897,1.14223,0.471568,-0.750002,-2.01922,-3.4116,-4.32566,-4.42568,-4.39777,-4.1641,-4.03949,-4.28944,-4.46731,-4.33272,-4.05673,-3.78695,-3.39881,-2.71157
1.74749,1.95365,1.37999,1.23193,1.69636,2.38665,1.82692,1.18546,0.719119,0.936484,1.25867,0.289916,-0.673479,-0.322159,-0.0973209,-0.420371,-1.09032,-1.47894,-0.849189,-0.0638811,-0.431976,-0.540105,-1.13936,-2.57445,-1.13791,0.874311,1.51662,-0.649429,-3.05378,-4.09343,-4.20804,-2.57748,-0.245912,-0.518099,-0.742358,-0.454742,-2.33105,-3.54258,-0.555386,1.93127,1.21789,-0.0475101,-0.949614,0.395306,2.48596,2.31661,1.37797,1.53853,1.6553,0.591499,-0.730829,-1.63837,-3.05717,-4.26423,-4.50317,-4.7425,-5.28753,-5.23855,-5.53253,-5.88877,-5.6294,-5.17783,-5.03631,-4.53241
1.86275,2.17916,1.64604,1.88267,1.90419,2.33906,1.66298,1.25583,-0.0987403,-0.107785,-0.213846,-0.467324,-0.506396,-0.648552,-0.41646,0.11059,-0.924002,-2.37754,-1.10031,0.205613,0.117948,-0.571177,-1.6522,-2.66484,-1.64992,-0.341028,0.0467825,-1.0849,-1.47485,-3.19871,-4.50065,-1.96323,0.685121,0.693562,-0.429222,-0.735923,-2.68515,-3.55575,-1.95816,-0.216063,0.111705,-0.138632,-0.6013,1.68495,3.92122,2.8138,1.34978,2.437,2.55146,1.29392,-0.0756751,-0.800706,-1.75088,-3.03306,-2.04899,-2.18967,-3.06255,-4.30412,-4.86246,-4.91313,-5.0749,-5.24999,-5.27203,-4.8621
1.92118,1.40444,1.92272,2.14972,1.20753,0.98061,1.33802,1.21518,-0.168378,-0.821579,-0.359348,-0.0919758,-0.720527,-1.2534,-0.547959,0.483955,0.728345,-0.303273,-0.345883,0.595705,0.969541,-0.512209,-1.80501,-2.35551,-1.25599,-1.54083,-1.88498,-1.70624,-0.312477,-1.97247,-4.65285,-3.41335,0.730313,2.18295,-0.109261,-2.24549,-2.50371,-2.59432,-2.88402,-2.79252,-1.99926,-0.238956,1.26012,2.80345,3.86401,2.05795,1.58951,3.08758,4.07835,1.93216,0.107677,0.0463848,-1.34204,-1.7639,-0.571431,-0.262398,-1.0596,-2.37698,-3.87787,-4.59141,-4.4049,-4.74638,-4.67771,-3.81421
2.45441,1.70555,1.1419,1.01929,1.25241,0.893797,0.512742,0.0548388,-0.166201,-0.144251,0.116342,-0.0124311,-0.944751,-1.97117,-0.294405,0.814723,1.41025,0.922312,0.8023,1.21589,1.15514,0.293511,-1.24061,-2.58251,-1.53248,-1.52837,-1.96388,-1.55374,-0.941818,-1.84787,-4.16457,-3.67534,-0.175889,2.55775,1.0826,-1.84893,-1.92378,-1.68028,-1.40243,-1.77723,-1.87586,0.116802,2.20079,2.54453,1.76195,2.89786,3.35831,3.637,4.6129,2.14471,-0.102324,1.01358,-1.15002,-2.01116,1.06567,2.07207,1.66248,0.395852,-1.7125,-3.00379,-1.62591,-1.93206,-2.64658,-2.75466
2.96836,2.00694,1.21744,1.58185,1.69936,0.912208,0.298218,0.704714,1.38992,0.90566,0.660355,-0.0899823,-1.20346,-1.74153,0.237363,1.48116,1.13938,0.310408,0.117386,0.590026,1.3245,1.01755,-0.310308,-2.63612,-3.16993,-3.08072,-2.32796,-1.44575,-1.80841,-3.09677,-3.98876,-3.03041,0.217371,3.37334,2.83554,-0.233481,-3.56909,-2.99998,0.479887,1.64433,1.19207,1.66196,2.23998,1.06046,1.10664,2.99137,3.40665,3.55726,3.52237,0.432969,-0.956193,0.431357,-0.664654,-0.890349,1.68078,3.55257,2.88287,0.890232,-1.75645,-1.85082,0.435105,1.13185,-0.866986,-1.45472
3.21881,3.18302,1.13333,0.150353,-0.269311,-0.343126,0.143944,0.772795,0.546772,0.956352,1.21659,0.673904,-0.186279,-0.598377,-0.318766,-0.124118,0.0278373,-0.248157,-0.510218,0.427031,1.13935,1.01883,0.620167,-1.0061,-2.88701,-3.45946,-2.63591,-1.8392,-2.29918,-4.18202,-4.21979,-1.55823,1.95308,3.14432,0.770481,0.219636,-3.12561,-3.25606,0.825676,3.13293,3.02444,3.53003,3.17386,2.21727,1.78931,2.17681,2.04597,1.99625,2.6371,0.521433,-2.13061,-1.0651,0.610583,1.94941,2.79096,2.67752,2.16927,1.14986,-1.81226,-3.24451,0.367277,2.25355,0.222103,-0.588652
3.25795,2.54584,0.156821,-0.948228,-0.645887,-0.755306,-0.213552,-0.426242,-0.586515,0.846132,2.01408,1.14172,0.0987351,-0.674268,-1.26259,-0.94388,0.960197,0.174748,-0.540915,1.74877,2.22091,1.07362,1.69639,1.18924,-1.07141,-2.27892,-1.69132,-1.57665,-3.08841,-3.96769,-3.75406,-0.524086,2.55039,1.2377,-2.44929,-1.07456,-2.1564,-2.79596,1.4987,2.33865,2.22445,2.85561,2.72542,3.49756,2.18538,0.483053,1.71048,2.70383,3.08081,0.594144,-3.03269,-2.71386,-0.112178,1.43852,2.47499,1.14091,-0.5809,1.68349,0.583806,-3.74227,-1.29968,2.84771,1.2175,0.884058
3.4254,1.77646,-0.797502,-1.14482,-0.876349,-1.52935,-1.44967,-1.69647,-1.67287,0.158106,1.6091,0.405813,-0.678505,-1.24374,-1.5021,-0.203219,2.75712,2.25172,-0.0290071,1.41899,2.00808,1.27427,2.63877,1.63865,-1.55352,-2.90191,-1.47017,-0.651436,-0.701406,-3.14438,-3.76636,-0.94093,0.896996,-0.368764,-2.66863,-2.17293,-3.11421,-1.02268,3.77451,3.52218,2.34151,2.01869,1.87466,1.39036,0.763443,-0.773567,-0.520086,2.77996,1.41885,-1.59356,-1.15029,-1.40743,-3.74433,-2.02795,2.72683,2.29817,-1.1739,0.35258,1.17984,-1.34908,-0.145741,2.74149,1.7168,1.74337
3.3299,1.73735,0.0414366,-0.78585,-0.865646,-1.47671,-2.26038,-2.03899,-1.14872,-0.746042,-0.518771,-1.25198,-1.57409,-1.89111,-1.82716,0.896781,4.16412,3.56472,1.30816,0.578266,0.561691,0.996547,3.31006,1.7862,-2.1333,-4.13512,-2.47196,-0.437938,0.523189,-1.97967,-4.21461,-3.18633,-0.586572,-1.72742,-2.96634,-2.26808,-1.90512,0.85264,2.82086,1.62641,1.89951,0.949004,-1.29128,-1.01155,0.616071,-0.160364,-0.0990705,2.97169,-0.539295,-3.35332,2.23721,1.5529,-4.96734,-3.36941,3.858,4.88407,0.0996917,-3.12716,0.0632489,2.56863,2.13658,0.415481,0.976285,2.94825
2.9591,1.49394,0.844097,-0.357129,-0.66428,-1.2148,-2.6744,-2.06605,-1.09122,-1.21838,-2.4635,-3.34868,-3.05115,-2.60622,-0.519006,1.68566,3.13876,1.71873,1.26545,0.376524,-0.267117,0.321542,1.87272,1.61408,-1.67727,-3.89915,-1.94202,-0.239532,0.0206889,-2.31562,-4.18046,-3.40628,-1.33964,-2.70893,-3.81197,-3.18558,-1.45425,0.238183,-0.475416,-1.00718,1.62498,1.80407,-2.07444,-2.48943,0.398564,0.843586,2.58847,3.86184,-2.1681,-3.69308,2.57558,1.06904,-4.21436,-2.70473,1.93579,4.11592,1.44887,-4.07504,-1.3073,2.79785,1.71936,1.13758,3.04526,3.75623
1.50313,0.526626,0.204629,0.280357,-0.035101,-0.795672,-1.16007,-1.4123,-1.27332,-1.8221,-3.0594,-3.32652,-2.21617,-2.0982,-0.449425,0.950762,-0.176994,-0.916705,0.430565,-0.572908,-1.25707,-0.00414238,1.23026,2.61999,1.37899,-1.58824,-1.99635,-0.589983,-0.307005,-2.11468,-3.39499,-3.56692,-2.92785,-2.26728,-1.93122,-2.00497,-1.61627,-2.41749,-2.67586,-0.980021,3.06112,4.70551,-0.0599468,-4.28955,-1.09923,2.43015,5.34655,3.14693,-3.38991,-1.69825,0.417578,-2.42858,-3.53372,-1.53363,1.88336,4.87864,5.32818,-0.223696,-4.14919,-1.8197,2.01953,4.24907,4.36178,2.65782
0.814614,0.268417,0.363336,0.664697,0.248165,-0.563494,-0.855526,-0.933194,-1.13215,-2.06266,-2.94429,-2.66972,0.0695567,1.43992,0.091918,-1.7841,-2.67106,-2.22781,-0.810171,-1.6531,-2.80318,-0.599885,2.52697,4.51566,4.32067,0.648232,-1.85961,-0.489793,0.0965971,-0.157794,-1.25187,-3.245,-4.70833,-3.83105,-1.85277,0.120715,-0.878418,-4.24894,-4.07453,0.45793,4.44475,5.09506,-0.185763,-4.70671,-2.47155,2.28315,4.89026,-0.464506,-4.70243,-0.9657,-0.316897,-3.22621,-3.44196,-0.768635,3.21654,5.9977,6.39491,1.15418,-3.77876,-1.35433,4.16233,5.02781,3.05761,1.21755
