uploads/wind/20200722/wind_field_16.json
{"header": {"parameterUnit": "m.s-1", "parameterNumber": 2, "dx": 0.051, "dy": 0.036, "parameterNumberName": "eastward_wind", "la1": 45.3082, "parameterCategory": 2,"nx": 177, "ny": 123, "refTime": "2018-09-30 00:00:00", "lo1":1.38177}, "data":
[rows 87 to 115 of 123, columns 66 to 131 of 177]
-0.134394,-1.27695,-0.965965,-0.304607,-1.12542,-1.56466,-1.05797,0.445564,1.9349,1.50306,0.199444,-0.808973,0.616869,2.23368,1.59692,1.85825,2.49572,2.29868,2.36819,3.12856,2.89833,1.4889,0.762449,1.38948,2.45522,2.66339,3.60559,4.62193,3.67038,3.29359,3.15112,3.68416,5.30874,6.95151,6.52127,6.12848,7.32852,6.73891,5.89516,3.94929,4.12409,4.73659,5.64665,5.87414,4.89774,2.93767,2.88623,2.01423,0.814186,1.9405,2.40763,2.70722,4.62721,3.81833,-0.775884,-2.43938,-0.663951,0.442187,0.42353,-0.330523,-0.523371,-0.0683301,-0.198305,-1.09177,-1.95305,-2.27848
-0.101552,-0.635687,-0.805371,-0.618384,-1.00976,-1.34319,-1.11889,0.0455024,0.6522,0.0906781,0.0583465,0.633813,1.22374,1.27737,1.32235,2.32424,2.91473,3.08189,3.22598,3.31082,2.28062,1.20865,1.86654,2.44235,2.74766,3.09379,3.2803,3.6043,2.63276,1.40423,-0.419094,-0.630762,1.28794,3.86549,5.58258,5.11693,6.08374,6.35252,6.47285,5.77994,6.16995,6.62606,6.89879,6.22633,3.99931,1.8338,2.14769,2.39157,2.64268,3.73281,4.08438,3.96535,3.43873,0.529757,-2.36036,-2.49912,-1.45742,-0.398269,1.00263,2.63024,3.41909,3.23763,1.47594,-0.635036,-1.59624,-1.9191
-0.517433,-0.413652,-0.588951,-1.05769,-1.64117,-1.86844,-1.38042,-0.572067,0.128667,0.488168,1.26352,1.42727,1.5329,1.46581,1.68902,2.54831,3.20603,3.38339,3.85883,3.38379,2.05193,1.67056,2.2279,2.3612,2.12571,2.37128,2.43903,1.73515,1.40127,1.16691,0.511474,0.10849,0.423304,1.65682,3.36872,3.93287,5.49799,6.08513,7.58479,7.05977,8.23236,7.15782,6.26861,5.05443,2.62712,1.91291,2.73448,3.77554,4.59608,5.21236,4.08296,3.29739,2.22249,0.271685,-0.944839,-1.01425,-1.08427,-0.586378,1.44108,3.68454,4.60954,3.57985,2.10009,-0.226303,-1.50933,-1.54566
-0.809128,-0.564214,-0.459901,-0.897705,-1.1962,-1.38536,-1.27963,-0.598929,-0.36252,0.457352,1.75593,1.58116,1.67658,1.91566,2.40811,2.84863,3.07471,3.27904,3.66322,3.54018,2.77827,2.4811,2.5641,2.29763,2.51169,2.1336,1.04367,0.861313,1.71259,1.98308,1.54295,1.42982,1.56093,1.3696,2.16941,3.31465,5.82049,6.89792,7.53499,8.17924,7.57704,6.07123,4.92366,5.53945,4.68306,4.08227,5.2021,5.42563,4.6167,4.31328,2.80391,2.81634,2.70651,1.84269,0.927293,0.470416,-0.386386,0.237447,1.19342,1.96824,2.1707,1.95095,0.882792,0.0618948,-0.648035,-1.12401
-0.737728,-0.640966,-0.23729,-0.310986,-0.517732,-0.373998,-0.853891,-0.12988,0.530987,0.723971,1.25419,1.47988,1.84039,2.11337,2.13909,2.72081,3.01677,3.42828,3.66564,3.44861,3.061,3.50088,2.82167,2.64027,2.6848,1.34278,-0.826872,-0.129914,1.54284,1.84167,1.24119,1.91518,2.47838,2.74866,3.06228,4.09834,5.72426,6.97206,7.26764,7.36042,6.53445,6.00581,6.46585,6.44069,5.90302,5.29157,5.1372,4.5306,4.06589,4.05956,3.99088,4.65971,5.13824,4.38193,3.35416,1.59764,0.346921,1.16406,1.27095,0.754805,0.581822,0.461931,-0.245479,-0.0328118,0.247501,-0.688093
-0.731334,-0.454684,-0.209457,0.0975821,-0.542119,-0.562162,-0.353926,0.104491,-0.120351,-0.275733,1.03245,2.06736,2.26106,1.88958,2.10417,2.95673,3.49759,3.94639,3.47905,3.35694,3.30112,3.46798,3.50828,3.20379,2.93299,1.01658,-1.50712,-0.811378,1.23588,1.99803,2.09789,2.64935,3.29497,2.89138,4.03724,4.50095,4.22259,4.20678,4.6414,5.62132,6.11263,6.6014,7.6346,7.05949,5.95539,5.48383,4.75201,4.11603,4.17012,5.94176,7.03268,7.45315,6.23604,4.76034,3.53438,1.72502,0.88232,1.022,0.404615,0.424062,0.991945,0.801945,-0.158635,-0.0969234,0.129052,-0.0182466
-0.297525,-0.351033,-0.186459,0.221004,0.0228725,0.154208,0.148093,-0.298935,-0.525212,-0.0985448,0.993359,1.62887,1.59744,1.72763,2.70084,3.00636,3.78182,3.85095,3.37238,3.5453,4.04201,3.79195,4.09869,4.039,3.86131,2.36535,-0.477588,-0.720348,0.819188,1.96795,2.64659,3.46442,2.6925,3.29193,4.01878,5.33879,3.71951,3.25326,5.05684,7.0047,6.98309,6.39332,6.23152,7.22917,6.73902,5.90366,5.77819,4.5804,4.57612,5.66161,7.12388,6.55432,5.58069,4.99917,3.99547,2.92608,2.10968,1.9421,1.02596,1.35507,1.70269,1.91789,1.07215,-0.128098,-0.149637,0.708133
0.290457,0.180455,0.311319,0.779886,0.582197,0.93299,0.0356889,-1.05737,0.0406911,0.33151,0.811909,1.17257,1.38754,2.29072,2.56923,3.03349,3.36389,3.5594,2.36971,3.27793,4.1281,3.47826,3.28964,3.52101,4.4256,3.31665,0.511792,-0.0596473,0.810195,1.65167,2.97599,3.46214,3.34113,3.57256,4.55156,5.13815,3.7702,2.90513,4.46884,6.41289,7.67074,6.77918,6.36063,6.94345,5.85644,5.2716,5.66134,5.02137,4.99815,4.78007,5.23936,5.30866,5.51816,5.62894,6.72751,6.24088,5.29643,4.83184,4.18666,3.70386,3.21876,3.2517,1.5869,-0.726414,-0.628709,-0.507717
0.0142583,0.65971,1.10913,1.82353,1.68984,0.591906,0.415019,-0.19297,0.151708,1.26919,0.891342,0.819383,1.54575,2.02203,2.04967,2.90553,2.88375,2.31179,1.90971,3.28884,4.54043,4.44156,3.45588,3.21349,4.16379,3.0794,0.841679,0.209593,0.851307,1.67417,2.52153,3.45797,4.23677,4.63716,4.4206,4.89671,5.36023,3.62693,2.03825,2.9012,3.78513,5.29297,6.25646,4.58051,2.37139,3.46347,6.33064,8.24663,8.92196,6.91928,5.70636,5.41895,5.58421,6.68387,8.29566,7.46443,6.73069,5.16717,4.67304,4.70434,4.66204,4.7438,2.17481,-1.23726,-2.18475,-3.25247
-0.48666,0.199223,1.08672,1.47123,1.52227,0.662019,0.347798,-0.0569726,0.879339,0.843313,0.341979,1.02073,1.73179,1.90322,1.83088,2.44873,2.63284,1.74032,1.96319,3.22965,3.80354,4.76632,4.54847,4.40104,4.04841,3.0254,1.2559,0.951767,1.50564,2.23811,2.73134,4.25833,4.6336,4.21903,3.28315,3.90154,5.40602,4.8934,3.20414,1.64482,3.303,3.76195,2.93538,0.996543,0.419066,1.251,4.10369,9.02165,13.2152,12.5591,8.33236,5.41944,6.10956,6.83898,7.27039,7.70126,7.09735,5.41402,4.13664,3.27715,3.13702,3.4197,2.00863,-2.0589,-3.80241,-4.58574
-1.17751,0.111525,0.725442,0.884805,0.614521,0.123009,0.295636,0.399017,0.648533,-0.00657362,0.437648,1.66621,1.41556,1.34395,1.14313,2.05008,3.11125,2.83419,2.64621,2.99474,3.36238,4.48408,5.52622,5.06618,5.10752,3.71463,1.48256,1.8583,2.51163,2.96795,4.02255,4.96283,4.12642,2.66883,2.74582,3.33329,5.41422,6.55096,5.54064,3.64026,5.501,6.21881,3.82947,0.292507,-1.43154,-2.73302,0.537335,7.62613,15.0543,17.5061,13.118,7.04513,5.89447,5.20642,4.4809,4.1795,4.35955,3.9287,4.06281,3.93136,2.99378,2.63256,0.492025,-3.3701,-4.52513,-4.43071
-1.16139,-0.135842,0.513247,0.837152,0.607105,0.0818603,0.0258921,0.253151,0.388807,-0.513081,1.12284,2.08168,0.762362,0.982038,1.40302,2.33678,3.31584,3.10716,2.83277,2.85474,2.5456,3.95905,5.36158,6.1022,5.70931,4.35873,1.9114,2.41646,3.19122,3.92508,4.0113,3.96079,1.85408,1.88262,3.39287,4.822,6.08136,7.38235,6.97036,6.34637,5.41963,6.31092,4.43969,0.947721,-1.89859,-3.81161,-0.76232,7.68306,15.0095,19.7882,14.3028,8.12201,4.77913,3.47062,0.526796,-0.458079,0.507802,1.59956,2.66477,2.9359,2.11764,-0.149518,-3.03097,-4.87935,-4.04515,-3.83987
-0.839649,-0.0458516,0.50696,0.93848,0.470648,0.0998208,-0.0506191,0.820651,0.365409,-1.14681,1.32961,1.29827,-0.174015,0.722882,1.46646,2.10321,2.884,3.08215,3.26167,3.47539,3.04394,3.36025,5.00076,6.10143,5.74646,3.74922,1.76636,2.64033,3.79034,4.38473,3.81099,3.6212,2.6046,1.61723,3.27687,5.2903,6.29336,7.08075,8.18535,7.88694,6.62139,6.67743,5.24696,1.55104,-0.943689,-1.89101,0.443038,6.62269,14.1786,13.908,7.87883,4.50993,3.55335,2.309,0.670605,-0.282308,-0.12421,-0.230846,-1.068,-2.24324,-3.0123,-4.22577,-4.98337,-4.836,-3.64565,-2.86168
-0.76477,-0.0650979,-0.0973516,0.833704,1.47285,0.499767,0.694248,0.723844,-1.05085,-1.6953,1.29812,1.05296,-0.145256,0.641589,0.85282,1.78607,2.71425,3.54259,3.77826,3.96752,3.42269,3.94234,5.11764,5.2401,4.56802,2.57494,1.95819,2.55398,4.27488,3.81789,4.08657,4.75354,3.97634,1.32525,2.03781,5.64586,5.32551,6.01527,7.34328,8.01704,6.87432,6.61586,5.85298,1.86312,-0.724725,0.223569,3.46718,8.42641,9.47231,6.94369,4.42503,4.44473,4.4124,4.1167,3.88476,2.24638,0.651394,-0.40898,-1.67983,-3.20182,-3.92012,-4.34129,-4.20082,-4.22945,-3.63744,-2.53256
-1.42145,-0.423709,-0.515372,0.602743,1.56033,0.753382,0.691415,-0.555303,-1.22093,-0.296691,1.39513,0.584786,-0.273067,0.714053,1.23472,2.19127,3.32966,3.61812,3.95696,4.10267,3.53516,3.83939,4.3083,4.54867,3.23299,2.43783,2.72951,2.79801,3.3163,2.95125,3.84609,5.87856,6.52259,5.79929,3.70053,3.78835,2.53337,3.19704,3.98961,5.22093,6.04627,6.06605,4.87301,2.59267,1.10934,2.94264,5.64004,5.71986,4.56558,2.38084,2.76427,3.81469,4.81831,5.01417,5.37354,4.32993,2.83434,1.16892,-0.543584,-1.50897,-2.50339,-3.49574,-3.90656,-4.15614,-4.02678,-2.47341
-1.73261,-1.58685,-0.317088,1.01235,1.68523,0.810491,0.980595,0.372312,-0.524852,0.485043,1.67773,0.439087,0.0662044,1.06884,1.57076,2.63554,3.77966,4.42056,4.03859,4.43279,3.36501,1.33043,2.46588,3.4316,2.02594,2.47998,3.61153,2.86592,1.78689,1.97147,4.47022,5.90024,7.57995,6.9491,5.07032,1.84246,2.96557,3.82319,2.89724,3.50122,4.51757,6.1008,6.76385,7.0645,6.14616,5.26023,3.8124,2.06487,-0.377068,-0.981871,1.57635,3.77001,5.18239,5.07993,4.61615,3.50885,3.27343,2.73741,1.0486,0.340521,-0.628961,-2.89807,-3.62442,-4.26185,-3.71674,-2.66967
-1.89572,-2.00165,-0.223757,1.36175,2.86042,1.94989,1.34294,1.01389,0.304695,1.22679,1.11089,-0.41899,0.974611,2.35837,2.77504,3.52539,5.04391,4.39342,2.57915,2.65905,3.03256,0.946701,1.02218,1.24274,1.2787,2.46888,3.00405,3.24487,2.94719,3.75965,5.75839,7.58395,8.63276,8.01898,5.13023,4.59926,6.12701,6.00317,3.09541,1.51542,1.7993,4.067,5.90335,6.58498,6.22498,5.23999,4.40732,3.79968,1.93101,0.23205,1.28215,3.98257,6.43216,6.48028,4.62796,3.17389,2.44411,2.98532,2.34516,2.12362,0.979167,-2.36311,-2.76598,-3.74775,-3.32665,-2.44961
-1.06954,-1.75484,-0.258258,1.78058,3.15852,2.34906,1.31141,0.98217,0.614023,0.898206,0.104357,-0.796241,1.54472,2.84194,3.18961,3.3962,2.73978,-0.212694,-1.87087,1.31639,3.69417,1.7922,-0.080006,0.549211,1.60278,1.58399,2.18129,3.42841,5.02734,5.29605,7.83641,8.36338,9.3098,8.26801,4.46349,3.92466,7.58936,6.53574,4.52732,1.4583,2.54277,3.93941,5.97782,6.44855,6.78441,6.70621,7.25633,6.26948,5.00772,2.07955,1.40662,3.35772,7.03131,7.38023,4.79372,2.57136,1.56862,2.2937,2.88533,3.75742,1.98069,-1.7459,-1.74504,-2.446,-2.51624,-2.00067
-0.0344659,-0.379417,-0.22962,0.786043,1.74182,2.04949,1.26096,0.744905,0.295647,0.73615,0.0537365,-0.371016,1.31712,3.09839,3.51451,1.14831,-1.72425,-1.2023,-1.2659,1.93405,3.08552,-0.254895,-0.088655,1.378,2.27255,2.07388,1.79703,3.55101,5.70011,7.86435,10.0207,11.436,9.61751,6.66763,2.6908,4.1487,7.14495,7.45872,6.35413,4.32603,4.44511,4.40321,5.99323,6.90193,6.32698,6.11491,5.90919,5.80396,4.47522,2.29152,1.84833,3.57791,7.2277,8.64562,5.85968,3.20313,2.38009,2.51096,2.94128,3.23547,0.966884,-0.592704,-0.315374,-1.24658,-1.92571,-1.87111
-0.855479,-0.846039,-0.357176,-0.344875,-0.0979984,0.855371,0.921696,0.485304,0.465425,0.918876,1.08045,1.62077,1.75433,3.32396,3.55242,-0.74106,-1.74072,-0.0589735,-0.633081,-0.469919,-0.871869,-0.154565,1.28928,2.28384,2.04617,1.72802,2.55306,4.41841,7.04262,9.80091,12.657,12.5785,9.05954,2.30573,0.899141,4.34548,6.76286,8.02663,7.4325,6.57602,6.16705,5.71617,7.58711,8.14716,7.49034,4.47965,2.49058,2.20852,1.94592,1.5746,2.48962,4.57958,7.08204,8.3511,7.47104,5.41001,3.44068,2.66439,2.52583,2.40327,1.26078,0.307929,-0.478003,-2.29409,-2.68541,-2.41479
-0.843306,-0.955718,-1.03372,-1.26933,-1.65842,-0.656187,0.465863,0.831264,1.19835,1.65568,1.84006,2.32305,2.33666,3.523,3.83697,-0.0435062,-2.12358,-1.5574,-2.91651,-2.55718,-1.66317,0.732533,1.9125,1.51506,0.604537,1.77465,4.39952,7.38187,9.38065,11.2616,12.493,10.5275,5.43192,2.70857,3.3079,5.20577,6.42891,6.35322,6.46898,4.23753,6.34272,8.41504,9.69632,9.88787,8.80764,5.28429,2.36443,0.604375,0.77131,1.07443,2.23428,5.35529,7.84363,9.13997,9.96549,9.06185,5.74207,2.51083,0.889156,0.767501,-0.547512,-1.9723,-3.04623,-3.30884,-3.01548,-2.42114
-1.0541,-0.900438,-1.10122,-1.50147,-1.69294,-1.33716,-0.416022,0.89188,1.38381,1.99194,2.60397,2.70584,2.65718,3.81925,4.60454,2.61872,-0.444839,-1.50289,-2.9762,-2.56929,-0.711669,1.62191,1.52464,-0.357973,0.3691,3.16582,6.60997,9.46686,10.7953,9.55325,9.71564,9.6858,8.38695,7.03402,6.99286,5.92698,4.55137,4.69232,4.40845,4.76656,6.93122,9.86572,11.8787,9.7631,7.56128,3.12731,2.09215,0.0304442,-0.0429747,0.270421,0.731769,4.99467,10.2716,12.6562,12.2573,10.8057,7.43441,3.58887,0.899509,0.014145,-1.01755,-2.14404,-2.31027,-2.41032,-2.26767,-1.91596
-1.02727,-0.606251,-0.653876,-1.37986,-1.99983,-2.05598,-1.33827,0.768565,1.40351,1.86342,2.81858,2.35387,2.08936,3.75466,4.56471,2.71637,0.477339,0.816998,0.215075,-1.33527,-0.255906,2.99917,2.47611,-0.0322812,1.58692,6.60121,8.58567,7.58063,6.35896,6.51252,7.88946,10.997,11.917,9.3175,6.47041,5.66793,5.0897,5.74237,4.86821,5.42968,7.1701,10.2595,11.7794,7.3069,2.26285,0.603337,1.60362,-0.404828,-0.257476,-0.220571,-1.05124,4.95485,12.7786,14.7235,12.9226,10.8232,7.59819,5.47646,3.39861,1.92904,1.18212,-0.557211,-1.31056,-1.44533,-0.590513,-0.583557
-0.9392,-0.520003,-0.711913,-1.79102,-2.51933,-2.57557,-1.76429,0.0889604,0.529809,0.939112,2.40327,1.65943,1.34845,2.90261,4.76921,4.09795,1.46206,0.656829,2.02491,2.42625,2.92614,3.33666,3.87116,2.55564,4.69686,6.08993,5.4038,5.12112,6.48315,7.90938,8.9941,11.0978,10.027,7.92227,4.32943,6.89276,8.37292,10.668,7.28775,5.48469,4.34508,6.91643,7.86773,6.46965,3.91665,0.709148,0.264943,0.957175,1.98981,1.9222,-0.508387,3.26671,9.42925,12.8673,11.0626,10.7372,6.85173,5.63445,4.99212,3.4098,3.09564,1.59292,0.842595,0.267844,0.61753,0.606692
-0.603043,-0.353348,-0.320895,-1.48265,-2.56922,-2.97731,-2.45451,-0.868006,0.0546902,-0.0419992,0.658693,0.930258,1.16975,2.1363,4.90749,4.9227,1.42273,-0.533177,1.20678,2.21243,3.33495,4.07985,5.07223,4.79901,3.00728,0.940085,0.150811,3.45055,7.2033,7.62109,8.67759,7.7733,7.90727,7.97966,9.30124,8.85292,11.0034,9.28019,5.40705,-1.85033,-1.30167,3.61792,6.52043,7.16558,5.78255,4.3202,3.66776,4.3318,4.98204,2.71713,-0.387588,0.868129,6.29767,9.89082,10.9289,9.96018,8.50689,7.42268,6.16837,4.72402,4.16262,3.58068,3.24857,2.17347,2.01375,1.45991
-0.600691,-0.256285,-0.650823,-2.02451,-2.56371,-2.90393,-2.4898,-1.35145,-0.573006,-1.00163,-0.312239,0.969828,2.22905,2.80162,4.56518,5.61313,1.76963,-1.05589,0.226632,1.25142,1.85051,4.70403,4.87987,0.840469,-2.8176,-3.08606,-1.66617,3.09358,6.06414,6.83644,7.81872,8.22305,10.2655,11.5216,12.7538,12.3314,10.897,7.07237,2.22778,-1.83911,-0.927986,3.79838,5.97177,8.02771,6.98315,7.79401,8.38705,7.30149,4.05485,-0.042965,-1.87462,0.427223,4.33043,7.80114,10.0058,8.71602,7.25278,7.80134,8.13031,7.18879,4.65289,4.69191,4.70655,4.53245,3.2763,2.92105
-0.0952901,-0.305526,-0.959956,-1.9656,-2.60038,-2.91464,-2.64617,-2.29832,-1.51675,-1.35451,-0.579361,0.297266,1.88137,3.10917,4.26865,5.61714,4.35161,0.268094,-0.361811,1.09623,1.74825,4.19737,4.38108,0.225685,-1.75721,0.163573,0.874239,2.19506,4.07665,6.82152,7.89388,10.2423,9.44576,11.9356,12.8363,12.7604,10.3358,7.21804,4.49194,6.30307,3.92051,3.80841,5.26571,7.8159,8.99091,9.6067,8.45071,4.55352,0.0254115,-1.85566,-2.19633,0.0378169,3.45054,6.44669,7.83029,6.17233,5.46484,6.93424,8.58874,9.03109,7.30634,4.63831,4.80035,4.64086,3.91509,3.12223
-0.122507,-0.254595,-1.29052,-1.80782,-2.32366,-2.19187,-1.9854,-1.84853,-1.42229,-1.21777,-0.400481,0.886556,2.4732,3.41347,3.78002,4.88867,5.15329,1.42472,0.0118758,0.889107,1.6028,3.5194,3.72611,0.662403,-0.675929,2.64109,4.83204,3.76185,3.81485,6.63594,9.76224,10.2114,9.78404,10.0599,11.7623,12.5371,10.9597,8.33882,7.53752,8.76321,8.63235,6.60953,5.27285,5.05645,5.13943,4.41899,2.64397,0.974429,-0.910287,-1.89858,-1.94871,-0.335634,2.66313,5.18409,4.89113,2.40722,2.96358,6.69362,9.18741,9.58488,8.36503,6.46167,4.8622,4.60097,3.89264,3.4859
-0.309447,-0.202275,-1.23885,-2.04423,-1.80058,-1.36826,-0.705258,-0.143074,-0.387817,-0.352352,0.0946813,0.890795,2.62023,3.90938,3.9203,4.65608,3.93138,0.851823,0.199738,1.0867,1.59168,3.04961,4.45409,3.19935,0.416333,2.86648,6.03412,6.98021,5.92697,7.08799,9.09037,9.46543,9.71929,8.54887,10.4021,10.1259,9.2855,8.92425,9.37936,9.67614,11.2463,10.1082,6.55414,1.6807,-0.15333,1.30795,2.16281,3.73635,3.44437,0.898745,-0.582291,0.574457,2.28368,2.06395,0.383249,-2.04558,0.310529,7.35277,11.326,10.9609,9.5145,7.81169,5.92903,4.698,3.08146,2.10758
