uploads/wind/20200722/wind_field_20.json
{"header": {"parameterUnit": "m.s-1", "parameterNumber": 3, "dx":  0.051, "dy": 0.036, "parameterNumberName": "northward_wind", "la1": 45.3082, "parameterCategory": 2,"nx": 177, "ny": 123, "refTime": "2018-10-03 01:00:00", "lo1":1.38177}, "data":
[rows 56 to 83 of 123, columns 64 to 127 of 177]
1.18919,0.770418,0.553924,0.424829,0.302974,0.141558,-0.0582432,-0.214288,-0.265042,-0.201176,-0.0576246,0.0995615,0.213106,0.192231,0.00925031,-0.252255,-0.488866,-0.648552,-0.648842,-0.605783,-0.609734,-0.914068,-1.21724,-1.11272,-0.759162,-0.602165,-0.68483,-0.707356,-0.505319,0.000938663,0.516297,0.611906,0.732651,1.00019,1.18815,1.37221,1.61069,1.79678,1.93096,2.06911,2.1949,2.29913,2.40663,2.57594,2.80651,3.04291,3.23002,3.38778,3.52007,3.61103,3.73624,3.90524,4.09954,4.28199,4.41623,4.45756,4.4543,4.31369,4.29999,4.72189,5.25891,5.07619,5.30877,5.00121
0.174055,-0.135982,-0.26859,-0.314725,-0.378361,-0.5917,-0.864956,-1.06054,-1.18157,-1.29394,-1.43122,-1.58786,-1.73782,-1.89433,-2.03302,-1.99093,-1.73066,-1.4061,-1.03579,-0.897679,-0.90072,-1.28967,-1.33248,-1.02053,-0.545415,-0.315566,-0.343644,-0.112809,0.149101,1.23686,1.73567,1.86422,1.84796,1.97008,2.12167,2.23325,2.29154,2.25518,2.19447,2.21046,2.33054,2.55092,2.81957,3.0886,3.33765,3.52922,3.64239,3.74121,3.88504,4.06974,4.29144,4.53648,4.76282,4.93364,4.99129,4.89149,4.72899,4.62194,4.73769,5.3538,5.76455,5.59461,5.58994,5.25761
-0.480617,-0.532705,-0.514334,-0.578121,-0.726635,-0.944127,-1.15751,-1.31144,-1.46274,-1.67699,-1.91496,-2.04285,-2.03939,-2.14156,-2.32662,-2.14166,-1.64449,-1.15905,-0.882036,-0.979938,-1.26993,-1.60398,-1.72238,-1.1888,-0.423405,0.0852797,0.296564,0.853807,1.22732,1.7516,2.49404,2.50144,1.94592,2.1642,2.51798,2.67018,2.61276,2.52219,2.44566,2.47459,2.6433,2.9904,3.39873,3.72132,3.90134,3.98311,4.04108,4.1226,4.25616,4.44461,4.66554,4.90609,5.13322,5.27696,5.28074,5.16266,5.04724,5.05257,5.4119,5.89248,5.77584,5.32236,5.23609,4.79234
-0.708598,-0.453342,-0.297616,-0.293401,-0.407399,-0.654953,-0.807781,-0.938321,-1.1039,-1.28909,-1.38601,-1.36671,-1.61292,-2.17175,-2.45678,-2.05388,-1.38625,-1.00068,-0.941781,-1.12717,-1.55469,-1.59043,-1.63416,-1.21052,-0.698488,0.437669,1.58717,2.1263,1.94622,2.12428,1.892,1.89604,1.33401,1.09013,1.59944,2.19836,2.76771,3.02652,3.0274,2.9612,3.08055,3.34758,3.7087,4.00923,4.17157,4.23387,4.29668,4.35859,4.41727,4.5223,4.70807,4.93545,5.13748,5.20525,5.1585,5.07415,4.97703,5.10122,5.37284,5.05125,4.78063,4.25062,5.00387,4.85887
-0.169532,0.0888393,0.181049,0.162173,0.0613205,-0.070622,-0.186485,-0.372396,-0.587778,-0.756371,-0.780062,-1.06312,-2.04458,-2.50862,-2.14171,-1.22744,-0.772494,-0.748908,-0.662608,-0.340836,-0.535096,-1.0292,-1.77695,-2.12997,-1.93842,-0.269583,1.64614,2.60991,2.4076,1.62266,1.27815,0.471334,0.285121,0.660832,0.746513,1.10714,2.1351,2.93295,3.25728,3.70486,3.88117,4.01632,4.20944,4.38785,4.5029,4.52934,4.53459,4.5344,4.56838,4.68181,4.89442,5.14205,5.27514,5.21522,5.08693,4.91751,4.85639,4.85546,4.41588,3.27189,3.7415,4.28376,5.20766,5.48678
0.532809,0.568084,0.483392,0.308988,0.116432,-0.0163026,-0.0948369,-0.272483,-0.515045,-0.65406,-0.785933,-1.42901,-2.33659,-1.78564,-1.2797,-0.588986,-0.287313,-0.489949,-0.322031,0.326471,0.832726,0.0437774,-1.67998,-3.03656,-2.88644,-1.8265,0.132077,2.0218,2.67012,1.63925,0.561229,-0.0710554,-0.526849,-0.479637,0.178664,1.12936,1.5346,2.16964,2.68148,3.67042,4.52154,4.74253,4.92124,5.03725,5.08764,5.12209,5.09541,5.01741,5.03587,5.19428,5.37731,5.47844,5.36586,5.13883,4.97197,4.89054,4.87245,4.56388,3.24004,2.98295,3.73139,4.75546,5.18313,4.99398
0.39906,0.135549,-0.105881,-0.303645,-0.418193,-0.454232,-0.476622,-0.582867,-0.75301,-0.922418,-1.15795,-1.30244,-1.37011,-1.08918,-0.99407,-1.04055,-0.542639,-0.258811,-0.375973,-0.111803,0.423568,0.142232,-0.894931,-1.2689,-0.487648,-1.09312,-1.70845,0.817939,1.5375,1.28871,0.60525,0.479327,-0.366181,-1.09947,-0.274076,0.917014,0.808191,0.848427,1.23588,2.23961,3.98345,4.87567,5.29034,5.54378,5.66147,5.73352,5.75542,5.73086,5.79193,5.92123,5.90831,5.68776,5.29684,4.98726,4.85482,4.93686,4.78217,4.26184,3.43578,3.77603,4.30354,4.71212,4.56623,4.53348
-0.710816,-0.848272,-0.868011,-0.77874,-0.542007,-0.381086,-0.27379,-0.535195,-0.94968,-1.16804,-1.02444,-0.48727,-0.0432694,0.0749054,-0.393335,-1.17613,-1.45,-1.62164,-1.90452,-1.80487,-0.862602,-0.465541,-0.393912,0.60786,0.831558,0.154761,-1.81651,-1.40617,0.504915,0.679949,1.9054,1.41981,1.02776,0.0157116,-1.12748,-0.977694,0.012627,0.891091,1.67352,1.93303,2.60617,4.23319,5.13739,5.64871,5.95693,6.08297,6.16394,6.28722,6.43938,6.45797,6.1983,5.85054,5.48607,5.28596,5.20791,5.17367,4.87559,4.42393,4.29127,4.47603,4.6043,4.56945,4.7527,4.48421
-1.38569,-1.0295,-0.598912,-0.277723,-0.000326276,0.174823,-0.106947,-0.70239,-1.0069,-0.968309,-0.649255,-0.161927,-0.224258,-0.0291579,-0.38092,-1.10983,-1.02264,-0.677261,-0.988444,-1.42162,-1.56869,-1.42751,-0.743997,0.217318,-0.165188,-0.194475,0.157221,-1.29426,-0.287324,0.557498,2.54595,3.92971,3.99596,3.05387,0.596105,-1.3385,-1.15651,-0.0647093,0.460927,0.803466,2.16949,3.56567,4.77312,5.48332,5.91387,6.20865,6.46004,6.69298,6.79721,6.64564,6.38649,6.22364,6.03162,5.92461,5.7419,5.49757,5.17956,4.92249,4.99234,4.9886,4.74115,4.86484,5.26179,4.97066
-0.763684,-0.340468,0.148351,0.285609,0.476232,0.3125,-0.00115939,-0.311044,-0.275486,-0.20853,-0.426108,-0.0777178,-0.1696,-0.0755431,-0.235247,-0.674111,-0.488972,0.62479,1.01548,0.384159,0.524314,0.532928,0.482537,1.26817,1.46661,0.579663,1.13323,1.22794,-0.418198,-0.224281,1.26484,2.73701,3.13258,3.53025,2.52159,0.67357,-0.702131,-1.13195,-0.411873,0.552796,2.58796,3.52912,4.22957,5.01566,5.58401,6.00933,6.47473,6.74056,6.71756,6.54449,6.47385,6.51671,6.42228,6.19339,5.84077,5.42982,5.20744,5.12481,5.39644,5.01741,5.3048,5.07746,5.18981,5.59805
0.0939527,-0.134859,0.538443,1.26757,1.18615,0.367288,0.600579,0.653135,0.700629,0.875346,0.597281,0.528633,0.614677,0.528153,0.346503,0.344393,0.202884,0.48913,1.71122,1.39126,1.07635,1.3724,2.16798,2.24379,1.95521,1.17556,0.778636,1.28091,1.16836,0.192366,0.134649,0.288131,0.576552,1.39786,2.22453,1.80967,0.312327,-1.00777,-1.09424,-0.185012,1.9841,3.23382,3.72785,4.35004,5.26395,5.89197,6.39642,6.57922,6.49908,6.36246,6.48542,6.67454,6.49688,5.98239,5.43298,5.29371,4.99316,5.1439,5.0549,5.03898,5.6268,4.61653,5.25604,4.56713
0.775382,0.869842,0.878069,1.81109,1.57087,1.3755,1.27208,1.234,0.97738,0.460171,1.09973,0.901704,1.13279,1.14738,1.1094,0.814449,0.102144,-0.199875,0.527576,1.22869,0.706586,0.657876,1.42432,1.38198,0.203981,-0.477672,0.0166481,0.375611,0.777239,0.932371,-0.0758912,-0.318383,-0.0480128,0.490983,1.49089,2.53378,2.34487,1.66643,1.26837,0.207172,-0.773679,0.780593,2.41101,3.28542,4.89246,5.77357,6.17101,6.24136,6.30901,6.36709,6.48293,6.55304,6.44951,5.96381,5.48427,5.21351,4.63558,4.50984,4.5248,5.1945,5.03939,4.2722,4.59583,2.81622
1.49573,1.37761,1.14309,1.50843,1.82418,1.53173,1.60594,1.56948,1.16672,-0.116468,0.148073,0.800775,1.3033,1.51345,1.1791,0.438534,-0.484628,-0.572282,-0.00853256,1.70999,1.39293,1.02106,0.937792,0.663068,0.0148406,-0.623117,-0.711096,-0.684683,-0.0629674,0.465906,0.603187,-0.289694,-0.927694,-0.564014,0.405514,2.11069,3.17753,3.00994,1.60542,-0.221331,-1.14368,0.0412962,0.81091,1.61825,2.17493,2.79085,4.00806,4.66748,4.90816,5.03716,5.28777,5.44071,5.54457,5.30104,5.14083,4.41616,4.21667,3.54932,4.26644,4.70033,3.80783,3.62498,2.65302,2.26091
1.50775,0.915014,1.44526,0.943659,0.879639,1.35874,1.39886,2.05235,1.8321,0.997765,1.26991,0.989778,1.12269,1.36309,1.18447,0.639925,-0.0364904,-0.182425,0.817606,2.06506,1.7475,1.17147,0.131572,0.106737,0.793143,0.298703,-1.93144,-2.42683,-0.749018,-0.273258,-0.339252,-1.21443,-2.19431,-2.03002,-1.41297,0.0666792,1.03286,1.49374,0.322436,-0.502033,-0.020059,-0.253478,-0.929943,-0.790383,-0.270955,0.378697,1.59801,1.97731,1.8604,1.81868,2.6725,3.73594,3.50584,2.7165,2.23017,3.05598,2.91944,3.0435,2.71614,3.18768,2.81052,2.205,1.81467,2.27646
2.01669,1.99651,1.73402,0.859926,0.558319,0.371455,0.955202,1.94231,2.45616,2.37128,2.0795,1.45571,0.983215,0.489839,0.80083,0.639181,0.152569,-0.45372,-0.32992,0.403664,0.321562,0.254335,0.101236,0.147648,0.288806,-0.509637,-2.95774,-3.47207,-2.79808,-1.79262,-1.97936,-3.09607,-3.37938,-2.67501,-2.23132,-1.91023,-1.05613,-0.617887,-1.60444,-1.44848,-1.66119,-0.66092,-0.110222,-0.588092,-0.519495,0.241416,0.396895,0.162168,-0.283993,0.641544,1.11425,2.36049,1.96808,0.819306,-0.0818469,1.00987,0.795659,1.44386,0.892669,1.89377,2.09906,1.94002,2.34977,2.37392
1.86156,1.4319,1.7792,1.54074,0.215897,0.267582,0.697224,2.10205,1.34605,2.26899,2.14849,1.62008,0.949419,0.397179,0.914113,0.923284,0.670368,0.216016,-0.175836,-0.13807,0.307777,0.75209,0.769377,0.307355,-1.1532,-2.55954,-2.97914,-2.22587,-3.00124,-3.69072,-3.4788,-3.8162,-3.58556,-2.95793,-2.95654,-3.11678,-2.24405,-2.28027,-2.72588,-1.59498,-1.16005,-0.307601,0.261791,-0.176285,-0.106366,-0.201616,-0.508948,-0.112556,0.364691,1.60379,1.35315,1.92921,1.64975,0.771212,0.00633913,-0.176458,0.0467022,0.609094,1.55589,1.94948,1.92087,2.28182,2.03792,1.77376
0.891708,0.273342,1.19115,0.980034,0.640199,0.917617,0.391294,0.388586,1.87976,2.23524,1.54509,1.48451,1.10336,1.22914,1.69398,1.8153,1.63976,1.80371,1.31051,0.387052,0.578235,1.53824,1.40758,-0.305031,-2.86159,-3.27866,-2.37431,-1.36762,-1.83959,-3.31731,-3.74711,-3.58283,-3.24226,-2.77959,-3.32389,-3.78767,-4.27409,-3.43478,-2.41066,-1.48447,-1.90033,-1.97822,-1.12708,-0.151115,0.243192,-0.692499,-0.953774,-0.759595,-0.147864,1.67397,1.54523,1.81594,1.75928,1.31725,0.959433,1.04506,1.689,2.06887,2.02271,1.19423,1.25821,1.07086,0.77973,0.964859
-0.267925,-0.25323,0.500143,0.623177,1.67794,0.610405,0.932788,-0.0430198,1.18125,1.49235,2.08674,1.10831,0.692924,1.26361,1.28047,0.861274,0.661535,0.962394,0.536579,-0.118872,-0.000622007,0.482631,0.170021,-1.66276,-3.19794,-2.66054,-1.71644,-2.4469,-3.48731,-3.81468,-4.17679,-3.75847,-3.41459,-2.86448,-3.01425,-3.60855,-4.5908,-5.09485,-3.85402,-3.55827,-3.04912,-3.09629,-3.17013,-1.03783,-0.522864,-1.28269,-0.908072,-1.09384,-1.16296,0.727389,1.47352,1.94258,2.39538,2.55065,2.56969,2.63051,2.31192,0.926215,0.1281,-0.0130653,0.372591,0.491955,0.679876,0.801174
-0.674165,0.159443,0.531691,1.36961,1.95434,1.43732,0.693498,0.806465,1.41934,1.7889,1.39553,1.30546,1.71352,1.70778,0.28379,-1.0801,-1.2314,-0.861613,-0.543226,-0.0353277,0.288125,-0.137458,-0.941268,-2.61809,-2.78626,-1.67006,-0.882807,-1.97611,-3.42193,-4.39162,-4.45498,-4.25798,-3.7772,-2.94038,-2.76952,-3.22545,-3.55342,-3.97423,-4.14964,-4.03603,-4.24959,-3.80766,-3.96661,-2.43239,-1.52668,-1.05857,-0.218543,-0.208732,-0.901134,-0.494808,0.543038,1.25734,1.80731,2.2581,2.3782,1.93913,0.415721,-0.40348,-0.0723771,0.406491,0.721017,0.828551,0.788356,0.778278
0.307395,0.742593,0.857171,1.47077,1.4163,1.88133,1.98442,2.35384,1.3938,-0.0563189,0.517581,1.26696,1.55521,0.940868,-0.832234,-1.27861,-0.571648,-0.265372,-0.516867,-0.00745984,0.48095,0.668216,-0.339223,-1.27318,-0.918378,-1.45074,-1.61334,-2.08055,-1.27682,-2.38071,-3.65036,-4.14368,-3.27421,-2.87822,-2.86037,-2.401,-1.55279,-3.19618,-3.41319,-3.68702,-4.13771,-4.27784,-3.95804,-3.04084,-2.51889,-2.01465,-1.50608,-0.481613,-0.367018,-0.614396,0.0105916,0.548909,0.582507,1.11324,1.17273,0.555369,0.0560013,0.380066,0.392032,0.491412,0.640839,0.511232,0.597127,1.32067
1.03523,1.26402,1.819,2.38755,3.39741,3.2692,2.74539,2.03742,0.734375,-0.685527,0.365277,-0.0387268,-0.903896,-1.91629,-2.14941,-0.858804,0.434279,0.555386,-0.0716081,-0.745232,-0.0367191,1.41269,1.15471,0.577456,0.00794461,-1.12592,-2.3498,-2.44616,-1.20393,-0.340882,-1.90217,-3.32083,-3.42597,-2.48951,-1.87214,-1.67094,-2.20715,-2.14725,-2.30925,-3.20263,-4.27291,-4.01033,-3.64709,-2.92725,-2.56965,-2.33659,-3.44607,-2.84036,-1.49527,-0.601073,-0.171995,-0.262821,-0.359918,-0.31898,-0.232205,-0.419323,-0.0410508,0.00879647,0.174331,0.371586,0.420395,0.694028,1.22685,1.92423
2.7937,3.23475,3.66823,4.37553,4.86085,3.89864,2.80536,0.927595,0.974941,-0.382315,0.346838,-0.355311,-2.62308,-3.13509,-2.82219,-2.11894,-1.08279,-0.214039,-0.0498552,-0.794863,-1.36542,-0.0316451,1.66561,1.08117,-0.106862,-0.732694,-1.63405,-2.618,-2.18158,0.141901,0.06072,-1.97688,-2.47158,-2.88752,-2.18103,-2.55304,-2.43192,-1.98,-1.94387,-2.71925,-3.19556,-3.5013,-3.17914,-2.61041,-2.8804,-3.53128,-3.54745,-3.38066,-2.73477,-1.88421,-1.39179,-1.38347,-1.27869,-0.848422,0.0260923,-0.246179,-0.640205,-0.0499993,0.331153,-0.0870292,-0.107742,0.339124,1.28888,1.92098
2.78511,4.30304,4.37898,4.00285,3.56075,2.94118,3.11652,2.90716,2.61744,2.37954,2.35309,1.15678,-0.608201,-0.902005,-1.38094,-1.66002,-1.18949,-0.508535,-0.551138,-0.982247,-2.08207,-2.03431,0.633685,2.02263,0.0611348,-0.711495,-0.779714,-1.34647,-1.58923,-1.19492,-1.22975,-2.30779,-2.49777,-2.62509,-2.63297,-1.68148,-2.11534,-3.12589,-3.00294,-2.01496,-1.07278,-0.816338,-1.02305,-0.972975,-2.27656,-2.7132,-1.26908,0.118863,0.174671,-0.628648,-1.2249,-0.963131,-0.453753,-0.362563,0.303151,-0.108827,0.0515441,1.47009,1.53993,0.413767,0.198198,-0.182952,0.273038,0.9589
2.792,3.92973,3.14383,3.0124,2.86947,2.67318,3.37998,3.63134,2.85052,2.80017,3.01171,2.58564,2.61689,1.66247,1.819,0.429313,-0.387445,-0.598914,-0.890986,-1.52007,-1.90699,-2.52761,-1.05043,2.19116,1.5979,0.286186,-0.433308,-0.493794,-0.433188,-1.89687,-2.07812,-2.17796,-1.37746,-1.60924,-1.55184,-0.880006,-0.80053,-2.57747,-2.86108,-1.41785,0.976572,2.04895,2.20003,2.77941,2.22883,1.64606,1.85839,1.54294,0.0625932,-1.02309,-1.99949,-2.05507,-1.47812,-0.816711,1.22486,0.440282,0.191472,1.00515,0.983894,0.046828,0.00478992,0.50344,0.692104,0.150493
3.38977,3.99232,3.00835,3.39086,3.04245,4.16667,3.77825,2.84413,-0.474765,-1.21927,-0.322005,0.528918,1.47984,0.958278,0.950162,-0.500327,-1.4528,-1.51761,-1.75011,-1.55324,-0.92291,-1.31189,-1.98693,0.201417,2.38678,1.36128,1.36957,1.56594,0.89612,-0.712372,-0.602731,-0.0679551,0.110694,0.245732,-0.672346,-2.66889,-1.02744,-0.28914,-0.362817,-0.652468,-0.154817,0.864654,1.62003,1.36699,2.08865,1.90546,-0.592267,-1.80007,-2.44491,-2.96707,-2.50499,-3.19357,-3.09457,-1.38321,1.37291,0.982002,-1.20015,-1.82563,-0.724694,-0.354219,-1.17633,-0.2573,0.0429635,-1.4584
3.11361,3.78556,3.66303,3.2883,2.66694,4.13206,3.7705,1.47001,-0.993567,-2.38783,-2.40306,-2.29653,-1.97174,-1.07928,-0.917447,-1.82313,-1.7085,-1.09132,-1.39442,-1.55315,-1.54993,-1.39055,-1.39929,-1.03455,1.27476,2.06,1.68414,1.24726,2.45483,2.12596,2.02615,1.93168,1.74532,1.3177,0.868811,-0.804974,-0.993708,-0.858949,0.807701,1.5754,1.75627,1.54967,0.570534,-0.873875,-0.218269,-0.386949,-1.97776,-1.64489,-0.0401207,-1.08179,-1.85298,-1.80912,-3.21929,-3.75859,-3.27426,-2.0644,-2.57618,-3.1606,-1.79083,-0.558095,-0.345595,-1.36924,-2.06216,-2.34464
2.8564,3.35963,3.83218,3.58466,4.50885,4.02924,3.09193,2.81079,1.41832,0.267285,-2.75993,-3.61849,-3.8103,-3.25442,-3.45921,-2.66523,-1.2095,-0.500143,-0.257765,-0.907195,-2.11942,-2.40411,-2.08046,-0.772602,2.40633,2.13006,0.610154,-0.591681,1.14822,3.2283,3.70696,3.03454,1.62827,0.375985,0.38915,-0.825394,-1.96784,-2.26056,-0.266057,0.785839,2.05753,2.3447,0.299804,-1.72932,-2.13075,-1.80041,-2.69278,-2.89879,-1.64619,-3.5122,-3.13154,-0.62688,-1.29834,-3.71512,-3.7853,-2.0884,0.360015,-2.18722,-3.67471,-3.1961,0.543896,-0.0744069,-2.17745,-1.8049
3.29743,3.70762,3.91246,4.20298,3.88774,2.80966,2.90264,3.01566,3.42716,2.1318,-0.679845,-2.86843,-3.60552,-3.75805,-3.45444,-1.56896,-0.648733,-1.38127,-1.34245,-0.75277,-0.521538,-1.0247,-1.49819,-1.24996,2.12866,2.42274,2.13563,0.880376,1.55707,1.7845,2.68332,2.14968,-0.272956,-1.78843,-3.1149,-3.78503,-3.29085,-2.35017,-2.13253,-3.39508,-3.18416,-2.72014,-3.0131,-3.84244,-4.45603,-4.25504,-3.89763,-3.55293,-3.91839,-4.90287,-3.72352,-1.37897,-1.27249,-2.3485,-2.08634,-1.58317,0.522112,-1.40701,-3.68713,-2.57998,-0.0675031,-1.91397,-1.71509,-0.11923
