uploads/wind/20200722/wind_field_07.json
{"header": {"parameterUnit": "m.s-1", "parameterNumber": 2, "dx": 0.051, "dy": 0.036, "parameterNumberName": "eastward_wind", "la1": 45.3082, "parameterCategory": 2,"nx": 177, "ny": 123, "refTime": "2018-09-30 00:00:00", "lo1":1.38177}, "data":
[rows 0 to 27 of 123, columns 0 to 63 of 177]
-2.17537,-2.44188,-2.86793,-3.31647,-3.77935,-4.1996,-4.35674,-4.26657,-4.06751,-3.77127,-3.44413,-3.18032,-3.03625,-2.91409,-2.81158,-2.76889,-2.70923,-2.67588,-2.69291,-2.77298,-2.85509,-2.85221,-2.79162,-2.72417,-2.68061,-2.66514,-2.66418,-2.6154,-2.49311,-2.35828,-2.25848,-2.18272,-2.13697,-2.12907,-2.14772,-2.1664,-2.16542,-2.13842,-2.09429,-2.04414,-1.98813,-1.93136,-1.87712,-1.82287,-1.79951,-1.8312,-1.91758,-2.02331,-2.11201,-2.18318,-2.24845,-2.32273,-2.40177,-2.46149,-2.47465,-2.45095,-2.40828,-2.3579,-2.30313,-2.25092,-2.20664,-2.1742,-2.13972,-2.08948
-2.45656,-2.88738,-2.98812,-3.1018,-3.45993,-3.95135,-4.0956,-4.15513,-4.10582,-3.75493,-3.31089,-3.03049,-2.93566,-2.96729,-3.22394,-3.37745,-3.03485,-2.91388,-3.06778,-2.93535,-2.80913,-2.81036,-2.7511,-2.68366,-2.67419,-2.67522,-2.6673,-2.62258,-2.51046,-2.3897,-2.30138,-2.2048,-2.11943,-2.09521,-2.11078,-2.12939,-2.1358,-2.12163,-2.09016,-2.04035,-1.9742,-1.89871,-1.81559,-1.72994,-1.67991,-1.69685,-1.78694,-1.9034,-1.99975,-2.07077,-2.13822,-2.22137,-2.31194,-2.3874,-2.41127,-2.39577,-2.35978,-2.31371,-2.27007,-2.22827,-2.18342,-2.13964,-2.08769,-2.02339
-2.46408,-2.90483,-2.6516,-2.64906,-3.17698,-3.65259,-3.78322,-3.77946,-3.92539,-3.90984,-3.40966,-3.01338,-2.96127,-2.99622,-3.04711,-2.99666,-2.8224,-2.69076,-2.67369,-2.70092,-2.73626,-2.74012,-2.69254,-2.63934,-2.62938,-2.62661,-2.6147,-2.56339,-2.45954,-2.34584,-2.24892,-2.16017,-2.09207,-2.06639,-2.08024,-2.1034,-2.11218,-2.10689,-2.08365,-2.02761,-1.94069,-1.8364,-1.72953,-1.62104,-1.55013,-1.55927,-1.65548,-1.78257,-1.87757,-1.94203,-2.0042,-2.08522,-2.17802,-2.25848,-2.29565,-2.30054,-2.28235,-2.25075,-2.21571,-2.17284,-2.11372,-2.04193,-1.96605,-1.89035
-2.22096,-2.40336,-2.34355,-2.63411,-2.9878,-3.22471,-3.28619,-3.28441,-3.28481,-3.24382,-3.15969,-3.08769,-3.0582,-3.06288,-3.05753,-2.97636,-2.83498,-2.72317,-2.66265,-2.6554,-2.6696,-2.66318,-2.64148,-2.61756,-2.59492,-2.55986,-2.50642,-2.42708,-2.32278,-2.22022,-2.14983,-2.10292,-2.06734,-2.05321,-2.06827,-2.09815,-2.11973,-2.1155,-2.08073,-2.01171,-1.89525,-1.75241,-1.61305,-1.48659,-1.41275,-1.42571,-1.53142,-1.66536,-1.76312,-1.81209,-1.8493,-1.91212,-1.99021,-2.07193,-2.13403,-2.1739,-2.18962,-2.17955,-2.15227,-2.10362,-2.02105,-1.90256,-1.77751,-1.67737
-2.06737,-2.30389,-2.32749,-2.65867,-2.92197,-3.01399,-3.07707,-3.10231,-3.13238,-3.13682,-3.13221,-3.12053,-3.07918,-3.00966,-2.92496,-2.87261,-2.82208,-2.72325,-2.62847,-2.57804,-2.58039,-2.59222,-2.58226,-2.5665,-2.53796,-2.48891,-2.40448,-2.29015,-2.17743,-2.10947,-2.10164,-2.10475,-2.06928,-2.02559,-2.02826,-2.06997,-2.11097,-2.10681,-2.04734,-1.95177,-1.82799,-1.66964,-1.50082,-1.38248,-1.31961,-1.32874,-1.41807,-1.54631,-1.65666,-1.70451,-1.71927,-1.74729,-1.81553,-1.90125,-1.97364,-2.0317,-2.06144,-2.05657,-2.0247,-1.97451,-1.88887,-1.74699,-1.59013,-1.4716
-2.01748,-2.52498,-2.40424,-2.21346,-2.42996,-2.73297,-2.89249,-2.94072,-2.95253,-2.95752,-2.98007,-3.01091,-3.04036,-3.04134,-2.98572,-2.88409,-2.77835,-2.69279,-2.60389,-2.52723,-2.49698,-2.4889,-2.46009,-2.41916,-2.39216,-2.36319,-2.29689,-2.1741,-2.03039,-1.92499,-1.89408,-1.92148,-1.94767,-1.95739,-1.97867,-2.01636,-2.04479,-2.0398,-1.98912,-1.9076,-1.78154,-1.59579,-1.40747,-1.28504,-1.24604,-1.28469,-1.37928,-1.47398,-1.5354,-1.56182,-1.57653,-1.61958,-1.70247,-1.78576,-1.84234,-1.88521,-1.91336,-1.90555,-1.86368,-1.80355,-1.7057,-1.55577,-1.39722,-1.27408
-1.79806,-2.09311,-2.05204,-2.06548,-2.07959,-2.24779,-2.50096,-2.69359,-2.78687,-2.82942,-2.86013,-2.87373,-2.8786,-2.87785,-2.85721,-2.7973,-2.70082,-2.6029,-2.52074,-2.46561,-2.42933,-2.38395,-2.32156,-2.25745,-2.22585,-2.2239,-2.19518,-2.0946,-1.94291,-1.80419,-1.74103,-1.75087,-1.79653,-1.85201,-1.8978,-1.93293,-1.94502,-1.92441,-1.87642,-1.80384,-1.68852,-1.52269,-1.36049,-1.27041,-1.24768,-1.25225,-1.27783,-1.3166,-1.35688,-1.39747,-1.43975,-1.5064,-1.59407,-1.66083,-1.69447,-1.71785,-1.73121,-1.71808,-1.6728,-1.60136,-1.48619,-1.33214,-1.18816,-1.08089
-1.45841,-1.72881,-1.89222,-2.1673,-2.28677,-2.13999,-2.05052,-2.1342,-2.31239,-2.4736,-2.56993,-2.63798,-2.67172,-2.67845,-2.67401,-2.65944,-2.61271,-2.51856,-2.39697,-2.30128,-2.26652,-2.24687,-2.202,-2.14297,-2.10163,-2.07841,-2.03601,-1.95078,-1.83993,-1.74107,-1.67573,-1.64559,-1.65129,-1.68722,-1.7386,-1.77856,-1.78563,-1.76888,-1.73657,-1.66708,-1.5419,-1.41749,-1.34192,-1.27536,-1.18958,-1.12478,-1.1184,-1.14919,-1.19154,-1.23769,-1.28953,-1.36039,-1.43517,-1.47984,-1.49719,-1.4935,-1.47697,-1.45294,-1.41562,-1.36477,-1.27637,-1.15052,-1.02215,-0.910117
-1.42586,-1.64589,-1.62962,-2.04151,-2.45873,-2.4614,-2.26514,-2.10241,-2.04589,-2.13468,-2.2521,-2.36033,-2.43915,-2.4772,-2.48326,-2.47479,-2.45009,-2.38067,-2.24982,-2.09394,-1.99571,-1.97321,-1.98317,-1.99511,-1.99109,-1.95174,-1.8739,-1.77385,-1.67672,-1.62233,-1.60811,-1.60212,-1.60238,-1.627,-1.66559,-1.68459,-1.6607,-1.61738,-1.57609,-1.50496,-1.40195,-1.32285,-1.27674,-1.1931,-1.06649,-0.972815,-0.964684,-1.01379,-1.07352,-1.13214,-1.18261,-1.23124,-1.26602,-1.27189,-1.25412,-1.22024,-1.17351,-1.12417,-1.07339,-1.03254,-1.00049,-0.949631,-0.881816,-0.802446
-2.01077,-1.29471,-1.21569,-1.58947,-2.16371,-2.33594,-2.25177,-2.246,-2.17014,-2.12269,-2.12111,-2.14148,-2.18515,-2.23065,-2.26249,-2.27368,-2.27627,-2.26764,-2.19838,-2.05879,-1.89984,-1.78173,-1.72999,-1.73179,-1.75633,-1.75426,-1.69451,-1.60441,-1.52675,-1.47883,-1.4583,-1.47721,-1.5495,-1.6568,-1.74347,-1.74433,-1.65206,-1.53042,-1.43835,-1.35971,-1.30265,-1.26442,-1.18061,-1.04644,-0.906387,-0.826279,-0.838083,-0.904794,-0.997867,-1.08056,-1.12409,-1.13398,-1.11177,-1.07511,-1.03652,-0.987356,-0.92307,-0.852346,-0.787862,-0.733351,-0.694579,-0.675736,-0.689377,-0.700756
-1.8361,-1.78555,-1.502,-1.76905,-2.56139,-1.97222,-1.99844,-2.08004,-2.15794,-2.12133,-2.12913,-2.13013,-2.09983,-2.07689,-2.06107,-2.06384,-2.08558,-2.10833,-2.10585,-2.04037,-1.91295,-1.7635,-1.63851,-1.56485,-1.53567,-1.51276,-1.46072,-1.38627,-1.3399,-1.34247,-1.34879,-1.36746,-1.48035,-1.67287,-1.81806,-1.80962,-1.66888,-1.50506,-1.36445,-1.2628,-1.22514,-1.18898,-1.06569,-0.876491,-0.713952,-0.666476,-0.710895,-0.802971,-0.927757,-1.01821,-1.05219,-1.02215,-0.956252,-0.901983,-0.855722,-0.801691,-0.736326,-0.677309,-0.630762,-0.584601,-0.537918,-0.508829,-0.497539,-0.499063
-1.14989,-1.06286,-1.18036,-1.40692,-1.70812,-1.88444,-1.67314,-1.60265,-1.82873,-2.49534,-1.91045,-2.05807,-2.16017,-2.11967,-2.07158,-2.00205,-1.97198,-1.9701,-1.96495,-1.93102,-1.85243,-1.73454,-1.60957,-1.52423,-1.47356,-1.41559,-1.32875,-1.22158,-1.11807,-1.08074,-1.15693,-1.31996,-1.5305,-1.73269,-1.81511,-1.7441,-1.59442,-1.42888,-1.27216,-1.15989,-1.10769,-1.04249,-0.879337,-0.68966,-0.585011,-0.587823,-0.653791,-0.735224,-0.816308,-0.8705,-0.887696,-0.858617,-0.81919,-0.780657,-0.73523,-0.678335,-0.607587,-0.551616,-0.511091,-0.480255,-0.463534,-0.44326,-0.401641,-0.35649
-0.964117,-0.835184,-0.898159,-0.446108,-1.10892,-1.82405,-1.40424,-1.48946,-1.80559,-2.48709,-1.7375,-1.88754,-2.08764,-2.11449,-2.18267,-2.15728,-2.08896,-1.99667,-1.91489,-1.82268,-1.71744,-1.62222,-1.53491,-1.45849,-1.40268,-1.3467,-1.26439,-1.16002,-1.04453,-0.939099,-0.929796,-1.0914,-1.3805,-1.67046,-1.77776,-1.65814,-1.46442,-1.28418,-1.11444,-0.992948,-0.926686,-0.839636,-0.703543,-0.600341,-0.57447,-0.610861,-0.668459,-0.689742,-0.683918,-0.682543,-0.691045,-0.697691,-0.71198,-0.720418,-0.699403,-0.652388,-0.587956,-0.526874,-0.466523,-0.414266,-0.381998,-0.362976,-0.353836,-0.321989
-1.13752,-0.928245,-0.666377,-0.234181,-0.96177,-1.57684,-1.34118,-1.39385,-1.74416,-1.99988,-2.30511,-1.67552,-1.921,-2.04793,-2.08474,-2.14714,-2.20779,-2.17205,-2.02953,-1.83845,-1.65148,-1.51873,-1.4265,-1.33939,-1.26219,-1.19598,-1.12564,-1.04323,-0.968613,-0.937277,-0.952975,-0.995885,-1.04796,-1.18473,-1.41467,-1.48615,-1.33099,-1.13883,-0.976015,-0.854351,-0.777048,-0.672174,-0.583734,-0.58689,-0.62268,-0.66967,-0.703936,-0.658542,-0.57454,-0.525174,-0.523055,-0.556634,-0.613776,-0.671068,-0.688029,-0.669963,-0.632277,-0.580813,-0.5292,-0.473693,-0.420968,-0.379614,-0.341703,-0.291064
-0.541336,-0.418189,-0.562595,-0.337341,-0.67993,-1.22137,-1.03641,-0.960546,-1.57636,-2.09274,-2.0199,-2.28895,-1.70271,-1.85393,-1.9483,-2.07483,-2.21845,-2.26652,-2.0992,-1.78629,-1.47005,-1.29642,-1.22883,-1.16554,-1.08733,-1.01839,-0.953667,-0.884202,-0.820095,-0.828848,-0.939483,-1.05925,-1.03952,-0.876713,-0.803723,-0.963167,-1.11714,-1.07862,-0.941897,-0.811404,-0.698572,-0.577789,-0.516518,-0.56965,-0.666679,-0.729308,-0.712083,-0.607072,-0.489572,-0.416505,-0.392033,-0.425219,-0.511354,-0.604146,-0.666382,-0.686154,-0.674949,-0.644324,-0.606906,-0.573217,-0.531909,-0.480106,-0.410735,-0.298984
-1.33735,-1.19367,-0.535104,-1.09277,-0.593834,-1.02904,-0.95511,-0.81247,-1.74813,-2.04172,-2.08474,-2.6487,-1.8954,-1.97653,-1.94777,-1.97564,-2.0976,-2.19621,-2.07475,-1.76142,-1.38374,-1.03207,-0.782058,-0.732111,-0.765842,-0.772675,-0.762499,-0.737969,-0.716684,-0.748965,-0.863113,-0.994187,-1.04169,-0.916614,-0.663995,-0.549664,-0.704576,-0.899769,-0.892552,-0.753633,-0.626104,-0.536546,-0.513055,-0.572316,-0.671832,-0.731394,-0.67821,-0.537753,-0.4102,-0.327437,-0.280817,-0.308763,-0.421681,-0.544706,-0.633646,-0.674955,-0.686172,-0.676516,-0.64281,-0.61918,-0.59329,-0.550736,-0.481807,-0.354245
-1.1674,-1.27833,-0.612239,-1.1078,-1.16952,-1.3854,-1.45983,-1.54297,-1.69605,-1.66852,-1.77091,-2.10973,-2.54047,-2.73218,-2.8303,-1.68394,-1.67202,-1.76745,-1.86927,-1.92564,-1.72886,-1.21562,-0.581749,-0.239667,-0.263626,-0.398174,-0.525644,-0.600253,-0.649053,-0.714304,-0.796477,-0.858111,-0.866825,-0.812813,-0.691541,-0.543326,-0.497815,-0.553824,-0.560421,-0.531732,-0.531906,-0.533304,-0.571881,-0.65306,-0.708401,-0.708321,-0.610042,-0.451951,-0.337022,-0.266669,-0.212096,-0.225421,-0.337665,-0.479484,-0.589865,-0.64646,-0.673152,-0.67701,-0.645368,-0.606342,-0.576356,-0.55634,-0.510376,-0.407579
-1.15389,-0.986608,-0.335897,-0.934997,-0.837261,-0.77028,-1.39948,-1.89731,-1.67452,-1.55056,-0.790547,-0.266439,-1.73063,-2.57386,-2.62749,-2.63374,-1.29953,-1.18422,-1.31914,-1.68373,-1.69945,-1.15978,-0.530976,-0.271459,-0.259432,-0.260945,-0.338968,-0.450178,-0.540052,-0.602628,-0.647279,-0.654245,-0.613521,-0.578521,-0.557879,-0.48743,-0.36456,-0.234701,-0.163108,-0.237121,-0.387674,-0.501352,-0.631998,-0.758534,-0.782687,-0.700053,-0.54408,-0.39504,-0.289746,-0.209194,-0.161522,-0.172373,-0.268346,-0.406807,-0.534726,-0.635266,-0.688941,-0.685914,-0.652552,-0.609473,-0.561388,-0.53423,-0.49031,-0.398623
0.379525,0.306913,-0.667523,-0.579616,-0.498771,-0.0293661,-0.581244,-1.73722,-2.08223,-1.46493,-0.548075,-0.243952,-1.13869,-2.24256,-2.2409,-2.07954,-1.8331,-1.12597,-0.582295,-0.944201,-1.19294,-0.804498,-0.108398,0.0441654,-0.439264,-0.558696,-0.373941,-0.381093,-0.385984,-0.390757,-0.42084,-0.431646,-0.379355,-0.302421,-0.266201,-0.258787,-0.179996,-0.0391638,0.0194144,-0.0814584,-0.253919,-0.425646,-0.614408,-0.756715,-0.77257,-0.662038,-0.49992,-0.3613,-0.241914,-0.151517,-0.109499,-0.136378,-0.242437,-0.385305,-0.517196,-0.623618,-0.683769,-0.680953,-0.666672,-0.643264,-0.582761,-0.51243,-0.443687,-0.359906
0.503378,0.441227,-0.516462,-0.223059,-0.27119,0.0322318,0.0439027,-0.842328,-2.12673,-2.56923,-2.47018,-2.15046,-1.73317,-2.04643,-2.04143,-1.71199,-1.92951,-1.7042,-1.00388,-0.680634,-0.916675,-0.459412,0.160193,0.886087,0.421187,-0.476609,-0.732191,-0.799769,-0.612855,-0.238376,-0.0480157,-0.0947473,-0.108064,-0.112857,-0.178187,-0.203489,-0.107417,0.0110734,0.0377656,-0.0366304,-0.164938,-0.310642,-0.454185,-0.550712,-0.556407,-0.487912,-0.424474,-0.350356,-0.232991,-0.128708,-0.0837966,-0.136081,-0.276047,-0.434389,-0.539155,-0.584033,-0.606673,-0.630005,-0.65662,-0.656887,-0.597541,-0.489547,-0.398045,-0.335478
0.252958,0.326674,-0.447683,-0.195327,-0.0982324,-0.10153,-0.834218,-1.21532,-1.11993,-1.95045,-2.98881,-2.55339,-1.30625,-2.4786,-2.81131,-2.81055,-2.42661,-2.27006,-1.99763,-1.78256,-0.758492,-0.14552,0.328216,0.824019,0.934894,0.209488,-0.620473,-1.19098,-1.16819,-0.456409,0.176274,0.169315,-0.119003,-0.323399,-0.342182,-0.186255,0.014309,0.137978,0.139167,0.0544059,-0.062438,-0.165389,-0.230591,-0.256517,-0.263409,-0.269121,-0.281242,-0.262152,-0.196466,-0.139297,-0.142846,-0.239265,-0.392839,-0.510273,-0.531663,-0.498294,-0.492194,-0.538491,-0.602857,-0.629892,-0.578033,-0.46833,-0.362603,-0.309064
-1.23954,-0.721699,-0.328104,-0.332991,-0.194048,-0.145315,-0.738655,-0.697053,-0.383415,-0.903438,-1.48203,-0.965059,-0.0311855,-0.707123,-2.41846,-2.88222,-2.48785,-2.4899,-2.49186,-1.50531,0.0395334,0.698272,0.446685,0.53509,0.195918,0.0649821,-0.0814246,-0.478623,-1.0097,-0.778308,-0.347851,-0.413267,-0.513751,-0.458477,-0.237874,0.00476172,0.205891,0.343965,0.361041,0.255884,0.11295,-0.00433791,-0.0803354,-0.128636,-0.16714,-0.179463,-0.164327,-0.139947,-0.106648,-0.0895683,-0.161856,-0.338234,-0.511667,-0.56397,-0.504669,-0.419936,-0.391058,-0.434902,-0.50788,-0.562767,-0.555282,-0.462053,-0.336361,-0.26643
-1.00602,-0.383939,-0.338936,-0.298504,0.0263664,0.204633,-0.255758,-0.398075,-0.373396,-0.24076,-0.484558,-0.713411,-0.120623,0.288476,-0.617773,-1.15135,-1.28527,-2.35437,-1.57005,-0.506723,-0.20018,0.32661,0.251931,0.230298,0.0276743,-0.160186,-0.519732,-0.457458,-0.751421,-0.501876,-0.467581,-0.811941,-0.494676,-0.157389,0.100259,0.303729,0.485671,0.573896,0.464595,0.262688,0.12973,0.0604553,0.000349963,-0.0695248,-0.15402,-0.191142,-0.145406,-0.0771258,-0.032267,-0.0198213,-0.104782,-0.298343,-0.477546,-0.53113,-0.459946,-0.370893,-0.342162,-0.372049,-0.428341,-0.489018,-0.522598,-0.463606,-0.322677,-0.214525
-0.885316,-0.39665,-0.306153,-0.247282,0.17077,0.565755,0.383632,-0.0481087,-0.176757,0.133427,-0.00261817,-0.573647,-0.582158,0.608925,1.31396,1.12988,-0.00415057,-1.53872,-1.16023,-0.180668,-0.287071,-0.348559,-0.311318,-0.0120791,0.498996,0.291761,-0.095461,-0.599632,-0.617459,-0.24393,-0.123116,-0.354583,0.026386,0.398951,0.627358,0.745878,0.717949,0.44378,0.129414,0.0344241,0.0867951,0.10591,0.0677109,-0.017928,-0.12493,-0.170601,-0.107553,-0.00865798,0.0393035,0.0228414,-0.0778592,-0.231013,-0.339549,-0.377659,-0.34913,-0.323973,-0.359071,-0.411745,-0.436002,-0.44572,-0.464157,-0.431861,-0.320677,-0.204665
0.0404019,0.225639,-0.320319,-0.144426,0.236802,0.765321,0.827318,0.594806,0.219447,0.630195,0.437438,-0.681317,-0.871305,-0.0618498,1.59064,2.49445,1.51707,0.139409,-0.151356,0.156197,-0.119592,-0.565707,-0.992371,-0.761773,-0.100007,0.386229,0.586627,0.312622,-0.56269,-0.312001,-0.188665,-0.0101584,0.407255,0.624048,0.601799,0.479091,0.253443,0.156441,0.238789,0.321611,0.264154,0.142336,0.00410013,-0.147776,-0.236062,-0.186864,-0.0456546,0.0775661,0.109256,0.0384607,-0.0907058,-0.181198,-0.193372,-0.182037,-0.20586,-0.298783,-0.435198,-0.513164,-0.485384,-0.421296,-0.396129,-0.389857,-0.356744,-0.308284
-0.900719,-0.519025,-0.0801556,-0.281548,0.13328,0.576444,1.07656,1.13834,0.597611,1.18891,1.38815,-0.194992,-1.00546,-0.356084,1.04885,2.46345,1.21627,-0.463452,-0.583875,-0.103957,0.0496106,-0.277564,-1.00159,-1.08731,-0.696213,-0.0205823,0.243643,-0.274874,-0.749298,-0.346096,-0.4723,-0.477909,-0.256576,-0.312602,-0.324856,-0.168734,0.155606,0.575493,0.760054,0.684987,0.458746,0.106707,-0.269009,-0.529301,-0.498949,-0.291311,-0.0556713,0.103241,0.123502,0.0249072,-0.0736555,-0.0960042,-0.0616779,-0.0327749,-0.0985504,-0.284357,-0.487843,-0.571425,-0.502752,-0.39218,-0.36247,-0.414417,-0.465885,-0.472309
0.238873,0.265213,-0.171974,-0.398842,-0.116442,0.416956,0.934954,1.06806,0.177469,0.72417,1.22807,-0.56425,-0.920758,-0.191112,0.596665,1.6644,2.0837,0.921244,-0.374556,-0.73526,-0.475767,-0.0882569,-0.511839,-1.03754,-0.725608,-0.0224286,-0.527984,-1.33642,-0.399339,0.275888,-0.335178,-0.563879,-0.519114,-0.677667,-0.366675,0.139233,0.626677,0.989168,1.07504,0.914483,0.377236,-0.204517,-0.695095,-0.731885,-0.534801,-0.297073,-0.117612,-0.0148074,0.00243996,-0.0258975,-0.0415173,-0.00394038,0.0650016,0.0899224,0.00296992,-0.209016,-0.439628,-0.533949,-0.469081,-0.397691,-0.430313,-0.499005,-0.512556,-0.485474
-2.1885,-1.49843,0.0546102,-0.49121,-0.464983,-0.0233861,0.369685,0.35653,0.327417,0.724263,0.496863,-1.34659,-1.26107,-0.346251,0.0807935,0.600761,1.37038,1.35357,0.0997225,-0.841941,-0.657923,-0.245917,-0.27313,-0.721059,-0.455567,-0.456448,-1.61318,-1.55965,0.17128,0.290776,-0.218279,-0.244072,-0.303044,-0.200336,-0.0247051,0.355637,0.80667,1.09559,1.10604,0.806256,0.148821,-0.368345,-0.614013,-0.500032,-0.306005,-0.164738,-0.143133,-0.223062,-0.289005,-0.24338,-0.0927512,0.104501,0.28348,0.358954,0.255689,-0.0373039,-0.358561,-0.492257,-0.459699,-0.445018,-0.487367,-0.471536,-0.380238,-0.31885
