uploads/wind/20200722/wind_field_03.json
{"header": {"parameterUnit": "m.s-1", "parameterNumber": 3, "dx":  0.051, "dy": 0.036, "parameterNumberName": "northward_wind", "la1": 45.3082, "parameterCategory": 2,"nx": 177, "ny": 123, "refTime": "2018-10-03 01:00:00", "lo1":1.38177}, "data":
[rows 84 to 111 of 123, columns 0 to 63 of 177]
-0.366035,-0.353032,-0.189184,0.336706,0.742909,0.825918,0.774708,0.837177,0.814948,0.910047,1.18081,1.4497,1.00987,1.04046,0.482055,0.225243,-0.113431,0.166264,0.0199442,-0.114943,0.313442,1.82908,2.36539,1.1239,0.584006,-1.30486,-2.72204,-1.93895,-1.76229,-1.29025,-1.70074,-0.598988,1.99753,1.25056,-0.0771669,0.315895,1.55314,0.991597,-0.821124,-3.23604,-3.50431,-2.64589,-1.83327,-0.707657,-1.78447,-2.6058,-1.86983,-1.61507,-1.43039,-1.43409,-0.795918,-0.0241134,0.364257,-0.115707,-0.688464,-0.619516,-0.531463,-0.306988,-0.702144,-1.74819,-1.94728,-1.26451,-0.740349,-0.18877
0.342174,0.183425,0.255334,0.362969,0.820997,0.727404,0.495822,1.60366,1.68136,1.30256,1.30216,1.79942,1.09297,0.823611,0.642211,0.763307,0.639029,0.50542,0.178701,0.00920191,0.840029,2.28761,0.742331,-1.49051,-2.66368,-2.88343,-1.7113,-0.113227,1.04408,1.08658,0.234139,-1.32669,-0.592524,2.13742,2.20786,1.95438,0.354345,-0.0774718,-0.255309,-1.88583,-3.46031,-3.33529,-2.21761,-2.02841,-2.387,-1.29076,-0.95985,-0.588662,0.159685,-0.252405,-0.912921,-0.475901,0.28153,0.0156038,-0.505683,-0.89582,-1.35682,-1.81508,-1.72653,-1.25813,-0.016202,1.10718,1.6663,1.38712
1.60138,1.2209,0.844431,0.61029,0.710916,0.248478,0.0570005,0.928591,2.02945,2.15905,2.10885,2.22587,2.06331,1.15874,0.89345,1.32243,1.34848,1.44089,1.26244,2.55754,3.25541,2.13973,0.447203,-1.0161,-2.2411,-2.77694,-1.38098,-1.26532,-0.0222211,1.41865,2.27394,2.22811,0.410174,1.20675,2.57433,1.51986,-1.99809,-2.34374,-0.0294825,1.17104,0.709449,-0.902321,-0.777799,-1.55424,-0.148287,1.91394,1.80744,1.09339,0.357037,-0.522742,-1.04255,-0.600094,0.233701,0.0172885,-0.283983,-0.909937,-1.24828,-1.7023,-1.95628,-0.889647,0.662199,1.71094,1.46913,0.548788
2.31367,1.90123,1.55689,1.17257,1.463,1.36583,0.83843,1.03943,1.87811,2.0628,2.51614,1.51144,1.66986,0.639709,1.02645,1.50005,2.5635,2.38701,2.82247,3.42001,3.65081,2.83379,1.87536,0.98449,-0.322339,-2.21937,-3.00366,-3.3444,-3.20278,-1.04093,0.0371027,1.65004,1.08769,-1.12186,-0.762505,-1.37264,-2.54872,-2.21818,-0.908328,1.05443,1.59063,-0.662418,-1.4802,-1.16701,1.32825,2.65868,2.00057,0.571391,-0.998134,-1.35069,-0.428412,-0.433407,0.176671,0.204489,0.386147,-0.16107,-0.627823,-0.646218,-0.0926758,0.419924,0.803212,0.398135,-0.374946,-0.598048
2.69563,2.36159,2.09104,1.83337,1.74794,2.1274,2.43652,1.93355,2.06911,1.98675,2.23084,1.40546,1.26363,1.02815,1.83787,2.28686,3.15083,3.29116,2.79251,3.07464,3.4625,2.74156,2.89477,2.43391,1.97716,0.800569,-0.427834,-0.640543,-1.60036,-2.48042,-2.32287,-0.935471,0.515911,-0.243361,-0.791287,-1.3391,-1.07452,-0.919825,-0.380069,2.0961,3.02294,2.04056,0.907728,0.763956,0.746268,0.451072,-0.223334,-1.67039,-2.26805,-1.11619,-0.0986857,-0.319496,-0.2843,0.473613,1.05781,0.776671,0.0540124,-0.280967,0.459895,0.942103,0.24453,-1.15298,-0.607419,-0.521448
2.76717,2.6888,2.55099,2.46575,2.84784,2.50625,2.8204,2.05679,2.46363,2.58295,2.45621,2.60357,2.32721,2.14432,2.3122,2.40818,2.59498,0.686716,-0.539315,1.08364,2.49645,3.02979,3.44085,3.27074,3.37857,3.47498,3.64846,3.42821,1.72337,-0.132856,-0.712527,-1.15225,0.0634358,0.91741,0.706219,0.660295,1.10193,0.368015,-0.595132,0.471859,2.8383,3.69344,2.53172,0.431939,-1.18518,-1.52281,-1.8619,-2.33734,-1.19573,-0.718815,-0.921377,-1.73689,-1.24998,-0.0847811,1.07208,1.14495,0.532988,-0.291614,-0.0305446,-0.350348,-1.56541,-1.90553,-0.509892,-0.861664
2.69723,2.75863,2.74897,2.81217,3.08787,2.2427,2.21134,0.968897,2.34519,2.30287,2.09215,2.35478,2.6457,1.72748,0.499777,1.19793,1.36557,-0.586025,-1.09666,0.312699,-0.14656,2.09837,3.4787,3.80775,4.05127,4.08099,4.40039,4.15433,3.15947,1.25032,-0.0839688,-1.50758,-2.25349,-1.81512,-0.495105,0.838922,0.954988,-0.139207,-0.688125,-0.870304,-0.266712,0.371823,-0.309317,-2.74052,-3.79407,-3.89297,-3.11231,-1.5503,0.669953,0.0390726,-1.83716,-1.82142,-0.73861,-0.0975987,0.235498,0.967823,1.90935,0.888887,-0.375815,-1.75969,-1.67296,-0.977463,-0.328132,-0.694254
2.50372,2.62152,2.66365,2.84859,2.79074,2.01532,1.84703,2.16752,2.72654,2.21707,2.31126,2.04091,2.3719,1.24151,0.642926,0.23075,0.302798,-0.0177264,-0.303549,0.018017,-1.71734,0.222898,2.64702,3.4457,3.56262,2.99076,3.76794,3.75808,3.00702,1.2455,-0.206671,-0.580481,-1.28272,-2.42408,-2.85592,-0.704644,1.24311,1.10587,0.943314,1.4233,0.923535,-0.52219,-1.23438,-2.62625,-3.48449,-3.55502,-2.49528,-1.32698,0.254829,-0.0442557,-0.894661,0.139428,0.896517,-0.00836396,-0.35075,0.241969,1.1064,0.570358,-1.32697,-2.303,-1.45114,-0.181014,-0.348746,-0.0292239
1.88608,2.40331,2.47556,2.65201,2.71487,2.5816,2.40636,2.80016,3.42473,3.82991,3.31732,3.10411,2.36188,2.16973,2.40165,0.88388,0.88878,1.00429,1.68795,1.49709,0.297777,0.417593,3.08471,3.66098,2.7615,2.78356,2.7847,2.92023,2.61196,2.47237,3.6049,3.78721,2.54448,-0.0874845,-1.73521,-0.76754,1.981,2.97876,2.70635,3.25405,3.0444,1.32713,0.411359,-0.929574,-2.3799,-2.8177,-2.71639,-2.89476,-2.37064,-1.29236,-0.140517,0.272699,0.758914,0.556206,0.0437895,-0.629562,-0.0485606,-0.357717,-1.7996,-1.54087,-1.12924,-1.11195,-1.5189,0.40195
1.33242,1.90079,2.45176,2.49891,2.54297,2.46104,2.69697,2.55108,3.64891,3.01034,3.27921,3.89446,3.35478,3.45919,3.78713,3.91033,3.65976,3.89231,4.3323,5.49805,5.55235,4.83577,4.17254,3.67517,3.16521,2.26002,2.8194,3.58395,4.27856,4.81879,4.39998,3.75839,2.5052,0.277101,-0.963649,-1.57696,-1.08377,0.539939,2.35992,2.43562,1.92838,2.00757,1.63356,1.15992,-0.428027,-2.13239,-3.79629,-4.42093,-3.21798,-2.31955,-2.25705,-2.68089,-1.30897,1.18493,1.27488,0.0685888,-0.656817,-0.140958,-0.408159,-1.97467,-2.61325,-2.73305,-2.19377,0.0224646
1.10039,1.76001,2.44505,2.60895,3.06498,3.15687,2.9463,3.36192,2.91035,3.25208,3.50004,4.61603,4.38642,4.7972,5.21169,5.71006,6.26557,6.08696,6.69956,7.52214,7.14875,5.64448,4.39317,4.72325,4.26359,3.83857,4.27523,5.17562,5.03936,2.46169,-0.400944,-0.118216,-0.226957,-0.0557987,0.0490345,0.00589828,-0.75175,-0.632483,0.327071,-0.145962,-1.1903,-0.432602,-2.40543,-3.18593,-3.79027,-3.40249,-2.90095,-2.42572,-1.66322,-1.73736,-2.79386,-2.45989,-0.528735,0.955915,1.16383,0.695294,0.240359,1.62951,0.659452,-1.75441,-2.71291,-1.85019,-1.20656,-0.224938
0.935343,1.55954,2.24237,2.6996,2.84118,2.93425,3.30372,3.34288,2.82097,3.17287,3.9074,4.51351,5.10285,4.61387,4.76808,5.88816,6.05045,6.87182,6.34574,6.18005,5.28388,3.79189,2.92424,3.41423,5.67266,5.73087,5.09243,3.50033,1.14061,-0.334767,-0.257249,0.617481,1.48904,2.33297,2.09866,1.1129,0.241319,0.195691,0.0115213,-0.299926,-0.761575,-2.90109,-3.87377,-4.35299,-4.43853,-3.40638,0.404406,2.74356,1.96421,0.148193,-0.326934,1.07011,0.87919,0.301077,-0.205586,0.252808,0.948265,1.98429,0.818041,-0.482882,-0.534383,-0.0913735,-0.108926,-0.581858
0.881211,1.83305,2.25607,2.48856,2.71768,3.22027,4.21683,3.38637,3.35061,3.92084,3.28303,4.03115,4.06472,4.53379,4.28037,4.35546,4.03688,4.77025,5.1688,4.66023,4.83058,3.20818,2.41051,1.53471,3.96722,4.22528,1.55893,-0.480558,0.269177,1.22649,2.43795,2.67072,2.71934,2.42549,2.34564,0.789909,-0.766348,-0.00165813,1.00912,2.66018,2.08667,0.719831,0.323482,1.35539,2.70722,3.47659,4.58598,4.0726,1.79385,-0.658224,-0.960244,-0.936366,-2.22956,-2.10172,-0.850488,-0.02564,0.413561,0.573443,0.635526,1.11277,1.10803,1.03374,0.56838,-0.00900639
0.89911,1.0792,1.24307,1.52509,1.70167,2.27118,3.32103,3.48391,4.13879,4.57046,4.27938,4.27366,5.11638,4.60278,3.99623,2.74255,3.66489,5.16646,4.123,1.65946,4.22082,4.70866,3.28434,1.94413,1.83717,2.31897,1.59461,1.36782,1.6429,2.27693,2.32941,1.022,-1.41517,-0.422279,-0.292503,0.465331,-0.173925,-0.254041,-0.0648539,0.974894,0.836729,1.76548,3.18706,4.07036,4.10982,3.60819,1.76973,0.0282178,-1.74653,-3.099,-3.57653,-3.64634,-3.37087,-2.60603,-1.59024,-0.0572201,-0.143708,-0.0873467,0.379415,1.00051,2.02137,1.23194,1.04735,0.902962
0.922865,0.963974,1.00293,1.00674,0.953235,1.59233,1.43879,2.22501,2.77392,3.34028,3.82674,3.80842,4.00689,4.81396,5.07989,4.58908,3.83871,2.51325,0.428941,-1.00032,-0.404629,1.02576,1.36692,0.0938767,-0.39836,1.22325,2.03862,2.12176,1.69116,-0.631646,-2.46169,-3.01776,-4.45152,-3.60797,-3.59931,-0.755272,0.231881,-1.03935,-1.35102,-1.56317,-1.16161,-0.299563,1.42838,1.41145,-0.80299,-2.14019,-2.61474,-2.53647,-2.45746,-2.76506,-2.99369,-2.23521,-1.50618,-1.94024,-2.86953,-2.14159,-0.946265,-0.665304,-0.0678453,0.407836,0.230757,0.0358101,-0.313018,0.204775
1.24941,0.724641,0.728774,0.78411,1.27131,1.69659,1.64435,1.28782,0.493828,0.40386,1.66875,1.40839,1.12613,2.84704,4.16368,4.27881,1.25814,-0.487633,-1.21109,-1.46338,-2.00138,-2.45951,-1.68415,-1.24371,-0.63693,-0.117372,-1.08749,-1.87211,-1.62607,-2.24642,-3.08483,-2.87606,-3.11245,-2.97402,-2.74355,-2.35314,-2.30844,-2.86302,-2.5229,-3.2431,-2.86811,-2.9712,-2.98852,-2.62271,-1.1106,-0.450862,-0.16093,-0.230582,-0.963967,-1.61496,-1.99925,-2.74946,-2.58514,-2.76829,-3.31925,-3.20966,-2.25816,-0.880653,-0.377663,-0.526776,-1.04579,-2.15369,-2.96664,-2.03194
0.695416,0.481631,0.519948,0.603329,0.869398,1.31094,1.66002,1.56733,0.440107,-0.21901,-0.193481,0.881682,1.07486,1.91447,2.31654,0.0303545,-0.267748,-0.296484,-0.980516,-0.83609,0.0397011,-0.476194,-0.673654,-0.70407,-1.01735,-2.12356,-2.6205,-2.72733,-1.98162,-1.32877,-1.40012,-0.637829,0.500112,1.62506,0.243997,-1.49605,-3.27011,-2.74203,-0.58556,-2.00642,-3.04324,-3.50734,-3.3736,-1.97123,0.640514,2.58599,2.17004,1.97359,0.394048,-2.11489,-2.63269,-3.50728,-3.10284,-2.21939,-1.6669,-0.586212,-0.0866191,-0.967177,-0.448643,-1.405,-3.72219,-4.03948,-3.57643,-1.96935
0.521272,0.384617,0.45224,0.562015,0.625808,0.62873,0.732726,1.39476,1.19077,0.351669,-0.37122,-0.0348761,0.272069,1.15598,0.524288,-0.797682,-0.572934,0.579646,1.46366,1.9098,3.02055,3.34455,3.09707,1.77536,-0.780416,-1.33173,-0.840531,-1.06104,-1.10988,-1.19846,-0.0305709,1.65622,3.96355,3.79511,1.72616,-0.0216475,-1.76614,-1.12264,1.11699,1.47076,0.184277,-1.10704,-0.542211,0.449384,1.5274,2.64726,3.36123,3.18672,1.14442,-1.07708,-1.52714,-0.32374,1.00981,0.829446,1.04165,1.30217,0.57583,-1.07495,-1.4215,-2.26257,-3.46668,-2.44142,-1.02244,0.3478
0.832461,0.737606,0.776466,0.870802,0.992572,0.747953,0.540025,0.78283,0.814538,0.824014,0.0713657,-0.164588,-0.459233,-0.189229,0.00234935,-0.608135,-1.23621,-0.463363,0.58623,0.879485,2.04733,2.14938,2.06447,2.36893,2.33784,1.30704,0.403959,-0.497544,-0.903907,-0.21697,1.35503,3.71228,3.80663,2.43436,1.76071,1.47076,1.43416,0.573289,0.68839,1.0342,0.641609,0.277662,0.333506,0.842107,1.77785,3.32133,3.59773,1.87148,2.20528,0.966231,0.536744,1.47946,1.22334,0.545515,0.822859,-0.0383278,-1.94915,-2.06148,-2.17869,-1.9008,0.00688293,1.95939,2.21214,2.13534
1.76407,1.64342,1.59347,1.49035,2.23253,1.72777,1.38893,1.18437,1.01911,0.832887,-0.0110362,-0.709615,-0.797867,-0.582938,-0.501154,-0.40245,-0.1612,-1.51592,-2.08957,-1.78736,-1.9675,-2.39088,-2.03459,-0.732013,2.72597,1.60329,0.714557,0.384948,0.21915,1.88296,3.46252,3.393,1.39118,1.52412,2.60988,1.89522,1.61632,1.17397,0.695534,-0.0467599,0.306837,1.72774,1.31487,0.832914,1.2428,3.16938,0.80797,1.48289,1.71637,1.65748,2.69841,2.0209,-1.67059,-3.20057,-3.05561,-3.25614,-3.89052,-3.54463,-3.42608,-2.22204,1.64011,2.88224,2.17631,1.28348
3.41638,3.21111,2.97941,2.57693,2.7556,2.38283,2.48006,2.00578,1.61311,1.23052,0.383203,-0.264338,-0.826421,-1.53876,-1.58303,-0.363966,0.776518,-0.136582,-1.66303,-1.54336,0.104835,0.355289,-1.50981,-1.14338,1.93868,1.99947,1.49079,1.81917,2.00417,3.31759,3.53356,2.21263,1.51611,2.25249,2.2218,1.90467,1.1337,1.33425,0.802787,-0.0528406,0.343911,1.28951,1.83231,1.86178,2.41016,0.903177,1.61359,2.13036,0.627088,1.48062,2.63589,2.411,0.274915,-2.0464,-3.66412,-4.50706,-4.03885,-3.27569,-2.74948,0.0886655,1.68139,1.30985,-0.189089,-1.26092
3.79318,3.59799,3.28118,2.90971,2.80452,2.91652,2.99416,2.74746,2.40556,1.92092,1.41287,1.1383,0.325198,-0.155237,-0.550489,-0.751763,0.613979,1.83197,0.0177161,-0.0618295,2.5754,1.84692,-1.88126,-2.42961,-0.3451,2.87241,2.38189,2.22208,3.16669,3.74483,3.29689,1.38816,2.87286,3.67014,3.13942,2.23862,1.25134,1.27559,0.647263,0.31895,1.0844,2.10025,2.06327,3.1592,2.39551,0.82909,2.7017,0.943373,1.07476,2.15298,3.43331,2.75008,2.24551,0.630478,-1.67228,-2.45725,-1.05862,0.123345,1.35491,2.50837,1.96534,1.58574,1.28628,1.25297
3.75084,3.55876,3.34109,3.17854,3.25244,3.42326,3.32829,3.22662,2.9598,2.35728,2.95691,2.8454,1.99087,1.50386,0.633093,-0.913107,0.039718,3.20181,2.84152,2.12397,1.37121,-1.26593,-1.87742,-2.37033,-1.50353,1.44998,3.46445,3.35029,4.08157,4.04639,3.61014,2.8279,3.40161,3.85592,3.80712,2.61629,1.6781,1.05064,0.505767,0.309937,1.82149,2.60454,2.39958,3.60373,0.225754,1.9582,0.903709,0.885197,2.9422,4.13839,3.87999,2.88182,1.37363,1.01311,0.787036,2.31688,4.34363,4.63592,3.92527,2.18812,0.973361,0.383932,0.819847,0.928486
3.80689,3.84513,3.41716,3.14507,3.52827,3.65556,3.77808,3.73745,3.79305,4.24221,4.43472,3.85021,3.11957,2.05483,1.65394,-0.00070634,-0.32085,2.47732,3.89628,4.13656,2.28954,-1.25953,-2.25215,-1.23282,-1.28022,-0.979712,2.26774,3.59089,4.19743,4.12407,4.31934,4.40656,4.19562,4.20118,4.3394,2.86601,2.22316,1.54039,-0.266165,0.0202913,2.3344,3.0718,3.47903,2.11069,0.349878,0.793942,-0.523779,1.83083,3.80645,3.62041,1.73258,1.23264,0.587585,1.05928,2.81877,4.13578,4.5035,3.82819,3.50048,3.00154,1.67337,-1.7414,-2.6195,-2.63639
3.40768,3.34058,3.12605,3.42759,3.46437,3.99734,4.33044,4.76341,5.73992,5.56736,4.20672,3.55662,3.27728,2.78662,2.33145,1.90353,1.82146,2.43259,4.53813,4.61994,3.58913,1.60547,-1.13061,-0.848009,-1.28798,-2.447,-1.32005,1.23422,1.91242,1.25796,1.00263,1.80884,3.32371,3.88123,3.79788,3.12609,2.69077,1.27765,-0.123526,0.696299,2.57657,3.03724,3.77516,1.7452,2.13261,0.244103,0.319407,3.02558,3.97835,2.38122,1.82745,1.84487,1.55115,2.31174,2.14483,1.76055,0.485265,0.328735,1.71674,2.4423,1.58509,-0.46044,-0.55701,0.0270149
2.44611,2.30072,3.0477,2.82693,3.71048,4.16917,5.3686,5.72855,4.61544,3.66197,2.79148,2.70322,3.28396,3.92387,4.34419,3.79068,3.73907,4.14515,3.74137,3.3079,3.06378,1.91074,-0.314294,-2.11077,-2.57885,-2.71552,-2.88859,-2.66232,-2.54676,-2.12951,-1.12265,-0.975005,0.62718,1.25117,2.9155,2.81948,2.06101,0.636594,0.677076,2.66412,2.936,3.48187,2.37258,1.03806,1.74191,1.28003,2.40254,3.67048,4.05294,3.82896,4.02582,3.64879,2.97442,3.23575,2.46863,0.0226041,-1.23292,-0.837728,-1.91806,-2.562,0.152676,3.50553,4.3949,4.12467
1.93527,1.69496,2.12878,2.48796,3.00114,3.76501,3.88595,3.06162,3.08532,2.96942,2.70823,3.25757,3.90175,4.66697,4.76693,3.3484,2.28079,1.86098,1.5627,0.72946,0.33066,-1.40255,-1.26545,-1.08487,-1.79483,-2.71533,-3.17578,-3.43016,-3.3815,-2.41783,-1.93503,-2.67114,-1.82831,-0.345217,1.7772,2.24684,1.9403,0.454519,1.67532,3.54782,3.35373,3.05979,2.41238,2.75943,1.95136,2.2518,3.55354,3.83585,3.42656,4.30844,5.08355,4.59808,3.60594,4.20647,3.35161,0.627031,-1.37124,-2.78549,-2.90746,-1.3372,1.60885,2.58432,4.7164,6.12295
1.3472,1.91201,2.20701,2.06532,0.830991,0.14048,-0.0183969,0.279666,1.17076,2.05863,3.44302,4.07765,4.33384,4.36492,4.31852,1.52008,0.105489,0.196146,0.80878,0.5669,0.174937,-0.934022,-1.68271,-1.15904,-0.306331,-0.850723,-1.45356,-2.5852,-1.76126,0.19999,0.0443206,-2.04011,-2.01371,-0.813247,0.881709,1.00541,1.1754,1.51993,3.45251,4.09799,3.99948,4.46225,4.10259,3.21764,1.41337,2.58788,3.19339,2.8973,1.66233,2.64873,3.74768,4.00783,3.03501,3.06987,2.28096,1.48136,-0.110107,-2.08018,-0.45777,1.9907,-0.427326,-2.76388,0.648724,3.90977
