uploads/wind/20200722/wind_field_15.json
{"header": {"parameterUnit": "m.s-1", "parameterNumber": 3, "dx":  0.051, "dy": 0.036, "parameterNumberName": "northward_wind", "la1": 45.3082, "parameterCategory": 2,"nx": 177, "ny": 123, "refTime": "2018-10-03 01:00:00", "lo1":1.38177}, "data":
[rows 0 to 28 of 123, columns 0 to 65 of 177]
-2.46805,-2.36129,-1.99127,-1.68596,-1.40739,-1.11925,-0.803801,-0.425664,-0.0174107,0.160114,0.425865,0.695574,0.987269,1.07434,1.08988,1.03419,1.09785,1.05555,1.03565,1.03888,0.978521,0.881764,0.890144,0.860188,0.773251,0.756875,0.76786,0.816533,0.762983,0.780245,0.698857,0.593399,0.578717,0.542705,0.519805,0.467511,0.401588,0.342114,0.290546,0.236725,0.199109,0.171847,0.141995,0.114346,0.117297,0.0937103,0.0724352,0.0723381,0.0867502,0.105728,0.131203,0.126457,0.163771,0.203901,0.25495,0.282773,0.307406,0.343022,0.359646,0.369212,0.370353,0.351449,0.319807,0.270982,0.215475,0.150846
-2.13283,-2.08107,-1.82889,-1.48375,-1.27996,-1.07618,-0.944271,-0.667841,-0.231579,-0.14439,0.117685,0.404462,0.698033,0.838902,0.94313,1.02213,1.1231,1.06041,0.91805,0.888347,0.835711,0.817201,0.86064,0.836701,0.708302,0.666737,0.650133,0.680073,0.582498,0.554607,0.400837,0.241958,0.209689,0.176705,0.165466,0.130616,0.0765302,0.0271623,-0.012825,-0.0585661,-0.0846359,-0.100515,-0.130912,-0.157077,-0.146053,-0.160868,-0.177923,-0.164155,-0.130777,-0.0896148,-0.0366221,-0.00790154,0.0687876,0.150156,0.246206,0.282976,0.331553,0.385223,0.416724,0.431669,0.432841,0.424164,0.41006,0.388437,0.356441,0.313031
-1.62829,-1.57665,-1.60492,-1.51272,-1.43027,-1.2849,-1.12954,-0.923092,-0.597185,-0.443506,-0.18573,0.063404,0.2852,0.495245,0.666851,0.791193,0.842781,0.874016,0.611772,0.560209,0.515666,0.503691,0.459007,0.392577,0.298628,0.22667,0.164192,0.118499,0.0637004,0.026408,-0.0168405,-0.0659907,-0.0983494,-0.12821,-0.146031,-0.157743,-0.168884,-0.189889,-0.217492,-0.255448,-0.281794,-0.303368,-0.330025,-0.3527,-0.358919,-0.359825,-0.356021,-0.323876,-0.273582,-0.210138,-0.131515,-0.0381007,0.0602865,0.15683,0.252052,0.308646,0.379109,0.438618,0.480997,0.493453,0.491566,0.493483,0.492885,0.495837,0.48715,0.472779
-1.28022,-1.30922,-1.2978,-1.26026,-1.27021,-1.20891,-1.08784,-0.927738,-0.723033,-0.40715,-0.0445736,0.15436,0.138545,0.479882,0.739045,0.965617,0.900889,1.03424,0.421945,0.516412,0.440236,0.474542,0.392072,0.330178,0.246839,0.160104,0.0857964,0.0219675,-0.0351633,-0.0793276,-0.119603,-0.156899,-0.176488,-0.187252,-0.193766,-0.196128,-0.19384,-0.197306,-0.220299,-0.253959,-0.279286,-0.300926,-0.324982,-0.352445,-0.360512,-0.360036,-0.347144,-0.313284,-0.261321,-0.194949,-0.110694,-0.00695604,0.0986808,0.203945,0.301119,0.39012,0.471257,0.548718,0.60332,0.625187,0.630479,0.64701,0.669518,0.69013,0.708056,0.716614
-1.11355,-1.15071,-1.14456,-0.996542,-0.971932,-1.00828,-0.889969,-0.702363,-0.496885,-0.20389,0.270918,0.576944,0.285497,0.633095,0.947569,1.26064,0.843812,1.07394,0.571652,0.715798,0.565695,0.487003,0.439438,0.321234,0.241554,0.141134,0.0567502,-0.017321,-0.0776639,-0.119015,-0.152692,-0.177879,-0.174178,-0.152992,-0.124356,-0.102089,-0.0914537,-0.0947884,-0.11921,-0.156496,-0.187142,-0.210676,-0.238223,-0.268442,-0.280824,-0.284935,-0.275047,-0.24565,-0.195505,-0.126979,-0.0349371,0.0825422,0.205963,0.328186,0.434376,0.527182,0.602592,0.679838,0.743996,0.785902,0.808555,0.834737,0.868956,0.908506,0.957113,0.98899
-0.825435,-0.767053,-0.880334,-0.760041,-0.724519,-0.704947,-0.749348,-0.543169,-0.183762,0.0840383,0.00949796,0.377909,0.306269,0.617151,0.901745,1.13048,0.704771,0.951999,0.743518,0.836756,0.75378,0.486683,0.494529,0.368717,0.290588,0.212372,0.138393,0.0793202,0.0347349,0.0131428,0.0111289,0.023138,0.0500978,0.0878181,0.124963,0.149292,0.152871,0.141487,0.124108,0.0988445,0.0713909,0.0420533,0.00633692,-0.0320947,-0.0630106,-0.0851272,-0.0910744,-0.0741938,-0.0330806,0.0355158,0.131213,0.262656,0.415297,0.570284,0.701122,0.794803,0.852733,0.89277,0.931596,0.971749,1.00842,1.04631,1.08656,1.14203,1.21882,1.29058
-0.122632,-0.0788172,-0.374696,-0.599199,-0.94211,-0.7405,-0.691712,-0.470545,-0.191532,0.0329016,-0.40803,-0.0461931,0.0123526,0.260005,0.523436,0.620429,0.480459,0.648915,0.436121,0.460758,0.518435,0.346952,0.335997,0.28643,0.257353,0.249061,0.259893,0.279075,0.308535,0.350693,0.40172,0.445889,0.471934,0.488226,0.499271,0.505872,0.504198,0.502919,0.506276,0.510109,0.504729,0.487074,0.45777,0.416882,0.366472,0.32066,0.287407,0.275332,0.285573,0.325574,0.391929,0.495528,0.631448,0.796571,0.961349,1.09138,1.17147,1.20863,1.23013,1.25309,1.28263,1.32891,1.38999,1.45609,1.53789,1.62563
0.986674,0.933863,0.377579,-0.392163,-1.071,-0.883877,-0.666494,-0.398399,-0.251959,-0.153804,-0.291232,0.0134084,0.10198,0.148741,0.28384,0.327161,0.379104,0.317743,0.301632,0.198379,0.251369,0.220365,0.245273,0.228489,0.244893,0.272789,0.333338,0.412031,0.504226,0.602525,0.695062,0.766828,0.80616,0.819128,0.820033,0.814947,0.811877,0.815276,0.824532,0.833163,0.837316,0.843048,0.852729,0.852319,0.826821,0.78147,0.724105,0.67285,0.639376,0.637714,0.658329,0.69904,0.7662,0.880117,1.03995,1.20936,1.35317,1.4613,1.53675,1.58949,1.62461,1.66487,1.72638,1.7957,1.86071,1.92524
2.13148,2.08044,1.25479,0.0897729,-0.807672,-0.622633,-0.557963,-0.321519,-0.163006,-0.108576,-0.00693298,0.0866758,0.158452,0.255248,0.389433,0.423056,0.508064,0.218986,0.338993,0.355165,0.413236,0.44686,0.511987,0.545991,0.591568,0.632013,0.673586,0.728343,0.791716,0.864412,0.942425,1.01792,1.07689,1.10536,1.10536,1.09061,1.07598,1.06865,1.06808,1.06742,1.06539,1.07317,1.1019,1.14327,1.17438,1.17024,1.12757,1.05922,0.990489,0.95243,0.935099,0.918829,0.907222,0.938217,1.035,1.18162,1.35237,1.52283,1.67039,1.7855,1.86749,1.92177,1.96692,2.00893,2.03606,2.05883
4.16652,2.77439,1.97028,0.944547,-0.0460517,-0.431236,-0.337611,-0.330319,-0.198743,0.00568153,0.215411,0.191223,0.235951,0.337322,0.507725,0.577797,0.640953,0.54908,0.603299,0.677077,0.761898,0.838823,0.906114,0.995678,1.08409,1.16424,1.22607,1.26905,1.29454,1.31211,1.33769,1.37788,1.42411,1.45359,1.45554,1.42938,1.3864,1.34276,1.30984,1.29984,1.30351,1.31341,1.33311,1.37075,1.41366,1.43529,1.42357,1.38291,1.32579,1.2824,1.24159,1.19361,1.12701,1.08414,1.09166,1.16083,1.28702,1.4456,1.61421,1.77179,1.91014,2.0115,2.06288,2.06561,2.03364,1.98773
4.2528,4.22436,3.69451,2.94813,2.4306,1.01575,1.2718,1.2489,1.15243,0.69901,0.194564,0.569984,0.525795,0.702506,0.761179,0.887226,0.957079,1.01922,1.02349,1.01662,1.05025,1.11073,1.1834,1.27607,1.373,1.46486,1.54292,1.59325,1.61808,1.62623,1.63938,1.66743,1.708,1.7513,1.7806,1.78233,1.75063,1.69354,1.63012,1.58693,1.579,1.58981,1.60597,1.61903,1.62896,1.63405,1.63017,1.61692,1.59372,1.57645,1.53256,1.46366,1.36154,1.25727,1.18157,1.16194,1.22011,1.33689,1.49139,1.66572,1.83921,1.9883,2.07442,2.07288,2.0091,1.914
4.27814,4.4657,4.24432,4.05357,3.86808,4.0475,4.3489,4.07864,3.09561,1.81577,0.567732,1.05495,0.672342,1.0305,1.0417,1.2466,1.2556,1.22536,1.18703,1.18373,1.17776,1.21116,1.25918,1.31367,1.36862,1.41726,1.46473,1.50871,1.55778,1.6125,1.67036,1.72283,1.7702,1.81998,1.87062,1.91677,1.94437,1.95066,1.94295,1.92311,1.90521,1.89469,1.89061,1.88448,1.87221,1.857,1.84898,1.84343,1.82829,1.81322,1.77101,1.68767,1.55692,1.39745,1.25178,1.16815,1.17456,1.26155,1.40025,1.56618,1.73967,1.90016,2.01087,2.04588,2.01678,1.95177
4.52785,4.94842,4.63992,4.20441,3.74,4.34756,4.18624,3.43136,2.35969,1.85943,1.01588,0.886502,1.29925,0.954807,1.16962,1.14129,1.30488,1.29782,1.32961,1.32812,1.33338,1.30889,1.27442,1.25847,1.26036,1.27142,1.31107,1.38678,1.49522,1.61529,1.70794,1.77005,1.82309,1.86877,1.90197,1.92579,1.94649,1.97522,2.01765,2.06436,2.09529,2.11219,2.11735,2.11538,2.10509,2.0873,2.07876,2.07619,2.06494,2.04458,1.99887,1.91451,1.77744,1.59489,1.40445,1.27564,1.23157,1.26897,1.37468,1.51053,1.64365,1.76097,1.85529,1.92394,1.9632,1.97483
3.90529,4.07264,4.7681,4.53232,4.80749,4.4231,4.28947,3.87727,3.57857,3.15487,2.60142,1.36118,1.27704,1.17988,1.014,0.885529,0.964981,1.12573,1.31103,1.40363,1.46818,1.44765,1.37479,1.29656,1.28537,1.32959,1.40005,1.50023,1.6232,1.73664,1.8203,1.87719,1.91495,1.94069,1.95555,1.95297,1.93928,1.93775,1.95937,1.99878,2.04725,2.10012,2.16257,2.2199,2.26265,2.28333,2.28459,2.27548,2.26087,2.24862,2.21584,2.1614,2.0667,1.91617,1.72275,1.54899,1.42827,1.37868,1.40486,1.47462,1.54815,1.6141,1.68036,1.75349,1.82642,1.88393
4.68404,4.77538,3.9553,4.24567,4.45095,4.22614,4.43905,4.50676,4.35943,3.7151,3.14769,2.18144,0.437522,1.05713,0.598111,0.653544,0.539613,0.754152,0.994681,1.20573,1.31782,1.41923,1.49195,1.52968,1.56911,1.62386,1.67053,1.71381,1.77717,1.85188,1.90388,1.9142,1.90793,1.91312,1.93151,1.95396,1.96531,1.9662,1.97026,1.98137,1.99954,2.02902,2.08803,2.1855,2.30695,2.41908,2.48725,2.49602,2.46266,2.43101,2.40356,2.38509,2.34836,2.27656,2.13737,1.93732,1.7357,1.58215,1.48219,1.43734,1.44171,1.47376,1.5251,1.59526,1.66592,1.72172
5.22168,4.50622,4.58874,4.64001,4.0233,4.47343,4.94575,4.90237,4.19525,3.73294,3.48373,2.39968,1.1402,0.719137,0.0775025,-0.319245,0.199714,0.389704,0.782718,1.12325,1.32498,1.46545,1.68112,1.89438,2.02344,2.06547,2.06379,2.0274,1.98184,1.93064,1.85628,1.78043,1.73833,1.73532,1.76809,1.83942,1.93701,2.01781,2.06123,2.07628,2.0896,2.10817,2.13089,2.17641,2.27665,2.44023,2.61561,2.71518,2.70877,2.65448,2.6119,2.59676,2.56964,2.53992,2.47708,2.32994,2.12051,1.89505,1.68183,1.51965,1.42794,1.38978,1.39796,1.44396,1.50012,1.54332
5.61412,5.71188,5.36521,4.8564,4.4863,4.82745,5.21678,4.79732,4.14689,4.28655,4.39563,4.35737,3.78892,2.75061,1.35124,-0.569078,-0.809163,-0.136419,-0.0552335,1.04926,1.67488,1.95311,2.11819,2.19705,2.23543,2.26415,2.22457,2.13943,1.99603,1.80453,1.63014,1.53911,1.50378,1.47115,1.47147,1.55467,1.7242,1.93045,2.10322,2.21164,2.27037,2.29465,2.30065,2.2999,2.31972,2.41701,2.59241,2.76884,2.87135,2.88036,2.84132,2.81265,2.76714,2.70266,2.6427,2.57748,2.4529,2.2547,2.02008,1.79601,1.6157,1.48709,1.4148,1.39167,1.39418,1.39689
5.64989,5.33874,5.27635,5.63216,5.28506,5.52884,5.47114,4.80457,4.35014,4.59194,4.76585,4.72995,4.47498,4.00567,3.02397,1.73917,0.0847036,-0.314497,-1.69285,-0.309799,0.994213,1.79848,2.18238,2.11232,1.96994,1.90995,1.90556,1.80463,1.5965,1.33269,1.13223,1.07028,1.14948,1.28767,1.34173,1.34723,1.44031,1.63529,1.88825,2.14343,2.34545,2.47288,2.50818,2.48591,2.4544,2.46093,2.52464,2.64842,2.8131,2.94159,2.97717,2.96576,2.92437,2.83026,2.71812,2.64615,2.59342,2.50097,2.35024,2.15895,1.95559,1.77563,1.63211,1.52359,1.43547,1.3544
7.67371,6.91312,6.89607,6.10001,6.14922,6.01523,5.41024,4.49942,4.45076,4.84254,4.96489,4.75701,4.15406,3.87363,3.80552,3.96734,3.0641,1.75298,-0.440882,-0.129463,0.332803,-0.334951,1.18148,1.69866,1.60643,1.50291,1.47195,1.46748,1.29952,0.993635,0.744809,0.659101,0.672659,0.840048,1.06147,1.17156,1.24018,1.37199,1.57187,1.82379,2.04499,2.26966,2.4523,2.53446,2.55359,2.56401,2.57513,2.61145,2.70692,2.84982,2.9507,2.98506,2.97114,2.90306,2.78799,2.66523,2.58979,2.55421,2.50969,2.41762,2.27688,2.10463,1.92633,1.75077,1.5811,1.42312
7.28666,6.54166,5.62817,6.18323,6.18535,5.86259,5.31068,4.67881,4.66562,4.73135,4.73759,4.56558,4.06484,3.94385,4.40117,4.2096,3.82747,3.61018,3.20953,2.79772,2.25261,0.062058,0.87047,0.73767,0.978208,1.01558,1.00419,1.18703,1.22732,1.08576,0.839544,0.592672,0.41396,0.338457,0.495461,0.760246,0.932283,1.0853,1.30003,1.58389,1.75696,1.82019,1.96889,2.20474,2.42994,2.59346,2.6841,2.7269,2.75352,2.7948,2.81774,2.82677,2.82982,2.81955,2.76731,2.65977,2.54057,2.47002,2.45197,2.44512,2.40058,2.29,2.12962,1.93993,1.74054,1.5466
6.98775,5.55507,6.3129,5.81613,5.60804,5.53405,4.9468,4.98997,4.92092,4.71269,4.89132,4.2989,3.5237,3.87812,4.02367,4.1006,3.93441,4.08901,4.28924,4.27723,3.94459,3.6396,2.60709,0.0943727,-0.453493,0.194655,0.209209,0.655705,0.990206,1.06621,0.876842,0.702026,0.514154,0.328694,0.266864,0.415821,0.548924,0.661318,0.905345,1.31775,1.65117,1.66887,1.59473,1.6921,1.95887,2.244,2.45582,2.57322,2.6005,2.55931,2.4873,2.44334,2.45055,2.48765,2.50907,2.48823,2.41715,2.33576,2.29285,2.29966,2.30544,2.25185,2.13425,1.98243,1.81221,1.63749
7.3436,6.77672,5.83439,5.79218,5.6443,5.40294,5.52206,5.21899,5.15661,5.08948,5.00144,4.62138,4.78118,4.28866,4.1819,3.64969,3.98235,4.0511,4.36136,4.3018,4.70792,4.54707,3.45781,1.70948,-0.0120586,0.0946044,-0.300247,-0.316181,0.783333,1.04851,1.18522,0.977749,0.708447,0.535729,0.397149,0.360656,0.414239,0.484464,0.656782,1.02938,1.41779,1.60917,1.56734,1.47731,1.48135,1.5969,1.77516,1.93018,1.98651,1.96451,1.92685,1.93,1.97154,2.03025,2.08306,2.12525,2.14767,2.14875,2.13925,2.13699,2.13031,2.08149,1.98598,1.86388,1.7343,1.60147
8.56498,6.19828,6.71888,6.59069,5.86339,5.97036,5.78324,5.45185,5.90043,5.64744,5.52335,5.27125,4.85749,4.89678,4.20983,3.04262,3.26234,3.61062,3.88791,3.44522,4.2038,4.70384,4.7336,3.98327,3.07371,2.52894,2.04403,0.579825,0.408156,1.28076,1.15417,1.04702,0.980119,0.770827,0.601891,0.521172,0.599316,0.683099,0.825271,1.03995,1.20175,1.35717,1.4579,1.42844,1.29969,1.19213,1.17642,1.23849,1.3141,1.38715,1.4464,1.52854,1.62756,1.7266,1.7981,1.8404,1.87158,1.91342,1.9518,1.97249,1.95231,1.8989,1.82323,1.73093,1.6346,1.54078
8.84609,7.06214,6.37307,6.18901,6.69619,6.66999,5.57218,5.66166,5.71717,5.93031,5.31632,5.29188,5.4372,5.20039,4.32143,3.8479,3.89423,3.75544,3.45231,3.42737,3.93166,4.52194,4.73678,4.88642,4.80139,4.43883,4.20199,3.36284,1.22312,1.23945,1.48323,1.49922,1.20087,1.03054,0.986538,0.961838,0.947517,1.00287,1.18502,1.28163,1.18988,1.09909,1.1231,1.13289,1.07724,0.976565,0.882122,0.845204,0.88617,0.995098,1.12085,1.26395,1.42542,1.60828,1.76033,1.83915,1.84244,1.80668,1.77636,1.74976,1.71,1.67665,1.66248,1.6604,1.65754,1.65555
7.02604,7.02982,7.20498,6.52801,6.55125,6.41247,5.74961,5.64645,5.76085,5.48127,5.75732,5.67657,5.56833,5.16407,4.8599,4.433,3.79872,3.47545,3.162,3.65424,4.33624,4.38084,5.47252,5.64188,5.06849,5.17892,4.45525,3.97166,3.27805,1.42535,1.56644,1.49312,1.46357,1.53853,1.53423,1.41349,1.22434,1.24426,1.46718,1.52785,1.30462,1.0644,0.915515,0.824457,0.754822,0.693725,0.643202,0.622003,0.654489,0.755058,0.88527,1.02015,1.17748,1.39842,1.62847,1.80172,1.87974,1.8629,1.78568,1.67087,1.55243,1.48052,1.49356,1.58409,1.71998,1.87414
6.67822,6.18092,6.16567,6.39911,7.26962,6.40247,6.23883,5.87568,5.26752,5.74921,5.72956,6.30339,6.74778,5.15357,3.79493,3.15907,2.92502,2.98773,3.47436,3.63675,4.10998,4.50017,4.44272,5.33059,5.10954,5.57071,5.02115,4.81995,3.80978,3.60933,1.43114,1.12687,1.49545,1.76773,1.83669,1.6692,1.44479,1.46862,1.67499,1.63646,1.41763,1.23059,1.04112,0.866064,0.701156,0.564542,0.481302,0.475346,0.550842,0.671121,0.798321,0.912026,0.986653,1.03906,1.13828,1.33556,1.56536,1.75695,1.84912,1.81649,1.69774,1.57288,1.52543,1.58078,1.72063,1.91911
5.62728,6.3927,6.22003,5.96634,5.49103,6.03729,5.46238,5.89457,5.40932,5.66604,6.18514,5.85991,6.45742,4.6763,2.11454,2.81489,3.75575,3.89491,4.07124,4.13452,4.51254,4.72499,4.93837,4.63106,4.2109,5.39865,5.16892,5.61915,4.7479,4.25486,3.7531,3.52962,2.06749,1.97928,1.94884,1.86306,1.73369,1.69197,1.62907,1.44417,1.35772,1.28385,1.18392,1.02373,0.823096,0.628495,0.469646,0.393779,0.451731,0.601416,0.754586,0.870233,0.903877,0.841408,0.759421,0.775108,0.957495,1.28261,1.59288,1.78696,1.83329,1.79539,1.76762,1.77302,1.80542,1.86793
6.31367,5.49297,5.91698,6.04602,6.30202,5.75131,6.08103,5.84172,4.92081,4.71399,4.46053,6.18462,7.17496,3.07119,1.59815,3.55141,4.6436,4.89441,4.80347,4.75288,4.94244,5.39605,4.84875,4.54893,4.2573,4.43825,3.92612,4.15056,4.49955,4.10575,3.85441,3.3742,3.39837,2.74493,2.27163,2.07058,1.91808,1.60211,1.13195,0.855315,0.943035,1.00039,1.01103,0.95678,0.852355,0.702703,0.53278,0.394607,0.347688,0.423912,0.555801,0.674014,0.747031,0.747971,0.662231,0.538152,0.498792,0.626841,0.915257,1.25674,1.5351,1.72316,1.85999,1.9492,1.98013,1.95604
5.97028,5.66113,5.55671,6.18286,5.69314,5.31234,4.91565,5.17175,4.80551,3.7511,4.13754,5.10648,6.33787,2.55858,2.16697,3.96102,4.31178,4.39165,4.43627,4.25913,4.55798,4.60179,5.07966,4.68763,4.02559,3.95081,4.28221,3.80715,3.86264,3.29912,3.24229,3.10367,2.99506,3.31253,2.90692,2.34909,1.83547,1.25705,0.722383,0.410522,0.431382,0.596019,0.78061,0.872975,0.879948,0.847518,0.762941,0.635579,0.510854,0.461969,0.49635,0.568328,0.654716,0.725092,0.695199,0.558928,0.397404,0.298316,0.339527,0.546934,0.924907,1.33797,1.68396,1.91952,2.0322,2.03174
