uploads/wind/20200722/wind_field_23.json
{"header": {"parameterUnit": "m.s-1", "parameterNumber": 2, "dx": 0.051, "dy": 0.036, "parameterNumberName": "eastward_wind", "la1": 45.3082, "parameterCategory": 2,"nx": 177, "ny": 123, "refTime": "2018-09-30 00:00:00", "lo1":1.38177}, "data":
[rows 58 to 86 of 123, columns 65 to 129 of 177]
-0.50707,-0.415611,-0.468641,-0.482459,-0.315429,0.0254787,0.438855,0.816728,1.14061,1.56664,2.08728,2.47224,2.67972,2.89267,3.21088,3.55747,3.75601,3.86439,3.89787,4.24154,4.10676,4.76148,4.25272,3.85108,4.24017,4.78187,5.38098,5.90855,3.20175,4.29748,4.03294,4.17235,5.09423,6.44415,7.20557,7.43638,7.36569,7.08503,7.06571,7.23575,7.35957,7.41223,7.42548,7.47956,7.55589,7.59184,7.6151,7.699,7.83549,8.00837,8.11536,8.10998,8.02353,7.82309,7.71021,7.77805,7.71093,7.37735,7.14135,7.05695,6.8462,5.9977,5.02299,4.37935,3.98031
-0.693357,-0.830164,-0.989247,-0.926316,-0.568379,-0.0251185,0.492561,0.860122,1.16383,1.60743,2.10755,2.42727,2.67456,3.04351,3.43875,3.79053,4.01624,4.25186,4.26977,3.74083,2.9116,4.07163,3.8036,3.42521,2.95067,2.85837,3.13858,2.92381,2.41654,1.94384,2.20669,3.81007,3.43309,4.78692,5.58545,6.58182,7.15277,7.15549,7.14077,6.94221,6.69499,6.90761,7.22134,7.39991,7.58252,7.72487,7.79234,7.81711,7.80849,7.78964,7.83463,7.91174,7.96786,7.90278,7.78983,7.75179,7.80688,7.54081,7.36897,7.10888,6.25538,5.85108,5.15469,4.70646,4.62933
-1.08201,-1.35757,-1.41852,-1.12059,-0.542464,0.116789,0.645593,0.965185,1.2144,1.64373,2.17686,2.57398,2.95131,3.38331,3.76968,4.00853,4.18296,4.25943,3.52769,3.36855,1.73025,1.63172,1.89016,1.93773,1.82822,1.4511,0.382228,-0.00156849,0.594092,0.802748,1.26955,2.6289,3.48154,3.60462,2.43993,3.25403,4.10974,5.29724,6.75539,7.13129,6.79975,6.69829,6.88989,7.14141,7.35999,7.63205,7.8614,7.89636,7.78572,7.65272,7.6099,7.67748,7.77358,7.80004,7.75348,7.6581,7.53032,7.52938,7.59407,7.77189,7.11559,5.64103,5.24296,5.32391,4.94224
-1.62877,-1.76058,-1.53894,-1.0366,-0.334899,0.370404,0.885766,1.13458,1.28771,1.75208,2.30704,2.67113,2.94264,3.0154,2.94668,2.25345,2.14194,1.39173,0.776767,0.189551,-0.234717,-0.475891,0.693686,2.74941,2.94279,1.15578,-0.801233,-1.26121,-1.04959,-0.282127,0.347487,2.30245,3.79835,4.34045,3.58752,3.42795,3.14228,3.68597,3.92908,5.15385,5.70612,6.0937,6.12001,6.54649,7.18949,7.45757,7.56768,7.53827,7.40114,7.32912,7.35866,7.42616,7.54318,7.67085,7.74826,7.68466,7.47217,7.31308,7.49328,7.76977,7.64559,6.53985,5.06547,5.0001,5.18548
-1.97596,-1.87859,-1.46378,-0.786419,-0.0621183,0.616097,1.05361,1.18447,1.41145,1.84448,2.39759,2.09504,1.60035,1.26427,1.34087,0.475297,1.06947,2.07276,1.38166,-0.108867,-2.01421,-2.90929,-0.22996,3.53403,4.448,2.3922,0.594556,-1.11056,-2.57434,-1.58649,-0.474929,1.49745,4.21847,5.08175,4.62339,4.19454,4.51401,4.10217,3.14807,3.76594,5.02497,5.68035,5.81452,6.2144,6.75451,7.11329,7.19054,7.05607,6.88441,6.83369,6.93858,7.06681,7.20689,7.404,7.61241,7.75991,7.67104,7.36572,7.17649,7.40682,7.40649,6.79972,5.79823,4.9288,4.74485
-2.18927,-1.92175,-1.29232,-0.510339,0.22398,0.907778,1.36523,1.49834,1.7022,1.99694,2.42549,2.06955,1.07125,0.776079,1.16067,0.707699,0.786818,1.53766,1.79159,0.793404,-0.832402,-1.78164,1.11279,3.66712,3.30949,3.21761,2.78826,-0.689011,-2.98729,-2.53351,-0.376323,1.65413,4.2746,5.93593,5.53301,4.84298,5.19123,5.68768,4.72922,2.45241,3.59324,4.91089,5.47806,5.70786,6.10651,6.33147,6.38516,6.38942,6.40635,6.51713,6.73343,6.96612,7.09513,7.16222,7.31064,7.48383,7.43026,7.14596,6.91964,7.06916,7.2542,6.33082,5.02251,4.88409,4.89445
-2.32561,-1.80286,-1.01145,-0.169142,0.612466,1.2131,1.43526,1.41133,1.66898,2.08583,2.5215,2.09584,1.1245,0.801096,1.07368,0.624144,0.29732,0.0436681,0.759531,1.98546,1.93601,1.14409,1.81634,3.1966,2.8718,2.45476,4.02978,4.1938,1.30242,0.126021,1.72662,2.52191,3.50688,5.15877,6.16921,6.23812,7.01485,6.4048,6.70897,4.16747,2.84553,3.90354,5.20805,5.36672,5.43138,5.80158,5.98672,6.13665,6.22966,6.33331,6.43484,6.55124,6.74694,6.93996,7.0545,7.03971,6.93976,6.74933,6.71175,6.83598,7.11706,6.29143,4.32698,4.01462,3.99932
-2.44301,-1.66575,-0.554882,0.279031,0.718718,0.870838,0.732961,0.695997,1.19304,1.85649,2.22451,1.62767,1.08373,0.777675,0.847943,0.390982,-0.540877,-1.49407,-0.0946473,1.73533,2.961,2.96479,3.59905,4.12388,3.90403,2.87989,2.99849,4.10703,3.73451,3.04409,2.99282,2.78494,2.25041,2.58695,5.09459,6.06126,7.04685,6.51146,7.22747,5.22723,3.78825,2.44032,3.34339,4.32275,4.24281,4.10309,4.41021,4.84851,5.70008,6.18463,6.18259,6.15053,6.22244,6.43106,6.66109,6.7016,6.59824,6.46644,6.29041,6.36027,5.77606,4.51653,3.47764,3.00425,3.35815
-1.95668,-0.796262,0.140084,0.47881,0.603763,0.286913,0.26314,0.378309,0.735527,0.941093,0.821698,0.365944,0.690189,0.551495,0.630516,-0.22946,-0.485596,-1.16105,-0.648614,1.52124,2.04421,2.83755,3.49734,2.70686,2.65004,3.61639,3.0762,3.09356,3.53298,3.64613,4.63731,4.30359,2.50056,2.01512,2.94164,4.80294,6.28124,7.49282,7.91774,5.54124,2.77507,0.0251163,0.988549,2.35427,3.16592,3.44127,3.61707,3.79555,4.0896,4.30568,4.81678,5.46652,5.542,5.70822,6.07872,6.10282,5.13222,4.73077,5.45199,5.25277,4.44028,3.79062,2.69912,2.13415,2.31643
-0.977844,0.119019,0.555729,0.772653,0.494098,0.410313,0.562864,0.467366,0.572424,0.803201,0.858499,0.67541,0.44753,0.581259,1.8343,1.49947,0.123176,-0.636459,-0.383277,0.675628,3.00733,3.1478,2.33544,1.34679,2.39473,2.63647,1.45009,1.35148,2.74114,3.6822,5.15446,6.66922,4.65668,1.93086,1.58058,3.31354,5.38611,7.762,7.20127,3.67238,-2.00639,-2.35273,-1.08485,0.281962,1.5746,2.40378,2.72944,2.90025,3.05171,3.28303,3.53226,4.09498,4.95381,5.12382,4.44545,4.17708,4.83093,4.47578,3.45396,2.62223,1.74501,1.96689,1.57194,0.781582,0.911037
-0.0942005,0.247996,0.486992,0.618244,0.435473,0.608915,0.794934,1.20202,0.94958,1.23524,1.25505,0.730631,0.22774,0.598689,1.56351,1.98584,0.784663,0.0977261,-0.234162,0.0615877,3.31029,3.68526,0.242976,0.074529,1.22886,2.81028,2.56934,1.75414,1.96766,3.60247,5.47673,5.9605,6.40409,4.54241,2.13037,2.561,4.38929,6.14412,5.38614,2.81812,0.800896,0.418991,-0.0667324,0.244442,0.49707,0.503843,0.302637,0.300149,0.641331,1.18877,1.80386,2.24692,2.61639,2.72065,2.95301,3.9128,3.73886,2.77087,2.94404,2.62133,1.6721,1.00199,0.0538789,-0.410722,-0.282562
0.35792,0.611838,0.314434,0.410421,0.37414,0.286662,0.212534,0.870418,0.981998,1.57917,1.23183,0.318485,0.265197,0.685916,1.07051,2.45323,1.70015,-0.860361,-1.35755,-0.686879,1.16107,3.29982,1.37369,-0.536968,0.30782,2.68464,3.38134,1.88376,1.82436,2.98327,4.6571,4.83894,5.31749,5.19458,4.10161,3.61216,3.61154,4.35103,3.29195,1.02331,-0.452933,0.190138,1.07898,1.50035,0.198304,-0.881069,-1.58052,-1.75229,-1.50697,-0.975645,-0.408657,0.210517,0.623989,0.920819,1.65241,1.97515,1.10861,0.0907953,-0.568133,-1.13107,-0.797257,-0.502838,-0.979396,-1.13722,-0.963153
0.645421,0.864506,0.563244,0.595961,-0.0847871,-0.306391,0.333765,0.611838,0.78994,1.88056,1.19922,0.0658136,0.128514,0.824854,1.00043,1.28745,1.10552,-0.200918,-1.20987,-1.19522,-0.183352,2.73354,3.4706,1.00354,-0.0456566,0.679746,2.88303,3.5978,3.17787,1.91777,3.2706,3.59423,3.38633,2.8576,1.8853,0.105554,-0.178852,0.605904,1.64152,-0.442694,-1.52854,-0.415764,1.19809,1.49702,0.00757076,-1.30374,-2.13613,-2.64718,-2.84137,-2.63956,-2.31489,-1.83405,-1.4123,-1.27117,-1.24317,-1.49992,-1.93699,-2.15436,-2.13598,-1.88746,-1.41994,-1.23177,-1.43851,-1.4619,-1.29473
0.655259,0.946794,0.640159,0.925136,0.627885,-0.134785,0.764687,0.856601,1.0262,0.850785,0.949984,0.579416,0.633783,0.751057,0.741005,-0.0515444,0.323508,2.31381,1.71517,0.224529,0.306138,2.68516,4.46553,4.02527,1.03907,0.57979,1.57053,2.7745,3.02928,1.95597,0.649278,0.065764,0.239034,0.308828,0.765949,0.571709,-1.12516,-1.40686,0.130798,0.218032,-1.96113,-1.69009,-0.0461169,0.166532,-0.731447,-3.11669,-2.09437,-2.88294,-3.95841,-4.10386,-3.84952,-3.34839,-3.09919,-3.28988,-3.33845,-3.15146,-2.85641,-2.5477,-2.24906,-1.90155,-1.60737,-1.60345,-1.70127,-1.62695,-1.46873
0.583851,0.939247,0.513286,0.706524,0.660146,0.520255,0.762165,0.522127,1.05751,0.792013,0.843903,0.271114,0.529272,0.434259,0.12382,-0.124709,0.445175,2.07827,2.66004,1.76923,0.763517,2.25639,3.09947,2.80511,1.84743,1.28362,1.30215,1.66676,1.84283,0.565995,-1.16638,-0.961057,0.148503,0.430078,0.819326,1.52924,1.5784,-0.0427641,-1.29206,-1.3831,-1.92451,-1.64665,-0.710813,-1.18009,-3.26262,-3.77207,-2.51957,-5.04253,-5.76384,-6.18079,-5.4509,-4.264,-3.58167,-3.82445,-3.58876,-3.10105,-2.73149,-2.51609,-2.26985,-2.03081,-1.89499,-1.86536,-1.80392,-1.64602,-1.44563
0.666045,0.389987,0.130776,0.355901,0.856485,0.764817,0.244724,0.920683,1.08527,0.775562,0.0636141,0.205554,0.728108,0.560123,0.170322,0.167811,0.136463,0.106032,0.839025,1.09316,0.945344,1.01359,1.45921,1.7091,1.4633,1.31895,1.10744,0.826353,0.112015,-1.60447,-1.62151,-0.525351,0.224308,0.242932,0.356177,0.669906,1.61548,1.99365,0.813516,-0.633046,-1.75745,-0.921134,-0.506339,-1.51201,-4.25327,-3.87035,-3.40707,-4.55157,-6.93099,-7.05973,-5.83169,-4.90957,-4.31817,-3.78518,-3.44574,-3.15723,-2.87451,-2.57836,-2.38353,-2.19843,-2.10333,-1.99249,-1.76824,-1.53624,-1.33951
-0.239083,-0.986052,-1.05275,-0.43548,0.473606,0.826022,0.828233,0.661912,0.762494,0.559024,0.537401,0.852003,2.11077,2.30972,0.562611,0.154922,-0.621412,-0.844666,0.408199,1.70551,0.799162,0.880699,1.06003,1.59317,1.43375,0.397751,-0.248326,-0.516916,-1.29422,-2.13579,-1.68545,-0.357218,0.129458,-0.00325207,-0.20497,-0.0307022,0.601902,2.0589,2.14928,1.64597,-0.37136,-0.795145,0.441463,0.730181,-0.532821,-1.11352,-1.27769,-4.17573,-5.36318,-7.47788,-8.00962,-7.33812,-5.79054,-4.43266,-3.76348,-3.56091,-3.52631,-3.42537,-3.21239,-2.93446,-2.68815,-2.41048,-2.07088,-1.78207,-1.5976
-1.91623,-2.33641,-1.94446,-0.959328,0.466372,1.13521,0.990847,0.841155,0.912696,0.799561,0.842249,1.20129,2.17371,1.86023,0.643744,0.103027,-0.57881,-0.591286,0.639074,1.16942,0.839553,1.16119,1.47928,1.86604,1.2167,0.0158003,-1.77238,-2.49419,-2.88787,-2.77765,-1.52906,0.0421284,0.128401,0.000624395,0.354598,-0.783376,-1.26941,0.967141,2.36039,1.71847,0.762242,0.038389,1.75502,3.34579,1.96454,0.364987,1.09717,0.0739581,-1.62518,-4.89924,-5.87173,-6.74144,-6.11403,-4.86499,-4.31636,-4.48703,-4.50185,-4.54535,-4.38766,-4.08931,-3.55054,-3.05502,-2.6611,-2.27337,-1.91616
-2.54699,-2.32606,-1.74436,-0.86265,0.516515,1.39216,1.12535,0.690433,1.21952,1.11889,1.35079,1.82551,1.24967,0.41907,-0.118236,-0.649984,-0.147305,0.173434,0.249873,1.08046,0.821655,0.0504445,-0.0249949,-0.27101,-0.828486,-0.990863,-1.20278,-1.66961,-2.90379,-3.82429,-1.99822,0.274698,0.688528,0.779535,1.13995,-0.996319,-2.54436,-0.809587,1.23317,1.39316,1.10018,1.21196,3.12186,4.78803,3.90214,1.77545,2.18545,2.03018,1.18673,-0.5414,-2.70406,-3.85431,-5.47431,-4.35611,-4.59203,-5.43684,-6.07992,-5.6325,-5.6433,-5.53113,-4.92169,-4.16608,-3.64354,-3.18754,-2.64613
-1.65304,-0.99398,-0.196858,-0.365458,-0.265618,0.639574,0.489337,0.705676,1.18437,1.09775,0.644626,0.236471,-0.070378,0.398847,0.744419,0.357411,-0.147458,0.746753,0.655808,0.38298,-0.236713,-1.57842,-1.45846,-0.49004,-1.45017,-2.06912,-1.56433,-0.27571,-1.30787,-3.39409,-2.88678,-0.473745,0.786448,0.165201,0.0101874,-0.0858078,-1.31234,-1.90865,-1.25357,0.561147,2.11405,3.02181,3.94655,4.42834,3.94484,3.34494,3.94263,3.66935,1.33142,-0.854824,-1.38713,-2.46621,-3.47307,-3.13371,-1.93795,-3.68861,-5.39002,-5.21706,-5.23019,-5.41682,-5.05725,-4.65888,-4.28859,-3.82948,-3.25543
-0.603967,-0.223907,-0.12427,-0.475521,-0.591504,-0.332431,-0.25306,0.497644,1.92142,1.60114,0.21284,-1.10492,-0.972861,0.934873,2.06284,2.1503,1.07177,1.16336,1.70241,0.475085,-0.641514,-1.19793,-1.31331,-0.581551,-0.453198,-0.951944,-0.787313,0.687902,0.437984,-2.20301,-2.64833,-0.468722,1.07927,0.945175,-0.0357848,0.1746,0.642002,0.699718,0.391097,0.561927,2.37698,3.94612,4.04049,4.13558,4.45764,4.95109,5.41654,4.60616,0.727925,-1.05503,0.13173,-1.43165,-2.11202,0.194455,0.808657,-0.0296227,-1.28443,-2.79707,-3.90892,-2.93131,-3.68905,-4.09341,-3.94506,-3.67179,-3.37572
-1.09864,-1.42734,-1.14231,-0.439914,-0.134758,0.0113798,-0.0460219,0.34633,0.516187,0.395967,-0.571755,-2.30658,-1.98348,0.685898,2.2632,1.29457,0.171587,0.690298,1.29302,1.28795,0.0498022,-0.612697,-2.23531,-2.42672,-0.729723,0.0220746,0.506195,0.725102,-0.88943,-2.84137,-2.09239,0.39401,2.47835,2.56707,0.308341,-1.95782,-0.166394,3.11684,3.47749,2.67273,3.35777,3.81551,3.12053,3.62921,4.89703,4.71621,4.33482,3.46671,0.0753385,-1.25327,-0.15988,-1.23962,-1.00342,1.23135,2.6232,2.12204,1.15401,-0.84449,-1.33644,0.137601,0.513566,-1.60117,-2.23411,-2.72258,-3.03814
-1.30373,-1.42483,-0.930405,-0.274409,-0.178311,0.044222,-0.629396,-0.87754,-0.362465,-0.169105,-0.548398,-0.679742,-0.466184,0.166949,0.159522,-0.419668,-0.950641,0.0146806,0.934152,0.971081,0.47285,-0.0303728,-1.06249,-3.23914,-2.26838,-0.395848,0.635002,-0.698873,-3.39508,-2.85728,-0.704224,2.2958,3.57023,2.25994,0.900319,-2.30821,-1.00306,3.6627,5.13478,4.4717,4.3983,3.56175,3.32058,3.77187,3.62357,2.38206,1.94299,3.01895,0.919448,-1.96394,-1.14847,0.295646,1.77904,1.76599,1.35407,1.69094,1.69108,-1.11493,-2.66836,1.00063,2.32477,0.286045,-0.4108,-0.0898001,-1.23862
-0.303966,-0.526383,-0.842985,-0.765048,0.117573,-0.601087,-1.53638,-1.25729,1.25885,1.86921,0.314034,-0.328456,-0.335076,-0.660456,-0.265728,0.642608,-0.834409,-0.400761,1.94612,2.00565,0.872878,0.692426,-0.222781,-2.71781,-2.36097,-0.0621341,0.129524,-1.86144,-4.25055,-3.16378,0.27903,3.45414,2.18423,0.0659784,1.52403,0.189107,-0.655293,3.82101,5.13754,4.99816,4.30945,3.3265,4.33802,3.6316,1.01077,1.56554,2.35588,3.36968,0.802045,-3.09412,-3.00858,-0.356009,2.40523,2.45296,-0.213347,-1.1908,1.66095,1.16463,-3.19557,-1.06023,2.51966,1.07069,0.614886,1.51042,0.586364
-0.344519,-0.406404,-0.741437,-0.702041,0.113682,-0.193932,-1.81672,-1.10482,0.556805,1.19619,0.100725,-0.605645,-0.865335,-0.907368,0.56119,2.5696,1.338,-0.129232,2.09037,3.07601,1.51454,1.30546,-0.2924,-2.44913,-2.62025,-1.63583,-1.37474,-1.83367,-4.06291,-3.47153,0.437901,2.88917,0.432005,-0.865138,0.20837,-0.915394,0.278744,5.01407,4.74806,3.00881,1.73768,1.37145,3.03904,2.62155,-0.184132,-0.849299,2.25943,1.81099,-1.02496,-1.25679,-2.58052,-2.99596,1.02134,4.61075,1.22898,-2.18411,0.854798,1.6937,-1.02108,-0.267263,2.20032,1.31731,1.28174,1.81128,0.859034
-1.04641,-0.634034,-0.723848,-0.500038,0.110004,0.0313399,-0.843683,-1.1565,-1.33152,-1.10621,-1.05381,-0.989842,-1.00716,-0.768973,1.44133,3.6972,3.23408,0.966215,1.79881,1.24062,0.586937,1.74735,0.483025,-2.52141,-3.49599,-2.6992,-2.08894,-0.798137,-2.59984,-3.43186,-0.570048,1.79206,-0.0065405,-1.45824,-0.600242,-0.726522,1.83653,4.30971,3.3833,2.14741,0.414364,-1.31335,0.25428,2.43873,1.49744,0.0373127,2.53934,0.391273,-1.49956,2.26391,0.275395,-4.21472,-0.815643,4.90214,3.8913,-1.05292,-3.33949,0.927586,3.10063,2.04289,0.111884,0.429802,2.37359,2.32967,1.17244
-0.677129,-0.620633,-0.425583,0.0147878,-0.205875,-0.680354,-0.86255,-1.45207,-2.10534,-2.89549,-3.23451,-2.64761,-2.19223,0.126051,2.40416,3.327,2.52187,1.63252,1.02857,0.368228,0.00942849,0.403451,0.12482,-2.49654,-3.59119,-1.99169,-0.954608,-0.677599,-2.1852,-3.32271,-1.80138,0.730905,-0.427199,-1.6512,-1.80908,-0.377678,1.50081,1.4568,1.69221,2.72885,1.8607,-1.9707,-1.08997,2.51942,2.74826,2.78106,3.21853,-1.44139,-2.03218,2.502,0.448799,-2.89269,0.117936,3.83045,4.05106,1.32901,-4.00918,-1.59761,3.6933,2.46189,1.09039,2.40706,3.59794,2.57528,2.69353
-0.718973,-0.915006,-0.301851,0.0653945,-0.348336,-0.207991,-0.962606,-1.53681,-3.06803,-3.70317,-3.64327,-2.06953,-1.93132,-0.0381723,1.58621,1.08263,0.23073,0.779238,0.161915,0.0667766,0.850446,1.54311,1.73179,0.278188,-1.20724,-1.78174,-0.858906,-0.219158,-1.63409,-3.10307,-2.76766,-0.979216,-0.0302978,-0.0536688,-1.84894,-1.39785,-0.947227,-0.768779,1.68715,4.4293,4.20148,-1.45911,-3.72545,1.09324,3.91671,4.91627,2.70397,-2.35334,0.246586,1.87546,-1.31811,-1.99232,1.38705,4.2892,4.91439,4.52284,-0.329269,-3.46358,0.489081,3.26048,3.65191,3.85684,2.6288,1.54134,1.981
-1.00755,-1.07991,-0.32014,-0.62221,-0.752296,-0.0986807,-0.642348,-1.38391,-2.60019,-2.91962,-2.26388,0.618735,1.13615,-0.238159,-0.85834,-1.25361,-1.11725,-0.0140619,-0.212738,-0.515299,1.10004,2.95697,4.15838,3.32632,0.828529,-1.13832,-0.735591,-0.29065,-0.120271,-0.590198,-2.69196,-3.48986,-1.48401,1.16773,1.59697,-0.848181,-3.62415,-2.86038,2.80491,6.41394,5.01773,-0.994645,-4.25396,-1.11652,3.61871,4.92228,-1.02575,-3.66438,1.05034,2.07174,-0.601596,-1.03252,1.71126,5.37046,6.51575,5.49465,0.639615,-2.85085,0.896204,4.84305,3.79543,2.67323,0.934388,1.01413,1.87823
