uploads/wind/20200722/wind_field_23.json
{"header": {"parameterUnit": "m.s-1", "parameterNumber": 2, "dx": 0.051, "dy": 0.036, "parameterNumberName": "eastward_wind", "la1": 45.3082, "parameterCategory": 2,"nx": 177, "ny": 123, "refTime": "2018-09-30 00:00:00", "lo1":1.38177}, "data":
[rows 29 to 57 of 123, columns 65 to 129 of 177]
2.86095,2.38337,1.95581,1.75552,1.68586,1.59839,1.46957,1.35551,1.31539,1.372,1.50607,1.66646,1.79932,1.89368,1.95857,2.01497,2.08465,2.15018,2.17127,2.12209,2.03855,1.98213,1.98676,2.03925,2.08851,2.11123,2.11899,2.11759,2.07976,1.95024,1.74148,1.57631,1.55918,1.6073,1.55703,1.43668,1.39129,1.46693,1.59365,1.68161,1.72324,1.75168,1.78889,1.83928,1.88962,1.91913,1.93801,1.9813,2.02944,2.04137,2.03282,2.0624,2.12493,2.17135,2.22777,2.28859,2.27316,2.18191,2.10432,2.03959,1.86662,1.58851,1.39302,1.35206,1.31918
2.56386,2.20598,1.90197,1.72789,1.64819,1.60004,1.54421,1.46246,1.40477,1.43982,1.56844,1.72978,1.84963,1.90662,1.92834,1.95981,2.01781,2.07807,2.10705,2.09331,2.05704,2.03938,2.07501,2.16716,2.28495,2.36906,2.38833,2.34399,2.22766,2.03937,1.80402,1.58428,1.42732,1.33887,1.31983,1.37272,1.47371,1.57697,1.6601,1.73239,1.80553,1.87723,1.93834,1.98318,2.01851,2.0594,2.12528,2.20696,2.27227,2.29596,2.27669,2.24156,2.21854,2.22766,2.27203,2.30757,2.26565,2.13814,1.99965,1.8798,1.72088,1.52495,1.42248,1.43963,1.41429
2.31237,2.01946,1.74727,1.56142,1.49852,1.51946,1.55189,1.57047,1.59946,1.67303,1.79049,1.92419,2.03236,2.08192,2.07376,2.0431,2.02664,2.03725,2.07066,2.11669,2.16161,2.19299,2.23945,2.33137,2.45002,2.53689,2.53738,2.44182,2.27666,2.06162,1.80616,1.55469,1.37554,1.3107,1.34021,1.40444,1.47841,1.56092,1.64904,1.75481,1.88991,2.03618,2.15663,2.2313,2.26263,2.27237,2.30031,2.36874,2.44112,2.45718,2.41143,2.33772,2.26848,2.23749,2.26028,2.27959,2.20188,2.02801,1.84982,1.70962,1.59475,1.51728,1.51128,1.52828,1.45949
2.07942,1.78258,1.51542,1.35848,1.34562,1.42922,1.55971,1.72571,1.90333,2.04864,2.15488,2.24472,2.3218,2.3611,2.33843,2.26875,2.18792,2.12451,2.09978,2.11227,2.14791,2.20816,2.30685,2.44053,2.56528,2.62124,2.5638,2.40691,2.21199,2.02028,1.83299,1.64057,1.47385,1.38519,1.38241,1.43546,1.51497,1.60576,1.70482,1.82385,1.97861,2.16751,2.35116,2.48258,2.55066,2.55377,2.49141,2.41633,2.39588,2.42071,2.43259,2.39612,2.33447,2.28927,2.26148,2.22343,2.15077,2.01709,1.84255,1.67427,1.54234,1.47414,1.46098,1.45604,1.41035
1.79385,1.48129,1.22058,1.1314,1.15556,1.27757,1.50969,1.83696,2.16265,2.38936,2.50383,2.5538,2.58018,2.58947,2.56122,2.48843,2.38915,2.29232,2.20971,2.14889,2.12362,2.15661,2.26104,2.4125,2.5496,2.5996,2.52147,2.34195,2.14212,1.98232,1.86146,1.75118,1.65003,1.58775,1.57717,1.60336,1.64658,1.70703,1.79562,1.91992,2.08177,2.27356,2.47928,2.64989,2.74864,2.79481,2.78328,2.68063,2.5365,2.4509,2.43971,2.43993,2.41054,2.36016,2.28246,2.19873,2.15249,2.08217,1.91882,1.70848,1.53692,1.44443,1.4111,1.39985,1.37831
1.22784,0.805324,0.54647,0.513352,0.721323,1.05078,1.50188,2.00349,2.4117,2.64844,2.73708,2.74829,2.73311,2.70916,2.6677,2.5914,2.48614,2.38081,2.30061,2.24885,2.22977,2.25979,2.34054,2.44476,2.52345,2.52894,2.44518,2.29714,2.13282,1.99604,1.90597,1.85322,1.82375,1.81329,1.8112,1.81209,1.82853,1.87171,1.95072,2.06206,2.20262,2.38025,2.55862,2.68018,2.75403,2.82473,2.88023,2.85798,2.73567,2.57979,2.48078,2.45724,2.42786,2.32129,2.15119,2.00956,2.00215,2.08043,2.08889,1.96987,1.78346,1.59978,1.44139,1.32043,1.25209
0.361111,-0.0401693,-0.14209,-0.0245854,0.299992,0.956595,1.58258,2.15877,2.58578,2.8244,2.89749,2.86247,2.78078,2.70041,2.63512,2.56893,2.49046,2.41703,2.37669,2.38245,2.4264,2.4888,2.54541,2.57411,2.55879,2.49194,2.38899,2.27455,2.16327,2.06927,2.00354,1.96667,1.95321,1.96042,1.97483,2.00131,2.04445,2.1026,2.18994,2.27658,2.38245,2.51671,2.61615,2.68147,2.7456,2.81578,2.88306,2.92586,2.92078,2.84589,2.69074,2.5047,2.35892,2.25968,2.15693,2.05482,2.02103,2.0211,1.95487,1.8155,1.67678,1.56705,1.45144,1.31196,1.21601
-0.27911,-0.395488,-0.386566,-0.173233,0.331833,1.02818,1.6752,2.22995,2.64821,2.90201,2.98993,2.94172,2.81886,2.68966,2.59262,2.52406,2.47137,2.44144,2.45469,2.5161,2.6013,2.66903,2.68824,2.64882,2.55833,2.44201,2.34214,2.27563,2.23169,2.19516,2.15404,2.11706,2.08331,2.07262,2.09857,2.17399,2.25375,2.33719,2.43355,2.4924,2.60948,2.6548,2.70878,2.88091,2.93292,3.0006,3.08423,3.03886,2.97397,2.9571,2.95701,2.8635,2.63108,2.28859,1.96382,1.79365,1.79767,1.9656,2.15978,2.14578,1.89748,1.64072,1.4587,1.2894,1.19373
-0.506413,-0.425104,-0.25203,0.103457,0.660448,1.26462,1.81006,2.26923,2.63039,2.87698,2.99242,2.97466,2.85628,2.70533,2.57689,2.49626,2.46474,2.47399,2.5213,2.60061,2.68423,2.72922,2.70789,2.62586,2.50746,2.39628,2.3322,2.31084,2.31483,2.30804,2.29631,2.29096,2.26978,2.29185,2.36044,2.45212,2.4967,2.57434,2.62446,2.74331,2.74327,3.05608,4.26342,4.42783,3.99761,4.60672,4.62054,3.77232,3.27527,3.15372,3.15482,3.14779,3.06909,2.72539,2.28409,1.99594,1.74895,1.57711,1.59954,1.78028,1.85571,1.69493,1.40601,1.2007,1.19736
-0.209283,-0.0400905,0.202374,0.574012,1.04711,1.53322,1.97921,2.36405,2.66156,2.84392,2.90538,2.8627,2.75393,2.6268,2.51825,2.45626,2.45595,2.50934,2.5872,2.664,2.71774,2.72446,2.67026,2.57286,2.45601,2.3644,2.30832,2.30339,2.32932,2.33959,2.40008,2.46918,2.55424,2.74015,2.90177,2.9388,2.88023,2.87405,2.84871,2.95201,2.89804,3.27754,4.43568,4.68038,3.77838,3.70677,4.67051,5.03533,5.08474,4.73836,3.78998,3.27695,2.83901,3.02947,4.27929,4.4701,3.4641,2.67272,2.07297,1.66557,1.46842,1.35552,1.32488,1.34202,1.38657
0.150742,0.396709,0.683394,1.01847,1.38689,1.77859,2.17278,2.50507,2.70353,2.75335,2.70334,2.61727,2.53647,2.47603,2.44026,2.43631,2.47745,2.56086,2.65704,2.73424,2.77468,2.76519,2.69779,2.59019,2.4595,2.35929,2.27567,2.2693,2.29603,2.36848,2.58239,2.78025,2.96689,3.23301,3.41601,3.38794,3.30214,3.22281,3.05699,3.05076,2.96386,3.2689,4.56431,4.71541,4.18031,4.95076,4.82365,4.32187,4.9175,4.76327,3.83634,3.67745,4.57325,4.67013,3.51493,2.62273,2.26062,2.07847,1.90499,1.70055,1.43433,1.22346,1.19107,1.26273,1.35355
0.507685,0.763526,1.03756,1.38161,1.74841,2.10015,2.39549,2.56101,2.5673,2.48626,2.4171,2.39175,2.38979,2.39625,2.42175,2.48113,2.57443,2.68521,2.79313,2.87194,2.9042,2.87509,2.79982,2.67887,2.55626,2.42487,2.33222,2.31018,2.32082,2.49856,2.89504,3.31986,3.47567,3.52383,3.47382,3.48837,3.39398,3.64524,4.51983,4.79138,4.90761,4.50312,4.05781,4.911,4.89184,4.31536,5.05147,4.96385,4.21322,4.89711,4.6822,3.90158,4.5898,4.61671,3.72829,3.13345,2.6428,2.23389,2.02762,1.95611,1.79564,1.55534,1.40342,1.36484,1.38598
0.751793,1.01328,1.28957,1.65036,2.04244,2.34258,2.4652,2.4268,2.32848,2.26592,2.26525,2.3027,2.34554,2.39342,2.47382,2.59813,2.74452,2.88694,3.00588,3.08973,3.11644,3.07715,2.98326,2.87506,2.75132,2.645,2.52919,2.50928,2.519,2.68021,3.46672,3.97779,3.9254,3.66748,3.86148,4.89012,4.82121,4.23224,4.19877,4.27047,5.07511,4.91486,4.24121,4.91798,5.23552,5.34321,4.86111,4.31416,4.99575,5.30966,5.19274,4.91088,4.97527,4.50716,3.97546,4.74052,4.2488,2.77282,1.97507,1.53414,1.38937,1.37314,1.25655,1.15463,1.2795
1.00844,1.23842,1.50562,1.80044,2.09256,2.28898,2.33789,2.28278,2.2041,2.15513,2.15729,2.207,2.2755,2.38126,2.5253,2.71339,2.92459,3.11045,3.23564,3.29451,3.29282,3.23985,3.16457,3.10386,3.04457,2.98103,2.88851,2.82745,2.80054,2.88657,3.15606,3.44383,3.57168,3.71998,3.77465,4.20028,5.3597,5.35782,4.80305,5.2965,5.07714,4.48219,5.18853,5.00933,4.43322,5.13776,5.46328,5.42592,5.33715,5.52366,5.21199,4.50553,5.16608,5.04592,4.18276,4.89065,4.75467,3.76744,4.176,3.71964,2.1376,1.37509,1.32143,1.38,1.41814
1.22492,1.38933,1.61485,1.82153,1.97556,2.05087,2.06038,2.04063,2.02699,2.03657,2.07728,2.14802,2.24442,2.37932,2.55861,2.77626,3.02156,3.2529,3.41467,3.4746,3.44196,3.35962,3.28642,3.25413,3.24702,3.22718,3.18178,3.12389,3.08546,3.07906,3.17784,3.20813,3.92249,4.56758,4.72288,5.26658,5.58245,5.54254,5.39337,5.42773,5.42281,5.39323,5.37964,5.55828,5.11025,4.6517,5.42731,5.7539,5.78825,5.31224,4.77612,5.42349,5.19481,4.49304,5.06383,4.85656,4.16991,4.69137,4.64993,3.33312,2.12344,1.51219,1.13351,1.09617,1.42599
1.19694,1.36675,1.57034,1.71423,1.76459,1.7426,1.72745,1.77332,1.87169,1.98141,2.08142,2.17876,2.30254,2.46499,2.65794,2.86574,3.08598,3.30493,3.48702,3.58877,3.59279,3.5293,3.45441,3.40532,3.37358,3.34958,3.32041,3.31835,3.30624,3.3821,3.4511,3.61243,4.16644,5.15862,5.8186,5.88576,5.85744,5.61907,5.54798,5.46969,5.63375,5.28259,4.90473,5.70219,5.93306,5.90146,5.43956,4.87068,5.58038,5.44709,4.73789,5.53685,5.44988,4.64037,5.21845,5.46818,5.25396,4.67227,3.9908,4.40927,3.72484,2.58355,3.14481,3.01795,1.98901
1.03818,1.29752,1.51669,1.58699,1.52389,1.45016,1.48727,1.63064,1.80676,1.96742,2.12015,2.2926,2.48587,2.67621,2.85618,3.03134,3.2154,3.39631,3.5468,3.65092,3.70207,3.7045,3.67699,3.62097,3.54133,3.47127,3.46583,3.495,3.83236,4.07866,4.45109,4.8372,5.02302,5.62382,6.04356,5.99943,5.8225,5.78246,5.84312,5.8875,5.82866,6.05578,5.58487,5.23925,5.94982,6.17076,5.93878,5.52904,5.60878,5.70856,5.76053,5.38146,4.81281,5.49532,5.35245,4.68777,5.35014,5.079,3.6791,3.04452,3.08565,3.52917,3.70593,3.26608,2.60953
0.993123,1.28191,1.43305,1.37838,1.25743,1.26178,1.42268,1.64185,1.83881,2.00668,2.1804,2.39062,2.61597,2.8172,2.99166,3.17007,3.36001,3.53312,3.66243,3.74913,3.96876,4.1939,4.10072,3.86897,4.07681,4.30427,4.49036,4.83123,4.91322,5.23996,5.63197,5.7075,5.38582,5.49312,6.09952,5.99345,5.97011,5.4909,4.9934,5.80017,5.86573,5.50959,6.37064,6.71441,6.13271,6.17759,6.55177,6.31678,5.76899,5.90102,5.85485,5.51827,5.74164,5.85014,5.94232,5.18948,4.48568,5.27133,4.80178,3.53241,3.89871,4.01713,3.06973,2.59644,2.54138
0.945382,1.15882,1.18765,1.10457,1.11592,1.28001,1.51739,1.73632,1.90791,2.05852,2.21666,2.3899,2.57928,2.7864,3.01719,3.25938,3.48971,3.67173,3.79564,3.85072,3.92697,3.92331,3.83806,3.76339,3.90887,3.90389,4.38617,5.39069,5.53213,5.39848,5.35505,5.31505,5.67177,6.02207,6.11152,6.01057,5.89635,5.88475,5.88385,6.13331,6.2646,6.43056,6.13813,5.85035,6.22866,6.16794,6.16367,6.07194,6.3089,6.64645,6.13246,6.31833,6.53765,5.98245,6.0542,5.96971,5.75784,5.31752,4.58247,4.7977,4.37994,3.54877,3.68828,3.35337,2.56909
0.807613,0.961301,0.929782,1.04455,1.28342,1.54382,1.73918,1.86433,1.97238,2.09654,2.21997,2.33862,2.50784,2.77457,3.10724,3.43634,3.68155,3.85176,3.86239,3.93126,3.78263,3.95504,4.97574,5.02224,4.07641,4.19928,5.38387,5.79698,4.93835,4.86429,5.73188,6.06051,6.13868,6.12878,6.23054,6.67167,6.36426,5.94813,6.21361,6.34255,6.37103,6.34994,6.54616,6.63821,6.60089,6.31607,6.16751,6.33168,6.24517,6.39524,6.48172,6.54289,6.60474,6.54215,6.29601,6.28221,5.74098,5.03486,5.50819,5.11561,4.07318,4.15942,4.06293,2.96221,2.17131
0.616512,0.7447,0.903156,1.23863,1.62573,1.90285,1.99334,1.98557,2.03222,2.15334,2.27159,2.39733,2.62153,2.96556,3.35287,3.68163,3.88092,3.9494,3.89748,3.75845,3.52361,3.32981,3.5412,3.56887,3.99638,5.34276,5.85202,5.03947,4.98782,5.9275,6.23574,6.21769,6.0637,6.35743,6.60583,5.85472,5.37628,5.56045,6.43427,6.74704,6.16672,6.34712,6.43718,6.12707,6.29121,6.54109,6.68038,6.84474,6.86299,6.90165,6.85112,6.95425,6.77126,6.2942,6.33856,6.32788,6.19523,5.87199,5.92868,5.7574,5.31814,4.50303,3.56983,3.68602,3.07772
0.473029,0.681582,0.999865,1.43429,1.84108,2.04252,2.02257,1.97344,2.04021,2.18792,2.37286,2.6256,2.96403,3.33805,3.66279,3.87388,3.96003,3.93229,3.76021,3.47506,3.14987,3.04109,2.94225,3.44414,5.03013,5.62453,5.39658,5.19465,5.14094,6.18968,6.26947,5.56974,6.3128,7.01376,6.9943,6.13804,5.39774,6.25748,6.98269,6.85745,6.63636,6.4934,6.46586,6.55324,6.72615,6.91635,7.10196,7.19505,7.23902,7.11994,7.07926,6.79064,6.21719,6.22558,6.21058,6.27368,6.29745,6.28973,6.11429,6.13241,5.40415,4.23362,4.17637,3.91065,2.74551
0.345214,0.672299,1.07153,1.47588,1.74843,1.80165,1.7605,1.79803,1.92867,2.13557,2.46546,2.90067,3.34328,3.67039,3.8383,3.91167,3.91904,3.82647,3.5847,3.23636,2.91986,2.79209,2.94191,3.19445,3.84822,4.24796,4.78276,6.15389,6.62542,6.00184,5.69328,6.41593,7.06733,7.07364,7.02784,6.95789,6.88706,6.89808,6.9214,6.88307,6.84263,6.84469,6.91479,7.01613,7.11732,7.22867,7.36993,7.48479,7.53443,7.45858,7.32765,7.17541,6.98797,6.89809,6.83433,6.80791,6.76955,6.70498,6.66328,6.49074,5.82333,5.44768,5.20788,3.8787,2.83854
0.285219,0.675788,0.998547,1.19461,1.26642,1.3041,1.40948,1.57549,1.7825,2.09767,2.56148,3.06197,3.47327,3.73339,3.84673,3.85734,3.81335,3.69017,3.42476,3.10171,2.91857,3.01901,3.22495,3.69081,3.9457,4.68453,6.13971,6.75367,6.76043,6.54275,6.50078,6.58424,6.8104,7.07932,7.03121,6.9433,6.91197,6.96426,7.03441,7.08661,7.10667,7.11567,7.16002,7.22837,7.3049,7.39814,7.51499,7.64731,7.74775,7.72586,7.58372,7.42043,7.2708,7.13725,7.09872,7.03993,6.97626,6.762,6.63796,6.34334,5.52169,5.54571,4.92739,3.55822,3.57887
0.295709,0.564034,0.639947,0.589662,0.713843,0.970509,1.17447,1.39291,1.6744,2.08449,2.58701,3.07882,3.44139,3.6162,3.67433,3.70522,3.69701,3.58696,3.36329,3.18476,3.22328,3.43372,3.81525,4.05203,4.79064,6.27785,6.69871,6.55626,6.82166,6.63719,6.60575,6.96903,6.99047,6.73497,6.81017,6.8751,6.79054,6.89236,7.09867,7.26959,7.36092,7.40671,7.43497,7.42423,7.42509,7.48466,7.57683,7.69819,7.83022,7.84651,7.69454,7.54979,7.49158,7.40193,7.25597,7.16133,7.0205,6.95047,6.55044,5.91706,5.73041,5.42874,5.30949,4.86922,3.74962
0.235997,0.223027,0.136223,0.268112,0.646192,0.873,1.01354,1.20589,1.55136,2.0364,2.54058,2.95211,3.22887,3.39353,3.50543,3.59241,3.65161,3.62361,3.50378,3.39144,3.64601,3.86128,4.40756,5.36037,5.70702,5.8043,6.18285,6.6124,6.51351,6.67188,7.00079,7.00516,6.8442,6.65443,6.78457,6.86213,6.78893,6.86586,7.05934,7.24467,7.37015,7.46544,7.56108,7.64753,7.6983,7.71452,7.70818,7.72906,7.80597,7.83795,7.71179,7.59336,7.61594,7.65164,7.47905,7.32108,7.13044,7.07093,6.76254,5.90422,5.73413,5.41354,5.14587,4.37529,3.16261
-0.0537781,-0.106142,0.049374,0.363431,0.625249,0.724007,0.818554,1.04322,1.41451,1.89225,2.39631,2.80897,3.06139,3.19708,3.33324,3.53284,3.71686,3.72908,3.60552,3.60726,3.88769,4.56233,5.25581,5.58024,5.54377,5.93001,6.63656,6.62344,6.56314,6.6514,6.75596,6.98701,6.84865,6.4544,6.67667,7.01786,6.95855,6.98112,7.12433,7.26889,7.3713,7.45499,7.53894,7.64929,7.77146,7.84628,7.86024,7.85537,7.87055,7.89396,7.84918,7.76055,7.7188,7.6837,7.60469,7.43923,7.3496,7.11846,6.34442,6.41467,6.47162,5.47988,5.01139,4.39703,3.73659
-0.347128,-0.169528,0.0992454,0.279345,0.371649,0.504051,0.689164,0.960298,1.32363,1.76388,2.22628,2.59136,2.83278,3.03641,3.29676,3.60273,3.80137,3.75612,3.67144,3.6798,4.40308,5.23493,5.21312,5.15895,5.71531,6.333,6.71536,6.21114,5.89874,4.00404,3.42696,3.70987,4.61035,5.78844,5.92913,6.36063,6.76858,6.63194,6.90913,7.27066,7.40785,7.52115,7.60408,7.63989,7.68152,7.77637,7.86409,7.92193,7.96011,7.93497,7.91407,7.90079,7.85379,7.72595,7.57683,7.47264,7.4489,7.36307,7.20108,6.80085,6.11277,5.4632,4.66215,4.27422,3.3607
-0.45604,-0.199662,-0.069601,-0.050433,0.0500254,0.270834,0.553466,0.869529,1.19434,1.60122,2.09023,2.50694,2.78317,3.00459,3.28189,3.58465,3.76541,3.72537,3.72854,3.80182,4.50681,5.25738,5.44179,5.90714,6.01181,6.00869,6.81799,6.79005,5.79981,5.62349,5.40017,5.35226,6.26649,6.77826,6.98527,6.95692,6.61989,6.78327,7.15421,7.22827,7.31237,7.44754,7.53698,7.55395,7.57763,7.64678,7.7521,7.86973,7.99566,8.07755,8.07619,8.04558,7.96731,7.82991,7.71112,7.61004,7.5359,7.45066,7.2682,7.01037,6.40865,5.86003,4.97207,4.15571,3.80601
