uploads/wind/20200722/wind_field_00.json
{"header": {"parameterUnit": "m.s-1", "parameterNumber": 3, "dx":  0.051, "dy": 0.036, "parameterNumberName": "northward_wind", "la1": 45.3082, "parameterCategory": 2,"nx": 177, "ny": 123, "refTime": "2018-10-03 01:00:00", "lo1":1.38177}, "data":
[rows 58 to 86 of 123, columns 0 to 64 of 177]
-0.42497,-0.45657,0.0603477,0.979273,2.38682,2.20738,1.90972,0.140043,-0.834518,0.853638,2.48566,1.24557,0.472673,0.0900109,0.984184,3.7136,4.43276,3.79708,2.44541,2.07839,2.52645,2.8666,2.61174,2.20954,-0.013367,-0.991276,-0.923376,-1.27344,-1.01174,-1.73867,-1.26285,-1.00576,-0.100387,-0.112328,-0.0616902,-0.159901,-0.174409,-0.182149,-0.0564357,-0.227241,-0.0457424,-0.0938121,0.0457126,0.0192198,-0.0325519,0.137966,0.0374942,0.202551,0.296236,0.44532,0.477754,0.350626,0.18864,0.124649,0.326127,0.791944,1.50419,2.33095,3.00488,3.2507,2.94381,2.32159,1.6727,1.13223,0.652611
-0.20343,-0.135069,-0.0695755,0.360155,0.837037,0.732834,0.281436,-0.6678,-0.946075,-0.0867887,0.0107345,-0.652296,-0.100296,-0.383695,-1.63469,-0.492353,3.2072,2.97735,2.9121,2.57186,2.04406,1.73376,0.987511,1.94917,1.04507,0.741673,0.511903,-0.0539189,-1.05543,-1.55012,-1.7513,-1.26891,-0.711158,-0.154781,-0.0952236,-0.0833553,-0.148167,-0.0283536,0.129772,0.324616,0.521024,0.363919,0.364071,0.235248,0.220137,0.355832,0.4652,0.56548,0.701742,0.824114,0.848544,0.819523,0.806857,0.788048,0.840112,1.16841,1.84615,2.63917,3.23187,3.39039,3.08901,2.57648,2.05227,1.52279,1.01061
-0.106357,-0.0406873,-0.0634965,-0.0144052,-0.564993,0.172259,-0.00453624,-0.656829,-1.33728,-0.87049,-0.182251,0.251384,0.0608216,-1.93684,-2.87483,-2.72407,0.22321,1.8216,2.3382,1.64933,0.877031,0.614484,0.365568,1.12148,1.80787,2.29113,1.61541,0.354723,-1.25369,-1.62163,-1.6796,-1.61207,-1.44309,-0.626868,0.0849095,0.208114,0.340691,0.319719,0.504812,0.63961,0.884353,0.751362,0.74627,0.790648,0.888777,0.920571,1.08489,1.19365,1.31969,1.37428,1.38671,1.43803,1.5102,1.57939,1.66738,1.89864,2.29026,2.7396,3.09826,3.11087,2.76329,2.30707,1.86328,1.41131,1.05914
-0.321969,-0.178016,-0.0562168,-0.182254,0.0609985,0.794795,-0.250895,-0.469258,-0.209974,-0.21278,0.533213,1.60135,-0.666934,-3.20509,-3.75494,-2.56989,-0.607814,1.19627,2.26118,1.58911,1.04454,1.3618,0.998468,1.75663,1.62733,1.39461,1.33688,0.0349723,-1.38773,-1.20518,-0.667946,-0.704841,-1.45617,-1.17091,-0.0972832,0.578012,0.902327,1.00583,1.08186,1.12701,1.03548,1.15831,1.28328,1.21629,1.51035,1.5371,1.69228,1.85726,1.95098,1.91393,1.90626,2.00486,2.15864,2.35273,2.56826,2.77903,2.80936,2.77108,2.69841,2.4181,2.04167,1.72127,1.43555,1.23016,1.13808
-0.499907,-0.265057,-0.0426505,0.112868,0.970103,0.771745,0.532704,1.05655,1.20444,0.800763,0.998948,0.664419,-0.320312,-0.719272,-1.28581,-1.52915,-0.677675,0.51844,1.9592,2.55003,2.23824,2.49042,2.68982,1.82314,1.00755,1.85012,1.08661,-0.106953,-0.842219,-1.29612,-0.635653,-0.251218,-0.298603,-0.841676,-0.602331,-0.0578661,0.739253,1.15686,1.43268,1.7145,1.59292,1.75224,1.73122,1.55978,1.95982,2.08535,2.10484,2.19922,2.1793,2.17951,2.22639,2.36958,2.55762,2.81326,3.0803,3.19629,3.05015,2.72087,2.22148,1.65689,1.40427,1.31749,1.30268,1.37249,1.44268
-0.320289,-0.0371247,0.235059,0.982525,2.02307,1.60543,1.90808,1.98789,1.47906,1.2904,1.34151,0.796938,1.03111,1.44358,1.18444,0.396266,0.451362,0.959861,1.52293,2.31066,2.53166,2.28474,2.22747,1.77827,0.635264,0.955583,-0.190271,-0.899393,-1.19918,-1.41206,-1.17632,-0.798021,-0.0892743,0.0730924,-0.736954,-1.0859,-0.427436,0.376631,1.04663,1.43603,2.02231,2.30429,2.08566,1.96831,2.337,2.13982,2.36149,2.09445,2.12869,2.20065,2.34547,2.5065,2.67732,2.9028,3.10098,3.07641,2.8841,2.4729,1.80413,1.26097,1.1082,1.1989,1.42085,1.67671,1.84366
0.246095,0.44706,0.892635,2.02979,2.9812,2.80166,3.06465,2.6466,2.30281,2.39796,2.24925,1.48161,1.30195,1.76023,2.00466,1.60423,1.60987,1.89424,2.35165,2.52003,2.18888,1.58472,1.14879,0.787409,-0.467653,-1.1936,-2.11479,-1.72971,-1.83158,-1.26389,-1.95564,-2.06215,-1.10737,-0.288601,-0.0478708,-0.787055,-1.09595,-0.532061,0.142765,0.40019,1.42574,2.35073,2.12555,2.21236,2.42383,2.00954,2.24557,1.95899,2.05835,2.21604,2.42267,2.64301,2.86812,3.02694,3.00869,2.82656,2.51405,2.00859,1.46553,1.13573,1.06807,1.28666,1.69535,2.08178,2.32072
1.01837,1.12317,1.73379,3.18426,4.01721,4.15755,4.14524,3.80718,3.85358,3.65075,2.86769,1.99949,1.27909,1.04966,0.921301,1.18811,1.65024,1.93251,1.82914,0.912343,0.682434,0.949152,1.0789,0.327705,-1.28913,-2.54939,-3.03835,-3.0642,-2.41239,-2.53746,-2.74465,-2.89167,-1.87971,-1.09731,-0.120132,-0.113795,-0.704078,-0.724732,0.0147862,0.0649941,0.362553,1.41455,1.53223,2.00211,2.05329,1.88943,1.87701,1.8975,2.01302,2.27748,2.53674,2.8251,3.04291,3.04834,2.83417,2.51568,2.03505,1.48065,1.1479,1.12141,1.33414,1.72154,2.07056,2.33439,2.43719
1.82233,2.00807,2.70909,4.02929,4.82796,5.05573,4.93431,4.65651,4.52748,4.09841,3.1056,2.18339,1.39934,0.70346,-0.234859,-0.211641,0.435105,1.12348,-0.0118189,-0.154595,0.133525,0.298112,-0.942253,-1.44143,-3.51788,-3.33179,-3.22028,-3.56995,-3.62667,-3.70524,-3.69723,-3.41323,-1.93782,-1.10294,-0.365261,-0.348117,-0.0850482,-0.387616,0.440606,0.371141,0.132192,0.880302,0.785726,1.40101,1.77645,1.96733,1.9231,2.05927,2.25314,2.52093,2.766,2.89493,2.83845,2.63744,2.36851,2.002,1.56197,1.21194,1.12689,1.21954,1.49075,1.78932,2.25508,2.36068,2.17583
2.60781,2.89103,3.61856,4.692,5.15948,5.44525,5.41989,5.60757,5.67826,4.94894,2.85332,1.11602,0.764946,0.476503,-0.549205,-1.13015,-0.668537,-0.548417,-1.96821,-2.4012,-2.9088,-3.75665,-4.28476,-4.3588,-4.52904,-3.65711,-3.42674,-3.99699,-3.76512,-3.47844,-3.57845,-3.53081,-2.53418,-1.10231,-0.916144,-0.859259,-1.4841,-1.14227,0.306001,0.29144,0.305472,0.170499,-0.0479919,0.705584,1.58009,2.33933,2.22719,2.57618,2.81321,2.9862,2.98746,2.7254,2.36145,2.06936,1.82416,1.6115,1.48075,1.47032,1.44294,1.5637,1.5344,1.80531,2.15592,1.84621,1.58897
3.25856,3.78031,4.44216,5.24648,5.5776,5.70198,5.88057,6.5438,6.65718,4.9595,1.94209,0.285201,0.0650916,0.0548504,-0.0838496,-0.711742,-1.33928,-1.90522,-2.93655,-3.04674,-3.05544,-3.79716,-4.43423,-3.71605,-3.75239,-3.6058,-3.53409,-3.29049,-2.7971,-2.68051,-2.61771,-2.77451,-2.78704,-1.8822,-1.75655,-1.92201,-2.67515,-2.56998,-0.868159,0.119849,-0.247362,-0.172737,-0.269509,0.429233,0.723506,1.72935,2.42114,2.91245,3.15863,3.14951,2.86245,2.47217,2.14311,1.84706,1.61604,1.51129,1.51363,1.4162,1.81905,1.85662,1.91957,1.68065,1.37298,0.793122,0.489623
3.9175,4.4484,5.09197,5.79967,6.16261,6.25813,6.51613,6.82505,6.47451,4.5743,2.53552,2.387,1.94429,2.1008,2.35199,2.34365,2.75012,2.52876,2.10668,2.07038,1.92406,0.772014,-0.640726,-1.23348,-0.990605,-1.44023,-2.18789,-2.74572,-2.58501,-1.87194,-0.999396,-2.17745,-2.67266,-2.41681,-2.38182,-2.2317,-2.40897,-1.62874,-1.48879,-0.459922,-0.592423,-0.287603,-0.272832,-0.0518597,0.621339,1.94293,2.74163,3.10002,3.03401,2.79569,2.5858,2.48346,2.2735,2.20226,2.13993,1.93453,1.33556,1.53412,1.61009,1.91548,1.82089,1.44274,0.498454,0.354016,0.61779
4.33481,4.9026,5.66837,6.23076,6.69309,7.06253,7.25069,7.09696,5.5744,4.45033,5.60378,5.94233,5.50056,5.32166,4.99975,6.34472,7.07437,6.19095,5.69076,5.21058,3.16015,1.58755,0.43928,-0.358307,0.21399,1.17255,0.517118,-1.36376,-1.95034,-1.2045,-1.24547,-1.91956,-2.6734,-2.51161,-2.61352,-2.47581,-1.67674,-1.33756,-0.950548,-1.04311,-0.383617,-0.431934,-0.358847,0.0801077,0.800909,1.03135,1.6039,2.39007,2.8991,3.06819,3.03823,2.68489,2.6137,3.15209,2.8124,1.89228,1.59653,1.28682,1.70636,1.64063,1.8896,1.40891,0.755774,1.08343,1.31474
4.70871,5.30713,6.00816,6.51437,6.93811,6.94692,7.07313,6.70953,3.83078,1.10098,1.94272,5.21442,6.1614,7.36213,8.02305,7.97864,5.93601,4.78232,4.26907,2.67242,0.777412,0.4357,-0.0284847,-2.17208,-2.4164,-2.08018,-0.0484239,1.33624,1.95476,0.357716,-1.92377,-2.72101,-2.81757,-2.54384,-2.03696,-1.56722,-2.00071,-1.87135,-0.954565,-0.980067,0.196691,0.0262297,-0.269186,-0.223559,-0.311117,-0.509954,-0.289733,-0.555449,0.972257,1.52753,1.98844,2.22235,2.64793,3.35594,2.63591,2.42087,2.37019,2.86861,2.02091,1.89724,1.75155,1.47673,1.50327,1.21092,1.61028
4.84561,5.59652,6.12681,6.46627,6.93373,6.37516,6.17608,5.36021,2.5448,-0.679291,-1.70125,0.48308,2.6614,4.75268,4.57371,3.39365,3.12806,3.48433,2.46068,1.21244,1.204,2.24728,2.65467,1.62698,-1.14242,-3.28024,-3.00368,0.117496,1.84402,-0.241792,-1.57767,-1.06816,-1.01313,-1.20389,-1.06187,-0.981344,-1.49052,-1.73584,-1.13078,-0.434784,1.03383,0.673055,-0.185977,-0.777441,-1.30499,-0.559274,-0.504511,-1.644,-1.4519,-1.43158,-0.968012,-0.112001,0.579411,1.86849,1.89005,1.17768,1.49633,2.00238,2.39457,2.31568,2.11811,2.13201,2.1759,1.81221,1.66747
4.98349,5.77846,6.046,6.22029,6.46167,5.87981,5.03941,3.6776,1.73645,0.720357,-0.028573,-1.37798,-1.06297,0.648478,0.749598,1.25796,2.32676,2.68904,3.17425,3.43644,3.41066,2.95978,2.8743,3.36847,3.70367,2.14951,-1.73896,-3.48095,-3.61309,-3.92255,-3.21415,-0.40086,1.0852,1.12862,0.438382,0.214786,0.559434,0.448927,0.667988,1.32392,1.36072,0.896326,0.52563,-0.817928,-1.36933,-0.26868,0.102605,-0.0502686,-0.258588,-0.875777,-1.75756,-1.39941,-0.94903,-0.721422,-0.292313,0.0768763,-0.329085,0.341219,0.828442,1.60011,1.65842,1.69493,1.82825,1.454,1.81789
6.14982,5.87835,5.87427,5.9741,5.84952,5.45567,3.2978,2.5696,2.03287,2.08401,1.482,0.204662,-0.0294995,-0.0371211,1.44289,2.41072,2.06657,1.47754,2.97023,4.0225,3.26982,1.1946,-1.29912,-1.91283,2.21419,3.56665,2.03466,-1.65055,-2.73663,-2.30912,-1.70667,-1.69264,-0.320231,0.953042,0.371523,1.04257,2.66156,3.2466,2.77323,2.64832,1.20293,0.312848,0.24493,-0.521339,-1.17341,-0.103022,-0.237291,0.0706135,0.144253,0.045973,-0.499479,-0.806998,-0.652795,0.0105235,0.437995,-0.27455,-1.14982,-1.75823,-1.3533,-0.305335,0.933371,1.48848,1.11437,0.697045,0.321495
6.31354,5.87103,5.6476,5.51435,5.47006,4.4653,2.25863,2.43208,2.57668,2.09101,1.13324,0.311509,0.476367,0.868113,1.74263,2.382,2.31181,2.16876,2.73983,3.14238,3.0277,1.96536,0.309296,-1.52784,-1.27428,0.85544,3.02072,2.87004,2.66058,2.07512,-0.258709,-2.46722,-2.02631,-0.599189,-0.63327,0.335003,1.91857,2.12636,0.811875,1.04904,0.218826,-0.316037,-0.70919,-1.41897,-1.44527,-0.800799,-0.446417,-0.0167346,0.0826556,-0.00497,-0.0565379,-0.115741,-0.0177279,0.555793,0.883807,1.15295,-0.190673,-1.12793,-1.85123,-1.64018,-0.2876,0.706491,0.403851,0.274073,-0.754954
6.59536,5.83386,5.36578,4.71617,4.5017,2.40133,2.52394,2.61273,2.10067,0.000336642,-0.792404,-0.461928,0.434921,1.11434,0.348384,0.461979,1.4071,2.64638,3.12578,3.37112,3.99334,4.48571,4.5101,3.86696,2.71814,1.36886,2.12268,3.44597,4.22718,2.69044,-0.595626,-0.953801,0.199852,-0.759204,-0.459105,0.219424,0.352207,0.297029,0.14826,-1.24741,-2.09438,-1.1544,-1.35899,-2.33766,-2.53264,-1.70396,-0.751034,-0.193915,-0.532862,-0.510531,-0.681746,-0.791159,-0.319775,-0.158974,-0.111917,0.876085,2.01538,1.0804,0.110463,-0.812259,-0.412401,0.238436,0.250165,0.922551,0.234897
6.77269,5.61217,4.85886,3.79873,2.20598,1.5908,2.64039,2.81048,2.1899,0.468561,0.689382,1.16293,1.93336,2.21249,1.53212,0.859427,0.560491,1.28074,1.32048,1.87008,2.65524,3.89621,5.06303,5.43526,4.75012,3.54805,2.46424,3.1888,4.17823,3.63953,2.65777,2.5075,1.83238,-0.473096,-0.792347,-0.09424,0.800563,0.706133,-1.09158,-3.38948,-4.21602,-3.56679,-2.09333,-2.01712,-1.5498,-1.58608,-1.34232,-0.284676,-0.675672,-0.841117,-1.39026,-1.45483,-0.573767,-0.867202,-0.861571,-0.607023,0.561552,2.28684,1.59835,0.568582,0.0321239,0.298679,0.475823,1.81128,2.52202
5.26196,5.02159,4.1899,2.7968,1.38685,2.35316,2.57484,2.4331,2.06668,3.01387,3.66415,2.93122,2.37281,2.78782,3.1523,2.78509,2.53995,1.83952,0.667964,0.114676,-0.261467,-0.380803,2.86203,5.41481,6.04695,5.19775,4.9083,5.20542,5.24811,4.73741,4.91348,4.46298,1.52342,-0.303313,-1.18272,-1.58258,-0.877509,-2.27177,-3.09138,-2.52752,-3.00318,-3.50088,-2.42462,-0.579941,-0.838935,-1.09958,-1.39122,-0.540364,-0.532194,-1.23723,-2.04981,-2.55392,-1.02834,-0.738329,-1.0409,-1.31854,-1.41876,-0.084056,0.493052,1.42078,1.0725,0.824927,0.208221,1.14818,1.78555
4.62824,4.20139,3.50413,2.08075,1.84918,2.46005,2.58093,1.06851,0.684951,1.84833,2.41485,1.47007,0.509416,1.10218,2.26842,2.79022,2.95095,3.05996,2.64927,1.59008,0.219138,0.241797,2.80908,3.51308,4.02681,5.99674,6.83594,7.17017,5.21638,4.38316,4.8207,4.03811,1.69294,0.694883,-0.198152,-1.76722,-2.85587,-3.54706,-2.47186,-1.71068,-1.39237,-2.03055,-2.58321,-2.01794,-0.798505,-1.13608,-1.31253,-1.48323,-2.05672,-1.38482,-1.9617,-2.60877,-2.07682,-0.67351,-0.335812,-0.199491,-1.13659,-0.918894,-0.88997,0.525591,0.954685,0.858758,-0.315491,0.209042,0.753205
3.95016,3.42899,2.7286,1.99386,1.90252,2.2428,2.18312,1.84619,1.21549,0.957936,1.16139,1.0874,0.288827,0.218435,1.83347,2.09085,1.79169,1.49266,1.42489,1.5107,2.23951,3.48897,3.07992,-0.00834996,-0.706919,1.09692,4.3044,4.50414,2.82078,2.09707,3.06519,3.39637,2.34423,1.0413,0.550244,-0.639756,-1.30929,-1.58589,-1.46989,-1.77068,-1.32992,-1.97726,-2.30602,-2.23106,-0.841559,-0.0304678,-0.491714,-0.877561,-1.57909,-1.80999,-1.63724,-2.1463,-1.82801,-0.277521,0.734082,0.804451,0.936165,0.399106,-0.0352507,-0.267121,0.50642,0.215126,-0.767166,0.239628,1.11109
3.44493,2.9189,2.2935,2.04314,2.07543,1.41514,0.512484,0.866496,1.9098,2.05652,1.7265,1.35444,1.0981,1.14439,1.73733,2.64988,2.7093,2.56062,2.34273,2.7831,3.64583,3.78395,1.77375,-1.55539,-3.14683,-2.44007,1.63607,2.78841,1.83618,0.971418,1.26395,1.88562,0.588062,0.690173,1.05331,0.473508,-0.23113,-0.371023,-0.869394,-1.92772,-2.39893,-2.10972,-2.32171,-2.23341,-1.06591,0.140169,0.201302,0.736729,0.660212,0.208237,-0.501149,-0.740537,-0.178366,0.243891,1.03884,1.5327,1.35328,1.80617,1.56765,1.15071,1.17378,0.384452,-0.0753577,0.730242,0.969073
3.17679,2.72766,2.13629,2.08531,2.21086,0.45853,-1.07802,-1.75037,-0.748588,0.413425,0.135145,-0.145625,0.461435,0.936845,0.723668,1.15359,2.24113,2.94483,3.25818,2.75973,2.8321,2.04892,-0.371504,-2.13192,-2.16919,-2.31439,0.10572,2.10704,2.81808,2.85848,1.27752,-0.0411058,-0.518578,0.52357,1.62548,1.82447,0.554597,0.0861953,-0.491584,-1.12772,-1.18409,-0.755751,-0.295934,-0.573987,-2.55638,-1.64961,-0.81226,0.556438,2.40261,2.39605,0.89745,0.783856,1.13219,0.930569,0.699059,0.919103,0.34771,1.66447,2.71571,2.46176,1.73405,0.896144,0.773904,0.94596,0.543782
3.08806,3.11776,2.38462,1.60104,1.1763,0.00936072,-0.97358,-1.68711,-1.77298,-0.951805,-0.519247,-0.439535,0.258573,1.09427,0.728796,-0.641746,-1.15358,-1.24807,-0.224949,0.475095,0.428732,-0.38904,-1.45063,-1.2517,-0.219959,-0.494811,-0.899932,-0.377393,0.951461,2.87936,1.71658,1.34644,1.63551,1.2354,1.35908,2.58748,2.78163,1.81549,0.197351,-1.24946,-0.589066,0.496561,1.35146,0.335307,-2.38409,-3.05247,-2.94544,-2.11772,-1.33072,0.00407782,0.557731,0.660561,1.17211,0.877095,0.124032,-0.228751,-0.54961,-0.297503,0.790033,0.803366,-0.271725,0.288096,0.881026,1.17313,0.917853
3.1692,3.11565,2.49018,1.47083,0.528985,0.0381852,-0.023283,-0.140506,-0.322286,-0.240842,0.0667319,0.279487,0.753709,0.928526,-0.0055739,-1.05479,-1.51283,-1.69919,-1.08326,-1.02651,-0.693942,-0.938209,-0.58529,-0.0255814,0.223753,-0.346605,-2.20967,-2.74655,-2.58765,-0.155396,2.14374,2.57613,2.23926,1.57341,0.822712,1.08339,2.69685,2.80979,0.900805,-2.2034,-3.52941,-3.07634,-2.03211,-0.92534,-2.0154,-2.72601,-2.80562,-2.48646,-2.50193,-2.02308,-1.14758,-0.142415,0.873809,0.604732,0.187538,-0.654945,-1.11213,-1.19166,-0.746351,-0.109878,-0.125771,0.471019,1.14732,1.76778,1.5769
3.4532,3.22743,2.79161,1.86735,0.637508,-0.0746046,-1.12515,-0.540716,0.44131,0.451922,0.426976,0.693718,1.00523,0.706937,0.436326,0.169807,0.0116764,0.011252,0.13876,-0.76647,-0.951909,-0.493982,-0.701501,-2.12207,-2.69971,-2.5743,-2.25105,-1.18107,-0.78934,-1.41199,0.00405163,3.27618,3.08088,2.48527,2.57494,1.33607,0.0201626,0.724289,1.39037,-0.889988,-3.27804,-3.96251,-3.12609,-2.84206,-2.98166,-2.44173,-1.88064,-1.20014,-0.875021,-1.56522,-2.21767,-1.41109,-0.0493411,0.492051,0.148611,-0.906433,-1.2814,-1.24571,-1.16047,-0.207639,1.13977,1.99021,2.1202,2.10482,2.76756
3.66544,3.24179,2.67105,1.89374,1.03096,0.161666,-1.60749,-1.84921,-0.120957,0.676348,0.410215,0.0425641,0.614131,1.41523,1.56034,1.6829,1.26246,1.21033,1.46168,1.82806,1.41313,0.784915,0.228092,-1.14648,-3.09145,-3.77233,-2.60452,-3.04218,-2.1783,-1.02726,-1.58956,1.46359,4.26117,3.96804,4.27929,3.31585,-0.358903,-1.69283,0.772934,1.26272,0.172081,-1.87858,-1.78154,-2.89412,-1.87393,0.728726,1.17899,-0.0151845,-1.25777,-2.0319,-2.15249,-1.74864,-0.606626,0.49902,0.200947,-0.853689,-1.08785,-0.895384,-0.610762,-0.115101,1.4033,1.75987,0.188493,0.614883,1.39767
