uploads/wind/20200722/wind_field_03.json
{"header": {"parameterUnit": "m.s-1", "parameterNumber": 3, "dx":  0.051, "dy": 0.036, "parameterNumberName": "northward_wind", "la1": 45.3082, "parameterCategory": 2,"nx": 177, "ny": 123, "refTime": "2018-10-03 01:00:00", "lo1":1.38177}, "data":
[rows 28 to 55 of 123, columns 64 to 127 of 177]
0.634285,0.791064,0.95369,1.1418,1.32215,1.40976,1.33917,1.1198,0.790695,0.418395,0.0571866,-0.295181,-0.611588,-0.838883,-0.931168,-0.880632,-0.758455,-0.615999,-0.47183,-0.284218,-0.028726,0.280394,0.595252,0.871258,1.10562,1.32016,1.52659,1.72079,1.85731,1.89345,1.88513,1.89557,1.92958,1.92785,1.82189,1.60782,1.33303,1.0488,0.796272,0.600474,0.471582,0.414092,0.416467,0.461398,0.523824,0.595028,0.682185,0.785282,0.871735,0.897058,0.899549,0.846034,0.716885,0.572856,0.447996,0.321964,0.165752,-0.0152047,-0.174959,-0.291712,-0.349947,-0.379566,-0.366078,-0.457114
1.0467,1.19427,1.30418,1.38411,1.37017,1.17799,0.760109,0.183452,-0.412203,-0.898103,-1.22866,-1.41724,-1.47409,-1.41227,-1.26258,-1.08599,-0.939322,-0.829225,-0.729515,-0.600328,-0.389335,-0.0849771,0.283735,0.671173,1.05154,1.41887,1.76363,2.0748,2.30488,2.41414,2.42117,2.39166,2.38452,2.38721,2.34635,2.20739,1.98094,1.70422,1.42447,1.17297,0.962953,0.813768,0.737231,0.728896,0.764367,0.816465,0.879477,0.962854,1.05515,1.10015,1.10352,1.05285,0.902909,0.710794,0.552967,0.432196,0.303181,0.141046,-0.0274265,-0.162983,-0.220983,-0.23517,-0.211061,-0.291131
1.87506,1.84331,1.75162,1.567,1.24017,0.710407,0.0463772,-0.556159,-0.954692,-1.15141,-1.21565,-1.18324,-1.09248,-0.977538,-0.86593,-0.773311,-0.678983,-0.568765,-0.436987,-0.301122,-0.138278,0.0815811,0.361458,0.686618,1.03201,1.38841,1.74015,2.08975,2.39866,2.60157,2.66291,2.6314,2.59914,2.60259,2.61847,2.583,2.45772,2.25696,2.01489,1.75427,1.48783,1.23122,1.01541,0.864426,0.785711,0.770958,0.805089,0.892414,1.02198,1.13319,1.18949,1.19698,1.10384,0.907105,0.701851,0.543913,0.399079,0.224364,0.0282336,-0.138051,-0.207804,-0.182767,-0.124451,-0.14975
2.49483,2.29558,2.03625,1.62251,1.03396,0.37832,-0.126308,-0.356259,-0.370398,-0.302998,-0.221371,-0.149348,-0.0910242,-0.0621365,-0.05293,-0.0305536,0.0391049,0.172587,0.343727,0.521103,0.687656,0.836622,0.972236,1.10536,1.24141,1.37483,1.52277,1.72169,1.99158,2.27711,2.46086,2.5078,2.48942,2.49238,2.54446,2.60855,2.61781,2.54001,2.37858,2.14676,1.85438,1.52102,1.17444,0.85159,0.595407,0.43738,0.392686,0.463579,0.642131,0.866051,1.04509,1.1639,1.19384,1.07896,0.868465,0.659578,0.476418,0.274345,0.0356459,-0.192532,-0.328688,-0.312508,-0.194144,-0.100414
2.37241,2.13002,1.76169,1.21742,0.608533,0.204111,0.119423,0.244774,0.442458,0.624212,0.76286,0.849972,0.895399,0.920922,0.934591,0.970423,1.04444,1.15936,1.28725,1.41526,1.52238,1.5805,1.58617,1.54853,1.47835,1.39403,1.33277,1.3304,1.43619,1.65413,1.90689,2.08416,2.16454,2.20188,2.26695,2.37049,2.47061,2.49916,2.41528,2.21525,1.92364,1.57732,1.20812,0.843416,0.505435,0.224575,0.0430598,-0.00112486,0.120447,0.37286,0.659407,0.901858,1.0584,1.07042,0.931267,0.72533,0.531293,0.328538,0.0813647,-0.201788,-0.450195,-0.556596,-0.460924,-0.209718
1.57621,1.1821,0.758582,0.3745,0.159123,0.196198,0.380332,0.595773,0.801899,0.997994,1.17036,1.31167,1.42695,1.53242,1.64096,1.75589,1.86477,1.93636,1.96628,1.95748,1.90531,1.83403,1.75714,1.6705,1.57236,1.461,1.35509,1.28024,1.26182,1.34238,1.52132,1.73063,1.90193,2.01767,2.10279,2.18955,2.26852,2.29074,2.2106,2.0281,1.78288,1.51682,1.25306,0.988149,0.70967,0.420326,0.146741,-0.0571012,-0.129342,-0.0325473,0.209258,0.505429,0.744144,0.851364,0.807235,0.67059,0.522452,0.384613,0.216245,-0.0268545,-0.334037,-0.606317,-0.699265,-0.498307
0.576167,0.130239,-0.0976442,-0.0719052,0.152116,0.412194,0.601087,0.7216,0.830538,0.975945,1.15412,1.33809,1.51424,1.66999,1.83271,2.00439,2.14737,2.20333,2.16608,2.05954,1.91346,1.78311,1.69935,1.65907,1.64792,1.63418,1.60067,1.54592,1.49364,1.50719,1.60574,1.76472,1.91976,2.04304,2.12623,2.18675,2.2037,2.15287,2.03147,1.87341,1.72092,1.58573,1.45001,1.28385,1.07784,0.833063,0.559724,0.285287,0.0511584,-0.0637,0.000529148,0.225047,0.482865,0.629744,0.627666,0.537594,0.439708,0.38079,0.332451,0.233993,0.0346531,-0.244615,-0.515113,-0.655035
0.191015,-0.00566662,0.0150314,0.204842,0.443251,0.622095,0.735734,0.821194,0.921289,1.06386,1.24471,1.4404,1.62167,1.77488,1.90918,2.02776,2.10387,2.1138,2.0461,1.92947,1.81801,1.74836,1.728,1.75344,1.80961,1.86569,1.90388,1.90018,1.86853,1.8444,1.88278,1.97911,2.07726,2.14984,2.17996,2.17968,2.14664,2.07953,1.9878,1.90521,1.84847,1.79893,1.72224,1.59076,1.40849,1.198,0.974928,0.739394,0.492203,0.274355,0.171416,0.249037,0.454492,0.60466,0.600598,0.499954,0.399297,0.35217,0.349613,0.354454,0.320261,0.204403,-0.014795,-0.374678
0.587096,0.63681,0.682518,0.702423,0.692425,0.699704,0.777279,0.922233,1.11174,1.32239,1.53805,1.73362,1.89269,2.00522,2.04839,2.00435,1.90334,1.80193,1.73297,1.70523,1.71164,1.73295,1.77248,1.83118,1.91053,2.00507,2.08884,2.15122,2.17611,2.15493,2.11965,2.10866,2.12058,2.12564,2.09273,2.0263,1.98075,1.98156,2.0047,2.02952,2.03291,2.00447,1.93514,1.81776,1.66021,1.4904,1.33167,1.16275,0.95742,0.721983,0.528826,0.477201,0.601082,0.746077,0.747764,0.620374,0.477831,0.404135,0.394504,0.396875,0.385663,0.357788,0.257889,-0.00904684
1.02805,1.16427,1.1376,1.01265,0.887317,0.859092,0.956771,1.14368,1.36687,1.57581,1.74503,1.87583,1.96656,1.99873,1.93747,1.78461,1.61064,1.48647,1.47006,1.54958,1.66911,1.76331,1.82319,1.88045,1.94477,2.04088,2.14594,2.2398,2.31105,2.33099,2.2794,2.18566,2.08389,1.98702,1.90586,1.84519,1.84287,1.91459,2.03042,2.1282,2.17194,2.16099,2.11062,2.03306,1.92831,1.80034,1.66564,1.51448,1.31104,1.05551,0.809129,0.670396,0.719164,0.863648,0.912408,0.808022,0.637987,0.515857,0.486287,0.479069,0.43164,0.361798,0.245195,0.103516
0.915717,1.07372,1.13016,1.14548,1.1817,1.26361,1.36669,1.46664,1.54107,1.60011,1.65132,1.69637,1.71958,1.71398,1.66045,1.59682,1.53708,1.52226,1.57862,1.68684,1.81432,1.92555,1.9867,2.02106,2.05741,2.10853,2.17399,2.23759,2.29277,2.32827,2.31519,2.23099,2.09508,1.95327,1.87161,1.86092,1.90069,1.98154,2.08925,2.1951,2.27633,2.31578,2.31438,2.28291,2.22288,2.12141,1.97095,1.77818,1.53497,1.24451,0.954074,0.747722,0.708423,0.836321,0.969209,0.969679,0.83752,0.674007,0.585478,0.561768,0.520985,0.417615,0.258587,0.166888
0.558876,0.791323,1.05124,1.2958,1.49859,1.6174,1.64256,1.61315,1.56969,1.54014,1.53511,1.54439,1.55451,1.58364,1.64991,1.73628,1.83063,1.91472,1.98496,2.03666,2.07098,2.09755,2.11194,2.11504,2.13021,2.15648,2.18549,2.20534,2.21289,2.22469,2.23007,2.2114,2.15944,2.09785,2.06795,2.08564,2.12363,2.17135,2.22983,2.29785,2.36898,2.43275,2.47477,2.48788,2.46209,2.38562,2.23862,2.01588,1.72994,1.40086,1.06951,0.79574,0.66592,0.752285,0.959911,1.09643,1.07674,0.937619,0.792282,0.707808,0.657445,0.558394,0.440441,0.420075
0.668472,0.938729,1.21754,1.45898,1.63622,1.73096,1.76034,1.762,1.76764,1.76689,1.75321,1.73901,1.75899,1.8314,1.95961,2.10401,2.23356,2.3174,2.32764,2.27996,2.19847,2.11197,2.05128,2.02347,2.01994,2.04161,2.07117,2.08244,2.07575,2.06117,2.06131,2.09208,2.15356,2.22268,2.26982,2.29698,2.32655,2.36603,2.41631,2.45732,2.4864,2.51152,2.54534,2.5823,2.59865,2.56689,2.4641,2.26897,1.98905,1.6467,1.27798,0.950777,0.761832,0.793588,1.00191,1.23055,1.34001,1.30661,1.18512,1.05305,0.955238,0.861806,0.821064,0.880092
1.22881,1.4126,1.54577,1.66761,1.79512,1.9401,2.07772,2.17629,2.22377,2.21384,2.1585,2.10357,2.10686,2.17503,2.27701,2.39092,2.46028,2.46911,2.39791,2.26675,2.11144,1.98152,1.90687,1.87779,1.86893,1.87342,1.89747,1.9269,1.93933,1.91807,1.89805,1.93394,2.04646,2.19267,2.30235,2.35722,2.40604,2.47302,2.55632,2.63065,2.67064,2.66914,2.64748,2.62906,2.62296,2.6105,2.55709,2.43578,2.22853,1.94877,1.61844,1.28818,1.08202,1.0608,1.20247,1.42041,1.63121,1.74081,1.71394,1.59852,1.46394,1.35813,1.35519,1.43921
1.80406,1.91742,1.98591,2.07488,2.1956,2.35084,2.49067,2.56943,2.55608,2.47525,2.37568,2.31943,2.32176,2.36168,2.4198,2.46043,2.46374,2.41432,2.3186,2.17154,2.02469,1.92424,1.8859,1.8845,1.89203,1.88883,1.89238,1.90887,1.9084,1.87696,1.84101,1.86033,1.96053,2.09969,2.23533,2.35041,2.44266,2.52524,2.61437,2.71203,2.79292,2.82463,2.79344,2.70733,2.60552,2.52511,2.47208,2.41588,2.33032,2.17973,1.97918,1.76486,1.57755,1.50173,1.54938,1.71318,1.93121,2.12686,2.2055,2.16561,2.03671,1.92391,1.92769,1.99426
2.26884,2.357,2.42905,2.48104,2.52444,2.5424,2.52649,2.4671,2.38825,2.33697,2.33276,2.36565,2.41014,2.43796,2.44986,2.44423,2.4384,2.42382,2.3688,2.2727,2.17497,2.11507,2.09473,2.09911,2.10716,2.10039,2.067,2.00759,1.91384,1.81345,1.75305,1.7581,1.82561,1.93669,2.10433,2.30464,2.47255,2.57798,2.63127,2.66931,2.71665,2.76866,2.78836,2.74079,2.63318,2.50928,2.427,2.41455,2.41738,2.40146,2.29915,2.16953,2.06864,1.97854,1.98369,2.0801,2.25176,2.41992,2.55987,2.58541,2.50911,2.38944,2.37574,2.42722
2.65176,2.65802,2.6402,2.56879,2.46439,2.30968,2.14221,2.0338,2.03034,2.12499,2.25673,2.37118,2.45048,2.50062,2.53067,2.55907,2.60332,2.6388,2.63743,2.59229,2.52917,2.47336,2.42876,2.38971,2.34586,2.28424,2.18522,2.02485,1.82927,1.66391,1.57313,1.55134,1.57436,1.66449,1.82973,2.03915,2.2396,2.38774,2.47083,2.50974,2.53618,2.57715,2.62643,2.66097,2.65692,2.6238,2.58686,2.58757,2.64536,2.66708,2.66719,2.54534,2.39879,2.3417,2.33885,2.39577,2.49222,2.64316,2.74484,2.85489,2.81981,2.74328,2.67447,2.69888
2.80941,2.70461,2.58241,2.44233,2.26592,2.07366,1.9331,1.92885,2.04173,2.19396,2.33113,2.44849,2.56543,2.67223,2.76109,2.8295,2.87995,2.91711,2.93977,2.93453,2.89926,2.83409,2.74609,2.63453,2.49672,2.32987,2.12544,1.89554,1.70135,1.58197,1.51972,1.48841,1.47474,1.49293,1.53864,1.60955,1.70452,1.83749,2.00219,2.16889,2.30646,2.4121,2.51001,2.60169,2.67861,2.7331,2.79371,2.85232,2.88607,2.91155,2.86623,2.8534,2.67898,2.56732,2.52858,2.5362,2.58171,2.69232,2.80863,2.82958,2.95284,2.87463,2.90053,2.93739
2.65346,2.51493,2.41414,2.3412,2.25657,2.18353,2.16854,2.25134,2.38301,2.51125,2.62888,2.73753,2.84257,2.92777,2.99943,3.04631,3.06575,3.09593,3.13237,3.1693,3.17332,3.12423,3.01828,2.85964,2.6499,2.393,2.11122,1.87163,1.73463,1.68631,1.67909,1.66723,1.63437,1.5738,1.49554,1.42075,1.38628,1.44315,1.59781,1.81517,2.04008,2.23777,2.4004,2.54271,2.66415,2.76463,2.83758,2.95768,3.06195,3.11958,3.00242,2.91372,2.89371,2.75854,2.63133,2.59792,2.79421,2.6516,2.70336,2.83229,2.80228,3.1318,3.10378,3.16211
2.40711,2.28661,2.23819,2.26578,2.32075,2.38191,2.44744,2.56111,2.71893,2.89107,3.03988,3.12744,3.1371,3.11901,3.11212,3.11974,3.12247,3.1377,3.18865,3.26199,3.31547,3.31829,3.25188,3.11032,2.89786,2.62981,2.35639,2.14206,2.02139,1.99004,1.99207,1.96375,1.90258,1.83248,1.75032,1.64857,1.5654,1.54201,1.59718,1.72822,1.91029,2.09757,2.24925,2.38237,2.50672,2.64521,2.74924,2.72979,2.90308,3.03076,3.14512,3.0324,3.00016,2.77627,2.94101,2.74366,3.08546,2.79076,2.60476,2.9988,2.8702,3.4501,3.14463,3.2112
2.24773,2.20214,2.20115,2.2376,2.26924,2.29565,2.35983,2.4981,2.70737,2.93764,3.12521,3.21645,3.22595,3.21266,3.19858,3.18048,3.13793,3.0857,3.07976,3.12269,3.18359,3.23358,3.25233,3.2112,3.08594,2.88571,2.66068,2.47653,2.38724,2.36222,2.31596,2.24004,2.18476,2.16809,2.14418,2.07649,1.98021,1.8926,1.85538,1.88956,1.99077,2.09561,2.18203,2.26063,2.36249,2.46504,2.68351,2.60102,2.49904,2.62591,2.78782,2.9068,2.96932,2.95506,3.40297,2.91983,3.09751,3.07353,2.74961,3.14954,3.23133,3.37462,3.03394,3.09431
2.09805,2.28088,2.36582,2.30754,2.13312,1.94884,1.87225,1.9437,2.12315,2.36417,2.62486,2.86014,3.04749,3.17556,3.23172,3.19893,3.05428,2.85639,2.67563,2.54344,2.46425,2.42317,2.40668,2.39142,2.35833,2.31501,2.29788,2.33036,2.35398,2.29015,2.18655,2.15376,2.20964,2.29477,2.35246,2.35677,2.30468,2.22288,2.15328,2.13033,2.15004,2.18501,2.18185,2.17843,2.28444,2.31994,2.56677,2.5694,2.42241,2.47219,2.25699,2.61079,2.76122,3.40094,3.37184,2.92432,3.16081,3.21915,2.78547,3.31165,3.4501,3.432,3.02862,2.882
1.88852,2.22128,2.33804,2.23285,1.98804,1.71534,1.489,1.37411,1.39277,1.55191,1.84842,2.2326,2.59028,2.81556,2.89838,2.83079,2.6008,2.27054,1.93214,1.65831,1.46537,1.32171,1.16844,0.986974,0.830683,0.788489,0.916866,1.15208,1.32428,1.38799,1.4543,1.58201,1.73125,1.87584,2.02361,2.15804,2.24897,2.27355,2.24909,2.22122,2.18492,2.17938,2.14371,2.04574,2.08299,2.11035,2.24418,2.28635,2.38208,2.569,2.4208,2.80691,2.52056,3.32883,3.10296,2.79105,3.37135,3.09704,3.08168,3.2538,3.75476,3.55038,3.09869,2.83178
1.55215,1.77744,1.86346,1.8543,1.80784,1.71035,1.52707,1.30298,1.12862,1.08993,1.22789,1.49693,1.77743,1.9747,2.06042,2.03183,1.86903,1.59858,1.30092,1.06433,0.903579,0.773094,0.607264,0.375394,0.113541,-0.0891434,-0.205009,-0.262485,-0.184622,0.118682,0.534309,0.856072,1.03594,1.15274,1.29484,1.46055,1.63445,1.78988,1.87935,1.89877,1.868,1.88182,1.88542,1.80691,1.74286,1.72697,1.79054,1.93492,2.07465,2.30645,2.79517,2.95562,2.73339,2.88041,2.98987,2.91054,3.23997,2.89713,3.5514,3.10409,3.91765,3.51415,3.32809,3.13348
1.38117,1.40998,1.43761,1.50818,1.60843,1.64578,1.5634,1.38501,1.18285,1.04205,0.980926,0.974764,0.991243,1.04232,1.13482,1.24201,1.29993,1.25998,1.14121,0.980222,0.815485,0.666265,0.534226,0.40121,0.23886,0.0288103,-0.272011,-0.613274,-0.747976,-0.524306,-0.107559,0.265524,0.507142,0.66521,0.779578,0.872863,0.992948,1.13015,1.23782,1.306,1.32376,1.38854,1.43542,1.39774,1.30836,1.22617,1.26577,1.49722,1.70878,1.91095,2.46721,2.68174,3.16,2.85605,3.04868,3.1936,3.17468,3.22243,3.36679,3.51293,3.82612,3.5128,3.64337,3.92135
1.64756,1.51872,1.47337,1.48745,1.49365,1.43009,1.30085,1.16218,1.04092,0.95639,0.90336,0.853445,0.79504,0.736626,0.725224,0.79836,0.939092,1.07008,1.11901,1.06925,0.94347,0.785919,0.63111,0.494258,0.370096,0.21503,0.0138218,-0.163939,-0.200187,-0.133313,-0.0294338,0.130795,0.315891,0.463055,0.541046,0.572693,0.617987,0.657309,0.700071,0.732445,0.785885,0.884936,0.939441,0.909301,0.814254,0.749467,0.81118,1.02676,1.37349,1.70413,2.09908,2.58877,2.98287,2.89811,3.48658,3.36228,3.55564,3.74978,3.38321,3.85454,3.92835,3.60817,3.80365,4.63056
2.12221,1.94084,1.81869,1.6943,1.52134,1.32242,1.13568,0.997349,0.901184,0.833711,0.800633,0.772283,0.686299,0.533846,0.379664,0.338006,0.452785,0.678614,0.920105,1.10076,1.17148,1.12303,1.00106,0.853695,0.705869,0.576527,0.519675,0.616747,0.685583,0.641867,0.573145,0.54943,0.54327,0.508377,0.456237,0.369643,0.275067,0.24087,0.237323,0.231282,0.271226,0.370788,0.423453,0.414189,0.386439,0.41162,0.588842,0.801527,1.13865,1.49388,2.09175,2.44954,2.7274,2.80333,3.57555,3.58781,4.12675,3.82612,3.96324,3.74359,3.96653,3.83064,3.85409,4.60708
2.64047,2.5049,2.30906,2.05166,1.77218,1.54683,1.41551,1.33695,1.25404,1.11814,0.911032,0.620957,0.275215,-0.0448481,-0.263256,-0.31641,-0.167382,0.167794,0.615057,1.04652,1.3453,1.4818,1.46973,1.3838,1.30391,1.2724,1.32217,1.29406,1.1856,0.562163,0.358523,0.578241,0.643978,0.534325,0.385203,0.18076,-0.0357567,-0.128536,-0.092347,-0.0196232,0.0218651,0.0936936,0.177445,0.200372,0.236724,0.370367,0.547172,0.829649,1.06627,1.38766,1.99482,2.09199,2.72555,2.84299,3.31466,3.96766,4.24076,3.97191,4.17764,3.96659,3.85106,3.92012,3.95004,4.60291
