uploads/wind/20200722/wind_field_24.json
{"header": {"parameterUnit": "m.s-1", "parameterNumber": 3, "dx":  0.051, "dy": 0.036, "parameterNumberName": "northward_wind", "la1": 45.3082, "parameterCategory": 2,"nx": 177, "ny": 123, "refTime": "2018-10-03 01:00:00", "lo1":1.38177}, "data":
[rows 29 to 57 of 123, columns 64 to 127 of 177]
1.62127,1.63343,1.58894,1.46145,1.27777,1.08005,0.875978,0.637627,0.346402,0.0271814,-0.258282,-0.463503,-0.586177,-0.643122,-0.636582,-0.581724,-0.516933,-0.479975,-0.477683,-0.489479,-0.488569,-0.468489,-0.438126,-0.406339,-0.37484,-0.345717,-0.326876,-0.319738,-0.326516,-0.3489,-0.374158,-0.346118,-0.211601,0.0067229,0.238195,0.445029,0.628493,0.766372,0.813215,0.754319,0.616297,0.437026,0.255051,0.0993864,-0.0364586,-0.152395,-0.208483,-0.150567,0.0280083,0.250059,0.398718,0.441971,0.392512,0.270009,0.115311,-0.0346069,-0.193845,-0.432121,-0.757222,-1.11024,-1.40134,-1.56993,-1.58621,-1.57754
2.04799,2.12631,2.16961,2.13274,2.02046,1.84868,1.60194,1.26658,0.861425,0.442789,0.0778866,-0.192872,-0.362374,-0.445575,-0.466641,-0.451575,-0.429843,-0.429147,-0.45894,-0.506799,-0.5514,-0.582362,-0.608276,-0.636989,-0.661668,-0.676472,-0.69051,-0.71724,-0.755255,-0.783799,-0.771331,-0.682981,-0.492174,-0.21582,0.0888104,0.361385,0.574245,0.711475,0.751717,0.695033,0.566887,0.393327,0.200371,0.0266057,-0.100901,-0.190914,-0.249587,-0.256725,-0.179721,-0.0431662,0.0820132,0.15598,0.171645,0.140538,0.0736867,-0.0256895,-0.182149,-0.426992,-0.748955,-1.08151,-1.33658,-1.42944,-1.37684,-1.32422
2.13044,2.18959,2.25336,2.27141,2.22317,2.10175,1.88886,1.57678,1.19232,0.800508,0.477978,0.269712,0.166002,0.12518,0.100786,0.074727,0.0414623,-0.00556383,-0.0748325,-0.164896,-0.263815,-0.358636,-0.440879,-0.514771,-0.581181,-0.637897,-0.692054,-0.760287,-0.828556,-0.862599,-0.84172,-0.763966,-0.620023,-0.394735,-0.105369,0.192428,0.44477,0.613979,0.676702,0.637688,0.519138,0.355679,0.173012,-0.0143938,-0.174141,-0.292807,-0.377464,-0.419517,-0.402668,-0.325927,-0.205588,-0.0655345,0.0567153,0.12895,0.129823,0.0584815,-0.0805713,-0.2877,-0.575509,-0.911003,-1.17815,-1.24651,-1.15882,-1.05624
2.20955,2.15837,2.09878,2.02191,1.93596,1.83899,1.7118,1.53158,1.31306,1.10999,0.974101,0.916057,0.896302,0.86212,0.789069,0.692078,0.602409,0.533534,0.47335,0.400219,0.30219,0.178252,0.0448933,-0.0860113,-0.209643,-0.320599,-0.411785,-0.47783,-0.509128,-0.503261,-0.470829,-0.43467,-0.394603,-0.31471,-0.159209,0.0565509,0.269766,0.425347,0.501351,0.500187,0.438123,0.339398,0.220277,0.0901244,-0.055513,-0.206449,-0.346035,-0.445839,-0.490024,-0.465787,-0.357915,-0.174088,0.0250031,0.16873,0.21864,0.18159,0.107309,0.00233448,-0.177154,-0.447188,-0.71955,-0.871616,-0.858921,-0.762055
2.26522,2.08272,1.88388,1.68695,1.50842,1.37207,1.30415,1.30034,1.33051,1.37333,1.41316,1.43666,1.42379,1.36184,1.26165,1.15054,1.05319,0.981123,0.929094,0.872738,0.781453,0.648362,0.490268,0.333162,0.18819,0.0581637,-0.040437,-0.0898717,-0.0866626,-0.0485761,-0.00217865,0.0246205,0.0227053,0.0154321,0.0409135,0.114562,0.203234,0.264948,0.290191,0.29634,0.295674,0.294541,0.292961,0.278981,0.22783,0.127745,0.0120103,-0.0914746,-0.176664,-0.222381,-0.179276,-0.041324,0.139993,0.281831,0.346776,0.355663,0.369173,0.38263,0.329538,0.175122,-0.0670084,-0.279135,-0.36326,-0.336856
2.02956,1.79756,1.64486,1.51234,1.36269,1.23526,1.20382,1.28656,1.43565,1.58598,1.69456,1.7479,1.75082,1.7175,1.66166,1.5842,1.48168,1.35708,1.22265,1.08497,0.937806,0.777277,0.60729,0.442717,0.299663,0.187248,0.119549,0.1135,0.167465,0.255953,0.340775,0.39961,0.420942,0.409195,0.380243,0.349812,0.320931,0.277864,0.22168,0.17595,0.170585,0.211203,0.304152,0.41797,0.485833,0.500093,0.485618,0.455642,0.40662,0.359097,0.345128,0.366825,0.394899,0.413442,0.422865,0.443959,0.51907,0.612558,0.646999,0.615552,0.523741,0.403818,0.323444,0.258253
1.68823,1.58419,1.60938,1.62161,1.59132,1.56084,1.57394,1.63587,1.7295,1.83137,1.92296,1.98718,2.02405,2.03442,1.99845,1.89327,1.72423,1.52013,1.31085,1.11548,0.937545,0.769321,0.599534,0.427511,0.268507,0.146011,0.0788483,0.0836925,0.163893,0.300111,0.454835,0.593239,0.689147,0.729253,0.710254,0.649476,0.574523,0.497521,0.416051,0.34247,0.285881,0.300802,0.371653,0.507924,0.689461,0.838107,0.934584,0.975161,0.963737,0.921439,0.866363,0.783011,0.660818,0.521536,0.408137,0.376366,0.467129,0.650358,0.810269,0.90446,0.960092,0.957227,0.867872,0.694247
1.56416,1.6826,1.84655,1.94776,2.01467,2.08076,2.14279,2.17742,2.17413,2.1571,2.14768,2.13615,2.09837,2.01261,1.87235,1.69387,1.5098,1.34575,1.2082,1.0881,0.969948,0.840749,0.691989,0.528686,0.365717,0.227878,0.129922,0.0776595,0.0794839,0.147842,0.280927,0.457189,0.637804,0.786502,0.879367,0.914918,0.913967,0.900957,0.881175,0.851499,0.798149,0.753144,0.77415,0.667652,0.757697,0.99354,1.15725,1.14879,1.08573,1.05657,1.00907,0.918577,0.789687,0.64904,0.479821,0.401118,0.495065,0.708547,0.934121,1.12773,1.3139,1.41817,1.31194,1.08315
1.6619,1.93213,2.16727,2.32501,2.43949,2.52681,2.58056,2.58303,2.51763,2.38256,2.18562,1.93425,1.65085,1.39594,1.22838,1.15037,1.12913,1.13259,1.13422,1.11312,1.05322,0.952707,0.82695,0.693836,0.563032,0.439793,0.322075,0.206639,0.0994697,0.0257012,0.017298,0.0992805,0.259741,0.472468,0.691707,0.893872,1.06743,1.20177,1.3237,1.42735,1.47535,1.38934,1.44036,0.907571,0.693187,0.777776,0.916266,0.874762,0.739218,0.683804,0.733077,0.792143,0.825416,0.823963,0.885803,0.766274,0.801814,0.959149,1.11173,1.18858,1.24065,1.39813,1.54535,1.5639
1.93014,2.21563,2.426,2.55386,2.63221,2.67087,2.65437,2.57373,2.41249,2.14073,1.75444,1.30428,0.917076,0.723499,0.72935,0.837175,0.959036,1.05489,1.11579,1.13792,1.11739,1.05881,0.983093,0.905738,0.829494,0.730117,0.598986,0.437916,0.263454,0.0959027,-0.0417972,-0.108399,-0.0789244,0.0576986,0.275415,0.546216,0.8105,1.09829,1.21569,1.37857,1.64124,1.65446,1.83267,1.13299,0.718669,0.600851,0.566828,0.506864,0.425127,0.363016,0.465364,0.676572,1.0023,1.11011,1.33702,1.18527,1.15711,1.22284,1.32172,1.31934,1.21578,1.26114,1.5156,1.76308
2.28956,2.45061,2.50284,2.50299,2.48431,2.43687,2.32972,2.13256,1.84025,1.45382,1.00601,0.611603,0.411611,0.432624,0.572553,0.738342,0.878702,0.983953,1.06246,1.11668,1.15271,1.17451,1.1798,1.16524,1.12478,1.04506,0.912802,0.735976,0.542374,0.354674,0.183312,0.0306106,-0.0270709,-0.01706,0.0858846,0.210603,0.440989,0.725562,0.751231,0.767018,1.07065,1.12607,1.31367,0.904878,0.569532,0.474892,0.388612,0.274526,0.306145,0.304967,0.385223,0.537842,0.967257,1.10039,1.19305,1.18276,1.22004,1.30799,1.40511,1.56737,1.6762,1.67494,1.67044,1.78794
2.48508,2.43806,2.302,2.17335,2.06039,1.93379,1.7604,1.50558,1.16238,0.758847,0.387212,0.181513,0.179854,0.310185,0.490102,0.669596,0.819382,0.934341,1.01778,1.08461,1.15315,1.22911,1.2884,1.31769,1.29997,1.25316,1.16891,1.04451,0.906029,0.768914,0.642315,0.432504,0.45034,0.349379,0.295323,0.222045,0.361729,0.509722,0.600412,0.489942,0.616761,0.539524,0.518782,0.436761,0.205498,0.167436,0.220309,0.193009,0.301771,0.29699,0.323075,0.34972,0.624231,0.730999,0.682721,0.830666,1.06599,1.23577,1.43502,1.68224,2.04943,2.22348,2.13857,1.98353
2.44227,2.21659,1.96793,1.75991,1.58192,1.40302,1.20007,0.953379,0.654888,0.360692,0.172608,0.134093,0.199693,0.31665,0.463829,0.61047,0.733377,0.817983,0.866758,0.908045,0.966184,1.0488,1.13431,1.19995,1.22604,1.23013,1.23206,1.22123,1.20016,1.17131,1.16785,0.9969,1.14265,1.01134,0.776474,0.743543,0.758363,0.780035,0.893299,0.837011,0.863457,0.628282,0.485628,0.465767,0.240833,0.20823,0.271552,0.276933,0.349503,0.346789,0.364695,0.38823,0.525551,0.66489,0.626593,0.745104,1.082,1.21592,1.43811,1.75378,2.03805,2.3606,2.49839,2.43074
2.32626,2.02694,1.76011,1.53496,1.32968,1.11149,0.865856,0.603454,0.379139,0.262272,0.262291,0.318721,0.376968,0.419821,0.451847,0.466587,0.466201,0.465453,0.480504,0.523748,0.58741,0.673548,0.772431,0.857302,0.91831,0.952639,1.01003,1.07623,1.17551,1.31121,1.33581,1.37327,1.53132,1.44371,1.16722,1.1617,1.1579,1.08491,1.05174,1.12151,1.06564,0.821499,0.69266,0.64931,0.532541,0.532001,0.53895,0.544799,0.541258,0.544668,0.606643,0.674687,0.773118,0.877383,0.960691,1.12762,1.37823,1.4487,1.69978,1.98457,1.8598,1.99196,2.33424,2.56242
2.20222,1.90263,1.67291,1.46013,1.20979,0.904509,0.578035,0.342928,0.260998,0.294518,0.374117,0.436635,0.450206,0.410018,0.322652,0.218766,0.142807,0.131875,0.17771,0.237388,0.279492,0.293208,0.305024,0.32026,0.366549,0.443267,0.555608,0.782833,0.82514,1.1458,1.0583,1.18112,1.18848,1.04391,0.838178,0.663952,0.624205,0.463687,0.302757,0.362077,0.33002,0.319016,0.381068,0.412468,0.435747,0.496088,0.580675,0.674448,0.692618,0.793628,0.884281,0.972311,1.16532,1.19012,1.2481,1.57776,1.69089,1.76383,2.10431,2.20893,2.14387,1.96248,2.06697,2.43916
2.04513,1.79561,1.57663,1.28709,0.904524,0.516195,0.273956,0.227638,0.296112,0.375326,0.421478,0.424684,0.368576,0.262697,0.147753,0.0830803,0.09617,0.158626,0.209058,0.178074,0.0868727,-0.0761351,-0.180679,-0.307087,-0.334812,-0.205846,0.0122668,0.539405,0.410451,0.781318,0.585853,0.523632,0.255437,0.088292,-0.093345,-0.231627,-0.435358,-0.534472,-0.615606,-0.611126,-0.612735,-0.417787,-0.219846,-0.0453831,0.0710634,0.102481,0.278906,0.443335,0.536565,0.788495,0.868579,1.0661,1.35124,1.39112,1.54486,1.81958,1.77877,2.15288,2.23067,2.17674,2.66762,2.39588,2.31191,2.6393
1.88002,1.64657,1.36885,0.979343,0.588484,0.354205,0.34803,0.448634,0.505871,0.492082,0.428183,0.320132,0.191322,0.0895287,0.0690036,0.13379,0.225418,0.256296,0.16447,-0.0171892,-0.247118,-0.393698,-0.635185,-0.715213,-0.723938,-0.479021,-0.356635,0.23849,-0.0168578,0.126856,-0.249129,-0.354989,-0.694515,-0.648167,-0.82767,-0.768662,-0.879663,-0.921442,-0.814622,-0.680129,-0.759363,-0.52129,-0.366116,-0.286577,-0.158331,-0.107155,0.0257815,0.15029,0.337801,0.612173,0.776217,1.06799,1.24555,1.3739,1.73278,1.8512,1.75747,2.25353,2.27266,2.14534,2.5586,2.67914,2.9316,2.71277
1.73459,1.4968,1.21089,0.91339,0.718383,0.656661,0.695572,0.715898,0.633615,0.475748,0.28243,0.0914264,-0.0320243,-0.0432828,0.0322805,0.118931,0.13748,0.0364051,-0.174169,-0.376383,-0.585561,-0.580475,-0.871827,-0.70232,-0.509429,-0.124587,-0.428102,-0.124972,-0.504374,-0.507254,-1.00961,-0.862186,-1.13151,-0.825937,-1.03652,-0.811768,-0.815401,-0.865532,-0.712238,-0.386399,-0.510302,-0.263807,-0.143211,-0.24299,-0.0540687,0.0743298,0.140102,0.239037,0.415402,0.659153,0.904719,1.14473,1.26731,1.53374,1.63169,1.91731,1.75906,2.07538,2.33369,2.12801,2.2216,2.7124,2.85612,2.6227
1.87805,1.70547,1.48854,1.27893,1.09858,0.979643,0.85539,0.67953,0.454905,0.212904,-0.0113185,-0.146104,-0.14553,-0.0553574,0.0217784,0.0151699,-0.0849576,-0.250808,-0.431966,-0.574614,-0.664263,-0.645528,-0.576677,-0.546099,-0.211461,0.153781,-0.19454,-0.389724,-0.749998,-0.750643,-0.938178,-0.739788,-0.847092,-0.660362,-0.820451,-0.64838,-0.704987,-0.623091,-0.535719,-0.172121,-0.184262,0.0477548,0.160703,0.16719,0.39634,0.484747,0.556732,0.669639,0.813586,1.00974,1.25044,1.32059,1.63953,1.68259,1.70825,1.97745,1.92458,2.10323,2.15766,2.00359,2.30426,2.38077,2.33481,2.78622
2.22139,2.02634,1.80404,1.59391,1.37954,1.11119,0.777296,0.434411,0.162077,-0.0216821,-0.110506,-0.0886105,0.0118103,0.0928022,0.0829826,-0.0110309,-0.152812,-0.31807,-0.467588,-0.585477,-0.590983,-0.533262,-0.154978,-0.36144,-0.108044,0.14147,0.0135412,-0.381115,-0.364242,-0.525572,-0.391479,-0.405855,-0.360053,-0.432378,-0.44704,-0.528147,-0.365867,-0.262451,-0.158559,0.0906048,0.182662,0.372361,0.55214,0.624349,0.767918,0.910385,0.992124,1.10269,1.28829,1.42275,1.64563,1.66565,1.98721,1.86038,2.08025,2.14755,2.22276,2.33732,1.89415,2.21265,2.25666,2.13024,2.5286,2.73622
2.39784,2.12872,1.88047,1.68966,1.4499,1.07604,0.619698,0.25134,0.0784088,0.0600859,0.127439,0.224421,0.265961,0.213327,0.100504,-0.026355,-0.177772,-0.353935,-0.491564,-0.539366,-0.462831,-0.267029,0.0999175,0.105359,0.251932,0.168727,-0.0552703,-0.0778741,0.126095,-0.0010663,0.0653251,0.0840334,0.0365698,-0.0168191,0.00988245,-0.0696106,0.213177,0.247933,0.334247,0.412094,0.439277,0.584155,0.780415,0.809245,0.930194,1.11242,1.21737,1.39965,1.60621,1.78142,1.93127,2.05582,2.1946,2.21989,2.28692,2.4102,2.44513,2.5247,2.17019,2.52788,2.37849,2.5698,2.76538,2.75142
2.3406,2.04888,1.7895,1.57787,1.32188,0.945412,0.555396,0.340522,0.304596,0.355745,0.408403,0.378526,0.238145,0.0600049,-0.0748707,-0.196498,-0.362375,-0.51476,-0.551415,-0.459579,-0.272363,0.0163229,0.321729,0.441477,0.590535,0.25911,0.0118033,0.23386,0.238037,0.317705,0.310398,0.46508,0.447447,0.490671,0.541924,0.568725,0.681101,0.732272,0.778875,0.801493,0.81591,0.908623,1.00954,1.10513,1.21906,1.37165,1.47143,1.65937,1.80505,1.97112,2.091,2.22922,2.28595,2.35004,2.48152,2.502,2.66763,2.6519,2.84998,2.71302,2.97481,3.105,2.95968,3.34561
2.19219,1.92585,1.64737,1.38411,1.13705,0.904053,0.743465,0.659047,0.593704,0.506377,0.359,0.136908,-0.0881221,-0.225483,-0.297938,-0.398361,-0.514737,-0.539234,-0.437534,-0.268039,-0.0341584,0.229809,0.455013,0.311828,0.57744,0.459608,0.346133,0.433296,0.395556,0.442169,0.470272,0.583327,0.645498,0.702634,0.809515,0.881023,0.955543,1.03825,1.0961,1.16083,1.20956,1.25694,1.31694,1.49395,1.58108,1.73718,1.80702,1.94072,2.01427,2.06299,2.13143,2.25062,2.23694,2.45517,2.65453,2.65884,2.85006,2.83256,3.16769,2.94391,3.50863,3.2891,3.78761,3.69654
2.11594,1.82533,1.51263,1.26084,1.08607,1.01947,0.950502,0.783975,0.541611,0.262205,-0.0137164,-0.205034,-0.265828,-0.261777,-0.300651,-0.370916,-0.368903,-0.258767,-0.124324,-0.00458408,0.174536,0.364502,0.459957,0.0428496,0.462841,0.54689,0.547768,0.568481,0.590738,0.627589,0.666056,0.675392,0.66213,0.751947,0.890734,1.03267,1.13947,1.24507,1.3588,1.44764,1.52158,1.57634,1.6715,1.84494,1.97208,2.07241,2.08284,2.10068,2.08807,2.08123,2.0907,2.18367,2.27185,2.48836,2.67868,2.74303,2.99414,2.7936,3.23967,3.05881,3.77244,3.61517,4.3137,4.00607
2.05452,1.75706,1.46508,1.27938,1.15122,1.02482,0.793747,0.49019,0.158015,-0.122298,-0.243324,-0.194186,-0.0883306,-0.0837639,-0.184183,-0.246244,-0.165673,-0.0244997,0.0615431,0.134284,0.244803,0.375229,0.355109,0.105539,0.456077,0.547955,0.561485,0.614097,0.67311,0.772663,0.78915,0.732029,0.700748,0.831289,0.984046,1.14475,1.27132,1.38795,1.52605,1.6142,1.69566,1.80357,1.9615,2.14628,2.32342,2.3879,2.35271,2.25408,2.17071,2.1403,2.16226,2.21778,2.36677,2.5174,2.69568,2.85316,3.20939,3.07231,3.52909,3.4422,3.48495,4.16622,4.09077,4.40969
1.97165,1.71288,1.49974,1.32322,1.05704,0.725526,0.402348,0.104135,-0.151473,-0.234186,-0.124439,0.0430074,0.0920585,-0.053297,-0.240676,-0.283267,-0.180427,-0.0511486,0.0226199,0.0956012,0.216627,0.32963,0.337859,0.402792,0.521692,0.623169,0.575077,0.633324,0.661385,0.741045,0.775789,0.775163,0.829032,0.958359,1.12772,1.30513,1.42981,1.55108,1.70763,1.83608,1.95884,2.10169,2.2603,2.42851,2.58026,2.68695,2.7002,2.63728,2.54649,2.48199,2.47058,2.4853,2.51808,2.65979,2.81093,2.98996,3.21129,3.44034,3.77528,3.71152,3.56283,4.48432,3.80233,4.66338
1.96578,1.77048,1.5305,1.13597,0.652407,0.352563,0.135663,-0.118828,-0.240319,-0.138633,0.0399626,0.121538,-0.016032,-0.277887,-0.433595,-0.392815,-0.27274,-0.163409,-0.054048,0.0533553,0.21265,0.414316,0.562631,0.666391,0.601091,0.600325,0.587412,0.583254,0.643431,0.316618,0.202966,0.436764,0.718673,0.969636,1.1866,1.38434,1.52236,1.70524,1.94382,2.22144,2.45431,2.62504,2.72788,2.78566,2.8524,2.93085,3.00862,3.0506,3.03818,3.00158,2.98066,2.9664,2.93892,2.94006,3.01903,3.15066,3.30078,3.4903,3.72145,3.59032,4.20785,4.32034,4.14756,4.86094
2.0191,1.78409,1.27623,0.679592,0.339155,0.187857,-0.00437154,-0.209794,-0.164288,-0.0152837,0.0368683,-0.0768017,-0.335328,-0.547045,-0.574795,-0.469836,-0.347267,-0.225086,-0.0362716,0.16904,0.334821,0.528242,0.631997,0.710546,0.659463,0.505151,0.530903,0.399711,0.595023,0.491935,0.336027,0.287204,0.599341,0.861508,1.0632,1.32097,1.54832,1.85318,2.15726,2.56286,2.89699,3.08925,3.12966,3.07751,3.01933,3.02907,3.07889,3.1817,3.30737,3.40864,3.46772,3.46394,3.39253,3.27339,3.19695,3.27766,3.50384,3.65355,3.72122,3.78543,4.45984,4.06678,4.89306,4.9999
1.95028,1.48672,0.830542,0.476937,0.354421,0.202625,-0.0171392,-0.101506,0.010523,0.0132545,-0.151692,-0.397549,-0.618137,-0.702436,-0.654648,-0.547713,-0.388663,-0.154693,0.198153,0.503323,0.654762,0.71019,0.394499,0.243019,0.338111,0.577891,0.672905,0.62405,0.539384,0.736455,0.79826,0.579356,0.710925,0.942646,1.093,1.44069,1.86685,2.27515,2.68127,3.08063,3.36759,3.52576,3.50156,3.3604,3.19169,3.09132,3.19463,3.35139,3.52482,3.66189,3.70613,3.67066,3.57127,3.44788,3.32902,3.29584,3.47698,3.81503,3.94781,3.98442,4.03973,4.25014,4.9431,5.2627
