uploads/wind/20200722/wind_field_23.json
{"header": {"parameterUnit": "m.s-1", "parameterNumber": 3, "dx":  0.051, "dy": 0.036, "parameterNumberName": "northward_wind", "la1": 45.3082, "parameterCategory": 2,"nx": 177, "ny": 123, "refTime": "2018-10-03 01:00:00", "lo1":1.38177}, "data":
[rows 58 to 86 of 123, columns 64 to 127 of 177]
1.62565,1.59578,1.46066,1.23916,1.05275,0.969371,0.985245,1.06665,1.20271,1.27468,1.2851,1.31289,1.33134,1.28944,1.26449,1.31208,1.3574,1.37424,1.41384,1.63901,1.79632,1.7178,1.0287,0.484698,0.624732,1.12174,1.20654,1.20337,0.57442,0.147996,-0.048611,-0.0968002,0.0352249,0.94339,1.72121,2.06797,2.11162,2.21961,2.47428,2.68125,2.80463,2.84743,2.8625,2.7856,2.76738,2.84447,3.00033,3.20199,3.38716,3.47934,3.4879,3.43008,3.28622,3.1608,3.11092,3.16888,3.27121,3.40217,3.53062,3.59708,3.70249,3.84915,4.33807,4.16339
1.74617,1.61612,1.34469,1.07057,0.940401,0.959462,1.10623,1.29686,1.45547,1.54486,1.57522,1.56554,1.45218,1.30295,1.26747,1.34011,1.44365,1.51176,1.60051,1.73831,1.05609,0.517311,-0.244252,-0.225641,0.273295,0.572864,0.916481,0.798941,-0.104694,-0.267995,-0.0898979,-0.0535493,-0.235077,0.928706,2.1226,3.3899,3.80084,3.56147,3.35174,3.41408,3.34121,3.21562,3.19963,3.20502,3.17152,3.18363,3.28289,3.47051,3.69916,3.86448,3.91066,3.85093,3.70002,3.48607,3.33046,3.34127,3.39636,3.31772,3.20666,3.20924,3.566,3.46177,4.41211,4.28559
1.74017,1.45481,1.1153,0.966124,1.0161,1.21424,1.48689,1.68973,1.82512,1.85366,1.73142,1.49813,1.16833,0.91997,0.82916,1.03922,1.09758,1.07874,1.46413,1.60009,0.840287,-0.385428,-1.40918,-2.30821,-2.25515,-0.911844,0.434094,0.404231,-0.359641,-1.09574,-1.30173,-3.03581,-3.3443,-2.63202,-1.44889,0.786821,2.30701,2.8684,2.92725,3.63537,3.74193,3.56109,3.51217,3.45574,3.52075,3.54471,3.62468,3.74862,3.86436,3.95333,4.00676,4.00759,3.96542,3.84984,3.69786,3.62901,3.6278,3.57808,3.52463,3.5312,3.67677,3.84607,4.07982,4.73119
1.50584,1.1396,0.994414,1.07589,1.32501,1.6499,1.92481,2.05208,2.05423,1.88624,1.55403,1.23585,0.641081,0.205777,-0.834098,-0.340228,0.185583,-0.272378,0.214877,0.781115,1.12187,-0.357309,-2.65681,-4.11726,-3.99622,-2.41729,0.538165,0.976454,-0.0668381,-2.03282,-3.60061,-4.65305,-5.60668,-5.34076,-4.80636,-3.12601,-1.95667,-0.264346,1.54107,2.78834,3.7093,3.8201,3.7298,3.48064,3.68428,3.78668,3.85897,3.88276,3.86394,3.85093,3.8887,3.93152,3.98269,4.03107,4.01304,3.93859,3.898,3.93799,4.06809,4.16346,4.09259,4.14142,4.23449,4.58776
1.26344,1.07604,1.15709,1.39591,1.73834,2.02945,2.18081,2.15331,1.96422,1.65552,1.35421,1.14531,0.565568,-0.332073,-2.1357,-2.15224,-1.28577,-2.04584,-2.48115,-1.03467,0.665347,-0.517493,-1.91752,-1.67639,-1.47038,-2.2343,-1.7824,1.08192,0.989459,-0.8244,-2.82815,-3.81439,-4.75719,-4.93157,-4.29074,-3.49624,-3.02248,-2.5832,0.344911,1.61577,2.92249,3.8634,3.71271,3.46981,3.67042,3.82738,3.83126,3.68429,3.49755,3.42404,3.4764,3.59751,3.74822,3.94581,4.11044,4.17574,4.22254,4.26091,4.31198,4.35154,4.31702,4.25332,4.41103,4.6157
1.17328,1.19298,1.42913,1.8174,2.04146,2.17139,2.10709,1.91604,1.49693,1.17983,1.13081,1.01997,0.821027,-0.0608049,-0.837779,-1.01334,-1.16885,-1.37958,-3.00681,-4.29894,-3.43104,-1.44283,-1.93289,-2.14235,-1.92995,-2.34474,-3.92572,-3.42101,-0.143825,-0.0123362,-1.61272,-2.96493,-2.69124,-3.36231,-4.37522,-4.38497,-3.66352,-3.21331,-2.30106,-0.829683,2.29518,3.87355,3.92226,3.63528,3.43902,3.38222,3.2575,3.10665,2.97662,2.93229,3.07157,3.30755,3.56443,3.78885,4.00145,4.19116,4.3183,4.3163,4.22883,4.23622,4.25157,4.31632,4.5747,4.36245
1.35072,1.5066,1.82414,2.06642,2.14457,2.04061,1.81357,1.09043,0.32003,0.246776,0.507282,0.493217,0.248573,-0.241049,-0.0294095,-0.455254,-0.504494,-0.20449,-2.27212,-4.78261,-5.34007,-5.07344,-4.51779,-4.10705,-3.86532,-3.22179,-3.33785,-4.62309,-4.14075,-3.26701,-1.89449,1.21429,2.18324,1.31855,-1.07932,-3.55566,-3.98418,-3.30157,-2.82083,-2.21843,0.611418,3.63432,4.44619,4.06617,3.36104,2.96925,2.73075,2.66311,2.79205,2.97399,3.15796,3.36393,3.52913,3.70391,3.80567,3.90981,3.95185,4.06445,4.17193,4.19265,4.20929,4.09258,4.45229,3.96056
1.68027,1.78849,1.8727,2.20367,2.18317,2.01373,1.15147,0.540867,0.199083,0.164867,-0.214845,-0.186605,-0.179385,-0.0811235,-0.168862,0.0421003,-0.189119,-0.0411218,-0.606507,-1.26869,-0.509946,-1.43552,-2.25835,-1.65191,-1.23524,-2.09611,-2.14764,-1.88782,-3.58792,-3.74688,-2.89541,1.10596,2.66349,3.64293,2.77263,0.656995,-1.33399,-2.53232,-3.08834,-2.77454,-1.53014,1.29176,3.21962,2.95707,2.43132,2.09218,2.11544,2.25388,2.39322,2.7902,2.99465,3.09663,3.28588,3.39715,3.60488,3.68237,3.60717,3.43136,3.45913,3.71405,3.66156,3.19615,2.93596,3.57845
1.7832,1.50828,1.69275,2.3933,2.33216,1.66476,0.518006,0.397802,0.521737,0.481974,0.254842,-0.0403143,-0.0476822,-0.161058,-1.00546,-1.01669,-0.402771,0.0713866,0.662371,2.34251,2.43315,2.51149,2.77842,1.97247,1.60618,0.609005,-0.432079,-0.261858,-0.414073,-2.02458,-2.99984,-3.05421,-2.00488,2.08029,4.3871,3.28914,0.961989,-1.07019,-1.82289,-1.45408,-1.38056,-1.81833,0.246782,0.584488,0.289467,0.290418,0.623941,0.930379,1.10105,1.46958,1.81831,2.05396,2.47541,2.54707,2.78166,2.86995,2.80194,2.4607,2.01252,2.41288,2.22646,0.772973,1.1005,2.26595
1.65963,1.05735,0.996176,2.17817,2.04413,0.733885,0.359151,0.308466,0.00576986,-0.395631,0.152457,-0.00204973,0.040118,-0.745405,-1.43295,-1.7059,-1.02152,0.0388685,0.305196,1.79211,0.432936,-0.623636,1.5143,1.81142,1.25082,0.489245,0.239558,0.441227,0.394746,-0.421285,-2.12744,-3.28945,-3.3858,-1.65892,2.79833,4.51359,3.79883,2.30281,1.1652,0.528316,-1.22597,-2.71912,-1.36497,-0.930666,-1.5056,-1.144,-0.831856,-0.791782,-0.729555,-0.492017,-0.0215699,0.603656,1.09544,1.41772,1.47865,1.40078,1.30039,1.6118,0.958683,1.094,0.522379,-1.16839,0.130871,1.48425
0.777973,0.558099,0.942938,1.62202,1.00238,0.271229,0.299725,0.506033,-0.0531599,-0.742434,-0.542701,0.00333654,-0.211819,-0.309688,-0.282744,-0.420819,-0.603494,0.0162668,0.763235,2.11753,1.12872,-0.696686,-0.657422,0.369348,1.08648,-0.541666,-1.0532,-0.697378,1.78591,1.95761,0.401706,-0.413982,-0.835009,-2.10897,0.077994,3.0618,4.15334,4.29223,2.86473,0.800238,-1.89233,-3.38668,-2.63439,-2.83205,-1.68276,-1.84338,-1.92308,-2.21326,-2.38434,-2.49073,-2.20038,-1.49222,-0.803504,-0.164478,0.110135,0.019641,0.328748,0.691364,-0.0308262,0.44287,-0.299674,-0.317819,0.563911,1.85746
0.437979,0.986451,0.289587,0.520758,0.33568,0.313134,-0.301048,0.349806,-0.00444643,-0.359503,0.146155,0.0872479,-0.222245,-0.546507,-0.284387,-0.195277,-0.51472,-0.0719897,1.44855,1.08711,0.143,-0.321451,-2.3193,-0.739844,1.06082,0.626063,-1.60643,-2.35653,-0.262868,2.1273,2.4212,0.849805,0.334438,0.397079,-0.552306,1.15096,2.9583,2.97586,1.37501,-1.10513,-2.3028,-1.94733,-2.39869,-2.76008,-1.93687,-1.70073,-2.2762,-2.90788,-3.01572,-3.3996,-3.45886,-3.16762,-2.63265,-1.91181,-1.44719,-0.879128,-0.375094,-0.323828,-0.615424,0.0270273,0.125657,1.00148,1.53729,2.21307
1.07614,1.44556,0.183212,0.653349,-0.214734,-0.200953,-0.196649,0.159821,0.303942,0.42564,0.657077,-0.0254863,-0.238168,-0.76168,-0.0773653,0.244188,-0.380691,-2.7836,-0.45383,-0.816276,-2.44015,-2.75443,-3.32857,-3.47232,-0.596494,0.774799,-2.17574,-3.86687,-3.81517,-1.49167,0.444517,0.774586,-0.583038,-1.4945,-1.79321,-1.93568,0.108551,1.58234,0.379619,-0.950601,-1.88405,-0.410954,-0.775812,-1.62659,-1.04118,-1.12503,-2.09967,-3.03872,-2.57391,-2.64441,-2.83663,-3.04721,-2.94662,-2.40328,-1.993,-1.40309,-1.06913,-0.716637,-0.244,0.204999,0.881653,1.54202,1.98228,2.36367
1.58092,1.49619,0.621233,0.580246,-0.674282,0.0382275,0.428932,0.577843,0.731337,0.623633,0.55516,0.434592,0.454094,0.155257,0.306867,-0.0191667,-1.28527,-3.51457,-3.51224,-2.7753,-1.9263,-1.06126,-1.7607,-2.61635,-2.64763,-2.46095,-3.09016,-3.4582,-4.46533,-4.84876,-3.06395,-3.47557,-5.29259,-6.21937,-6.3334,-6.16963,-4.67093,-1.16598,0.556094,0.291651,-1.10166,0.81193,1.05234,-0.17853,-0.161417,-1.00326,-3.19708,-2.6859,-1.71808,-1.73226,-1.63716,-2.0544,-1.71874,-1.53584,-1.2879,-1.13241,-0.733155,-0.174021,0.410432,0.940229,1.39136,1.81933,2.13751,2.53662
1.62741,1.84399,1.13201,0.392882,-0.0604841,-0.265268,0.329891,0.172263,1.09763,0.188353,0.241712,-0.000361001,0.00224049,0.232319,0.12952,-0.438394,-0.215591,1.10858,0.852585,-0.571942,-0.601397,0.467332,0.932771,-0.343293,-2.56245,-3.75786,-3.91795,-3.26293,-3.3978,-4.11472,-5.21819,-6.2854,-7.05816,-6.43783,-6.87987,-6.79429,-7.35681,-5.37516,-2.28203,-0.283148,-0.675252,-0.217471,0.723518,1.5203,0.705026,-2.08168,-2.75753,-2.83958,-1.97968,-1.49569,-1.24542,-1.47051,-1.11899,-1.08107,-0.88779,-0.521215,-0.128433,0.242933,0.643082,1.05026,1.4078,1.68401,1.99622,2.52977
2.88119,2.58862,1.4319,0.525909,-0.0914606,-0.669438,-0.523691,-0.109012,0.784694,0.463664,0.183369,-0.219579,-0.477526,-0.163058,0.164352,0.0651356,1.66243,2.38511,2.59952,1.5367,0.034164,0.953156,0.975793,-0.855964,-2.61652,-3.33567,-3.62997,-4.15517,-4.16868,-4.13554,-5.35603,-5.64568,-5.67581,-5.52924,-5.85114,-6.37405,-6.7331,-7.65667,-6.23851,-4.84778,-1.35908,-1.37567,-1.02935,0.785566,-0.160607,-1.19822,-0.484204,-0.677653,-1.08935,-1.32702,-1.5787,-1.65836,-1.9878,-1.84632,-1.60639,-1.06519,-0.534883,-0.206657,0.0591127,0.330257,0.640139,0.963217,1.33554,1.90223
2.62544,1.46275,0.918733,0.232769,-0.621532,-1.03258,-0.916753,0.0202372,0.322994,0.23255,-0.0378962,0.322048,1.03559,1.4487,1.55839,0.894515,0.810253,0.464763,0.50504,0.774727,1.08841,0.627206,-0.314182,-1.86694,-2.76763,-2.43945,-1.80338,-2.40169,-3.66208,-4.60653,-4.79125,-4.89184,-5.28725,-5.54047,-5.78607,-6.05622,-5.96086,-6.44656,-6.74004,-6.66421,-6.38213,-4.14932,-4.19219,-3.27634,-2.16684,-0.0340188,0.935818,0.742974,-0.00337063,-0.519628,-1.19544,-1.51681,-2.36493,-2.62113,-2.13426,-1.70051,-1.30888,-1.11158,-1.07029,-1.00645,-0.876722,-0.600881,-0.186905,0.352923
1.19407,0.155468,-0.216596,-0.179197,-0.340823,-0.525715,-0.5439,-0.124723,-0.195906,0.148602,0.736198,0.224578,1.1713,1.83707,1.80002,0.95237,0.359217,0.18249,0.371586,0.87813,1.4075,1.62398,0.21874,-0.615596,-0.846373,-1.54302,-1.71187,-1.13849,-0.987962,-1.90054,-3.33114,-4.00055,-3.49472,-3.4671,-3.99326,-3.37262,-1.97979,-4.77235,-5.12959,-5.59302,-6.22204,-6.57875,-5.7874,-5.20904,-3.82995,-1.36409,-0.516192,0.656824,1.58964,0.814823,-0.373893,-0.740585,-1.41101,-2.41732,-2.45417,-1.66851,-1.38715,-1.44422,-1.53178,-1.65068,-1.75337,-1.73654,-1.42655,-1.1125
1.00537,0.0490985,0.319609,0.87109,1.44334,1.15708,0.833932,0.00961101,0.183746,-0.412926,0.867864,-0.967266,-0.507436,-0.378425,-0.133624,0.554276,0.452259,-0.519887,-0.409276,0.0411126,0.0891043,0.93094,1.04869,0.331029,-0.286912,-1.61262,-2.10245,-1.51557,-0.586789,0.653762,-0.644141,-2.6152,-3.36054,-1.9669,-1.73476,-1.70378,-2.30881,-1.8913,-2.8135,-4.2344,-5.66594,-5.18328,-4.55555,-3.87214,-3.64715,-3.79829,-4.34178,-3.13847,-1.32529,-0.0121121,-0.813867,-1.80269,-1.46977,-2.2448,-2.15449,-1.37616,-0.769571,-0.697758,-0.804948,-0.912756,-1.1444,-1.36516,-1.33325,-1.45752
2.67489,2.75546,2.68655,3.00426,3.07324,2.87668,2.17434,0.105371,-1.06101,-3.23202,-2.09035,-3.59175,-4.011,-4.6437,-4.81911,-4.43823,-3.52457,-3.66138,-3.64973,-1.91234,-0.85445,-0.281816,0.574421,-0.425498,-1.03314,-1.31329,-2.0326,-2.39971,-1.76944,0.656587,1.38452,-2.06423,-3.66432,-4.03277,-3.19166,-3.98616,-3.60991,-1.4424,-1.53876,-2.29494,-2.86222,-3.41469,-3.17683,-2.72372,-3.47388,-4.61247,-5.0477,-4.14581,-2.14685,-1.33171,-2.10503,-1.85126,-0.718392,-0.696423,-0.998519,0.0888931,0.0967626,0.474741,0.565898,0.368125,0.45128,0.187994,-0.221389,-0.712477
1.81867,3.0199,2.83507,2.96907,2.74386,2.79481,1.38869,0.726376,-0.30853,-1.01701,-1.4816,-2.13092,-2.99404,-3.83677,-4.52087,-4.40233,-3.65001,-3.51062,-3.49311,-3.46393,-2.90799,-0.670617,-0.220279,-0.370308,-2.52692,-2.92797,-3.02755,-3.03274,-2.58657,-0.533021,-1.71683,-5.13957,-5.90163,-5.28643,-4.25936,-3.03417,-4.13267,-4.66105,-3.92561,-2.03902,0.487636,0.955937,0.702757,0.313454,-1.57472,-1.99054,-0.607811,0.723656,1.27532,-0.873197,-2.35531,-1.16312,-0.474662,-1.26361,-1.12909,-0.985172,-0.182791,0.953861,0.999177,0.682983,0.808332,0.921187,0.76474,0.121049
0.660251,1.39708,1.65858,2.34696,2.46327,2.21467,0.756455,0.931037,1.14123,1.55174,1.81599,1.93143,2.1157,2.00438,2.85226,2.06894,1.31955,-0.233847,-1.93559,-2.6505,-3.0422,-0.937786,-0.787721,-0.168018,-1.48893,-3.21255,-3.37741,-3.13123,-2.6952,-3.62185,-5.41552,-6.12109,-5.83983,-4.26544,-2.73081,-1.03473,-2.03371,-4.36137,-4.17559,-2.55675,1.39803,3.14608,3.56833,3.54532,3.11311,3.1523,2.70859,1.00778,-1.53736,-2.58842,-3.30735,-3.26169,-2.71384,-1.88384,0.433066,-0.431135,-0.0655147,0.0777726,-0.437507,-1.99735,-2.05859,-0.789936,0.118622,-0.335271
1.96724,2.52921,2.28036,2.50827,2.32332,2.08144,0.949974,0.251992,-0.594959,-0.41829,0.44863,1.08181,1.13304,1.86954,3.27939,1.53288,0.220698,-1.22198,-3.60884,-3.33009,-1.91021,-1.03193,-0.974866,-0.332597,-0.68203,-1.51036,-1.2481,-0.0169472,-1.4713,-4.85443,-4.83575,-4.84806,-3.54812,-1.06457,-2.20732,-3.64176,-1.26378,0.123765,-0.629733,-0.942418,-0.330358,1.25275,1.31799,2.08419,3.22099,2.01741,-1.49276,-3.16155,-4.03825,-3.70413,-3.46021,-4.51989,-4.08758,-1.99256,1.39431,1.63076,-1.38699,-2.2986,-1.04975,-0.893548,-2.93157,-2.83842,-2.74226,-4.05173
1.78868,1.55555,1.16579,1.75992,2.1186,1.41293,0.419038,-0.422953,-2.73299,-3.39967,-2.27791,-1.3076,-1.7234,-1.46268,-1.26367,-2.42377,-3.11552,-2.49751,-3.44969,-3.68444,-2.62382,-2.57312,-1.86001,-0.316349,-0.221184,-1.01135,-1.17554,0.219626,-0.904395,-2.01799,-2.64647,-2.33255,-0.620318,0.915283,0.242335,-0.771275,-0.750409,0.327252,1.24314,2.20938,2.04513,1.47133,0.8247,0.563092,0.793017,0.00364972,-1.94718,-1.40719,0.305091,-0.946915,-1.82656,-1.98202,-3.90851,-4.62156,-3.86303,-2.56234,-3.49025,-3.74161,-1.99093,-0.189207,-0.856793,-3.03172,-4.02672,-4.48783
0.625199,0.357397,-0.294452,0.420666,1.68677,1.81402,0.935282,-0.403879,-1.05097,-2.56789,-3.61058,-4.43348,-4.79322,-4.66105,-4.93911,-5.48256,-4.91478,-3.04733,-0.227295,-0.304248,-0.863685,-2.14416,-2.53365,-0.132541,-0.56377,-3.02208,-4.00025,-4.18971,-3.27245,-0.572029,0.651053,0.754878,0.791271,0.385744,1.46026,0.78031,-0.932229,-1.13953,0.261443,1.59265,2.52425,2.04748,0.597758,-1.56429,-2.65865,-0.115537,-1.76849,-2.74596,-1.13803,-3.89694,-3.99059,-0.84451,-1.77099,-4.45948,-4.46716,-3.27517,-0.761996,-2.78128,-4.55663,-3.73851,-0.0751531,-1.06947,-3.96264,-4.16189
0.856175,1.31981,-0.0975314,-0.138466,1.06669,1.80922,1.43135,1.69606,2.73359,1.92125,-0.503769,-3.29209,-4.23699,-4.60451,-4.77518,-3.76585,-3.71728,-3.4937,-0.497359,1.08831,0.869365,1.63053,2.49869,0.706154,-1.33584,-2.65499,-2.32377,-2.08112,-1.71762,-0.506226,0.855576,0.68888,-0.893053,-0.997584,-2.29395,-3.09917,-3.46659,-2.74077,-2.12408,-3.22429,-3.39112,-2.29562,-3.63446,-5.59577,-5.84585,-5.16972,-5.21516,-4.33999,-4.05447,-4.95595,-4.47449,-2.34854,-1.69683,-2.58673,-1.89557,-2.26969,-0.077341,-1.43421,-3.9489,-3.10243,-0.994657,-3.34556,-4.07445,-3.20761
1.71075,1.78854,0.986171,0.951558,1.25949,1.25305,0.825292,1.14393,2.95473,2.64157,1.64092,0.210015,-0.67581,-0.526205,-0.811084,-0.670688,-1.97562,-4.16283,-4.05313,-4.31248,-4.10008,-1.24452,1.11056,0.613399,-0.99724,-0.951173,1.35035,1.51171,0.0916073,-0.072213,-0.307342,-0.869241,-2.02144,-1.78638,-1.95944,-2.33623,-3.73506,-3.55927,-4.3332,-6.08643,-6.46581,-5.1168,-3.76147,-4.52289,-5.31482,-5.77968,-3.82888,-1.62925,-2.75354,-2.36753,-1.00855,-3.34878,-4.4046,-4.76713,-5.01843,-5.31267,-4.17415,0.049855,1.90443,-1.82264,-4.23761,-5.05264,-2.30752,0.121263
2.63783,2.54547,2.40886,2.4579,1.25074,0.865281,0.777812,0.774519,0.781294,0.29453,-0.426201,-1.07546,-1.32878,0.0273828,0.74865,0.147602,-2.53727,-5.12486,-6.26788,-7.29229,-8.32051,-7.80398,-7.47718,-6.59003,-4.84063,-2.02797,-0.988447,-2.31761,-1.87187,-0.487341,0.608786,0.201548,-2.88734,-4.30747,-3.93543,-0.88471,-1.09022,-3.8475,-5.77443,-5.98338,-5.29829,-3.08146,-0.386327,0.267277,-2.52939,-2.78803,-0.640854,-1.82494,-4.84318,-4.70435,-3.24628,-5.39726,-5.62482,-5.95963,-5.18717,-4.25377,-3.43562,0.000940956,1.65139,-3.10216,-2.30349,-0.832188,0.128444,-1.38243
2.16749,2.44089,2.56398,2.64663,1.03734,0.570433,-0.023203,-0.68671,-1.57736,-2.30561,-3.19893,-3.76185,-3.98388,-3.00957,-0.972764,-3.18734,-4.64367,-5.00443,-5.15099,-5.30365,-5.51606,-6.23941,-6.13994,-5.88122,-4.55189,-3.11744,-3.00692,-3.73747,-3.74455,-2.40225,-0.114394,1.6903,-0.207992,-3.784,-5.19965,-4.95272,-2.54729,-3.06536,-4.49282,-4.51709,-2.75422,-0.841104,-0.199926,-1.23955,-3.86756,-4.20429,-2.24259,-2.85904,-5.24812,-6.64521,-7.29796,-6.34935,-4.36439,-3.23316,-2.80817,-1.66247,-0.758907,-3.35864,-3.54825,-0.897539,1.04579,1.44142,-1.23656,-4.25577
