uploads/wind/20200722/wind_field_24.json
{"header": {"parameterUnit": "m.s-1", "parameterNumber": 3, "dx":  0.051, "dy": 0.036, "parameterNumberName": "northward_wind", "la1": 45.3082, "parameterCategory": 2,"nx": 177, "ny": 123, "refTime": "2018-10-03 01:00:00", "lo1":1.38177}, "data":
[rows 58 to 86 of 123, columns 0 to 63 of 177]
2.71285,3.22017,3.18235,3.51087,3.83815,3.89559,4.3782,3.13685,2.44285,2.62379,3.33719,2.86333,3.13462,3.62983,3.64554,3.526,3.00484,2.05559,1.1517,1.68817,2.87992,3.35309,3.02554,1.86023,-0.951282,-2.12351,-2.11909,0.00288834,-0.232325,-1.60854,-2.44141,-1.76898,-1.34358,-0.637658,0.0978985,0.473116,0.227222,-0.732915,-1.47421,-1.06395,-0.579662,-0.503487,-0.663862,-0.804266,-0.589491,-0.200146,0.223111,0.600574,0.648405,0.146562,-0.862677,-1.59988,-0.474446,0.869194,1.47815,1.79173,2.02211,2.14761,2.20085,2.18934,2.20101,2.22583,2.2043,2.04395
4.15955,3.37315,3.54464,2.93715,3.50029,3.30696,3.22682,2.33526,1.91251,3.29852,2.92037,2.89126,3.45814,3.88114,4.74236,4.97618,4.18509,3.41792,2.72386,1.97294,2.1095,2.41655,2.76151,3.18379,2.09716,0.495636,-1.14287,-1.80493,-0.939138,-0.754819,-1.78609,-1.687,-1.26271,-1.31954,-1.22253,-0.873826,-0.988004,-1.45207,-1.2192,-0.615086,-0.270059,-0.247366,-0.446884,-0.588418,-0.415252,-0.224621,-0.095592,-0.0404023,-0.364347,-1.00644,-1.45083,-0.721927,0.383619,1.25168,1.70511,1.9748,2.12035,2.16556,2.13214,2.13602,2.2109,2.25031,2.1396,1.83274
3.07497,3.24858,2.95964,2.60684,2.00524,1.83351,1.94655,0.927041,2.26148,2.61333,2.34487,1.83959,1.19084,1.6843,3.14896,3.35051,3.30483,3.21793,2.7122,2.24021,1.38824,0.533296,1.72791,3.57533,3.14451,2.74255,1.94455,-0.456611,-1.22871,-1.40862,-2.15856,-2.15417,-0.762472,-1.05492,-1.70884,-1.6386,-1.31683,-0.998991,-0.567035,-0.254425,-0.0793747,-0.0655373,-0.163006,-0.23674,-0.149228,-0.140763,-0.180793,-0.4309,-0.836227,-1.00918,-0.690372,-0.0362863,0.777231,1.56155,1.92484,2.09771,2.16593,2.14996,2.11404,2.14955,2.20909,2.15603,1.92443,1.50808
2.1157,2.35279,2.15639,2.14191,2.01954,1.54754,1.5473,1.18582,1.54625,2.15753,1.63228,0.675935,-1.16996,-0.619681,1.35742,1.74886,2.72879,3.52923,3.22651,2.62803,1.74863,1.4856,2.10227,3.61213,3.48761,3.48164,3.21568,2.13554,0.0150866,-0.842,-1.75335,-2.80342,-2.13229,-0.921222,-1.60049,-1.80171,-1.3296,-0.559719,0.103333,0.263799,0.170326,0.222053,0.287924,0.313034,0.161823,0.0832675,-0.0157382,-0.354923,-0.488535,-0.34236,-0.0742003,0.484289,1.29284,1.83832,2.08055,2.20877,2.24176,2.20685,2.19814,2.20952,2.15197,1.93227,1.56475,1.18587
0.831825,1.06266,1.22151,1.56002,1.75171,1.87584,2.06317,2.00553,1.96656,1.82764,1.61336,0.846259,0.202617,1.15107,2.23402,2.10379,2.40485,3.32714,3.85733,3.93446,3.85969,3.8491,3.42602,3.30231,3.472,3.79577,4.00283,3.48693,1.43593,0.672717,0.368385,-1.01126,-2.10617,-1.28097,-1.18225,-1.56703,-0.935905,0.190862,0.794608,0.644264,0.543159,0.688993,0.861735,0.868042,0.498249,0.422223,0.311916,0.14477,0.224097,0.369477,0.63798,1.1414,1.75975,2.02685,2.23169,2.35435,2.3523,2.30452,2.26978,2.18005,1.9299,1.56061,1.2099,1.08443
0.419648,0.563315,0.835104,1.29857,1.70888,1.91619,2.52606,2.41924,2.41473,2.55075,2.51548,2.35859,2.8428,2.94898,1.8985,1.49599,1.48579,1.82998,2.73564,3.14416,3.08572,3.08086,3.47764,3.48721,2.54908,2.67898,3.49726,3.63436,1.97555,1.95446,1.64656,1.64164,-0.30875,-0.767908,-0.555133,-0.89377,-0.573247,0.28828,0.56088,0.547207,0.844845,1.04733,1.20771,1.11265,0.827687,0.789169,0.696502,0.732792,0.874898,1.0485,1.30764,1.82744,2.04733,2.22459,2.40536,2.48075,2.38232,2.25951,2.12108,1.86975,1.49703,1.18119,1.08841,1.29316
0.433837,0.491456,0.837472,1.24573,1.70537,2.01543,2.51352,2.73957,2.99498,3.3781,3.4047,2.58993,2.02161,0.630676,-1.46024,-1.17633,-0.133542,-0.429248,-0.520766,0.00777337,0.231097,1.15445,2.21961,2.76437,2.09065,2.25353,2.85469,3.04687,2.906,2.65108,1.73427,1.22901,-0.0240175,-0.72053,-0.40673,-0.666815,-0.549622,-0.492783,0.0004442,0.280307,0.789187,0.958854,0.945561,0.88066,0.938887,0.965617,0.981522,1.18517,1.34159,1.51451,1.95618,2.20031,2.34869,2.46367,2.5247,2.43541,2.17932,1.97602,1.76112,1.47126,1.21663,1.16226,1.37359,1.71524
0.547844,0.482207,0.801075,1.3419,1.69344,2.11316,2.62527,3.0775,3.49295,3.37993,2.48159,0.0484915,-1.23151,-1.772,-1.60496,-0.681735,-0.215579,-0.488699,-0.229506,-0.186597,-0.0855534,0.595021,1.24758,1.35883,2.24453,1.96315,2.23431,2.4826,2.5996,1.85965,0.642908,0.866194,0.41535,0.0391402,-0.142173,-1.04373,-1.434,-1.84045,-1.04929,-0.132106,0.386451,0.582563,0.29793,0.309833,0.592528,0.730009,1.08904,1.51098,1.68787,1.96812,2.26686,2.44878,2.57966,2.59521,2.47701,2.11795,1.75822,1.61094,1.5066,1.43089,1.41685,1.53545,1.7522,2.03041
0.750787,0.556128,0.750138,1.25069,1.62836,2.03701,2.58015,3.00236,3.03404,1.82999,-0.448611,-2.5133,-2.30034,-1.83699,-0.87542,0.385482,1.25539,1.07435,0.913791,2.06256,2.3895,1.74496,-0.0379353,1.23692,1.19495,3.03851,2.57832,1.66324,0.761099,0.326795,0.936382,2.16433,2.1766,0.915669,0.164349,-1.05321,-1.39785,-2.57387,-0.988688,-0.489917,-0.140395,-0.474452,-0.517681,-0.378598,-0.156565,0.134607,1.08808,1.76493,2.09741,2.34073,2.45626,2.58084,2.61047,2.52678,2.18837,1.63949,1.42923,1.48043,1.55545,1.59101,1.62303,1.63585,2.07044,2.35712
0.872299,0.600081,0.733132,1.13,1.45434,1.71502,2.00762,2.40522,1.65537,-0.734132,-2.9471,-3.01567,-2.44154,-2.55075,-2.2435,-1.32415,-1.04283,-2.03362,-3.15217,-2.88489,-1.97987,-2.88038,-5.07017,-4.87793,-4.33175,-2.91818,-0.611924,0.828319,2.02048,1.64838,0.655128,1.51746,1.04382,1.121,0.616923,0.0454046,-1.02081,-1.6793,-0.953305,-1.20742,-1.30181,-0.62392,-1.04009,-0.617017,-0.434111,-0.0361611,1.10911,1.85827,2.20771,2.41873,2.48426,2.50999,2.45267,2.32764,1.88598,1.42727,1.44944,1.52301,1.53229,1.65525,1.7855,2.05046,2.56314,2.20824
1.05992,0.849814,0.892513,1.11505,1.38784,1.41855,1.63686,1.63521,0.681194,-0.882975,-2.80914,-2.98326,-3.18626,-3.23279,-3.43577,-5.43683,-7.23703,-8.46634,-8.50443,-7.80227,-6.15601,-5.90385,-6.07462,-6.43488,-6.99415,-6.4292,-5.77944,-3.78267,-0.472815,1.51728,0.271319,-1.10282,-1.20763,-1.78574,-0.678428,-0.381192,-1.10343,-1.20246,-1.66106,-1.20848,-1.6997,-1.34425,-1.00701,-0.769947,-0.430615,-0.0320742,1.33353,1.75096,1.92733,2.21508,2.28259,2.28516,2.24345,2.08803,1.64784,1.39328,1.30922,1.2277,1.62401,1.90126,2.31796,2.50945,2.43448,2.03684
1.53105,1.40194,1.31262,1.31796,1.3096,1.28737,1.38317,1.07114,1.08403,1.20714,-0.0174621,-0.921076,-2.04247,-2.41997,-5.11557,-7.67994,-8.46398,-7.8064,-7.4917,-5.97936,-2.53257,-1.76721,-2.14827,-2.01181,-3.18106,-4.91347,-5.89826,-6.14569,-5.19945,-2.57726,-0.894516,-4.24765,-3.51406,-3.7454,-3.21635,-2.66072,-1.76965,-0.803495,-1.54752,-1.93208,-2.84158,-2.55369,-0.915007,-0.337107,-1.25521,-0.920513,0.866343,1.31116,1.3613,1.63451,1.98035,2.01215,1.93134,1.72939,1.30243,1.09895,1.08493,1.5002,1.85124,2.45905,2.73351,2.62345,1.94796,1.23403
2.14294,2.17576,2.11161,1.77645,1.44894,1.47809,1.34275,0.900777,1.87534,3.82997,3.97117,3.43128,2.25339,0.535412,-2.1744,-4.46731,-5.30433,-2.65104,-0.10476,-0.142843,0.388804,-0.652876,-2.25893,-1.92951,-2.2689,-2.84403,-3.69541,-3.93569,-4.21534,-4.93903,-5.65991,-5.42457,-4.0008,-3.37376,-3.88968,-3.53764,-2.66737,-1.40004,-0.992735,-1.43607,-2.74528,-3.27458,-1.54025,-0.211707,-1.25864,-1.49889,-0.698005,0.35518,0.52766,0.843654,1.22534,1.31638,1.09315,1.13713,0.799091,0.663556,1.03215,1.65886,2.24475,2.59749,3.22433,2.94439,2.01982,1.8361
2.62375,2.77847,2.67111,2.17295,1.72323,1.72061,1.50719,0.649795,0.875064,2.97247,3.77598,4.50193,4.68442,3.77319,2.54254,1.58964,-0.903202,-0.199398,2.06954,-0.0394833,-2.71492,-3.49391,-3.41051,-3.81389,-3.83229,-2.91754,-2.33349,-2.33744,-2.64203,-3.80036,-5.22273,-5.27913,-3.81005,-3.24246,-3.46247,-3.4897,-2.74919,-2.37812,-0.736002,-0.786719,-1.12028,-2.10112,-2.36639,-0.877965,-0.225511,-0.786891,-0.994863,-0.357131,-0.102441,0.135692,0.487133,0.539331,0.421554,0.804251,0.339353,0.972705,1.45096,1.86949,2.01913,2.74546,3.11065,2.86095,2.26641,1.45383
2.50748,2.71556,2.60347,2.09766,1.54773,1.1685,0.785515,-0.0518894,-0.454587,0.183447,1.60782,3.06737,4.24161,4.17207,4.51763,5.90029,5.51678,1.94581,-0.120998,-1.64762,-2.2453,-1.81665,-2.00021,-3.1411,-4.18511,-5.26569,-4.59189,-3.14472,-2.41223,-2.21203,0.190436,0.508803,-0.988182,-3.1252,-3.47091,-3.30455,-2.68846,-2.22462,-1.53861,-0.0705306,0.0465539,-0.733914,-1.25301,-1.02376,-0.0788868,-0.474507,-0.135842,-0.296758,-0.276177,-0.328217,0.118455,0.0313779,0.366002,0.968965,0.627549,1.36881,1.80461,2.07672,2.3638,2.37132,3.17081,2.47471,2.54718,1.48523
1.92911,2.05047,1.962,1.38497,0.648509,-0.0475152,-0.309526,-0.735586,-1.04866,-1.12198,-0.336323,1.61483,3.24834,2.89595,3.19855,4.94984,5.30194,4.03193,3.22668,2.90778,2.63036,0.882861,0.543131,1.27518,0.581117,-3.56343,-6.36591,-6.78875,-5.97858,-4.10653,0.97552,2.0012,0.340279,-2.13009,-2.76522,-2.08233,-1.73225,-1.32334,-1.05949,0.574704,1.30994,0.895533,0.19689,-0.860588,-0.792955,-0.71934,-0.608518,-0.293545,-0.0193753,0.320363,0.43184,0.40687,0.764654,0.604173,1.12002,1.34396,1.93572,2.62318,2.7584,2.81095,2.34926,1.72873,1.52131,1.23237
1.28967,1.3243,1.16596,0.589278,-0.13542,-0.452401,-0.469715,-0.490713,-0.322569,0.177351,0.570442,0.958511,0.597297,0.376947,0.281831,1.45644,1.94786,2.27905,4.0055,4.48578,2.43951,-0.344509,-2.5714,-1.5342,-1.29208,-2.87384,-3.97255,-4.82781,-4.48207,-3.95734,-0.912693,0.06129,-0.0654309,0.135708,-0.64059,-0.392021,0.144426,0.413732,0.239823,0.969699,1.42258,0.985553,0.0574073,-0.657156,-1.77639,-0.812742,-1.22367,-0.592517,0.029239,0.828229,0.919716,1.23314,1.05743,1.38603,1.20302,1.05444,0.980516,1.82977,2.47077,2.70157,2.39543,1.76511,1.06381,0.812859
0.860301,0.804476,0.655794,0.228029,-0.0499938,-0.122118,0.00444971,0.434738,1.02749,1.32562,0.674535,-0.942138,-1.99706,-1.06191,0.283962,2.01892,3.66916,4.00458,3.71602,2.97505,1.95862,0.017924,-1.33976,-2.0225,-1.77091,0.135101,0.506479,-0.00914293,0.0721558,-0.46019,-2.24006,-2.22628,-0.502305,0.921962,0.580506,0.055058,0.709432,0.919136,0.136573,-0.567265,-1.09317,-0.794365,-1.04894,-2.13096,-2.51007,-1.23869,-0.964477,-0.954208,-0.135384,0.889687,1.47436,1.81473,1.29012,1.55452,1.6245,1.49249,1.41636,0.828767,1.28357,1.07011,1.24876,1.3668,0.99062,0.871609
0.783739,0.757598,0.704744,0.55356,0.471213,0.434341,0.836613,1.09329,0.723015,-0.19057,-0.959737,-1.97668,-2.83386,-2.69219,-0.830156,0.0832218,2.02908,3.62965,3.25976,2.74851,3.36417,4.04832,3.93907,3.22362,3.71962,4.93942,5.14768,4.53484,3.1364,0.0786837,-3.10861,-3.42695,-2.57174,-2.21632,-1.08515,-0.745083,-0.938578,-2.0287,-2.95601,-3.81122,-3.5807,-3.0601,-2.88507,-3.12853,-3.11009,-2.30249,-0.961616,-0.425901,-0.388067,0.515788,0.977666,0.855569,0.923849,1.1424,1.73727,2.39845,2.90353,2.33835,1.65287,0.0959439,0.0856562,0.982647,1.14001,1.1429
0.783058,0.782028,0.953273,1.16013,1.22832,1.22453,1.20467,1.06917,-0.0414676,-1.25803,-1.18403,-2.3075,-2.85599,-2.09694,-0.240777,-0.273387,-0.90934,-0.693829,-0.60625,1.36909,2.19081,3.87926,4.94854,5.01473,4.74748,5.07135,5.28185,4.60168,2.46959,0.828096,-0.101547,-0.707744,-2.99524,-4.13221,-3.18747,-2.78709,-3.20077,-3.88813,-4.27401,-4.38934,-3.88247,-3.10188,-1.99129,-1.71214,-2.2744,-2.52458,-1.93383,-0.0354438,-0.0222716,-0.480414,0.105716,-0.176458,0.883941,0.838198,0.840101,1.58348,2.53734,2.89146,2.14213,0.185727,-0.663879,0.30874,0.471169,1.31899
0.874316,1.25318,1.45988,1.88836,2.23707,1.61947,0.988678,0.548068,0.0759585,-0.339725,0.149657,-0.544749,-0.65988,-0.489607,1.19126,1.8407,1.01319,0.270529,-0.59823,-0.40451,-0.850607,-0.413181,2.36021,4.29248,4.87665,3.68133,3.18796,2.23913,2.48883,3.00483,2.6169,-0.0547805,-2.79416,-3.16712,-3.27144,-3.88973,-4.39286,-4.49305,-3.53264,-2.7735,-2.4272,-2.47421,-0.854196,0.868673,-0.374282,-1.85396,-2.44186,-1.28455,-0.000472602,-0.676842,-0.445784,-0.636254,0.288309,0.700843,0.704274,0.308663,0.223483,0.794022,0.475354,0.468666,-0.505723,-0.12336,-0.311218,0.177118
1.55145,1.69299,1.966,2.14105,2.11589,1.73809,1.15253,0.487928,0.224754,0.278133,0.623239,0.344694,0.154424,-0.0496533,0.244858,1.85781,2.1873,2.19286,1.84472,0.769083,-0.302695,0.509558,2.75564,3.92083,4.88761,4.68483,4.9231,3.89387,1.78328,2.00625,0.160902,-2.25775,-2.72848,-2.34645,-2.67712,-3.1328,-3.9261,-4.10539,-2.73509,-0.737731,0.143284,-1.34778,-2.06532,0.0176169,0.256023,-1.64521,-2.64191,-2.4191,-0.914382,-0.265894,-0.739309,-1.06842,-0.640034,0.654148,0.402617,-0.304524,-0.543152,-0.638255,-0.966966,-0.85344,-0.906282,-0.227466,0.062502,-0.595338
2.10402,2.09792,2.1992,2.24591,1.94437,1.84148,1.49643,1.25955,1.01934,0.366307,0.0307147,-0.201873,0.283827,0.738536,0.582365,0.735234,1.1223,1.36061,1.74551,1.62162,2.25552,2.86388,3.15174,3.02816,3.27443,4.48776,3.62756,1.6103,-1.06724,-1.18231,-0.941986,-1.34512,-1.61798,-0.986509,-0.682215,-1.1977,-1.60863,-1.27268,-0.542718,0.00967938,0.593018,-1.10356,-2.13874,-1.80284,-0.185532,-0.877239,-1.52088,-1.95159,-2.69701,-1.64467,-1.17483,-1.4218,-0.956617,-0.399032,-0.390367,-0.148334,-0.129416,-0.336853,-0.169558,-1.30865,-1.82119,-1.01495,-0.264779,-0.491694
2.21369,2.17339,2.03999,2.14681,2.16575,2.81321,2.61938,2.45393,2.34399,1.34698,0.413507,-0.261542,0.468507,1.65865,1.94377,2.00194,1.65816,1.20938,1.34803,1.95431,3.70799,3.95711,2.64577,1.15181,1.03403,1.67254,-0.878694,-1.86287,-2.5371,-2.29175,-1.86072,-1.44139,-1.7198,-1.06509,0.657434,-0.0852456,-0.982538,0.266334,0.351835,-0.725899,-1.84754,-2.1908,-1.62248,-1.55771,-0.884723,-0.942018,-0.385876,0.0345505,-1.11361,-1.10494,-1.23154,-1.82437,-0.328344,-1.10007,-0.410969,0.353976,-0.230753,0.254125,0.0267938,-0.222274,-0.871831,-1.19974,-1.27006,-1.10212
1.42942,1.32313,1.32332,1.39665,1.64854,1.80416,1.89868,1.61815,1.80264,1.66726,1.04136,0.113578,0.283323,0.323195,0.649745,1.82616,3.14804,3.95669,4.34397,4.59708,3.96181,2.15671,0.379551,1.16625,2.48721,-0.578741,-1.27933,-1.61884,-0.42717,-0.113693,-0.738583,-1.27278,-1.17861,-0.560732,1.23139,0.0920587,-1.00554,-0.830982,0.109957,0.72657,0.702915,0.657965,1.22046,0.0773684,-2.82604,-2.68372,-1.5615,0.00923445,1.28388,0.513342,-0.925451,-0.758149,-0.184115,-0.940608,-0.420784,-0.16561,-0.881194,-0.418987,0.0144961,0.548961,-0.39389,-1.49381,-1.678,-1.56485
1.11499,1.00171,0.868356,0.854246,0.976343,0.909128,0.981351,0.822745,0.914403,0.915198,0.710589,-0.122226,0.499835,0.224204,-0.00395949,-0.942425,0.330583,2.00432,2.95418,2.79478,-0.231642,-2.05457,-1.63005,0.707488,1.30998,0.523174,-0.461524,-0.38046,0.77535,1.68519,1.2105,1.65358,1.77108,0.266157,0.130729,0.379396,0.437205,-0.220642,-1.50865,0.491913,2.46039,3.09585,1.87314,-0.135344,-2.95526,-3.86811,-3.4492,-2.47448,-1.78238,-1.14139,-1.24065,-1.21288,-0.932416,-0.805999,-1.03972,-1.67174,-1.87136,-1.38325,-0.320899,0.0784151,-0.891923,-2.00871,-1.90003,-0.793451
1.12104,0.932422,0.645991,0.354439,0.107085,0.28684,0.658683,0.886231,0.486447,-0.0237261,-0.311258,-0.918894,-0.979187,-0.964863,-0.390146,-1.49665,-2.21031,-2.19985,-2.52636,-2.62459,-3.04226,-1.87949,-0.535708,0.238611,0.406789,0.534873,-0.126339,-0.0161698,1.22179,2.76369,2.8428,2.93718,1.36674,-0.574617,-1.58871,-0.054761,2.47134,0.915854,-4.46407,-5.04517,-3.74692,-1.05047,-0.644634,-2.12303,-2.91448,-3.8015,-3.23289,-2.64341,-2.58722,-2.79262,-2.90122,-2.60614,-1.29267,-0.803741,-1.43498,-1.96764,-2.19413,-2.18286,-2.03626,-1.59893,-1.61321,-0.787038,0.165049,1.34887
1.32183,1.19183,1.04943,0.0424077,-0.556112,-0.669702,-0.837732,-0.0140501,0.482829,0.154872,-0.0767384,-0.0709497,-0.717811,-1.82232,-1.08677,-0.613679,-1.08658,-1.61918,-1.90093,-2.62309,-3.0487,-2.72574,-2.5443,-1.94859,-1.14843,-0.476422,1.36115,2.08151,2.67031,2.88827,2.8707,0.954177,-0.708561,-0.932738,-1.11369,-0.0524213,1.70933,-0.340856,-3.86088,-5.51398,-6.16493,-4.95968,-1.73453,-1.98746,-3.03141,-3.13039,-1.9069,-1.57036,-1.38315,-1.87498,-2.96807,-2.84302,-1.42301,-0.964421,-1.91698,-2.17509,-2.58666,-2.95591,-3.10185,-2.48787,-1.05021,0.948887,2.73495,3.06527
1.47317,1.44191,1.08595,-0.0533952,-0.693953,-1.64319,-2.05369,-1.42321,0.0588359,1.05421,1.27279,1.42077,0.821994,-0.335155,-0.486445,-0.00863251,-0.00826823,-0.388991,-0.815778,-1.71437,-2.1946,-3.17594,-3.67612,-3.63731,-3.11916,-1.27941,1.34485,1.56431,0.988472,1.32343,1.97878,1.97975,1.77957,2.08855,2.41031,1.50321,-1.45403,-2.59983,-1.84986,-2.64545,-4.04862,-4.34644,-2.77768,-0.88831,0.471428,1.6545,1.46382,0.261087,-1.34894,-2.2425,-2.6992,-2.4997,-1.13929,-1.18602,-1.69647,-1.94703,-2.02974,-3.0124,-3.00633,-1.70081,-0.49229,1.60994,1.87268,1.39765
