public/uploads/wind/vent_json/wind_field_15.json
{"header": {"parameterUnit": "m.s-1", "parameterNumber": 2, "dx": 0.051, "dy": 0.036, "parameterNumberName": "eastward_wind", "la1": 45.3082, "parameterCategory": 2,"nx": 177, "ny": 123, "refTime": "2018-09-30 00:00:00", "lo1":1.38177}, "data":
[rows 56 to 83 of 123, columns 64 to 127 of 177]
0.0674073,0.73218,1.17207,0.608099,0.835438,1.51731,1.31695,1.23046,1.60807,1.97314,2.2929,2.70016,3.03986,3.38101,3.28978,3.57981,4.78629,5.45929,5.84556,6.0251,5.92508,6.44685,6.69734,6.13472,5.70654,4.17131,2.31762,1.92413,2.04479,3.62813,2.8582,1.35354,1.71594,2.22283,2.36951,2.31271,2.3713,2.50061,2.88289,2.63541,1.46348,0.841944,0.931686,1.14371,1.41785,1.61283,1.74829,2.07226,2.40778,2.63857,2.92716,3.06072,2.93478,2.83833,2.9983,3.32367,3.19148,2.53213,2.24192,2.51372,2.61162,2.27861,1.99576,2.02355
0.371109,0.784824,1.39839,1.41582,1.46939,1.6959,1.76116,1.83221,1.99114,2.224,2.48276,3.1799,4.08405,3.90417,3.41413,3.40251,4.05733,5.37243,6.40441,6.73967,6.51927,6.57826,6.88128,6.65065,5.85476,4.52205,3.47995,2.51153,1.85832,2.52464,3.10753,2.12285,0.923013,1.008,1.68822,2.19789,2.15203,2.38861,2.44385,1.39763,0.66971,0.789361,1.01424,1.13778,1.47135,1.99029,2.3777,2.59888,2.69495,2.83315,3.07304,3.1445,3.01128,2.88725,2.86943,2.78431,2.45236,2.15684,2.17031,2.23894,2.15106,2.16817,2.33467,2.27834
0.900419,1.20073,1.59417,1.60612,1.46798,1.6699,1.8843,1.90272,2.08368,2.55212,2.97317,3.43635,3.64011,4.11683,4.50402,4.4759,5.48997,6.39098,6.82204,7.45248,7.43542,6.2224,6.12193,4.40126,2.76993,2.25601,2.60384,3.13434,3.45262,1.60214,2.58989,1.27637,0.240512,0.913775,1.51624,1.63347,1.80785,2.0592,1.01423,0.220845,0.496889,0.8008,1.17779,1.51349,1.93753,2.4658,2.90496,3.01699,2.94828,2.97821,3.1165,3.13811,2.95007,2.73554,2.53103,2.31993,2.18151,2.19205,2.14006,1.83447,1.86115,2.15901,2.0293,1.81345
1.05226,1.32356,1.83397,2.16905,2.12564,2.40517,2.59698,2.25798,2.19124,2.74701,3.79986,4.27817,3.72841,3.05865,3.56611,5.23517,6.08516,6.28286,7.19673,6.9682,6.47717,5.84652,6.16192,4.1379,3.33526,1.85981,1.42442,1.81654,1.98562,1.14479,-0.0880778,-0.0696647,0.149127,0.174866,1.73478,2.67463,1.99322,0.449531,-0.609836,-0.0129749,0.673144,0.929772,1.59526,2.21784,2.6412,2.86231,3.04544,3.1499,3.09691,3.0359,3.07418,3.0177,2.73488,2.43205,2.16342,2.06107,2.11249,2.08546,1.73559,1.3338,1.72666,2.06679,1.76766,1.43202
1.55539,1.75934,2.1176,2.31669,2.35484,2.60842,2.64649,2.52727,2.81379,3.45847,3.76422,3.60207,3.19788,3.58251,5.18379,6.03756,6.50521,7.15402,7.97642,6.8942,6.30673,4.07571,4.33064,3.92072,2.90148,1.45855,-0.0554408,0.420454,1.24099,0.212465,-0.621773,0.168191,0.414998,0.0881391,0.676077,0.526079,0.23894,-0.690538,-1.03788,-0.0131382,1.13938,1.51487,2.17754,2.59833,2.61011,2.62959,2.81478,2.98546,2.93385,2.81627,2.82965,2.75063,2.42618,2.10448,1.9764,1.87767,1.69714,1.41118,1.22637,1.43578,1.8708,1.47696,1.00683,1.13865
1.77063,2.05743,2.4211,2.60575,2.78662,2.8616,2.73595,2.77007,3.78546,4.6081,4.52295,4.88903,4.71113,4.61658,5.38541,6.28721,5.97957,6.0131,3.89836,4.10065,3.53541,3.45332,3.60346,4.2142,3.37927,0.596458,-0.676485,-0.625994,0.139222,0.269219,-0.666039,0.558311,0.870996,0.634759,0.306052,0.0688268,0.263764,-1.26283,-2.04424,-0.168859,1.83853,2.05224,1.36991,0.919968,0.836816,1.03019,1.23593,1.26557,1.2693,1.42256,1.58618,1.49992,1.25625,1.12356,0.959508,0.674162,0.577366,0.653434,0.893833,1.18151,1.18169,1.13779,1.35994,1.17944
2.11097,2.41871,2.69546,2.86851,3.01235,2.9713,2.87257,3.42659,4.40374,4.6421,4.36373,4.56858,4.02045,4.67027,3.11065,3.19888,2.41092,2.64459,2.67853,2.67074,2.6654,2.86529,2.90583,3.83014,2.85181,-0.559953,-1.27157,-0.0997164,-0.220968,-0.382217,-0.563681,0.775657,1.05673,0.369257,-0.333472,-0.704367,-0.543673,-2.08168,-2.14132,0.0603553,0.652257,-1.19196,-1.48754,-1.18786,-1.4449,-1.2302,-0.934301,-0.903964,-0.905844,-0.926244,-0.918762,-0.877511,-0.822934,-0.816782,-0.858853,-0.879396,-0.861159,-0.82843,-0.799958,-0.762205,-0.700522,-0.575305,-0.487704,-0.481449
2.40744,2.72429,2.96026,3.39616,3.88143,3.55772,3.17512,3.76199,4.61586,4.71288,4.31992,3.73495,2.90253,3.92717,3.28506,3.03594,2.95314,3.03277,3.17697,3.2562,3.0717,3.17079,3.12977,3.40959,2.33678,-0.824427,-0.907812,0.0246346,-0.521546,-0.563562,-0.181109,0.941564,1.01427,-0.0910331,-1.07011,-1.67281,-1.51152,-2.0785,-2.66525,-3.55731,-3.77419,-4.30679,-2.5126,-1.79198,-1.96222,-1.44873,-0.988633,-0.920935,-1.00006,-1.19595,-1.3718,-1.52149,-1.54108,-1.55273,-1.66749,-1.87869,-2.10094,-2.27419,-2.37081,-2.40449,-2.4894,-2.60213,-2.61184,-2.49959
2.80809,3.10613,3.41794,3.5615,3.40576,3.08632,3.10054,3.40428,3.72571,3.59014,4.03921,4.85157,3.87467,4.11538,3.59761,3.66157,3.37501,2.91733,3.56094,3.29189,3.11239,2.32621,2.38588,2.29186,1.25793,-0.225957,-0.146892,0.128594,-0.674496,-0.285893,0.695897,1.17917,1.51193,0.00211169,-1.52692,-2.10564,-2.755,-4.30152,-3.80427,-3.40939,-2.99711,-2.80927,-2.28708,-1.65155,-1.4252,-1.34519,-0.948088,-0.562173,-0.366785,-0.699654,-1.13529,-1.48455,-1.73726,-1.87422,-1.93522,-2.00029,-2.11818,-2.22636,-2.41601,-2.72931,-2.99428,-3.11924,-3.11078,-2.96743
2.98512,3.41377,3.82685,4.34544,4.58315,4.28996,3.86118,4.46926,5.53336,5.54604,5.46677,4.78233,3.27636,3.83915,3.19683,3.40619,2.98241,2.39887,2.87689,3.26882,2.55617,2.46534,2.62082,2.41606,1.77327,1.06073,0.866703,0.362566,-0.546893,0.152743,1.26664,1.74645,1.83181,-0.543482,-2.23948,-2.63197,-2.40873,-2.56881,-3.17135,-4.29479,-3.71168,-3.48729,-2.36904,-1.24806,-1.2261,-1.75804,-1.81684,-1.2501,-0.843448,-1.38107,-1.8137,-2.00794,-2.29459,-2.50784,-2.72552,-2.63397,-2.44709,-2.73238,-3.11538,-3.41769,-3.53358,-3.39768,-3.23492,-2.99474
3.71968,3.47948,4.51871,2.68035,3.38768,3.07886,4.07852,3.59227,2.89439,1.74416,1.45695,1.70015,1.83317,2.1348,1.91925,2.56558,2.15398,2.05824,2.30353,2.35849,2.49741,2.60853,2.9591,2.89204,2.55068,2.24547,2.16697,0.922422,-0.34528,0.24949,1.20616,1.48414,0.922275,-1.37771,-2.71783,-2.53752,-2.11191,-2.16222,-3.00861,-4.18645,-4.07417,-4.34444,-2.80367,-1.30958,-1.19391,-2.00437,-2.78772,-2.26945,-1.2736,-1.79413,-2.47096,-2.65062,-3.14313,-4.01625,-5.20949,-5.44369,-4.88197,-5.38277,-5.79123,-5.70372,-5.75575,-5.65968,-5.5179,-5.32144
3.21677,4.36282,4.13718,3.10832,2.58219,3.61022,3.20413,2.65808,1.24931,0.871839,1.64283,2.0089,1.99872,1.97355,2.15755,2.32774,2.18418,2.31936,2.54307,2.47876,2.65932,2.85798,3.04107,3.26982,2.86639,2.95449,3.17136,2.24507,0.574223,0.115401,1.07533,1.30464,0.0498565,-1.25751,-1.69639,-1.18432,-1.84651,-2.3838,-2.61135,-2.59633,-4.32586,-3.50098,-3.40474,-1.75114,-0.962819,-1.7473,-3.38106,-3.52199,-1.62015,-1.62691,-2.81191,-3.40603,-3.90331,-4.78019,-4.83293,-3.97557,-4.55242,-5.17995,-5.37005,-5.33538,-4.69068,-5.19623,-5.45895,-5.25303
3.37439,3.47576,3.47809,2.97233,1.7796,2.53107,1.54867,-1.17525,-1.32201,-0.0809381,2.19482,2.55757,2.20855,2.10153,2.43655,2.36168,2.65624,3.06646,3.3494,3.26293,3.83498,3.46904,3.23086,3.26747,3.36121,3.10216,3.33942,2.21308,1.40062,0.797782,1.02221,0.942337,-0.678787,-1.57731,-1.58308,-1.62488,-2.9649,-2.80973,-2.58837,-1.78278,-1.46495,-2.92604,-4.21739,-3.79999,-0.820033,-0.774389,-2.69453,-3.37184,-2.09971,-1.8189,-3.02037,-4.4451,-4.63775,-4.08777,-4.80111,-4.82444,-4.0289,-4.73001,-4.99662,-4.6685,-5.70932,-5.82596,-4.7602,-5.27712
3.62743,3.36128,3.21263,2.51347,2.04427,2.1896,0.31092,-1.39225,-1.08045,-0.108954,2.09544,2.45286,2.22404,2.18804,2.51579,2.94975,3.37723,3.61594,3.62721,4.04512,4.79539,4.0444,4.52237,3.50215,3.34699,2.98412,2.58313,1.68573,1.74993,1.60174,1.38131,0.817885,-0.815529,-2.29728,-1.68142,-0.362833,-1.11555,-1.35732,-2.49544,-1.44427,-0.117314,-2.73979,-3.97515,-5.19372,-1.61772,0.0980245,-1.67792,-1.71729,-2.12792,-2.54881,-3.13302,-4.34036,-4.95798,-5.36154,-5.20552,-4.39646,-4.73135,-4.69141,-4.0029,-4.94424,-6.22781,-6.36116,-6.23493,-5.69885
3.07417,2.63012,2.30663,2.07444,2.46192,1.56104,-0.704227,-0.129515,1.9449,2.18893,2.18319,2.26835,2.10078,1.74277,2.73273,2.98494,3.48193,3.59612,3.2458,3.2532,3.26126,3.90566,3.75269,3.70202,2.72919,2.61285,2.39545,2.27485,1.75111,2.24038,2.17342,2.09707,1.18316,0.147974,-0.360881,1.21986,1.83589,1.91745,1.13289,-0.717379,-0.485335,-1.79665,-3.34497,-5.44688,-2.95608,-0.570173,-1.80198,-1.90204,-2.55175,-3.20647,-3.93636,-4.74798,-4.95187,-5.23251,-5.01255,-5.37847,-4.98122,-4.14017,-5.2851,-5.6916,-4.89929,-5.78409,-6.34303,-5.44988
2.47885,2.05504,1.79763,1.89162,1.82034,2.18627,2.28623,2.21201,1.82895,2.1971,2.02903,2.1816,1.74996,2.18454,2.88682,3.11434,3.25012,3.08309,3.08216,2.87474,2.96519,3.2452,3.50707,3.36571,2.74401,2.60384,3.37242,3.42063,2.45137,2.06346,1.91639,2.72101,2.61811,1.80712,1.37559,1.55016,1.3101,1.32817,0.977201,-0.872936,-0.759746,-1.08308,-2.31609,-4.03093,-2.82453,-0.810072,-3.27202,-1.98971,-2.77912,-3.47627,-3.21633,-4.46604,-5.20746,-4.87671,-5.17612,-5.60107,-5.2061,-4.96673,-5.64345,-6.13345,-6.35763,-6.17754,-5.95115,-5.57643
2.47566,2.23766,1.82838,1.85428,1.82869,2.22057,1.95553,2.1508,1.9262,2.54223,1.96801,2.39314,2.01767,2.60027,2.75613,3.12995,2.86651,3.14899,3.10854,3.14941,3.33596,3.72407,3.86854,3.62963,3.33825,3.25187,3.43333,3.59944,3.5208,2.87544,2.87045,2.62417,2.97354,2.10151,1.98964,1.39583,0.735148,0.674685,0.727713,-0.466017,-0.66112,-1.04908,-1.66631,-2.68647,-2.37236,-2.3985,-3.57553,-2.49037,-2.16063,-2.26692,-3.8229,-4.60441,-4.74974,-5.60733,-5.19538,-3.73658,-4.09498,-5.36809,-5.26785,-4.84131,-5.12339,-5.62738,-6.11268,-5.54911
2.46021,2.15006,1.78126,1.82574,1.92272,1.88594,2.33463,2.00631,2.55921,2.39564,2.66196,2.17175,2.63446,3.08141,3.09094,3.15589,2.98536,2.90936,3.02339,3.7606,3.75674,4.45246,4.3491,4.47577,4.31176,4.26587,3.69138,3.69172,3.53805,3.25348,3.59794,3.24466,3.33387,2.89698,2.77918,2.59507,1.66561,1.08102,0.460171,-0.225671,-1.12022,-2.12465,-2.18857,-2.39575,-2.73139,-3.26773,-3.70044,-3.39425,-2.06178,-3.08029,-3.51549,-3.5561,-4.68635,-5.3725,-5.3211,-4.87628,-4.39927,-4.73309,-4.51457,-4.59797,-5.62243,-5.49591,-4.34814,-4.78332
1.89289,1.74912,1.62774,1.69928,1.82131,1.86995,1.92006,2.39891,2.28959,2.24627,2.18696,2.54594,2.9403,3.3813,3.85881,3.80512,3.98974,4.52848,4.00048,4.26916,4.22856,3.94199,4.39655,4.38788,4.35473,3.85936,3.98857,3.83973,3.9238,3.5696,3.65427,3.88274,3.71619,3.50566,3.42452,2.85559,2.77303,2.38478,1.48966,-0.316414,-0.709931,-1.08877,-1.6527,-2.57047,-3.65166,-2.95683,-3.25818,-3.4638,-3.48966,-2.55873,-3.76259,-4.03797,-3.60633,-3.98406,-5.28861,-5.21896,-3.6395,-3.5023,-5.09139,-5.36152,-4.73327,-5.15592,-4.9899,-4.18042
1.35088,1.59576,1.60598,1.67117,1.72303,1.65897,1.72366,2.21278,2.29483,2.0688,2.39242,2.87006,2.36223,2.44227,2.99477,3.5062,4.27037,4.42343,4.46271,4.63451,4.39747,4.08228,4.38862,4.5738,4.2742,4.37691,4.07087,3.52438,3.62828,3.7608,4.15949,4.81985,4.44592,4.42606,4.19587,4.52045,4.27847,5.0289,4.15825,1.64456,0.482214,0.578766,1.21037,0.624104,-1.96455,-2.67266,-2.53772,-2.53919,-2.35371,-2.43122,-4.1124,-4.42942,-5.50994,-5.06901,-4.51886,-5.51802,-5.716,-5.00388,-5.03984,-4.61582,-4.92193,-4.758,-3.76944,-4.64605
1.35069,1.38165,1.32325,1.45015,1.38216,1.68722,1.78088,2.19076,1.7684,2.43974,2.8176,3.24341,3.35133,3.52242,3.71668,4.22406,4.41445,4.72562,5.33918,4.7592,4.0446,4.13658,4.62202,4.63469,4.16407,4.11894,3.87828,3.87635,3.63065,3.3881,4.23806,4.63047,4.23374,3.64349,4.40882,4.70956,4.70028,5.12349,5.41874,4.44533,3.21588,2.45287,3.25954,3.62106,1.1278,-1.54506,-1.62435,-2.21013,-1.79265,-1.93536,-2.82416,-3.80945,-4.59341,-5.54683,-4.22641,-5.3771,-5.99855,-6.01551,-5.76308,-5.63175,-4.96787,-4.71363,-4.6375,-4.02931
1.41866,1.30294,1.37505,1.21379,1.32471,1.27722,1.40313,1.52489,2.4221,2.17297,3.00319,2.5814,3.19367,3.50413,4.2831,4.6567,5.04188,5.12001,5.57155,5.06339,4.67976,3.96582,4.35393,4.41399,4.16521,4.30029,4.15025,4.38787,3.87297,3.69969,3.31478,4.27655,3.97815,3.85449,4.25766,4.98582,5.29377,5.46047,6.16307,6.0495,6.29027,5.79111,5.35704,4.89067,2.18713,-0.522559,-0.899964,-1.37169,-1.68709,-1.39343,-1.56065,-2.82391,-3.93562,-4.59057,-5.57889,-4.04123,-5.05383,-6.23517,-6.5164,-6.23724,-5.55308,-4.77429,-4.85618,-4.96822
0.965164,1.31906,1.89409,1.42382,1.76655,1.56942,1.66543,1.71261,2.08642,2.14489,2.13784,2.26349,2.13506,3.08774,3.58516,4.10157,4.28634,4.14135,4.06109,4.06711,4.05847,4.14647,3.97554,4.06574,3.97439,3.99523,3.96075,3.96095,3.86308,3.0913,2.92725,3.77213,4.43152,4.00354,4.79519,4.4376,5.53147,5.17272,5.6909,5.27251,6.75149,6.29241,5.02441,3.45541,2.88125,2.46598,1.11758,-0.993093,-2.07496,-0.977758,-0.214597,-1.88366,-2.59564,-3.58857,-4.28879,-3.81532,-3.7709,-4.52171,-4.44424,-6.3238,-5.72141,-5.19326,-3.96911,-4.06604
0.587823,1.00723,1.69181,2.06685,2.13651,1.80104,1.97823,1.93594,2.53577,2.37826,2.66084,2.83588,3.20593,3.7104,4.01332,4.37345,4.5517,4.64728,4.16663,3.98174,3.54793,3.39475,2.52928,3.44495,3.88002,4.22478,3.87748,3.66048,3.17304,2.73979,2.79762,4.13834,4.53448,4.18825,2.63672,2.92845,3.55566,5.73243,5.39342,5.47309,5.67527,4.43213,1.15965,-0.782946,-0.430603,-0.552984,-1.99541,-2.98759,-2.50801,-0.437218,0.302988,0.000533227,-0.652555,-2.32755,-3.36542,-3.02394,-2.9264,-2.76152,-3.37374,-4.71379,-5.13843,-4.18498,-5.51423,-5.2289
0.676353,0.482733,1.27297,1.87423,1.43108,1.90622,1.67306,2.08008,2.05306,2.34738,2.79396,3.57531,3.55995,4.32997,4.1686,5.37465,5.81416,5.62179,5.47626,5.08828,5.03118,3.54196,2.46918,2.13962,3.34244,3.82137,3.80155,3.59078,2.80698,2.72364,3.03394,4.1869,4.32737,3.97572,3.14827,3.78116,3.57057,5.72835,6.79945,6.71532,4.16306,0.388727,-2.91296,-3.37261,-4.33319,-4.96868,-4.64826,-3.49473,-1.88558,0.141095,0.337623,0.569432,-0.0399303,-2.06544,-2.90087,-2.55347,-1.78373,-0.78802,-1.99032,-3.81935,-4.41663,-3.74989,-4.13641,-5.41538
0.788989,0.879719,1.51144,1.38002,1.08075,1.46273,1.78471,1.16719,1.99714,2.72152,3.28861,3.49219,3.58623,4.00452,4.02242,4.67759,5.45573,5.50426,5.46733,5.86446,5.11348,4.56896,3.51339,2.26068,2.03843,2.75807,3.24575,3.32517,3.17137,2.96348,3.86222,4.13974,4.20386,3.44075,4.67453,4.47173,4.83745,5.11728,6.30591,5.69559,2.08241,-2.05558,-4.09279,-4.66117,-4.61248,-4.63318,-3.78997,-2.6342,-1.29469,0.0871105,0.874316,1.05905,-0.0762662,-2.24836,-2.22163,-1.55297,-0.628688,0.175015,0.0699631,-1.88089,-3.81337,-3.65041,-4.04607,-4.81284
0.904554,1.42607,1.45629,1.51261,1.19165,0.96088,1.16621,1.50864,2.0339,2.45203,2.29804,2.44371,2.93843,3.57253,3.6282,5.34767,5.22765,5.00537,4.58161,5.18053,4.90037,4.02022,3.73316,2.78849,1.81953,2.35971,2.81774,3.17247,2.83318,3.11715,4.00406,4.65009,4.5548,4.07665,4.78767,4.71825,4.90184,5.66944,6.64025,3.63323,-1.44519,-3.8745,-4.41748,-4.37038,-3.57413,-3.49825,-3.10794,-2.17803,-1.17184,-0.00551023,1.44839,2.256,2.55752,2.04337,-0.203927,-0.572177,0.0853326,-0.0643207,0.881007,0.0183983,-2.68768,-3.24341,-3.30531,-3.91622
1.23783,1.81968,1.4442,1.32702,0.641231,-0.0951409,0.477225,1.39348,1.8892,1.99028,1.7545,1.99351,2.16886,2.52778,3.35214,4.42061,4.9249,4.16537,3.33829,3.35802,3.4757,3.27201,3.08004,2.6151,1.88897,2.34301,2.59577,2.94757,2.69957,2.92853,3.89397,4.75112,5.09861,4.17453,4.90103,4.87539,5.1802,5.98714,5.80753,1.37719,-2.27874,-2.55269,-3.00014,-3.68307,-2.63615,-2.37036,-2.2266,-2.00061,-0.427588,0.962774,1.78683,1.62053,2.73836,4.75805,2.36993,-0.394421,-0.0644061,-0.418724,0.159036,-0.522726,-2.17678,-2.21177,-3.11685,-3.04909
