public/uploads/wind/vent_json/wind_field_15.json
{"header": {"parameterUnit": "m.s-1", "parameterNumber": 2, "dx": 0.051, "dy": 0.036, "parameterNumberName": "eastward_wind", "la1": 45.3082, "parameterCategory": 2,"nx": 177, "ny": 123, "refTime": "2018-09-30 00:00:00", "lo1":1.38177}, "data":
[rows 28 to 55 of 123, columns 64 to 127 of 177]
3.28658,3.29386,2.81055,2.5702,2.63276,2.93021,3.94487,3.54653,1.9168,2.06014,2.0927,1.16887,0.599313,0.540745,1.14358,1.71579,1.81411,1.71081,1.77626,1.89155,1.95474,2.08387,2.39877,3.20755,3.64911,2.82077,2.03821,2.19274,2.46211,2.56396,2.33853,2.88183,4.35347,4.5915,4.15026,4.25627,4.53634,5.08126,5.76851,5.40556,5.04036,5.93022,5.90287,5.42704,6.14446,6.52022,6.63966,7.2047,6.91075,6.23722,6.43242,6.63729,5.76739,5.28333,6.3041,6.53493,5.97194,6.46201,6.0989,5.17306,5.74648,5.67064,5.06126,5.85232
3.57727,2.79745,2.36835,3.01491,2.85997,1.93821,2.55152,3.27652,1.76889,0.485972,0.731989,0.93982,1.05323,0.977339,0.973241,1.21049,1.42974,1.71542,2.05407,2.20786,2.26038,2.40266,2.87591,3.39062,2.97799,2.15973,1.933,2.09348,2.39747,2.57696,2.55626,2.68762,3.54949,4.7727,5.39319,4.90377,4.47133,5.27063,5.22446,5.07879,5.86716,5.69918,5.83287,5.76519,5.39266,6.39599,6.89679,6.71242,6.88434,6.40591,5.98836,6.39086,6.35545,6.15263,6.58453,7.07018,6.43273,5.59113,6.0258,5.86185,5.13662,5.80005,5.81054,5.18011
2.69991,2.21175,2.6842,3.30019,3.32522,2.852,3.36589,3.46756,1.58425,0.0355852,-0.0124417,0.549797,1.14613,1.32732,0.733602,0.338242,0.799126,1.54891,2.05883,2.22634,2.37908,2.74518,3.06583,3.03226,2.41465,1.51698,1.29462,1.77848,2.07637,2.45074,2.68269,3.05602,4.49119,4.87776,4.70109,5.52825,5.10599,4.57421,5.51381,6.18925,5.53965,4.9146,5.77835,5.84582,5.38584,6.36288,6.40706,5.75222,6.43699,6.17712,5.42724,6.00488,6.23163,6.35697,6.16794,5.80665,6.50414,6.21194,5.33409,5.84756,5.69237,5.12262,5.67449,5.98878
3.61746,3.4958,3.55623,3.82934,3.32284,2.43789,2.20945,1.96751,1.03172,0.277966,0.0210318,0.941775,2.28211,1.90861,0.668826,0.264438,0.649871,1.28012,1.6562,2.01334,2.46805,3.11357,3.87472,3.38986,3.0116,4.05875,3.83999,2.52081,2.07935,1.96592,2.46275,4.05557,4.94228,5.11322,5.73724,5.13093,4.38521,5.50771,5.59795,4.91725,5.69131,5.60684,4.9919,5.94737,6.03103,5.44169,6.30667,6.20725,5.53558,6.04675,6.25264,6.31529,5.72626,5.26088,6.44678,6.46561,5.63819,6.17921,5.8191,4.95287,5.73099,5.54267,4.92395,5.65211
2.37701,2.486,2.14097,2.14157,2.43171,1.8533,0.780058,0.444035,0.412903,0.400704,0.626484,1.11503,1.41554,1.10284,0.818216,0.911559,1.13462,1.22581,1.3959,1.7131,2.80064,4.41096,4.52455,3.06871,1.93299,2.28206,2.961,2.67143,2.37226,2.74027,3.19,3.31883,4.04375,5.31845,5.65879,5.6879,5.05536,4.52027,5.5659,5.46075,4.79318,5.72599,5.87191,5.32012,6.0428,5.93402,5.35194,6.20394,6.13592,5.34184,6.02987,5.86249,5.23635,6.13935,6.72383,6.77595,6.77494,5.84289,5.08797,5.77018,5.66631,4.93211,5.52769,5.3431
0.610045,1.36656,2.49343,2.86206,3.05734,1.68875,0.0483007,-0.143406,0.155386,0.535165,0.809898,0.697184,0.382353,0.587896,1.08347,1.38107,1.39341,1.25393,1.43064,1.87078,2.52643,3.52149,3.71837,2.68682,1.81473,1.85686,2.41204,2.72215,2.43673,2.60595,2.86751,3.45989,4.78167,5.48807,5.75538,5.08747,4.76674,5.27858,5.09989,5.58087,5.53882,4.99176,5.89832,5.81512,5.09569,6.0001,5.98802,5.40427,5.92615,6.10591,6.12568,5.50346,5.15071,6.24878,6.79911,6.31195,5.94279,6.24076,5.81831,5.14518,5.67524,5.56647,4.37974,4.33463
0.505323,1.65484,3.02073,3.52354,2.07002,0.307231,-0.0314454,-0.122271,0.261049,0.593391,0.250093,0.0580409,0.176161,0.617456,1.03006,1.22615,1.27151,1.39425,1.70593,1.92721,2.97621,4.45101,3.83691,2.35848,2.15057,2.50354,2.59798,2.21874,1.86758,2.15246,2.88852,3.75648,4.59286,4.18355,4.10338,5.30713,5.63342,5.75349,5.25945,4.79004,5.67338,5.89889,4.88924,4.7171,5.76588,6.02934,6.17947,5.77915,4.97085,5.8102,5.72997,5.13228,5.96078,6.5008,6.73594,6.81397,5.90588,5.22358,5.93006,5.7659,5.13264,5.254,5.10513,5.35705
-0.266286,0.022601,0.72866,0.974207,0.106536,-0.150031,0.124349,-0.264229,0.131634,0.514431,-0.0326204,-0.0881602,0.17683,0.434909,0.748771,1.06868,1.4299,1.69341,2.45043,3.61343,3.76311,3.1472,2.43309,2.07057,2.26557,2.348,2.05265,1.66051,1.68731,2.27723,2.94392,4.10103,4.93375,4.94659,5.18795,5.73334,5.51476,4.85178,5.55908,5.68978,5.09149,5.57092,5.72834,5.91391,5.59891,5.14222,5.95459,5.80742,5.13802,5.78994,5.65159,5.25653,6.04943,6.29455,5.65387,5.41755,6.17175,5.88989,5.24453,5.78739,5.61116,5.49858,5.12709,4.53913
-0.633434,-0.812677,-0.891039,-0.576201,-0.428404,-0.23834,-0.249042,-0.116353,0.855251,0.942453,0.257036,0.206365,0.158494,0.175586,0.612756,1.19125,1.69335,2.029,2.48515,3.11011,3.06263,2.42889,2.06956,2.21902,2.54112,2.50646,2.29207,2.06239,2.07938,2.28315,3.06844,4.77469,4.87593,4.62071,5.50712,5.53502,5.43296,4.98638,4.02037,3.67763,3.33083,3.85509,5.26004,5.89177,6.18666,5.74853,5.05279,5.71653,5.72392,5.18333,5.91315,5.89374,5.4928,6.35392,6.25244,5.64717,5.91313,5.6421,5.58018,5.47923,4.74559,5.13352,5.13632,4.60474
-0.876929,-0.971856,-0.865097,-0.469263,-0.506116,-0.685666,-0.69189,-0.291883,0.299865,0.423871,0.311462,0.248033,0.121554,0.212396,0.611773,1.05766,1.48676,1.96175,2.40814,2.61409,2.43188,2.16574,2.19237,2.54633,3.02769,3.07046,2.59412,2.19525,2.19394,2.47776,2.79047,3.48332,4.41447,5.26591,5.92243,5.26997,4.55076,5.26128,4.9534,3.98659,4.70241,4.95415,4.85874,5.67206,5.89309,5.89769,5.30568,4.83824,5.82975,5.78356,5.2535,6.08119,6.15388,5.63083,6.28885,5.93856,5.03756,5.55175,5.43298,3.95044,3.6202,4.90422,5.20085,4.4663
-1.06578,-0.930015,-0.713478,-0.627276,-0.876513,-0.785931,-0.472468,-0.1491,0.0987775,0.0408512,0.0272532,0.147605,0.3222,0.615956,0.91063,1.25036,1.76269,2.26475,2.41421,2.13233,1.87914,1.81002,2.64067,4.1187,4.06534,2.84637,2.04869,1.97896,2.54869,3.15745,3.56101,3.68262,3.69674,3.55422,4.10353,5.4027,5.17931,3.86724,3.21115,2.81802,3.31254,4.98323,5.45107,5.05162,5.64424,5.43156,4.91977,5.82373,5.78397,5.26886,5.87775,6.10537,6.21629,5.83365,5.17118,5.72396,5.61909,4.50395,4.24769,4.26337,3.69614,3.35085,3.33687,3.43761
-1.20298,-0.967342,-0.857314,-0.906264,-0.926055,-0.506362,-0.220262,-0.341731,-0.211656,-0.0656998,0.0222571,0.419551,0.779917,0.957428,1.101,1.43813,1.84994,1.99711,1.90178,1.96661,2.10261,2.31054,2.54206,3.31723,4.46557,3.90351,2.36572,2.00178,2.58896,3.48853,3.55844,3.71381,5.04374,5.41448,4.28242,3.9559,4.85897,4.77585,3.50324,3.0823,3.38389,4.03713,5.36537,5.43613,4.68276,5.44716,5.66197,5.10483,5.84699,5.72763,4.98685,5.75781,5.67028,5.16427,5.66631,5.44841,4.73457,4.31989,4.25704,4.13622,3.69132,3.48948,3.48083,3.54538
-1.18514,-0.854104,-0.843823,-0.980997,-0.71599,-0.412887,-0.405361,-0.441473,-0.270528,0.0965704,0.379718,0.66445,0.786855,0.858641,1.04964,1.41568,1.65499,1.65079,1.7522,2.14632,2.47205,2.69688,2.75425,2.54604,2.56005,2.7173,3.14813,3.91019,3.64338,3.5135,4.60284,4.77014,4.18001,3.84668,3.65469,3.39962,3.08575,2.75129,2.99823,4.31039,4.58773,4.30745,5.2583,5.18271,4.58865,5.41709,5.28897,4.79288,5.58106,5.30081,4.17446,3.90963,3.98971,4.69338,5.34613,5.09315,4.63347,4.16031,3.88887,3.9032,4.17081,4.47225,4.4314,4.36138
-1.02762,-0.650828,-0.822169,-1.04598,-0.701216,-0.659369,-0.552113,-0.140432,0.119749,0.514505,0.781668,0.772945,0.771394,1.03693,1.33194,1.3918,1.2906,1.40113,1.87235,2.28955,2.4004,2.41727,2.32715,2.47938,3.10409,3.3778,3.20007,3.15259,2.89588,2.72372,3.04532,3.35846,3.56729,4.51771,4.98134,4.37503,4.61983,4.48672,3.407,3.22213,3.49584,4.14234,5.16155,4.89539,4.60067,5.09941,4.53212,3.79933,3.75254,3.71632,3.74152,3.8439,3.87312,3.99501,4.47106,4.8958,4.76132,4.37334,4.09901,3.90835,3.83753,3.77538,3.652,3.55942
-0.849584,-0.610741,-0.776347,-0.943107,-0.729686,-0.578846,-0.168162,0.143159,0.251818,0.547303,0.567213,0.476593,0.691542,1.11374,1.38604,1.39296,1.37776,1.5721,1.85374,1.99499,2.08774,2.31809,2.62694,2.95493,3.24027,3.2413,3.17166,3.10585,2.97867,2.52366,3.07891,4.78045,5.40486,5.57802,5.07337,3.76426,2.96155,2.67023,2.81488,3.61706,4.81361,4.97394,4.21017,3.80768,3.77808,3.64703,3.47372,3.46974,3.51597,3.56756,3.63766,3.76774,4.21375,4.39992,4.33063,4.70246,4.54383,4.34966,4.88604,4.43016,3.33459,2.90294,2.84618,3.00803
-0.698413,-0.480771,-0.638767,-0.782735,-0.393314,-0.114912,-0.0608294,-0.120411,0.0752293,0.361112,0.289239,0.324089,0.80608,1.34365,1.36795,1.13767,1.11207,1.19196,1.38233,1.7535,2.3974,3.21399,3.59659,3.51728,3.22932,2.72363,2.4977,2.58527,2.60334,3.35566,4.79936,5.22456,5.31901,5.14535,4.14905,4.05639,4.07784,3.32328,3.24653,3.46478,3.84464,4.80998,4.89137,4.0769,3.62251,3.46907,3.39732,3.39728,3.44033,3.55987,3.6937,3.85713,4.145,4.74936,5.14321,5.31699,5.46486,4.63198,3.77587,3.54926,4.07721,4.91994,4.63116,4.43415
-0.573038,-0.616681,-0.678496,-0.715414,-0.662544,-0.454345,-0.373174,-0.282807,-0.0376416,0.344882,0.720041,1.01452,1.25125,1.09887,0.727841,0.847565,1.39835,1.8583,2.19906,2.62253,2.94451,2.88762,2.91685,3.02389,2.53566,2.06559,2.1856,2.46772,2.67259,3.29816,3.89361,4.47476,5.47674,5.09847,3.4314,2.99586,3.73621,3.81862,3.37399,3.34525,3.48653,3.51503,3.51083,3.61667,3.62446,3.44362,3.27352,3.29323,3.46825,3.66439,3.84279,4.14415,4.43505,4.90458,5.80104,5.67127,5.07023,5.10015,4.60661,4.47388,4.54283,3.82733,3.32512,3.22473
-0.738155,-0.667457,-0.697081,-0.989114,-0.96638,-0.836333,-0.634645,-0.137648,0.277315,0.597287,0.87334,1.11854,1.1901,1.17608,1.23297,1.39475,1.66071,2.00654,2.35922,2.56023,2.27683,2.03587,2.43163,2.8066,2.79352,2.72827,3.12945,3.95763,4.34797,3.94313,4.28608,5.29649,4.40635,3.32834,4.02746,4.05573,3.16005,2.86247,3.14455,3.38467,3.36647,3.37691,3.53239,3.62353,3.57463,3.49259,3.42489,3.35195,3.39226,3.86826,4.51834,4.82772,4.92179,5.00279,5.17033,5.29275,5.052,4.72439,4.32053,3.77672,3.26449,2.85394,2.73491,2.86687
-1.04882,-1.02785,-1.26006,-1.0602,-0.296938,-0.178089,-0.150604,0.416799,0.826047,0.65646,0.318975,0.703471,1.27958,1.51138,1.569,1.76086,2.13366,2.56881,2.54231,2.72311,3.49741,3.37251,2.74041,2.73066,2.98253,3.17054,3.05791,3.55936,4.99195,5.08326,4.77745,5.14083,4.36989,2.99897,2.64731,3.34867,3.66824,3.33031,3.12893,3.07108,3.1591,3.36866,3.59831,3.71213,3.67381,3.55071,3.42348,3.35483,3.56592,3.81329,4.20024,4.82912,4.92161,5.10201,5.1693,4.95458,5.31158,4.98997,3.93574,3.31971,3.052,2.94164,2.93854,3.00379
-1.34923,-1.59523,-1.42335,-0.551094,0.027865,0.0590012,0.0793985,0.426427,1.14449,1.23837,0.88918,0.72583,0.690135,1.37581,2.031,1.88136,1.73141,1.82738,1.92176,2.06842,2.56994,2.9818,3.17977,3.13004,3.50188,4.70332,4.71093,3.69321,3.37575,3.64968,3.61211,3.72657,4.57545,4.25014,2.86934,2.70727,3.55939,3.82279,3.42971,3.2289,3.23799,3.32407,3.45345,3.52306,3.50252,3.4692,3.44177,3.36048,3.4804,4.02912,5.05513,5.98417,5.73345,5.0994,4.87608,4.54949,4.12501,3.73876,3.39376,3.15325,3.00259,2.88219,2.78371,2.75477
-1.29891,-1.15998,-0.856593,-0.434514,-0.283806,-0.349986,0.123546,0.887368,1.23552,0.785221,0.363046,0.713022,1.23553,1.38482,1.27766,1.41167,1.83891,2.10648,2.33501,2.25386,2.73477,4.1862,4.60647,3.92842,3.56219,3.56324,3.96995,4.86,4.78527,4.11332,3.99669,3.73048,2.88084,2.43864,3.26962,3.32214,2.94348,3.83743,4.20047,3.74475,3.55857,3.58741,3.71134,3.75384,3.61596,3.44593,3.37359,3.43014,3.63596,3.77848,3.76794,3.83708,3.91319,3.92009,3.85733,3.65448,3.49857,3.51064,3.51657,3.35252,3.10214,2.91566,2.81517,2.77933
-1.29571,-0.991962,-0.59126,-0.0375135,0.0535871,0.0348783,0.790949,0.979214,0.375386,0.00240472,0.412044,1.32292,1.44936,1.09587,1.35781,1.75946,2.19481,2.33704,2.69006,3.75371,3.9089,3.55854,3.59542,3.42801,3.36027,3.38167,3.14248,2.9979,3.99041,5.06234,4.74123,4.57957,4.0581,2.76738,2.07398,1.94186,2.207,3.26406,4.49369,4.34761,3.77214,3.75932,3.76689,3.82849,3.8601,3.39716,2.47429,1.91764,2.05362,2.29005,2.52315,2.92733,3.34922,3.51976,3.39886,3.28711,3.43801,3.68105,3.68722,3.42845,3.15872,3.03517,3.02109,2.99996
-0.960823,-0.31059,0.227172,0.401498,0.671818,0.593642,0.730938,0.718084,0.409713,0.789657,1.37384,1.22882,0.752093,0.944517,1.56493,2.11401,2.4665,2.76737,2.87503,3.43973,4.67248,4.72178,4.44294,5.17465,5.36812,5.12768,5.26335,4.40436,4.09529,5.07477,4.4547,3.06168,2.41211,1.91973,1.69493,1.89571,2.45122,3.06262,3.34111,3.36446,3.41925,3.49876,3.53332,3.79719,3.46203,2.14327,1.23067,1.27806,1.99503,2.65805,2.82701,2.89755,3.07816,3.13361,3.1491,3.28049,3.37774,3.31599,3.19923,3.13259,3.10064,3.06168,2.98874,2.85593
-0.330157,-0.45002,0.272945,0.834345,0.251191,0.618053,0.691311,0.107675,0.314384,1.09322,1.4913,1.41892,1.37444,1.67075,2.026,2.39851,3.15924,3.37206,2.94423,2.71806,3.29106,3.73325,4.08846,5.58833,5.78027,4.75098,5.11115,5.12098,4.38343,3.8017,2.7182,1.85694,1.81195,1.90916,1.86128,2.09088,2.65577,3.05088,3.18698,3.35271,3.45607,3.63207,3.67129,3.21096,2.15074,1.48555,1.74676,1.80524,1.85757,2.36228,2.8283,2.88357,2.81102,2.93206,3.19959,3.33757,3.18384,3.02248,3.10018,3.20695,3.1694,3.05593,2.93831,2.79484
-0.78358,0.0354103,0.39247,0.0599587,-0.0546215,0.489277,0.847639,0.4396,1.08989,1.77947,1.2736,0.90838,1.36501,1.97386,2.41038,2.49844,2.85881,3.88049,3.93349,3.86555,4.7943,4.84733,4.96571,6.00988,6.42359,5.78867,4.2766,3.43783,3.70806,3.08945,2.57003,3.47417,3.61379,2.53815,1.96064,2.23302,2.78845,3.12615,3.19251,3.22447,3.52963,3.60845,2.68455,1.93944,1.58265,1.30897,1.64234,1.82516,1.85971,2.24715,2.61809,2.61771,2.62274,2.87247,3.16191,3.31962,3.35946,3.44737,3.6558,3.71174,3.39947,2.9675,2.69894,2.53459
-0.642807,-0.202706,0.0326117,-0.23306,0.0338192,0.405417,0.780319,1.3366,1.54591,1.08181,1.05335,1.55771,2.13338,2.42052,2.5714,2.45223,3.05909,4.41473,4.50479,4.19289,4.40049,4.55098,5.39755,6.6069,6.36651,4.47573,2.70551,2.55437,3.1173,2.84667,2.29093,2.21369,2.19588,2.04282,2.18012,2.66822,3.09702,3.27677,3.23317,3.36626,3.6569,3.04239,1.92749,1.52755,1.36479,1.35949,1.70464,1.83073,1.80141,2.07786,2.55049,2.73182,2.6737,2.76737,3.0566,3.38516,3.67791,3.86211,3.76993,3.40094,3.04734,2.82831,2.59617,2.37537
0.0895195,-0.0101697,0.294102,0.856298,0.367557,0.139665,0.859353,1.54633,1.52225,1.48201,1.91608,2.32794,2.55553,2.76938,2.95412,3.02895,3.31061,3.55129,4.09925,5.23681,5.40683,5.34626,6.28954,7.02632,6.33998,3.93852,1.98627,2.02743,2.5897,2.54672,2.13856,1.87306,1.70615,1.55082,1.72466,2.14175,2.49122,2.77695,3.00617,3.41985,3.58404,2.62449,1.3802,1.36947,1.63748,1.37454,1.40595,1.69578,1.96481,2.23865,2.61333,2.85235,2.71302,2.63094,2.8909,3.4324,4.11324,4.05793,3.14418,2.51363,2.53169,2.66379,2.65987,2.63529
0.600496,0.535409,0.945332,1.31831,0.439393,0.691579,1.71075,1.6073,1.05827,1.23472,1.75239,2.17103,2.56041,2.91007,3.62461,4.28875,3.65496,3.54854,5.22447,5.64555,5.31498,6.06666,6.7116,6.6885,5.8659,4.38225,2.61899,2.10918,2.65732,2.62096,2.82066,3.33184,3.29248,2.84491,2.50174,2.36261,2.47916,2.70271,2.93039,3.29335,2.80334,1.61122,0.948467,1.24909,1.623,1.38066,1.39695,1.77386,2.15911,2.42701,2.7193,2.94474,2.83452,2.6555,2.83623,3.56296,4.07424,3.41416,2.49852,2.30766,2.43042,2.43834,2.28719,2.10746
