public/uploads/wind/vent_json/wind_field_15.json
{"header": {"parameterUnit": "m.s-1", "parameterNumber": 3, "dx":  0.051, "dy": 0.036, "parameterNumberName": "northward_wind", "la1": 45.3082, "parameterCategory": 2,"nx": 177, "ny": 123, "refTime": "2018-10-03 01:00:00", "lo1":1.38177}, "data":
[rows 0 to 28 of 123, columns 64 to 127 of 177]
1.34722,0.956755,0.855545,0.677364,0.521329,0.413676,0.336742,0.284934,0.315127,0.452225,0.508735,0.524432,0.573886,0.467498,0.236043,0.243923,0.204032,0.152996,0.0122401,0.00381522,0.0950498,0.324303,0.299959,0.427746,0.457599,0.402867,0.110547,0.0638994,-0.0394934,-0.270968,-0.298018,-0.453935,-0.36374,-0.507733,-0.690412,-1.07113,-1.24696,-1.21541,-1.07559,-0.664044,-0.627375,-0.674892,-0.653544,-0.748819,-0.848979,-0.676059,-0.901756,-1.37885,-1.65226,-1.88098,-1.92851,-2.04163,-2.0728,-2.31322,-2.47021,-2.65062,-2.56438,-2.58862,-2.69092,-2.781,-2.80725,-2.35368,-1.30469,-1.02876
2.01355,1.59969,1.43497,1.16393,0.959652,0.868658,0.699337,0.584641,0.588354,0.650127,0.665175,0.596966,0.652199,0.553406,0.365319,0.408955,0.307433,0.183547,-0.00891313,-0.120997,-0.0277727,0.0988091,-0.02906,-0.153485,-0.244662,-0.378568,-0.700072,-0.589651,-0.662654,-1.03175,-0.957989,-1.10794,-0.664925,-0.606982,-0.720305,-1.00592,-1.24945,-1.3223,-1.35179,-0.937134,-1.15647,-1.33549,-1.43008,-1.64317,-1.79609,-1.4585,-1.68083,-1.94976,-1.81528,-1.83925,-2.05064,-1.95897,-1.85549,-2.08245,-2.26363,-2.72819,-2.51769,-2.50197,-2.81864,-2.96428,-3.00134,-2.74946,-2.02012,-1.81309
2.14707,1.9317,1.64131,1.32985,1.09134,1.01029,0.816843,0.740004,0.773995,0.739799,0.739106,0.664565,0.626617,0.539526,0.526521,0.508224,0.373908,0.196231,0.0603655,-0.128377,-0.113816,-0.262111,-0.34513,-0.630669,-0.80831,-0.961341,-1.02582,-0.967563,-0.972181,-1.26674,-1.3478,-1.26753,-0.581272,-0.424177,-0.514614,-0.831704,-1.15841,-1.36653,-1.37581,-1.26288,-1.4459,-1.75054,-1.8523,-2.00084,-1.94313,-1.80864,-1.89357,-2.13589,-1.78904,-1.68686,-2.05427,-1.87684,-1.82874,-2.07048,-2.24718,-2.67885,-2.4185,-2.57911,-2.94301,-3.03474,-2.91851,-2.80647,-2.24578,-2.0651
2.10157,1.89315,1.66254,1.4367,1.10017,1.00271,0.818093,0.750025,0.773763,0.833101,0.816687,0.747902,0.56047,0.36431,0.523709,0.590334,0.451116,0.145888,-0.151935,-0.402936,-0.459995,-0.378666,-0.45418,-0.549848,-0.671912,-0.962681,-0.727216,-0.996596,-1.04513,-1.20497,-1.46844,-0.930269,-0.0122734,-0.119528,-0.211995,-0.669787,-1.15593,-1.29046,-1.26645,-1.38986,-1.50504,-1.99076,-2.06946,-2.08775,-2.10288,-2.07427,-1.77235,-2.09303,-1.65928,-1.72323,-1.7652,-1.69426,-1.78368,-2.14829,-2.55326,-2.49336,-2.08679,-2.78445,-2.90097,-2.79914,-2.64487,-2.68593,-2.2571,-1.77305
1.69729,1.51558,1.36038,1.15673,0.856964,0.787284,0.687153,0.644183,0.724456,0.674038,0.716877,0.885862,0.821223,0.502636,0.268616,0.0912848,-0.0405073,-0.0637925,0.247723,0.445846,0.16579,0.0672069,0.109868,0.0605704,-0.452684,-1.14848,-1.21631,-1.39837,-1.31405,-0.769174,-0.314804,-0.709966,-0.848678,-1.20498,-1.12602,-0.880132,-1.11459,-1.72716,-2.0293,-2.29818,-2.2846,-2.53668,-2.42639,-2.04379,-1.88326,-1.48038,-0.912266,-1.38007,-1.07679,-1.43121,-1.5423,-1.36029,-1.82718,-2.14632,-2.50574,-2.60535,-2.14123,-2.97157,-2.5176,-2.42188,-2.59493,-2.19712,-2.21916,-1.73804
1.41148,1.34648,1.14921,0.904663,0.715371,0.63818,0.718261,0.685305,0.638961,0.536088,0.62658,1.1102,1.1561,0.643619,-0.0262509,-0.388733,-0.277544,0.0989601,0.415207,0.203399,-0.496299,-0.924481,-0.716674,-0.459901,-0.601765,-0.770191,-1.01869,-1.00521,-0.413468,0.255178,0.0967841,-1.16732,-1.87777,-1.87878,-1.52064,-0.949422,-1.0761,-1.73734,-2.08482,-2.45022,-2.10279,-1.92026,-1.65804,-1.37596,-1.28779,-1.20435,-1.1007,-1.56877,-1.57003,-1.6844,-2.04479,-1.65754,-2.25496,-2.24191,-2.47999,-2.78607,-2.59366,-2.76854,-2.09971,-2.56624,-2.47925,-1.67818,-2.45418,-2.24547
1.308,1.35284,1.29684,1.12114,0.909755,0.685142,0.723978,0.719779,0.713734,0.995361,0.87023,0.758421,1.01866,0.819883,0.476121,0.330329,0.325893,0.191133,-0.238599,-0.715964,-1.00738,-1.24018,-1.41833,-1.00366,-0.190766,0.153187,-0.0161807,-0.226633,-0.0327105,-0.251914,-0.997317,-1.41198,-1.43744,-0.69756,0.109824,0.0920059,-0.389322,-0.760245,-1.09078,-1.55624,-1.22856,-0.674777,-0.154047,0.151425,-0.375384,-0.605367,-0.749517,-1.17497,-1.28729,-1.28474,-1.77749,-1.55222,-2.17342,-1.81879,-2.3331,-1.98945,-2.08653,-2.22236,-2.09327,-2.71406,-2.33574,-2.01009,-2.436,-2.4702
1.26767,1.22275,1.32116,1.23873,1.10236,0.830941,0.606564,0.597652,0.929558,1.54002,1.24585,0.375494,0.554628,1.22549,1.48365,1.26105,0.660183,0.00867797,-0.327233,-0.343327,-0.312991,-0.481775,-0.767441,-0.647607,-0.135022,0.0753313,0.0301194,-0.156637,-0.515588,-0.728687,-0.503724,0.0156373,0.344639,0.349379,0.0526389,-0.334488,-0.591168,-0.739992,-0.744868,-0.487034,-0.428954,-0.213743,-0.25136,0.502869,-0.161821,-0.161292,-0.00453112,-0.31601,-0.476354,-0.445535,-1.02884,-0.988335,-1.77392,-1.41785,-2.02648,-1.50563,-1.83735,-2.2863,-2.32673,-2.68772,-2.40104,-2.70631,-2.27418,-2.39831
1.49474,1.17306,1.20014,1.21922,1.20819,1.04468,0.745962,0.627814,0.841066,1.47286,1.48296,0.861116,0.367822,0.564842,0.917928,0.843308,0.441451,0.0338669,-0.21495,-0.398467,-0.595128,-0.717537,-0.652235,-0.528724,-0.46965,-0.287589,0.034433,0.196484,-0.0304433,-0.152951,0.380731,1.17424,1.30735,0.355329,-0.632233,-1.00721,-1.07786,-0.812611,-0.25089,0.0990851,-0.235053,-0.71428,-1.45653,-1.12076,-1.49059,-1.45999,-1.28624,-1.15974,-1.24401,-0.906314,-1.16095,-1.0987,-1.59231,-1.30605,-1.97966,-1.71508,-1.96867,-2.15039,-2.16518,-2.42737,-2.54262,-2.6977,-2.41974,-1.94334
1.90097,1.41216,1.22487,1.28126,1.37699,1.30106,1.14976,0.841683,0.579055,1.02924,1.43162,1.36956,0.691366,-0.10054,-0.277049,-0.137854,0.0566913,0.129295,-0.0241966,-0.215339,-0.271243,-0.206351,-0.0468941,-0.00669461,-0.0393106,0.14282,0.275804,0.228064,0.0370447,-0.0999637,-0.137734,0.0650054,-0.138477,-0.207996,-0.0860536,-0.0134037,0.17501,0.519308,0.782684,0.621561,0.0901991,-0.114132,-0.168102,-0.319938,-0.608703,-0.655784,-0.983349,-0.890112,-1.03911,-0.765395,-0.978872,-1.17902,-1.65507,-1.38388,-1.94963,-1.51616,-1.51383,-1.71782,-2.15086,-2.12357,-2.52045,-2.39926,-2.42175,-1.87684
2.08434,1.92279,1.74272,1.6743,1.60619,1.63307,1.62345,1.17397,0.699801,0.881094,1.28285,1.40306,0.959095,0.261836,-0.147569,-0.177175,-0.102001,0.0328416,0.310349,0.504382,0.626726,0.830525,0.944723,0.730233,0.455667,0.418177,0.415523,0.255775,0.225041,0.349088,-0.0546312,-0.372978,-0.785031,-0.412613,-0.191366,-0.082334,0.150803,0.437238,0.291684,0.258859,-0.091916,-0.164768,-0.00668834,-0.226537,-0.37883,-0.0238477,-0.239347,0.083837,-0.0993534,-0.0765532,-0.725266,-0.978067,-1.49061,-1.36645,-1.63384,-1.19773,-1.63502,-1.79838,-2.17465,-1.73629,-1.94921,-2.27551,-2.39381,-2.44807
1.97504,1.88047,2.1466,2.3236,2.02198,1.74525,1.91209,1.52543,1.12559,1.19339,1.3702,1.36032,1.12161,0.74729,0.444473,0.260504,0.131044,-0.0184077,0.0903655,0.563433,0.597943,0.5783,1.14994,1.42166,1.06643,0.357218,0.179048,0.68813,1.21407,1.35587,0.965091,0.258028,-0.561811,-0.431135,0.0378713,0.314829,0.210822,-0.0857956,-0.649129,-0.99548,-1.15735,-1.02105,-0.589581,-0.308493,-0.276368,-0.0394177,-0.165776,-0.212257,-0.550082,-0.855841,-1.26907,-1.32804,-1.26531,-1.49951,-1.47058,-1.37619,-1.77359,-1.75485,-1.53852,-1.55958,-2.11422,-2.54502,-2.63972,-2.49619
2.13566,1.69416,1.55299,1.97702,1.92407,1.88372,1.79208,1.68886,1.47461,1.58255,1.63304,1.47798,1.31229,1.10315,0.857715,0.576724,0.47963,0.315507,-0.177416,-0.277587,-0.225638,-0.472625,0.0807879,1.14074,1.36359,0.876013,0.523081,0.714666,1.1372,1.24876,1.02848,0.763371,0.763065,0.890706,0.983416,0.913882,0.707539,0.197699,-0.19627,-0.317159,-0.402484,-0.0422387,0.439812,0.968528,0.714072,0.293467,0.0198157,-0.307445,-0.602394,-0.899535,-0.980082,-1.15381,-0.718403,-1.20484,-0.917629,-1.24354,-1.13417,-1.46069,-1.25583,-2.05039,-2.46435,-2.51837,-2.1405,-2.05656
2.61372,2.25126,1.12207,0.966336,0.926515,2.19418,1.71855,1.69344,1.73447,1.8318,1.83323,1.6515,1.50332,1.33857,1.12378,0.913117,0.831936,0.693404,0.212281,-0.238012,-0.155577,-0.221872,-0.411287,0.232824,1.11,1.40021,0.992683,0.254419,-0.115537,-0.0119066,0.416324,0.82315,1.03114,0.715165,0.204218,-0.0399218,-0.0379316,-0.107854,0.113474,0.897338,0.620745,0.539819,0.329026,0.490556,0.148731,-0.0839292,-0.222537,-0.218589,-0.455564,-0.456379,-0.737291,-0.949422,-0.630926,-1.15548,-0.854098,-1.33528,-1.4226,-1.44151,-1.71154,-2.07623,-1.96023,-2.09335,-1.63705,-2.04985
3.05724,2.70894,2.04457,1.04984,0.462034,1.72533,1.51073,1.42263,1.83004,2.01243,1.96847,1.8087,1.62575,1.4915,1.42955,1.33995,1.17312,0.929881,0.591661,0.334051,0.306295,0.433527,0.249704,0.0725786,0.449228,0.81883,0.674761,0.13514,-0.271277,-0.0282267,0.552916,0.694394,0.179439,-0.352866,-0.404276,-0.162103,0.244018,0.619935,0.750307,1.24017,1.01413,0.66922,0.33364,0.354717,0.328152,0.269707,0.0610465,-0.209222,-0.459927,-0.380975,-0.881155,-0.828745,-0.880765,-1.16687,-1.19489,-1.38313,-1.64798,-1.22243,-1.48899,-1.60288,-1.43135,-1.76835,-1.88867,-1.89039
3.06544,2.84808,3.19466,1.91126,1.07641,1.27218,1.27362,1.11881,1.6303,2.03912,2.0581,1.94963,1.73816,1.5931,1.57922,1.46767,1.19275,0.994169,0.817024,0.640124,0.666741,0.796984,0.807192,0.578442,0.288349,0.221944,0.302533,0.412366,0.573418,0.815793,0.843762,0.607785,0.256986,0.0914427,-0.0222544,-0.0217444,-0.0225248,0.106487,0.113206,0.599114,1.01661,1.10423,0.934736,0.914934,0.767982,0.45011,0.120586,-0.346143,-0.491943,-0.458667,-0.834334,-0.753254,-0.879735,-0.863951,-1.13665,-0.993813,-1.48482,-1.28799,-1.07986,-1.68446,-1.51196,-1.39934,-1.91981,-1.67895
2.3261,2.96064,3.69314,2.69329,1.79211,1.67116,1.68443,1.34602,1.47809,1.88249,2.04231,2.05162,1.88548,1.59683,1.3638,1.21495,1.08211,1.09025,1.12053,0.893515,0.759824,1.07226,1.34493,1.23911,0.83519,0.433999,0.329339,0.550658,0.799889,0.663293,0.259747,-0.00793842,0.0788845,0.184711,0.0977326,0.15169,0.0479731,0.18765,0.313021,0.422862,0.274628,0.421881,0.275539,0.389246,0.25576,-0.0444547,-0.398572,-0.770979,-0.92322,-0.81342,-0.867944,-0.894108,-0.891389,-0.912592,-1.20458,-1.03629,-1.44482,-1.59703,-1.16566,-1.52113,-1.6507,-1.15519,-1.73407,-1.5464
1.61334,2.26857,3.8442,3.42498,2.80626,2.29454,2.25422,1.81382,1.55365,1.81671,2.05523,2.16927,2.08312,1.67718,1.25926,1.13074,1.16571,1.21593,1.2817,1.17052,0.930877,1.09754,1.63466,1.78863,1.49126,1.1219,0.863047,0.634618,0.311673,-0.00605314,-0.0198335,0.145569,0.302077,0.259292,0.27361,0.408244,0.261376,0.147053,0.545583,0.936304,0.335831,0.442099,0.31466,0.155493,0.0170026,-0.202238,-0.348778,-0.528631,-0.565607,-0.584775,-0.814471,-0.795685,-0.953514,-0.865395,-1.26053,-1.2279,-1.14905,-1.41705,-1.42714,-1.1192,-1.35718,-1.24971,-1.6193,-1.15311
2.17401,1.47623,2.61929,3.03077,4.05995,3.2389,2.86427,2.25239,1.7623,1.87575,2.13373,2.26643,2.21183,1.91734,1.62491,1.523,1.49175,1.32858,1.30982,1.54336,1.52263,1.08739,1.20622,1.79824,1.9693,1.67174,1.17014,0.595594,0.0761773,-0.0561703,0.224172,0.519698,0.562441,0.499955,0.488379,0.408154,0.157082,-0.132372,-0.208667,0.765656,0.589745,0.875002,0.919172,0.664883,0.402432,0.110235,0.00213647,-0.130831,-0.313649,-0.650084,-1.01475,-1.0609,-1.33293,-0.976829,-1.4211,-1.29434,-1.38437,-1.36325,-1.50559,-1.33683,-1.16703,-1.30472,-1.49138,-0.994601
3.01113,2.3014,1.34641,2.29238,3.81598,3.10807,2.92955,2.94657,2.421,2.21645,2.2769,2.32813,2.26403,2.13235,2.07684,2.08454,1.95415,1.64174,1.47595,1.6551,1.70579,1.18944,0.836899,1.14953,1.38381,1.17773,0.731191,0.338011,0.178482,0.176533,0.214188,0.417015,0.801683,0.936356,0.878864,0.358476,0.215592,0.625236,0.318981,0.376968,0.279335,0.319899,0.337238,0.343319,0.267929,0.118614,-0.0466527,-0.0792197,-0.499711,-0.692041,-0.975052,-0.990829,-1.17062,-1.13852,-1.40449,-1.34428,-1.54217,-1.50687,-1.28915,-1.42135,-1.30676,-1.05385,-1.33059,-1.04826
3.44702,3.93946,2.50018,2.97327,2.53854,2.56727,1.90392,2.75287,3.29866,3.00281,2.76845,2.63068,2.50908,2.2621,2.10643,2.22952,2.21594,1.98059,1.72374,1.55563,1.43933,1.26235,0.985645,0.71991,0.637938,0.641858,0.623464,0.606052,0.58074,0.56533,0.68626,0.848179,0.817738,0.679356,0.584762,0.425153,0.446431,0.639369,0.634802,0.508076,0.472802,0.197695,-0.0360493,-0.131846,-0.151557,-0.185209,-0.32434,-0.254831,-0.661836,-0.599298,-0.866801,-0.968319,-0.991024,-1.30849,-1.43099,-1.57336,-1.27279,-1.60861,-1.34252,-1.17218,-1.35932,-1.05873,-1.29777,-0.95879
3.86637,4.07954,4.11164,3.44536,2.22215,3.19026,1.74047,1.58164,2.92622,3.49908,3.33717,3.11161,2.78854,2.28565,1.93632,2.04319,2.23331,2.18766,2.04416,1.83853,1.62076,1.57111,1.46344,1.1609,0.939673,0.916956,1.02411,1.01814,0.78098,0.723385,0.843957,0.76343,0.307863,0.259405,0.406015,0.620822,0.702599,0.578559,0.437196,0.411441,0.263673,-0.046048,-0.22754,-0.236795,-0.213749,-0.208007,-0.202947,-0.204188,-0.54792,-0.589535,-0.751426,-0.990592,-1.05285,-1.22686,-1.53662,-1.7147,-1.28191,-1.58447,-1.53936,-1.25458,-1.33348,-1.29749,-1.41535,-0.941978
3.61378,3.04256,3.5644,3.18496,3.00898,3.22493,2.37596,1.22023,1.7485,2.72361,3.13817,3.06387,2.78522,2.35371,2.01049,1.9045,2.06105,2.21636,2.24163,2.05489,1.67234,1.57741,1.71423,1.67008,1.48539,1.32414,1.22921,1.06924,0.866407,0.631432,0.290845,0.0477397,0.0744324,0.189848,0.116218,-0.044089,-0.167439,0.154749,0.239052,0.236719,0.108027,-0.015702,0.00840254,0.238601,0.135718,0.00610142,-0.199958,-0.590869,-0.636325,-0.817948,-0.814909,-1.02602,-1.00601,-1.20285,-1.48972,-1.65951,-1.39551,-1.49462,-1.51162,-1.49022,-1.48782,-1.35485,-1.3219,-1.3112
3.33677,2.70078,2.8089,3.54363,3.31265,3.13287,2.67263,1.84584,1.70208,2.21523,2.40061,2.53375,2.59504,2.48795,2.17436,1.87169,1.8684,2.08294,2.11773,1.79447,1.29876,1.16139,1.41357,1.56627,1.4997,1.2934,1.05132,0.912274,0.879106,0.621485,0.148666,-0.179893,-0.312042,-0.444624,-0.547665,-0.457621,-0.356728,0.194539,0.330306,0.190213,0.10474,0.0724412,0.0908013,0.106289,-0.232693,-0.445364,-0.656682,-0.821007,-0.582157,-0.659104,-0.776304,-0.945408,-0.943241,-1.21807,-1.40131,-1.62381,-1.42314,-1.3373,-1.34004,-1.38688,-1.33475,-1.4232,-1.19493,-1.3961
3.56102,3.3294,3.73712,3.67173,3.20179,3.61108,2.98336,2.56265,2.15802,3.17306,2.36203,2.33288,2.4837,2.4933,2.2207,1.93549,1.92835,2.11916,2.08014,1.71054,1.30044,1.13096,1.15019,1.24595,1.27807,1.08753,0.92869,1.16461,1.37264,1.2147,0.766825,0.383556,0.141231,0.313793,0.355728,0.484141,0.46523,0.572707,0.5626,0.298931,0.220553,0.0610278,-0.141,-0.328328,-0.471764,-0.564635,-0.740659,-0.537245,-0.697942,-0.634588,-0.9588,-1.00071,-1.15004,-1.32278,-1.3625,-1.3571,-1.35576,-1.0756,-1.15975,-1.3925,-1.22917,-1.43219,-1.49728,-1.3181
3.9278,4.41842,4.17479,3.54374,3.91079,3.95477,3.16536,3.63013,2.57519,3.52268,2.7694,2.55419,2.53268,2.42045,2.31551,2.20465,2.12859,2.21396,2.18947,1.95907,1.70346,1.50854,1.32576,1.18916,1.18908,1.1652,1.15303,1.35854,1.66106,1.62128,1.43812,1.33339,1.3939,1.55954,1.34679,1.10028,1.12379,0.935861,0.624579,0.24834,0.0752092,-0.176991,-0.347903,-0.366049,-0.390229,-0.359702,-0.64133,-0.498407,-0.737794,-0.686981,-0.916053,-1.09851,-1.17567,-1.33301,-1.00943,-0.966353,-1.04828,-0.958692,-0.963444,-1.27227,-1.38663,-1.25336,-1.46586,-1.50524
4.52068,4.4333,3.88084,4.3842,4.09786,4.3626,3.20583,4.35272,3.17444,3.59426,3.09154,2.76657,2.70849,2.5279,2.5172,2.50356,2.18003,1.99001,1.97281,1.92368,1.83073,1.63334,1.45172,1.28203,1.32714,1.62989,1.52453,0.852412,0.767588,1.00518,1.21492,1.22665,0.93995,0.591595,0.273399,0.412698,0.802796,0.72108,0.264963,0.0801556,0.0195924,0.0125806,0.00574647,-0.0975754,-0.306125,-0.41224,-0.612407,-0.698343,-0.657514,-0.836064,-0.930776,-1.10685,-1.20259,-1.3814,-0.938328,-1.06398,-1.07588,-1.18635,-0.900688,-1.15883,-1.41616,-1.3468,-1.1502,-1.40296
4.69291,3.93394,4.4206,4.67871,4.28194,4.2435,3.80085,4.00879,3.42114,4.66695,3.69315,2.75661,2.70016,2.85834,2.82174,2.68091,2.18055,1.7538,1.63094,1.61278,1.59671,1.50966,1.39894,1.52226,1.836,1.85923,1.26209,0.346303,0.261155,0.773477,1.13086,0.771746,0.400176,-0.149356,-0.431942,0.386357,0.61461,0.67544,0.413277,0.370892,0.343783,0.315716,0.136505,-0.179038,-0.394057,-0.550862,-0.475929,-0.610431,-0.523561,-0.74593,-0.939949,-1.04714,-1.18605,-1.26082,-1.19867,-1.06613,-1.08005,-1.26143,-0.881581,-1.16602,-1.34262,-1.51118,-1.03693,-1.19981
4.74902,4.84637,4.78208,4.52491,5.24384,3.99879,4.61816,4.18321,3.35796,4.9598,4.08895,2.72966,2.38664,2.90487,3.23405,3.04272,2.43583,1.89819,1.67126,1.56317,1.51043,1.53864,1.56146,1.87164,2.13376,1.53353,0.886951,0.581459,0.615387,0.855053,0.872853,0.488742,0.886826,0.619798,0.490443,0.964233,0.888134,1.03591,0.878669,0.548189,0.385468,0.279145,0.0768536,-0.123286,-0.276508,-0.372527,-0.270789,-0.317643,-0.424673,-0.576103,-1.04845,-1.28715,-1.33711,-1.14698,-1.33767,-1.19346,-1.02114,-1.17742,-1.23905,-1.19295,-1.32878,-1.55209,-1.02547,-1.21712
