public/uploads/wind/vent_json/wind_field_15.json
{"header": {"parameterUnit": "m.s-1", "parameterNumber": 3, "dx":  0.051, "dy": 0.036, "parameterNumberName": "northward_wind", "la1": 45.3082, "parameterCategory": 2,"nx": 177, "ny": 123, "refTime": "2018-10-03 01:00:00", "lo1":1.38177}, "data":
[rows 87 to 115 of 123, columns 64 to 127 of 177]
2.32823,2.13824,1.65502,1.37832,1.11881,1.39315,1.56558,1.68468,1.7945,2.11069,1.7129,1.37143,0.500056,-0.854854,-1.13538,-0.336075,0.216342,-0.230739,-1.36432,-1.47445,-1.48607,-2.36133,-1.97356,0.809046,3.3466,3.49267,2.83352,1.49682,0.949297,0.593981,2.22041,3.76605,2.30175,-0.431823,-3.29673,-4.95368,-2.18531,-1.09774,-3.42675,-4.67344,-3.48939,1.11186,2.80712,1.07999,-0.979357,0.570843,1.80212,2.44631,-0.0484264,-1.30543,0.526795,0.990301,1.88981,1.19264,-1.93168,-1.52561,3.54954,3.58419,1.33049,1.93832,2.63932,2.25688,1.76746,2.09272
1.99022,2.25995,1.76612,1.82725,1.92631,1.16498,1.60539,2.04341,2.61117,2.61543,2.18159,0.63315,-1.8313,-3.48134,-2.86459,-1.88034,-1.26364,-1.46373,-2.37729,-2.58273,-1.4247,-0.645016,-0.78806,-0.0183506,2.49083,3.84285,2.66371,0.741317,-0.27553,-0.691842,0.470405,3.03981,3.09242,1.31959,-0.623901,-3.88585,-4.17244,-0.761502,-1.10361,-3.20005,-5.0187,-2.50506,1.5254,3.04862,2.18064,0.418398,1.31349,1.27914,-0.0426883,-0.38857,1.116,2.3919,3.52395,2.95971,1.23436,-1.24488,4.15693,3.61984,1.40654,-0.179984,2.20514,2.12208,3.03886,3.46386
2.43332,2.98371,2.37495,2.1878,1.94522,2.10266,1.97061,1.75709,1.50461,1.36277,0.446098,-1.86377,-3.20056,-2.75664,-1.86253,-1.34367,-1.49843,-1.59407,-1.22668,-1.11554,-0.730107,0.319624,0.663224,0.351179,2.30778,2.76594,1.40177,-0.70315,-2.03864,-2.19445,-1.9162,2.22912,2.84123,2.14665,0.528584,-1.20119,-3.83701,-2.32613,-2.19331,-4.79176,-7.27094,-7.74858,-3.97854,4.20607,4.7166,-0.414743,0.0243449,1.76546,0.376849,-0.707016,0.909765,2.97545,1.38058,0.176872,0.139145,-2.06111,0.672648,1.88637,0.910458,-0.485599,-0.147946,-0.513296,1.18606,3.07796
2.39152,2.87926,2.38994,2.35364,2.39841,2.28742,1.94186,1.45901,1.3029,0.779491,-0.495607,-1.52966,-1.62254,-1.26094,-0.948012,-1.28049,-1.28547,-0.853785,-0.490419,-0.243236,-1.29456,-0.489756,1.07417,-0.0746496,0.442156,-0.0967871,-1.42829,-2.5443,-3.2019,-3.35529,-2.97008,-0.342379,1.95767,1.88646,-0.0811305,-1.7423,-2.52805,-3.47948,-5.37155,-6.56872,-7.29975,-6.90294,-6.03148,-0.725229,0.301764,-0.251826,2.34848,4.78457,5.26859,3.12361,1.22464,1.02618,-0.678747,-1.77142,-1.62486,-2.43055,-1.82769,-0.280794,-2.22506,-1.01074,-0.82321,-1.79271,-1.58236,0.217865
2.4086,2.02749,2.57338,2.60888,2.31092,2.35672,2.02244,1.5313,1.16241,1.03232,0.843148,0.690466,0.270734,-0.222834,-0.664114,-0.77292,-0.621397,-0.883959,-1.23325,-0.774455,-1.07892,-0.210453,1.5905,0.894212,0.12591,-0.485207,-1.50216,-1.90297,-2.13241,-2.33995,-2.1098,-1.13962,-0.83142,-0.994857,-2.08008,-3.67832,-3.26206,-3.71874,-4.32694,-4.92355,-6.19184,-6.17813,-7.1493,-6.75796,-4.44859,1.55794,5.46942,6.08352,5.3526,4.2748,1.17565,-1.35516,-1.1825,-1.5536,-2.15822,-2.77998,-2.67337,-1.34596,-2.31118,-2.72634,-2.50677,-2.22587,-2.31314,-1.97362
2.4595,2.45616,2.29037,2.50435,2.38389,2.25051,2.17486,1.62221,0.881378,1.15486,1.35512,1.37703,1.19029,0.60421,0.278133,0.110775,-0.370277,-1.09162,-1.73863,-1.5325,-1.0438,0.290226,1.48238,1.42121,0.576417,0.276827,0.156797,0.153836,0.0363165,-0.369099,-0.929935,-0.930026,-1.49586,-1.14256,-0.584161,-1.17336,-2.42532,-2.14775,-1.16676,-1.64171,-4.19133,-6.22779,-8.5096,-9.57712,-5.39277,0.955963,3.15225,0.666293,-0.410563,0.469518,-0.324235,-1.19387,-0.661603,-1.24766,-1.4816,-2.07351,-2.70506,-2.32544,-2.26693,-1.96454,-2.47328,-2.21763,-2.07807,-2.05294
2.80886,2.74856,2.50907,2.39701,2.19864,2.31159,2.14703,1.87322,1.59275,1.41716,0.892372,0.467799,1.09525,1.57831,1.29281,0.299838,-0.592223,-1.04222,-1.07265,-0.888173,-0.150727,-0.269446,1.09769,1.54496,1.01903,0.938741,0.927964,1.25502,1.54664,1.13708,0.347487,-1.44731,-0.924662,0.245613,1.5033,0.911502,-1.37391,-0.507912,0.784937,2.20659,-0.0205696,-2.70337,-5.29881,-5.81595,-4.04015,-3.1276,-4.9447,-5.96694,-3.66248,-0.765812,0.578564,0.968106,-0.0624513,-0.921493,-1.61288,-1.70914,-1.43576,-1.60815,-1.75723,-2.08489,-1.46014,-1.74948,-2.21315,-1.33679
3.21468,2.92708,3.11785,2.4558,2.55924,2.19693,1.90794,1.6312,1.98442,1.6646,0.975288,0.203445,0.594496,1.07939,1.20237,1.33132,1.24543,0.963426,0.820749,0.548219,0.504945,0.368872,0.675057,1.79079,1.55754,1.59533,0.9773,0.968051,0.908228,0.590506,-0.27271,-1.1489,-0.353044,0.18988,-0.201373,-0.727964,-0.869168,0.186577,0.684393,2.09306,3.70198,2.75256,0.25852,-1.3448,-3.77385,-5.0727,-5.93428,-6.98181,-6.29658,-3.55421,-0.764222,0.878827,-0.0636213,-0.712298,-1.67157,-1.84044,-1.61796,-2.29273,-1.80003,-1.60023,-1.38323,-1.72495,-2.52923,-1.26387
3.93274,3.08371,2.74442,2.66641,2.85631,2.94052,2.54173,2.33945,2.17999,2.07999,1.78805,1.54233,1.51036,1.2667,1.16867,1.53903,1.83677,1.60246,1.45782,1.29265,0.754554,0.275466,-0.0267729,0.933652,2.37766,1.86684,1.2474,-0.055796,-0.7634,-1.10623,-1.47247,-1.55087,-0.65568,-0.621968,-0.384077,0.419884,-0.477705,-2.84948,-1.84631,-0.162284,0.178285,2.31912,2.19983,-0.00849686,-2.05898,-0.572138,0.517763,1.03175,0.681676,-0.256407,-0.526407,-0.298637,-0.461251,-0.936605,-1.44357,-1.74387,-2.33276,-2.30584,-1.78231,-0.968353,-0.73768,-1.45049,-1.9106,-0.262267
4.11909,3.40658,3.60828,3.51503,3.72351,3.19009,3.55881,3.50123,3.27931,3.22519,2.85048,2.53847,2.3672,2.03635,1.63776,1.40788,1.71313,1.65573,1.09037,0.779694,0.247247,-0.411041,-0.2768,-0.631566,1.53976,3.0079,1.86747,-0.378176,-1.26227,-1.47471,0.181946,-0.427909,-1.13726,-0.571676,0.508001,0.217781,-1.38639,-2.80682,-2.47859,0.18429,-1.3531,-1.45932,-1.24409,-1.50996,-1.08529,-0.179788,3.74445,5.54823,3.6751,1.14727,0.0377412,-0.328751,-0.178088,-0.490625,-1.30905,-1.89279,-2.05156,-1.99959,-1.48489,-0.669863,-1.27755,-2.17502,-1.74375,0.361153
4.43876,4.2855,4.04304,4.25714,3.86315,4.53219,4.16021,3.92442,3.59896,4.03281,3.95557,3.46196,2.90385,2.3008,1.81601,1.97343,2.09474,1.60933,0.803672,1.00268,1.4812,1.40521,0.919959,0.318748,-0.0582009,2.25463,1.14818,-0.0724992,-0.515499,-0.591121,0.139595,-0.105037,0.356456,0.691775,0.967353,-0.237945,1.02716,1.80865,0.13739,-0.745355,-0.762907,-1.59921,-2.80601,-3.36808,-5.37793,-6.82793,-2.69926,-0.12206,-1.3972,-1.25059,0.322938,0.897401,0.742493,-0.0549801,-0.98218,-1.82271,-1.84083,-1.57477,-1.27282,-0.787142,-1.60294,-2.9258,-2.88049,-0.786784
4.43116,3.98433,4.00719,4.05667,4.2127,4.36739,4.47249,4.04873,3.51286,3.65084,3.69112,2.71219,2.6779,2.8156,2.74045,2.4784,1.98571,1.51343,0.908361,1.58525,2.3756,2.14883,1.32874,0.865542,-0.661882,0.530865,0.605712,0.423989,-0.170936,-0.883453,-0.791145,0.384674,1.12407,0.491137,-0.400268,-0.260676,2.53418,3.34853,2.34765,-1.15145,-2.16046,0.250391,-0.292671,-3.82813,-5.5718,-6.60537,-4.00433,-1.58355,-1.37572,-0.298596,0.524796,0.626075,1.40559,0.0892684,-1.12044,-2.03033,-1.82425,-0.857001,-0.842291,-0.928142,-1.17244,-2.13924,-2.78939,-1.52018
4.39853,4.87294,4.36613,3.89103,3.78934,4.04409,4.14863,4.19823,3.15764,2.47157,2.43616,2.07484,2.45121,2.36942,1.69468,1.78729,1.72786,1.29706,1.1418,1.57367,2.14447,1.9148,1.57119,1.02676,0.61553,0.681741,1.31338,1.35874,0.941714,0.604567,1.23364,1.04911,0.567024,-0.846646,-1.01886,0.604286,2.30222,3.06194,2.95329,0.253561,-0.93878,1.22989,3.03169,-0.944158,-2.41757,-1.41651,-1.87097,0.0718002,0.23221,0.152796,0.675873,0.270833,1.10221,0.0785212,-0.822656,-1.83022,-1.50983,-0.507642,-0.207862,-0.274781,-1.27112,-0.722711,-1.09124,-0.809698
4.94094,4.56508,4.8703,4.37253,3.94585,3.8963,3.76251,3.76965,3.02433,2.55903,2.32396,0.83317,1.32635,0.365837,-1.66039,-0.539666,0.873273,1.44138,1.38301,1.77247,1.99282,1.88794,1.61307,1.11644,1.74644,2.29854,1.77782,1.14913,0.995763,0.749143,-0.168117,-3.01719,-3.63141,-3.90586,-0.415742,1.14756,2.06287,4.7408,5.19528,4.11698,3.23751,3.90572,2.8211,0.229119,-0.34724,-1.38902,-4.40696,-5.20436,-2.82373,-0.681956,0.869737,0.404533,-0.428608,-0.924501,-1.32771,-1.8187,-1.50184,-0.444507,0.955184,0.930265,0.416366,0.383848,-0.38586,-0.512486
5.40645,6.18058,5.40202,4.98993,4.52457,4.37784,3.68768,3.48526,3.24494,2.99115,1.16518,-1.61209,-0.706014,-1.61417,-2.87548,-1.88408,-0.606236,0.64806,1.3736,1.30719,1.05561,0.919377,0.71063,-0.21011,-0.913813,1.74826,1.18319,0.279677,0.41489,-0.18401,-0.670075,-1.95679,-3.06015,-3.87303,-2.65433,-1.19398,0.520511,2.88282,4.79061,4.74828,5.26157,4.09216,2.26588,2.40319,0.898043,-3.5641,-7.62788,-6.77173,-3.62645,-0.908632,0.382119,-0.343415,-0.830838,-1.21217,-0.971115,-1.14043,-0.554303,0.230334,0.845888,1.22932,1.55319,0.130058,-1.46168,-1.23626
5.87915,5.00758,5.43252,5.40038,5.24676,5.3011,4.17236,3.36097,2.46663,1.24891,-1.48919,-2.55845,-1.55488,-1.87679,-2.4684,-1.42274,-1.13308,-0.151173,1.34179,1.9644,1.45107,0.738054,0.519716,-0.814308,-1.65346,-0.174835,0.766651,0.328137,1.5843,0.217839,-0.0918903,-0.0171888,-1.88783,-2.61584,-2.98196,-1.08905,1.64356,-0.124652,-2.1085,-1.50297,1.44031,2.92941,5.06697,5.5489,2.38157,-1.40938,-1.77466,-0.653753,0.86833,-0.0834506,-0.994718,-1.20728,-1.18449,-0.880938,-1.01897,-1.0437,-0.706425,0.269337,0.896766,0.706897,0.321039,-0.462497,-1.52852,-2.54133
5.52611,5.50776,5.54552,5.08897,5.64584,5.75314,4.28507,2.65659,1.00812,-0.458288,-1.45462,-1.05005,-0.607177,-1.44455,-1.99032,-0.0811261,0.993233,1.46818,2.84834,3.59782,2.57351,1.17639,-0.000279318,-0.262089,0.303532,0.136586,1.35411,1.43932,1.01008,-2.45918,-3.59064,-3.68457,-3.97451,-2.9076,-0.247354,1.79385,3.77516,0.358152,-2.29068,-2.27994,-0.20266,2.6923,5.57427,6.711,5.356,4.22444,3.53205,3.79684,1.58403,-0.143289,-0.764446,-1.62258,-0.861441,-0.65933,-0.36784,0.0407664,0.328591,0.504409,1.04388,0.359106,0.36129,0.458763,-0.291966,-1.76851
5.18664,4.98109,5.69373,4.78406,4.92479,5.14642,3.82571,2.57536,0.902047,-0.0550577,-0.0950148,0.451794,0.270308,-0.84883,-0.563266,0.855873,3.13802,4.31797,4.43108,3.80533,2.02003,0.795379,-0.666756,0.332411,1.03854,1.06552,0.964891,0.661589,-0.243271,-1.47488,-2.31008,-2.48898,-2.41273,-0.821109,1.3267,2.48085,3.56557,2.16387,1.8324,1.33598,-0.296633,0.126283,2.78414,5.45575,5.51939,5.33917,6.83794,5.87301,1.00273,0.505057,-0.358321,-0.204395,-0.177428,0.00721774,0.072379,0.271835,0.834202,0.914887,0.813685,0.905561,1.33349,1.63807,1.08049,0.464569
4.84012,5.40489,5.11319,4.65187,4.65833,4.71519,4.50939,3.63913,2.02486,1.20554,0.539838,0.618145,0.686768,0.565526,0.244093,1.17883,2.52406,3.76893,3.9873,2.18149,0.775381,1.48954,-1.65002,-0.207062,1.05878,1.39835,1.26605,0.399485,0.0127306,1.11679,-0.840445,-2.53306,-2.74273,-0.0875857,1.35714,0.53171,2.98861,4.16232,3.50687,2.50724,-0.544333,-2.27736,-1.92527,-0.38186,0.104347,-0.243833,1.25545,2.3643,-0.635136,-0.296647,-0.710658,0.103115,-0.826158,-0.0420196,-0.121894,0.528295,0.837229,1.23784,1.71657,1.57763,1.75103,1.67059,0.445035,0.0910233
3.5458,3.69505,5.11909,4.87131,4.47394,4.91846,4.97504,4.78877,3.83118,2.29839,1.54862,1.21352,1.64903,1.92441,1.48912,1.24498,0.878813,1.04957,2.4785,2.30776,1.33236,1.19404,-2.06291,0.374546,1.99926,2.2224,1.16841,0.237735,-0.307114,-0.812726,-3.14415,-4.27284,-4.20846,-2.12029,-0.378054,-1.41733,1.84615,6.33754,6.91629,5.05991,1.75133,1.65,-0.0774748,-1.91769,-0.839944,0.0188021,-1.59802,-2.79015,-0.322022,-0.508209,0.198343,-0.037361,-0.48438,-0.354691,-0.661507,0.510017,1.85685,1.97217,1.77964,1.195,1.68945,1.34305,0.266054,-0.095376
3.26219,4.5361,4.70472,5.18295,4.94456,5.3466,5.68059,5.23947,5.2613,4.00972,2.78234,2.21642,2.39549,3.33187,3.38295,2.12675,0.712012,0.372087,1.71,2.7098,2.73492,0.498462,-0.757378,0.56062,1.47368,0.95527,0.406247,0.514451,-0.100025,-1.60498,-3.15525,-2.9009,-2.217,-2.89262,-2.97731,-4.21705,-0.277557,1.46439,6.09878,7.09078,6.64285,6.73636,4.68555,2.39068,1.94245,3.97022,2.38428,-1.09512,0.118039,-0.375865,0.197031,0.182905,-0.446406,-0.0604593,0.17627,0.524696,1.61558,2.05821,1.27728,0.996831,1.43761,1.42233,0.990856,0.549694
4.89519,5.15008,5.28322,4.92528,5.42191,5.86957,5.86877,4.92478,4.71615,5.51349,5.1187,4.48756,4.04951,4.42935,4.18738,3.01446,1.51426,1.23421,2.46414,3.29763,3.55851,0.457917,0.578975,0.954007,0.962948,0.175376,0.114423,0.952999,1.92682,1.27115,1.21225,1.18509,1.15545,-1.01372,-3.63838,-2.47713,2.2441,-1.28858,-1.99391,3.81518,5.86691,8.23854,7.07628,5.40913,2.87528,4.32496,4.66176,0.605091,0.479919,-0.457415,0.309964,0.412776,-0.342545,-1.03492,0.219741,1.40249,1.96741,2.0247,1.7721,1.50848,1.61437,1.79968,1.62943,1.24344
5.58207,5.49549,5.36118,5.33055,5.5907,6.13149,6.10341,4.78682,3.41607,3.98331,5.1376,4.89157,4.98593,5.0344,4.2971,3.30835,1.77117,1.00787,2.61724,2.87043,2.83009,0.932135,0.858342,1.32682,1.869,1.86747,2.62362,3.22181,3.19655,1.77663,2.26555,3.29238,4.04554,2.53726,0.421305,1.32623,3.13746,-2.51622,-3.38509,-2.09064,1.16389,4.8379,6.09729,6.25629,3.95311,2.63626,1.21476,-0.729087,1.09181,1.14396,0.602023,-0.189638,-0.197892,0.0146839,0.162298,1.09252,2.39066,2.40337,1.98152,1.65007,1.9258,2.09023,1.96055,1.8074
5.93502,5.75559,6.04012,5.68402,5.61855,6.17979,6.26113,5.43525,3.32682,2.16674,2.0308,0.743847,1.43209,3.00688,3.72385,3.25267,1.83352,0.897988,0.771677,1.29797,2.39504,4.0107,3.83561,2.7506,3.21422,4.43313,6.08949,5.08176,2.18738,-0.861153,-0.528575,1.90758,5.21243,6.2609,4.43447,0.678243,-0.851193,-0.282199,0.654566,0.301492,0.339693,2.41212,4.64441,7.02747,6.29213,2.71543,0.12134,1.37543,2.81822,2.06289,0.0997324,-0.00900221,-0.542756,0.396115,1.29339,1.75602,2.07617,2.41017,2.10343,1.96761,1.92018,2.11996,1.70003,1.93772
5.21535,6.57041,6.95716,5.91282,5.52535,6.36535,6.49888,5.81588,4.37504,2.92411,1.11204,-1.66538,-1.77578,-0.17365,2.53808,3.17295,2.32512,2.89188,1.05257,1.61661,2.53642,3.90862,4.10986,4.85957,4.82057,5.79282,5.00119,3.97314,3.61808,3.93538,4.82026,6.16285,6.13033,4.15319,-0.94951,-5.74141,-5.06693,-0.12777,3.76873,5.92835,4.94376,4.81228,6.21501,6.76974,7.11771,5.11647,1.28823,0.306382,0.0899868,1.2041,0.867082,1.26388,0.484517,0.11458,0.970535,1.98147,2.48085,2.22594,2.34114,2.52591,2.0823,2.23702,2.36584,2.40502
4.7282,5.77064,6.34587,5.40007,6.40057,6.37357,6.37901,5.75537,4.77748,3.61617,1.33793,-0.826434,-2.13349,-1.75469,1.28183,2.98186,2.44893,3.05193,2.61069,1.09338,-0.828478,-0.875674,-0.233781,3.6046,4.79932,2.38168,0.269778,-2.87363,-0.601402,4.14828,4.21591,2.73244,-1.38551,-3.38383,-6.00992,-6.30599,-4.74422,-4.23825,0.0581998,6.10561,2.33978,-0.349601,2.40924,5.42504,5.97969,4.84407,-0.862521,-3.79166,-2.70214,-0.251651,0.950075,1.16459,0.0180574,0.253852,0.200722,0.435575,1.44499,2.47246,2.795,2.65167,2.52969,2.8443,2.97724,3.01762
4.15471,4.67523,5.52952,5.22626,5.30217,6.15356,5.79665,4.50034,4.16785,3.33453,1.44206,-0.309054,-1.60363,-1.37302,0.885964,2.70696,2.19265,1.06282,3.07427,1.55252,-0.707091,-0.925066,-0.740257,0.795097,1.41333,-0.773943,-1.27219,-2.88861,-2.99068,-1.89563,-2.81964,-4.13268,-3.90565,-2.19255,-1.38507,-2.40884,-3.76535,-4.87622,-5.43216,-4.05289,-5.89044,-5.89016,-2.79832,2.0278,5.58394,4.3413,1.90059,1.81015,0.378554,-2.41668,0.0986426,1.34984,0.750111,0.398458,0.0516195,-1.03285,-0.815612,1.23627,1.70939,1.9604,2.02511,2.36428,2.86575,2.64614
4.4777,4.32692,5.60165,5.18033,6.22909,5.88475,5.36667,4.41822,3.7234,2.68722,1.86279,0.794328,-0.117297,-0.395389,1.38483,2.79722,2.88986,2.20363,2.98899,0.110376,-0.231157,-0.70346,0.0619721,0.589567,0.647788,0.443497,1.26639,1.86378,2.64728,3.2204,4.29625,4.2559,3.12362,3.35368,3.26879,1.4255,-1.3386,-3.11803,-6.05527,-9.46078,-9.08559,-5.98269,-4.77491,-2.56622,2.92871,4.46274,2.27369,1.43443,0.316892,-0.385662,0.795193,1.29463,1.42355,0.196924,-0.598859,-0.9841,-2.14674,-0.104186,1.39566,1.64687,2.298,2.41635,2.54621,2.56402
4.35016,4.84711,5.48275,4.85773,5.94224,5.818,5.44858,4.93036,3.80584,2.85079,2.3346,1.88273,1.463,0.721335,1.39922,1.81066,2.27218,2.52916,1.04251,-2.60507,-2.29596,-0.442159,0.541559,1.40424,2.06827,2.78145,2.7066,4.65462,5.371,5.61079,8.26718,9.01887,8.05247,5.51649,4.62403,4.941,3.41704,1.34625,-1.39669,-4.41087,-5.34335,-4.15808,-3.42687,-4.11047,-3.78233,-1.12058,-0.328747,-0.179372,1.27923,0.738493,1.2949,1.12383,0.907182,-0.403056,-0.508237,-0.701787,-1.6778,-0.853373,0.175856,1.0523,1.61114,1.99664,2.21132,2.02103
